0,107.9
0,107.9
1,105.9
1,105.9
2,103.9
2,103.9
3,103.9
3,103.9
4,101.9
4,101.9
5,101.9
5,101.9
6,101.9
6,101.9
0,101.9
0,101.9
1,101.9
1,101.9
2,99.9
2,99.9
3,99.9
3,99.9
4,99.9
4,99.9
5,99.9
5,99.9
6,99.9
6,99.9
0,99.9
0,99.9
1,99.9
1,99.9
2,97.9
2,125.9
3,125.9
3,125.9
4,125.9
4,125.9
5,125.9
5,125.9
6,125.9
6,125.9
0,124.9
0,124.9
1,123.9
1,123.9
2,121.9
2,121.9
3,118.9
3,118.9
4,113.9
4,113.9
5,113.9
5,113.9
6,113.9
6,113.9
0,113.9
0,113.9
1,111.9
1,111.9
2,111.9
2,111.9
3,111.9
3,111.9
4,107.9
4,107.9
5,107.9
5,107.9
6,107.9
6,107.9
0,107.9
0,105.9
1,105.9
1,105.9
2,105.9
2,105.9
3,127.9
3,127.9
4,127.9
4,127.9
5,127.9
5,127.9
6,125.9
6,125.9
0,123.9
0,123.9
1,121.9
1,119.9
2,119.9
2,119.9
3,117.9
3,117.9
4,115.9
4,115.9
5,115.9
5,115.9
6,115.9
6,113.9
0,113.9
0,113.9
1,111.9
1,111.9
2,109.9
2,109.9
3,109.9
3,109.9
4,109.9
4,129.9
5,129.9
5,129.9
6,129.9
6,129.9
0,129.9
0,129.9
1,129.9
1,129.9
2,127.9
2,127.9
3,127.9
3,127.9
4,125.9
4,125.9
5,125.9
5,125.9
6,125.9
6,125.9
0,125.9
0,125.9
1,125.9
1,125.9
2,125.9
2,125.9
3,125.9
3,125.9
4,125.9
4,125.9
5,125.9
5,125.9
6,125.9
6,125.9
0,125.9
0,125.9
1,125.9
1,125.9
2,125.9
2,125.9
3,125.9
3,125.9
4,125.9
4,125.9
5,125.9
5,125.9
6,125.9
6,125.9
0,125.9
0,125.9
1,125.9
1,125.9
2,125.9
2,125.9
3,125.9
3,125.9
4,125.9
4,125.9
5,125.9
5,125.9
6,125.9
6,125.9
0,125.9
0,125.9
1,125.9
1,125.9
2,125.9
2,125.9
3,125.9
3,125.9
4,125.9
4,125.9
5,125.9
5,125.9
6,125.9
6,125.9
0,125.9
0,125.9
1,125.9
1,125.9
2,125.9
2,125.9
3,125.9
3,125.9
4,125.9
4,125.9
5,125.9
5,125.9
6,125.9
6,125.9
0,125.9
0,125.9
1,125.9
1,125.9
2,125.9
2,125.9
3,125.9
3,125.9
4,125.9
4,125.9
5,125.9
5,125.9
6,125.9
6,125.9
0,125.9
0,125.9
1,125.9
1,125.9
2,125.9
2,125.9
3,125.9
3,125.9
4,125.9
4,125.9
5,125.9
5,125.9
6,125.9
6,125.9
0,125.9
0,125.9
1,125.9
1,125.9
2,125.9
2,125.9
3,125.9
3,125.9
4,125.9
4,125.9
5,125.9
5,125.9
6,125.9
6,125.9
0,125.9
0,125.9
1,125.9
1,125.9
2,125.9
2,125.9
3,125.9
3,125.9
4,125.9
4,125.9
5,125.9
5,120.9
6,120.9
6,120.9
0,120.9
0,120.9
1,120.9
1,120.9
2,120.9
2,120.9
3,120.9
3,129.9
4,129.9
4,129.9
5,129.9
5,129.9
6,129.9
6,129.9
0,129.9
0,129.9
1,129.9
1,129.9
2,129.9
2,129.9
3,129.9
3,129.9
4,129.9
4,129.9
5,129.9
5,129.9
6,127.9
6,127.9
0,127.9
0,127.9
1,127.9
1,127.9
2,123.9
2,123.9
3,123.9
3,123.9
4,125.9
4,125.9
5,123.9
5,123.9
6,119.9
6,119.9
0,119.9
0,119.9
1,119.9
1,119.9
2,119.9
2,119.9
3,119.9
3,119.9
4,119.9
4,119.9
5,119.9
5,119.9
6,119.9
6,119.9
0,119.9
0,119.9
1,119.9
1,119.9
2,119.9
2,119.9
3,119.9
3,119.9
4,142.9
4,142.9
5,142.9
5,142.9
6,142.9
6,142.9
0,140.9
0,140.9
1,140.9
1,140.9
2,140.9
2,140.9
3,138.9
3,138.9
4,138.9
4,138.9
5,138.9
5,138.9
6,138.9
6,131.9
0,131.9
0,131.9
1,131.9
1,131.9
2,131.9
2,131.9
3,129.9
3,127.9
4,127.9
4,127.9
5,127.9
5,127.9
6,127.9
6,127.9
0,127.9
0,127.9
1,127.9
1,119.9
2,119.9
2,119.9
3,119.9
3,119.9
4,119.9
4,119.9
5,119.9
5,119.9
6,119.9
6,119.9
0,119.9
0,119.9
1,119.9
1,119.9
2,117.9
2,117.9
3,117.9
3,115.9
4,115.9
4,115.9
5,115.9
5,115.9
6,115.9
6,115.9
0,117.9
0,117.9
1,117.9
1,117.9
2,117.9
2,117.9
3,117.9
3,117.9
4,117.9
4,117.9
5,117.9
5,117.9
6,117.9
6,117.9
0,117.9
0,117.9
1,117.9
1,117.9
2,117.9
2,117.9
3,117.9
3,117.9
4,117.9
4,142.9
5,142.9
5,142.9
6,142.9
6,142.9
0,142.9
0,142.9
1,142.9
1,142.9
2,142.9
2,139.9
3,139.9
3,139.9
4,135.9
4,131.9
5,131.9
5,131.9
6,131.9
6,131.9
0,131.9
0,131.9
1,131.9
1,131.9
2,129.9
2,129.9
3,129.9
3,129.9
4,129.9
4,129.9
5,129.9
5,129.9
6,129.9
6,127.9
0,127.9
0,125.9
1,125.9
1,125.9
2,125.9
2,121.9
3,121.9
3,121.9
4,121.9
4,121.9
5,121.9
5,121.9
6,121.9
6,117.9
0,117.9
0,117.9
1,117.9
1,117.9
2,117.9
2,117.9
3,117.9
3,117.9
4,117.9
4,117.9
5,117.9
5,117.9
6,117.9
6,117.9
0,117.9
0,115.9
1,115.9
1,115.9
2,115.9
2,115.9
3,115.9
3,113.9
4,113.9
4,113.9
5,113.9
5,113.9
6,113.9
6,113.9
0,113.9
0,113.9
1,113.9
1,113.9
2,113.9
2,113.9
3,113.9
3,111.9
4,111.9
4,111.9
5,111.9
5,111.9
6,111.9
6,111.9
0,111.9
0,111.9
1,111.9
1,111.9
2,111.9
2,111.9
3,111.9
3,113.9
4,113.9
4,137.9
5,137.9
5,137.9
6,137.9
6,137.9
0,137.9
0,137.9
1,137.9
1,137.9
2,137.9
2,135.9
3,135.9
3,135.9
4,135.9
4,135.9
5,135.9
5,135.9
6,133.9
6,133.9
0,131.9
0,131.9
1,131.9
1,131.9
2,129.9
2,129.9
3,129.9
3,129.9
4,129.9
4,125.9
5,125.9
5,125.9
6,125.9
6,123.9
0,123.9
0,123.9
1,123.9
1,123.9
2,123.9
2,121.9
3,121.9
3,121.9
4,121.9
4,119.9
5,119.9
5,119.9
6,119.9
6,117.9
0,117.9
0,117.9
1,115.9
1,115.9
2,115.9
2,113.9
3,113.9
3,113.9
4,137.9
4,137.9
5,137.9
5,137.9
6,137.9
6,137.9
0,137.9
0,137.9
1,137.9
1,137.9
2,137.9
2,135.9
3,133.9
3,133.9
4,133.9
4,133.9
5,133.9
5,130.9
6,130.9
6,130.9
0,130.9
0,124.9
1,124.9
1,124.9
2,119.9
2,119.9
3,119.9
3,119.9
4,119.9
4,119.9
5,119.9
5,119.9
6,119.9
6,115.9
0,115.9
0,115.9
1,115.9
1,115.9
2,115.9
2,115.9
3,115.9
3,114.9
4,114.9
4,114.9
5,114.9
5,114.9
6,114.9
6,114.9
0,114.9
0,114.9
1,114.9
1,114.9
2,114.9
2,114.9
3,141.9
3,141.9
4,141.9
4,141.9
5,141.9
5,141.9
6,141.9
6,141.9
0,141.9
0,137.9
1,137.9
1,135.9
2,135.9
2,135.9
3,131.9
3,131.9
4,131.9
4,131.9
5,129.9
5,129.9
6,129.9
6,129.9
0,129.9
0,127.9
1,127.9
1,127.9
2,127.9
2,127.9
3,127.9
3,121.9
4,121.9
4,121.9
5,121.9
5,119.9
6,119.9
6,119.9
0,115.9
0,115.9
1,115.9
1,115.9
2,115.9
2,113.9
3,113.9
3,113.9
4,113.9
4,113.9
5,111.9
5,111.9
6,111.9
6,109.9
0,109.9
0,109.9
1,109.9
1,109.9
2,109.9
2,109.9
3,109.9
3,109.9
4,109.9
4,107.9
5,107.9
5,107.9
6,107.9
6,107.9
0,107.9
0,105.9
1,105.9
1,105.9
2,105.9
2,105.9
3,105.9
3,131.9
4,131.9
4,131.9
5,131.9
5,131.9
6,131.9
6,131.9
0,129.9
0,129.9
1,129.9
1,129.9
2,129.9
2,127.9
3,127.9
3,125.9
4,125.9
4,125.9
5,125.9
5,125.9
6,125.9
6,125.9
0,125.9
0,121.9
1,121.9
1,121.9
2,121.9
2,121.9
3,117.9
3,117.9
4,117.9
4,117.9
5,115.9
5,115.9
6,115.9
6,115.9
0,113.9
0,113.9
1,113.9
1,113.9
2,111.9
2,111.9
3,109.9
3,109.9
4,109.9
4,109.9
5,109.9
5,109.9
6,109.9
6,107.9
0,107.9
0,107.9
1,107.9
1,107.9
2,107.9
2,107.9
3,107.9
3,107.9
4,107.9
4,107.9
5,107.9
5,107.9
6,107.9
6,107.9
0,107.9
0,132.9
1,132.9
1,132.9
2,132.9
2,132.9
3,132.9
3,132.9
4,132.9
4,132.9
5,132.9
5,132.9
6,129.9
6,129.9
0,129.9
0,129.9
1,129.9
1,129.9
2,129.9
2,129.9
3,129.9
3,129.9
4,123.9
4,123.9
5,123.9
5,123.9
6,123.9
6,123.9
0,117.9
0,117.9
1,117.9
1,113.9
2,113.9
2,113.9
3,113.9
3,113.9
4,113.9
4,111.9
5,111.9
5,111.9
6,111.9
6,111.9
0,111.9
0,109.9
1,109.9
1,109.9
2,109.9
2,109.9
3,109.9
3,109.9
4,109.9
4,109.9
5,109.9
5,109.9
6,109.9
6,111.9
0,140.9
0,140.9
1,140.9
1,139.9
2,139.9
2,139.9
3,137.9
3,137.9
4,137.9
4,137.9
5,137.9
5,135.9
6,135.9
6,135.9
0,135.9
0,133.9
1,133.9
1,133.9
2,129.9
2,127.9
3,127.9
3,127.9
4,127.9
4,125.9
5,125.9
5,125.9
6,121.9
6,121.9
0,121.9
0,119.9
1,119.9
1,119.9
2,117.9
2,117.9
3,117.9
3,117.9
4,117.9
4,117.9
5,117.9
5,117.9
6,117.9
6,117.9
0,117.9
0,117.9
1,117.9
1,117.9
2,117.9
2,117.9
3,115.9
3,115.9
4,115.9
4,142.9
5,142.9
5,142.9
6,142.9
6,142.9
0,142.9
0,142.9
1,142.9
1,142.9
2,142.9
2,139.9
3,139.9
3,139.9
4,139.9
4,139.9
5,135.9
5,135.9
6,135.9
6,133.9
0,133.9
0,129.9
1,129.9
1,129.9
2,129.9
2,125.9
3,125.9
3,125.9
4,125.9
4,121.9
5,121.9
5,121.9
6,121.9
6,119.9
0,119.9
0,119.9
1,119.9
1,119.9
2,119.9
2,119.9
3,119.9
3,117.9
4,117.9
4,144.9
5,144.9
5,144.9
6,144.9
6,144.9
0,144.9
0,144.9
1,144.9
1,144.9
2,144.9
2,144.9
3,144.9
3,142.9
4,142.9
4,142.9
5,142.9
5,142.9
6,142.9
6,142.9
0,142.9
0,141.9
1,141.9
1,141.9
2,139.9
2,139.9
3,139.9
3,139.9
4,139.9
4,139.9
5,139.9
5,139.9
6,137.9
6,137.9
0,137.9
0,131.9
1,131.9
1,131.9
2,131.9
2,131.9
3,131.9
3,131.9
4,131.9
4,129.9
5,129.9
5,129.9
6,129.9
6,149.9
0,149.9
0,149.9
1,149.9
1,149.9
2,149.9
2,149.9
3,149.9
3,149.9
4,149.9
4,149.9
5,149.9
5,145.9
6,145.9
6,145.9
0,145.9
0,145.9
1,145.9
1,143.9
2,143.9
2,143.9
3,139.9
3,139.9
4,139.9
4,139.9
5,139.9
5,139.9
6,139.9
6,137.9
0,137.9
0,135.9
1,135.9
1,131.9
2,131.9
2,131.9
3,131.9
3,129.9
4,129.9
4,129.9
5,129.9
5,129.9
6,129.9
6,129.9
0,129.9
0,129.9
1,125.9
1,125.9
2,125.9
2,125.9
3,125.9
3,125.9
4,147.9
4,147.9
5,147.9
5,147.9
6,147.9
6,147.9
0,147.9
0,147.9
1,147.9
1,147.9
2,147.9
2,147.9
3,147.9
3,145.9
4,145.9
4,145.9
5,145.9
5,145.9
6,145.9
6,145.9
0,145.9
0,143.9
1,143.9
1,141.9
2,141.9
2,141.9
3,141.9
3,139.9
4,139.9
4,139.9
5,139.9
5,139.9
6,139.9
6,131.9
0,131.9
0,131.9
1,131.9
1,131.9
2,131.9
2,131.9
3,131.9
3,131.9
4,131.9
4,129.9
5,129.9
5,127.9
6,127.9
6,127.9
0,127.9
0,127.9
1,127.9
1,123.9
2,123.9
2,123.9
3,123.9
3,123.9
4,123.9
4,123.9
5,148.9
5,148.9
6,148.9
6,148.9
0,148.9
0,148.9
1,148.9
1,148.9
2,148.9
2,148.9
3,148.9
3,145.9
4,145.9
4,145.9
5,145.9
5,145.9
6,145.9
6,143.9
0,141.9
0,139.9
1,139.9
1,139.9
2,137.9
2,137.9
3,134.9
3,134.9
4,132.9
4,132.9
5,132.9
5,132.9
6,132.9
6,132.9
0,132.9
0,132.9
1,132.9
1,132.9
2,129.9
2,129.9
3,129.9
3,129.9
4,129.9
4,127.9
5,127.9
5,127.9
6,127.9
6,127.9
0,127.9
0,127.9
1,127.9
1,127.9
2,127.9
2,125.9
3,125.9
3,125.9
4,125.9
4,125.9
5,125.9
5,125.9
6,125.9
6,123.9
0,123.9
0,123.9
1,123.9
1,123.9
2,123.9
2,123.9
3,123.9
3,123.9
4,123.9
4,123.9
5,123.9
5,123.9
6,123.9
6,123.9
0,123.9
0,123.9
1,123.9
1,123.9
2,123.9
2,123.9
3,149.9
3,149.9
4,149.9
4,149.9
5,147.9
5,147.9
6,147.9
6,147.9
0,147.9
0,147.9
1,147.9
1,147.9
2,147.9
2,145.9
3,145.9
3,145.9
4,145.9
4,139.9
5,139.9
5,139.9
6,139.9
6,139.9
0,136.9
0,136.9
1,136.9
1,133.4
2,129.9
2,129.9
3,129.9
3,129.9
4,129.9
4,127.9
5,127.9
5,127.9
6,127.9
6,127.9
0,127.9
0,127.9
1,125.9
1,125.9
2,125.9
2,125.9
3,125.9
3,125.9
4,125.9
4,125.9
5,125.9
5,125.9
6,125.9
6,125.9
0,125.9
0,149.9
1,149.9
1,149.9
2,147.9
2,147.9
3,147.9
3,147.9
4,147.9
4,145.9
5,145.9
5,145.9
6,143.9
6,143.9
0,139.9
0,139.9
1,139.9
1,139.9
2,135.9
2,135.9
3,135.9
3,135.9
4,135.9
4,131.9
5,131.9
5,131.9
6,131.9
6,131.9
0,129.9
0,129.9
1,129.9
1,129.9
2,129.9
2,127.9
3,127.9
3,127.9
4,127.9
4,127.9
5,127.9
5,127.9
6,127.9
6,127.9
0,127.9
0,127.9
1,127.9
1,127.9
2,127.9
2,127.9
3,127.9
3,127.9
4,127.9
4,153.9
5,153.9
5,151.9
6,151.9
6,151.9
0,151.9
0,151.9
1,149.9
1,149.9
2,149.9
2,149.9
3,149.9
3,149.9
4,149.9
4,147.9
5,147.9
5,147.9
6,143.9
6,143.9
0,143.9
0,143.9
1,143.9
1,141.9
2,141.9
2,139.9
3,139.9
3,139.9
4,139.9
4,139.9
5,139.9
5,137.9
6,137.9
6,137.9
0,135.9
0,135.9
1,135.9
1,135.9
2,156.9
2,156.9
3,156.9
3,156.9
4,156.9
4,154.9
5,154.9
5,154.9
6,154.9
6,154.9
