0,106.9
0,106.9
1,104.9
1,104.9
2,104.9
2,104.9
3,99.9
3,99.9
4,99.9
4,99.9
5,99.9
5,99.9
6,99.9
6,99.9
0,97.9
0,97.9
1,97.9
1,97.9
2,97.9
2,97.9
3,97.9
3,97.9
4,96.9
4,96.9
5,96.9
5,96.9
6,96.9
6,96.9
0,96.9
0,96.9
1,96.9
1,96.9
2,96.9
2,96.9
3,125.9
3,125.9
4,125.9
4,125.9
5,125.9
5,125.9
6,125.9
6,123.9
0,123.9
0,123.9
1,121.9
1,121.9
2,119.9
2,119.9
3,117.9
3,117.9
4,117.9
4,115.9
5,113.9
5,113.9
6,113.9
6,113.9
0,111.9
0,111.9
1,108.9
1,108.9
2,108.9
2,108.9
3,104.9
3,104.9
4,103.9
4,103.9
5,103.9
5,103.9
6,103.9
6,103.9
0,101.9
0,101.9
1,101.9
1,101.9
2,101.9
2,101.9
3,101.9
3,101.9
4,123.9
4,123.9
5,123.9
5,123.9
6,123.9
6,123.9
0,123.9
0,121.9
1,121.9
1,121.9
2,121.9
2,120.9
3,120.9
3,119.9
4,119.9
4,119.9
5,116.9
5,116.9
6,116.9
6,115.4
0,115.4
0,115.4
1,115.4
1,115.4
2,108.9
2,108.9
3,108.9
3,108.9
4,129.9
4,129.9
5,129.9
5,129.9
6,129.9
6,129.9
0,129.9
0,129.9
1,129.9
1,129.9
2,129.9
2,129.9
3,129.9
3,125.9
4,125.9
4,125.9
5,125.9
5,125.9
6,125.9
6,125.9
0,125.9
0,125.9
1,125.9
1,125.9
2,125.9
2,125.9
3,125.9
3,125.9
4,125.9
4,125.9
5,125.9
5,125.9
6,125.9
6,125.9
0,125.9
0,125.9
1,125.9
1,125.9
2,125.9
2,125.9
3,125.9
3,125.9
4,125.9
4,125.9
5,125.9
5,125.9
6,125.9
6,125.9
0,125.9
0,125.9
1,125.9
1,125.9
2,125.9
2,125.9
3,125.9
3,125.9
4,125.9
4,125.9
5,125.9
5,125.9
6,125.9
6,125.9
0,125.9
0,125.9
1,125.9
1,125.9
2,125.9
2,125.9
3,125.9
3,125.9
4,125.9
4,125.9
5,125.9
5,125.9
6,125.9
6,125.9
0,125.9
0,125.9
1,125.9
1,125.9
2,125.9
2,125.9
3,125.9
3,125.9
4,125.9
4,125.9
5,125.9
5,125.9
6,125.9
6,125.9
0,125.9
0,125.9
1,125.9
1,125.9
2,125.9
2,125.9
3,125.9
3,125.9
4,125.9
4,125.9
5,125.9
5,125.9
6,125.9
6,125.9
0,125.9
0,125.9
1,125.9
1,125.9
2,125.9
2,125.9
3,125.9
3,125.9
4,125.9
4,125.9
5,125.9
5,125.9
6,125.9
6,125.9
0,125.9
0,125.9
1,125.9
1,125.9
2,125.9
2,125.9
3,125.9
3,125.9
4,125.9
4,125.9
5,125.9
5,125.9
6,125.9
6,125.9
0,125.9
0,125.9
1,125.9
1,125.9
2,125.9
2,125.9
3,125.9
3,125.9
4,131.9
4,131.9
5,131.9
5,131.9
6,131.9
6,131.9
0,131.9
0,131.9
1,131.9
1,131.9
2,131.9
2,129.9
3,129.9
3,129.9
4,129.9
4,129.9
5,129.9
5,129.9
6,129.9
6,129.9
0,129.9
0,129.9
1,129.9
1,129.9
2,129.9
2,129.9
3,129.9
3,129.9
4,129.9
4,129.9
5,129.9
5,129.9
6,129.9
6,129.9
0,129.9
0,125.9
1,125.9
1,125.9
2,125.9
2,125.9
3,125.9
3,125.9
4,125.9
4,125.9
5,125.9
5,125.9
6,125.9
6,125.9
0,125.9
0,125.9
1,125.9
1,125.9
2,125.9
2,118.9
3,118.9
3,118.9
4,118.9
4,118.9
5,118.9
5,118.9
6,118.9
6,118.9
0,118.9
0,118.9
1,118.9
1,118.9
2,118.9
2,118.9
3,142.9
3,142.9
4,142.9
4,142.9
5,142.9
5,142.9
6,142.9
6,142.9
0,142.9
0,142.9
1,142.9
1,142.9
2,142.9
2,142.9
3,142.9
3,138.9
4,138.9
4,138.9
5,138.9
5,138.9
6,138.9
6,138.9
0,138.9
0,135.9
1,135.9
1,132.9
2,132.9
2,129.9
3,129.9
3,128.9
4,127.9
4,127.9
5,127.9
5,127.9
6,127.9
6,127.9
0,127.9
0,127.9
1,127.9
1,123.9
2,123.9
2,122.9
3,122.9
3,122.9
4,122.9
4,122.9
5,122.9
5,122.9
6,117.9
6,117.9
0,117.9
0,117.9
1,117.9
1,117.9
2,115.9
2,115.9
3,115.9
3,115.9
4,115.9
4,115.9
5,115.9
5,115.9
6,115.9
6,114.9
0,114.9
0,114.9
1,114.9
1,114.9
2,114.9
2,114.9
3,114.9
3,114.9
4,114.9
4,113.9
5,113.9
5,113.9
6,113.9
6,112.9
0,117.9
0,117.9
1,117.9
1,117.9
2,117.9
2,117.9
3,117.9
3,142.9
4,142.9
4,142.9
5,142.9
5,142.9
6,142.9
6,142.9
0,142.9
0,142.9
1,140.9
1,140.9
2,140.9
2,140.9
3,140.9
3,140.9
4,140.9
4,139.9
5,139.9
5,138.9
6,138.9
6,138.9
0,136.9
0,136.9
1,136.9
1,133.9
2,133.9
2,133.9
3,133.9
3,133.9
4,133.9
4,133.9
5,133.9
5,127.9
6,127.9
6,127.9
0,125.9
0,125.9
1,125.9
1,124.9
2,124.9
2,124.9
3,121.9
3,121.9
4,121.9
4,120.9
5,120.9
5,119.9
6,119.9
6,119.9
0,118.9
0,118.9
1,118.9
1,117.9
2,117.9
2,117.9
3,117.9
3,117.9
4,117.9
4,115.9
5,115.9
5,115.9
6,115.9
6,115.9
0,115.9
0,115.9
1,115.9
1,115.9
2,115.9
2,113.9
3,113.9
3,113.9
4,113.9
4,111.9
5,111.9
5,111.9
6,111.9
6,111.9
0,111.9
0,111.9
1,111.9
1,111.9
2,109.9
2,109.9
3,109.9
3,109.9
4,109.9
4,109.9
5,109.9
5,109.9
6,109.9
6,109.9
0,109.9
0,109.9
1,109.9
1,109.9
2,109.9
2,109.9
3,109.9
3,109.9
4,109.9
4,109.9
5,109.9
5,109.9
6,109.9
6,109.9
0,109.9
0,109.9
1,109.9
1,109.9
2,109.9
2,109.9
3,109.9
3,109.9
4,109.9
4,109.9
5,109.9
5,109.9
6,109.9
6,109.9
0,109.9
0,109.9
1,109.9
1,109.9
2,109.9
2,127.9
3,127.9
3,127.9
4,127.9
4,127.9
5,127.9
5,127.9
6,127.9
6,127.9
0,127.9
0,127.9
1,127.9
1,127.9
2,127.9
2,127.9
3,127.9
3,127.9
4,127.9
4,127.9
5,127.9
5,127.9
6,127.9
6,127.9
0,127.9
0,117.9
1,117.9
1,115.9
2,115.9
2,115.9
3,115.9
3,139.9
4,139.9
4,139.9
5,139.9
5,139.9
6,139.9
6,139.9
0,137.9
0,137.9
1,137.9
1,137.9
2,136.9
2,136.9
3,136.9
3,136.9
4,136.9
4,133.4
5,133.4
5,129.9
6,128.9
6,127.9
0,127.9
0,125.9
1,125.9
1,123.9
2,123.9
2,119.9
3,119.9
3,117.9
4,117.9
4,117.9
5,117.9
5,117.9
6,117.9
6,117.9
0,117.9
0,115.9
1,115.9
1,115.9
2,115.9
2,115.9
3,115.9
3,115.9
4,115.9
4,115.9
5,115.9
5,115.9
6,115.9
6,115.9
0,115.9
0,115.9
1,115.9
1,117.9
2,117.9
2,141.9
3,141.9
3,139.9
4,139.9
4,139.9
5,139.9
5,139.9
6,139.9
6,139.9
0,139.9
0,137.9
1,136.4
1,136.4
2,136.4
2,133.9
3,131.9
3,131.9
4,129.9
4,129.9
5,129.9
5,129.9
6,129.9
6,129.9
0,129.9
0,127.9
1,127.9
1,124.9
2,123.9
2,121.9
3,121.9
3,119.9
4,119.9
4,117.9
5,117.9
5,117.9
6,115.9
6,115.9
0,115.9
0,114.9
1,114.9
1,113.9
2,113.9
2,111.9
3,111.9
3,109.9
4,109.9
4,107.9
5,107.9
5,107.9
6,107.9
6,107.9
0,107.9
0,107.9
1,107.9
1,105.9
2,105.9
2,105.9
3,105.9
3,105.9
4,105.9
4,105.9
5,105.9
5,105.9
6,105.9
6,105.9
0,105.9
0,105.9
1,105.9
1,105.9
2,105.9
2,105.9
3,131.9
3,131.9
4,131.9
4,129.9
5,129.9
5,129.9
6,129.9
6,129.9
0,129.9
0,129.9
1,129.9
1,129.9
2,127.9
2,125.9
3,125.9
3,125.9
4,123.9
4,123.9
5,121.9
5,121.9
6,121.9
6,121.9
0,121.9
0,121.9
1,121.9
1,117.9
2,117.9
2,115.9
3,115.9
3,113.9
4,113.9
4,113.9
5,113.9
5,113.9
6,111.9
6,111.9
0,109.9
0,109.9
1,109.9
1,109.9
2,109.9
2,107.9
3,107.9
3,107.9
4,107.9
4,107.9
5,107.9
5,107.9
6,107.9
6,107.9
0,107.9
0,107.9
1,107.9
1,107.9
2,107.9
2,107.9
3,107.9
3,107.9
4,109.9
4,134.9
5,134.9
5,134.9
6,134.9
6,132.9
0,132.9
0,132.9
1,132.9
1,132.9
2,132.9
2,132.9
3,132.9
3,132.9
4,132.9
4,132.9
5,127.9
5,127.9
6,127.9
6,125.9
0,125.9
0,123.9
1,123.9
1,122.9
2,122.9
2,121.9
3,121.9
3,119.9
4,119.9
4,119.9
5,119.9
5,119.9
6,119.9
6,117.9
0,117.9
0,115.9
1,115.9
1,115.9
2,115.9
2,113.9
3,113.9
3,113.9
4,113.9
4,113.9
5,113.9
5,113.9
6,113.9
6,113.9
0,113.9
0,113.9
1,113.9
1,113.9
2,113.9
2,112.9
3,112.9
3,112.9
4,112.9
4,112.9
5,112.9
5,112.9
6,112.9
6,112.9
0,139.9
0,139.9
1,139.9
1,139.9
2,137.9
2,137.9
3,137.9
3,137.9
4,137.9
4,135.9
5,135.9
5,133.9
6,133.9
6,133.9
0,133.9
0,133.9
1,131.9
1,128.9
2,128.9
2,125.9
3,125.9
3,124.9
4,124.9
4,123.9
5,123.9
5,121.9
6,119.9
6,119.9
0,119.9
0,117.9
1,117.9
1,117.9
2,117.9
2,117.9
3,117.9
3,117.9
4,117.9
4,115.9
5,115.9
5,115.9
6,115.9
6,115.9
0,115.9
0,114.9
1,114.9
1,114.9
2,114.9
2,114.9
3,114.9
3,141.9
4,141.9
4,141.9
5,141.9
5,141.9
6,141.9
6,141.9
0,141.9
0,141.9
1,139.9
1,139.9
2,138.9
2,138.9
3,137.9
3,136.9
4,135.9
4,135.9
5,133.9
5,133.9
6,131.9
6,129.9
0,129.9
0,128.9
1,125.9
1,125.9
2,124.9
2,121.9
3,121.9
3,119.9
4,119.9
4,119.9
5,119.9
5,117.9
6,117.9
6,117.9
0,117.9
0,115.9
1,115.9
1,115.9
2,115.9
2,115.9
3,115.9
3,115.9
4,142.9
4,142.9
5,142.9
5,142.9
6,142.9
6,142.9
0,142.9
0,142.9
1,142.9
1,142.9
2,142.9
2,141.9
3,141.9
3,141.9
4,141.9
4,141.9
5,141.9
5,141.9
6,141.9
6,139.9
0,137.9
0,137.9
1,137.9
1,137.9
2,137.9
2,137.9
3,135.9
3,135.9
4,135.9
4,135.9
5,135.9
5,132.9
6,132.9
6,132.9
0,132.9
0,132.9
1,132.9
1,130.9
2,130.9
2,129.9
3,129.9
3,129.9
4,127.9
4,127.9
5,127.9
5,127.9
6,127.9
6,127.9
0,147.9
0,145.9
1,145.9
1,145.9
2,145.9
2,145.9
3,145.9
3,145.9
4,143.9
4,141.9
5,141.9
5,141.9
6,141.9
6,141.9
0,141.9
0,141.9
1,141.9
1,141.9
2,139.9
2,139.9
3,137.9
3,135.9
4,135.9
4,135.9
5,133.9
5,133.9
6,133.9
6,131.9
0,131.9
0,129.9
1,129.9
1,129.9
2,127.9
2,127.9
3,127.9
3,127.9
4,127.9
4,127.9
5,127.9
5,125.9
6,125.9
6,125.9
0,125.9
0,123.9
1,123.9
1,123.9
2,123.9
2,123.9
3,129.9
3,129.9
4,129.9
4,129.9
5,147.9
5,147.9
6,147.9
6,147.9
0,147.9
0,147.9
1,145.9
1,145.9
2,145.9
2,145.9
3,145.9
3,145.9
4,143.9
4,143.9
5,141.9
5,141.9
6,141.9
6,139.9
0,139.9
0,137.9
1,137.9
1,133.9
2,133.9
2,131.9
3,131.9
3,131.9
4,131.9
4,129.9
5,129.9
5,129.9
6,129.9
6,129.9
0,129.9
0,129.9
1,127.9
1,127.9
2,127.9
2,125.9
3,125.9
3,125.9
4,125.9
4,125.9
5,123.9
5,123.9
6,123.9
6,123.9
0,123.9
0,123.9
1,123.9
1,123.9
2,123.9
2,123.9
3,123.9
3,123.9
4,123.9
4,123.9
5,147.9
5,147.9
6,147.9
6,147.9
0,147.9
0,147.9
1,147.9
1,147.9
2,147.9
2,145.9
3,145.9
3,145.9
4,142.9
4,142.9
5,141.9
5,141.9
6,141.9
6,139.9
0,139.9
0,138.4
1,134.9
1,133.9
2,133.9
2,131.9
3,131.9
3,129.9
4,129.9
4,129.9
5,129.9
5,129.9
6,129.9
6,129.9
0,129.9
0,129.9
1,129.9
1,129.9
2,129.9
2,129.9
3,129.9
3,129.9
4,129.9
4,129.9
5,129.9
5,129.9
6,129.9
6,129.9
0,129.9
0,129.9
1,129.9
1,129.9
2,129.9
2,129.9
3,129.9
3,129.9
4,129.9
4,129.9
5,129.9
5,121.9
6,121.9
6,121.9
0,121.9
0,121.9
1,121.9
1,121.9
2,121.9
2,121.9
3,121.9
3,121.9
4,121.9
4,123.9
5,123.9
5,123.9
6,123.9
6,123.9
0,123.9
0,123.9
1,123.9
1,130.9
2,130.9
2,130.9
3,137.9
3,137.9
4,137.9
4,137.9
5,137.9
5,137.9
6,137.9
6,137.9
0,137.9
0,137.9
1,137.9
1,137.9
2,137.9
2,137.9
3,137.9
3,137.9
4,129.9
4,129.9
5,129.9
5,129.9
6,129.9
6,123.9
0,123.9
0,123.9
1,123.9
1,123.9
2,123.9
2,121.9
3,121.9
3,121.9
4,121.9
4,120.9
5,120.9
5,120.9
6,120.9
6,120.9
0,120.9
0,120.9
1,120.9
1,120.9
2,120.9
2,120.9
3,120.9
3,120.9
4,120.9
4,120.9
5,120.9
5,120.9
6,120.9
6,120.9
0,120.9
0,139.9
1,139.9
1,139.9
2,139.9
2,139.9
3,139.9
3,139.9
4,139.9
4,139.9
5,139.9
5,139.9
6,139.9
6,131.9
0,131.9
0,131.9
1,131.9
1,131.9
2,131.9
2,131.9
3,131.9
3,131.9
4,125.9
4,125.9
5,125.9
5,123.9
6,123.9
6,123.9
0,123.9
0,123.9
1,123.9
1,123.9
2,123.9
2,123.9
3,123.9
3,123.9
4,123.9
4,123.9
5,123.9
5,123.9
6,123.9
6,123.9
0,123.9
0,123.9
1,123.9
1,129.9
2,129.9
2,129.9
3,129.9
3,129.9
4,129.9
4,129.9
5,129.9
5,139.9
6,139.9
6,139.9
0,139.9
0,139.9
1,139.9
1,139.9
2,139.9
2,139.9
3,139.9
3,139.9
4,139.9
4,139.9
5,135.9
5,135.9
6,135.9
6,135.9
0,135.9
0,135.9
1,135.9
1,135.9
2,135.9
2,135.9
3,135.9
3,135.9
4,135.9
4,131.9
5,131.9
5,131.9
6,131.9
6,131.9
0,131.9
0,131.9
1,131.9
1,131.9
2,131.9
2,143.9
3,143.9
3,143.9
4,143.9
4,143.9
5,143.9
5,143.9
6,143.9
6,143.9
