0,0
0,0
1,107.9
1,107.9
2,107.9
2,107.9
3,107.9
3,107.9
4,107.9
4,107.9
5,107.9
5,107.9
6,107.9
6,107.9
0,107.9
0,107.5
1,107.5
1,105.9
2,105.9
2,105.9
3,105.9
3,105.9
4,105.9
4,105.9
5,105.9
5,105.9
6,105.9
6,105.9
0,105.9
0,105.9
1,105.9
1,105.9
2,105.9
2,105.9
3,105.9
3,105.9
4,105.9
4,105.9
5,105.9
5,105.9
6,105.9
6,105.9
0,105.9
0,105.9
1,105.9
1,105.9
2,105.9
2,101.9
3,101.9
3,101.9
4,101.9
4,101.9
5,101.9
5,101.9
6,101.9
6,101.9
0,101.9
0,101.9
1,101.9
1,101.9
2,101.9
2,101.9
3,101.9
3,101.9
4,101.9
4,101.9
5,101.9
5,101.9
6,101.9
6,101.9
0,101.9
0,101.9
1,101.9
1,101.9
2,101.9
2,101.9
3,129.9
3,129.9
4,129.9
4,128.9
5,128.9
5,128.9
6,128.9
6,128.9
0,101.9
0,101.9
1,101.9
1,101.9
2,101.9
2,101.9
3,101.9
3,101.9
4,101.9
4,101.9
5,101.9
5,101.9
6,101.9
6,101.9
0,101.9
0,101.9
1,101.9
1,101.9
2,101.9
2,101.9
3,101.9
3,101.9
4,101.9
4,101.9
5,101.9
5,101.9
6,101.9
6,101.9
0,101.9
0,101.9
1,101.9
1,101.9
2,101.9
2,101.9
3,101.9
3,101.9
4,101.9
4,101.9
5,101.9
5,101.9
6,101.9
6,101.9
0,101.9
0,101.9
1,101.9
1,101.9
2,101.9
2,101.9
3,101.9
3,101.9
4,101.9
4,101.9
5,101.9
5,101.9
6,101.9
6,101.9
0,101.9
0,101.9
1,101.9
1,101.9
2,101.9
2,101.9
3,101.9
3,101.9
4,101.9
4,101.9
5,101.9
5,101.9
6,101.9
6,101.9
0,101.9
0,101.9
1,101.9
1,101.9
2,101.9
2,101.9
3,101.9
3,101.9
4,101.9
4,101.9
5,101.9
5,101.9
6,101.9
6,101.9
0,101.9
0,101.9
1,101.9
1,101.9
2,101.9
2,101.9
3,101.9
3,101.9
4,101.9
4,101.9
5,101.9
5,101.9
6,101.9
6,101.9
0,101.9
0,101.9
1,101.9
1,101.9
2,101.9
2,101.9
3,101.9
3,101.9
4,101.9
4,101.9
5,101.9
5,101.9
6,101.9
6,101.9
0,101.9
0,101.9
1,101.9
1,101.9
2,101.9
2,101.9
3,101.9
3,101.9
4,101.9
4,101.9
5,101.9
5,101.9
6,101.9
6,101.9
0,101.9
0,101.9
1,101.9
1,101.9
2,101.9
2,101.9
3,101.9
3,101.9
4,101.9
4,101.9
5,101.9
5,101.9
6,101.9
6,101.9
0,101.9
0,101.9
1,101.9
1,101.9
2,101.9
2,101.9
3,101.9
3,101.9
4,101.9
4,101.9
5,101.9
5,101.9
6,101.9
6,101.9
0,101.9
0,101.9
1,101.9
1,101.9
2,101.9
2,101.9
3,127.5
3,127.5
4,127.5
4,127.5
5,127.5
5,127.5
6,127.5
6,127.5
0,127.5
0,127.5
1,127.5
1,127.5
2,127.3
2,127.3
3,127.3
3,127.3
4,127.3
4,127.3
5,127.3
5,127.3
6,127.3
6,127.3
0,127.3
0,127.3
1,127.3
1,127.3
2,127.3
2,129.9
3,129.9
3,129.9
4,129.9
4,128.9
5,128.9
5,128.9
6,128.9
6,128.9
0,128.9
0,128.9
1,128.9
1,128.9
2,128.9
2,128.9
3,128.9
3,128.9
4,128.9
4,128.9
5,128.7
5,128.7
6,128.7
6,128.7
0,128.7
0,128.7
1,128.7
1,128.7
2,128.7
2,128.7
3,128.7
3,128.7
4,128.7
4,128.7
5,128.7
5,128.7
6,128.7
6,128.7
0,128.7
0,128.7
1,128.7
1,128.7
2,128.7
2,128.7
3,128.7
3,128.7
4,128.7
4,128.3
5,128.3
5,146.9
6,146.9
6,146.9
0,146.9
0,146.9
1,146.9
1,146.4
2,146.4
2,146.4
3,146.4
3,146.4
4,146.4
4,146.4
5,146.4
5,146.4
6,146.4
6,146.4
0,146.4
0,146.4
1,146.4
1,146.4
2,146.4
2,146.4
3,146.4
3,141.9
4,141.9
4,141.9
5,141.9
5,141.9
6,141.9
6,141.9
0,141.9
0,141.9
1,141.9
1,141.9
2,141.9
2,141.9
3,141.9
3,141.9
4,141.9
4,141.9
5,141.9
5,141.9
6,141.9
6,141.9
0,141.9
0,141.9
1,141.9
1,141.9
2,141.9
2,141.9
3,141.9
3,141.9
4,141.9
4,141.9
5,141.9
5,141.9
6,141.9
6,141.9
0,141.9
0,141.9
1,141.9
1,141.9
2,141.9
2,141.5
3,141.5
3,141.5
4,141.5
4,141.5
5,141.5
5,141.5
6,141.5
6,141.5
0,141.5
0,141.5
1,141.5
1,141.5
2,141.5
2,141.5
3,141.5
3,141.5
4,141.5
4,141.5
5,141.5
5,141.5
6,141.5
6,141.5
0,141.5
0,141.5
1,141.5
1,141.5
2,141.5
2,141.5
3,141.5
3,141.5
4,141.5
4,141.5
5,141.5
5,141.5
6,141.5
6,141.5
0,141.5
0,141.5
1,141.5
1,141.5
2,141.5
2,141.5
3,135.7
3,129.9
4,129.9
4,129.9
5,129.9
5,129.9
6,129.9
6,129.9
0,129.9
0,129.9
1,129.9
1,129.9
2,129.9
2,129.9
3,129.9
3,129.9
4,129.9
4,129.9
5,129.9
5,129.9
6,129.9
6,128.4
0,128.4
0,128.4
1,128.4
1,128.4
2,124.7
2,124.7
3,124.7
3,124.7
4,124.7
4,124.7
5,124.7
5,124.7
6,124.7
6,124.7
0,124.7
0,124.7
1,124.7
1,124.7
2,124.7
2,124.7
3,120.9
3,120.9
4,120.9
4,120.9
5,120.9
5,120.9
6,120.9
6,120.9
0,120.9
0,120.9
1,120.9
1,120.9
2,120.9
2,120.9
3,120.9
3,120.9
4,120.9
4,120.9
5,120.9
5,120.9
6,120.9
6,117.9
0,117.9
0,117.9
1,117.9
1,117.9
2,117.9
2,117.9
3,117.9
3,117.9
4,117.9
4,117.9
5,117.9
5,117.9
6,117.9
6,117.9
0,117.9
0,139.9
1,139.9
1,139.9
2,139.9
2,117.4
3,117.4
3,117.4
4,117.4
4,117.4
5,117.4
5,117.4
6,117.4
6,117.4
0,117.4
0,117.4
1,117.4
1,117.4
2,117.4
2,117.4
3,117.4
3,117.4
4,117.4
4,117.4
5,117.4
5,117.4
6,117.4
6,117.4
0,117.4
0,117.4
1,117.4
1,139.9
2,139.9
2,139.9
3,139.9
3,139.9
4,139.4
4,139.4
5,139.4
5,139.4
6,139.4
6,139.4
0,139.4
0,139.4
1,139.4
1,139.4
2,139.4
2,137.4
3,137.4
3,137.4
4,136.9
4,136.9
5,136.9
5,136.9
6,136.9
6,136.9
0,136.9
0,136.9
1,136.9
1,136.9
2,136.9
2,136.9
3,136.9
3,136.9
4,136.9
4,136.9
5,136.9
5,136.9
6,136.9
6,136.9
0,136.9
0,136.9
1,136.9
1,136.9
2,136.9
2,136.9
3,136.9
3,129.9
4,129.9
4,129.9
5,129.9
5,129.9
6,129.9
6,129.9
0,129.9
0,129.9
1,129.9
1,129.9
2,129.9
2,129.9
3,129.9
3,129.9
4,129.9
4,129.9
5,129.9
5,129.9
6,129.9
6,129.9
0,129.9
0,129.9
1,129.9
1,129.9
2,129.9
2,129.9
3,141.9
3,141.9
4,141.9
4,141.9
5,136.9
5,136.9
6,136.9
6,136.9
0,136.9
0,136.9
1,136.9
1,136.9
2,136.9
2,136.9
3,136.9
3,136.9
4,136.9
4,136.9
5,136.9
5,136.9
6,136.9
6,136.9
0,136.9
0,136.9
1,134.9
1,134.9
2,134.9
2,134.9
3,134.9
3,134.9
4,134.9
4,134.9
5,134.9
5,134.9
6,134.9
6,134.9
0,134.9
0,134.9
1,134.9
1,134.9
2,134.9
2,134.9
3,134.9
3,134.7
4,134.7
4,133.7
5,133.7
5,133.7
6,133.7
6,133.7
0,132.7
0,131.8
1,131.0
1,123.9
2,123.9
2,123.9
3,123.9
3,123.9
4,117.9
4,117.9
5,117.9
5,117.9
6,117.9
6,117.9
0,117.9
0,117.9
1,117.9
1,117.9
2,115.9
2,115.9
3,117.9
3,117.9
4,113.9
4,113.9
5,113.9
5,113.9
6,113.9
6,113.9
0,113.9
0,113.9
1,113.9
1,113.9
2,113.9
2,131.9
3,113.9
3,113.9
4,113.9
4,113.9
5,113.9
5,113.9
6,113.9
6,113.9
0,113.9
0,113.9
1,113.9
1,113.9
2,113.9
2,113.9
3,113.9
3,113.9
4,113.9
4,113.9
5,113.9
5,113.9
6,113.9
6,113.9
0,113.9
0,113.9
1,113.9
1,113.9
2,113.9
2,113.9
3,113.9
3,113.9
4,113.9
4,113.9
5,113.9
5,113.9
6,113.9
6,113.9
0,113.9
0,113.9
1,113.9
1,113.9
2,113.9
2,113.9
3,113.9
3,113.9
4,113.9
4,113.9
5,113.9
5,113.9
6,113.9
6,113.9
0,113.9
0,113.9
1,113.9
1,134.9
2,134.9
2,134.9
3,134.9
3,134.9
4,134.9
4,134.9
5,133.9
5,133.9
6,132.9
6,132.9
0,132.9
0,132.9
1,132.9
1,132.9
2,132.9
2,132.9
3,132.9
3,132.9
4,132.9
4,132.9
5,132.9
5,132.9
6,132.9
6,132.9
0,132.9
0,132.9
1,131.9
1,131.9
2,130.9
2,130.9
3,130.9
3,130.9
4,130.9
4,130.9
5,130.9
5,130.9
6,130.9
6,130.9
0,130.9
0,130.9
1,130.9
1,130.9
2,130.9
2,129.9
3,129.9
3,129.9
4,129.9
4,123.9
5,123.9
5,123.9
6,123.9
6,123.9
0,123.9
0,123.9
1,123.9
1,123.9
2,123.4
2,123.4
3,122.9
3,122.9
4,122.9
4,122.9
5,122.9
5,122.9
6,122.9
6,122.9
0,122.9
0,122.9
1,122.9
1,122.9
2,122.9
2,122.9
3,122.9
3,122.9
4,122.9
4,122.9
5,122.9
5,122.9
6,122.9
6,122.9
0,122.9
0,122.9
1,122.9
1,122.9
2,122.9
2,122.9
3,122.9
3,122.9
4,122.9
4,122.9
5,122.9
5,122.9
6,122.9
6,122.9
0,122.9
0,122.9
1,122.9
1,122.9
2,122.9
2,122.9
3,122.9
3,122.9
4,122.9
4,122.9
5,122.9
5,122.9
6,122.9
6,122.9
0,122.9
0,122.9
1,122.9
1,122.9
2,122.9
2,122.9
3,122.9
3,141.9
4,122.9
4,122.9
5,122.9
5,122.9
6,122.9
6,122.9
0,122.9
0,122.9
1,122.9
1,122.9
2,122.9
2,122.9
3,122.9
3,122.9
4,122.9
4,122.9
5,122.9
5,122.9
6,122.9
6,122.9
0,122.9
0,122.9
1,122.9
1,122.9
2,122.9
2,122.9
3,122.9
3,122.9
4,122.9
4,144.9
5,144.9
5,144.9
6,144.9
6,144.9
0,144.9
0,144.9
1,144.9
1,144.9
2,144.9
2,144.9
3,144.9
3,144.9
4,144.9
4,141.9
5,140.9
5,140.9
6,140.9
6,140.9
0,140.9
0,140.9
1,140.9
1,140.9
2,140.9
2,140.9
3,140.9
3,140.9
4,140.9
4,140.9
5,140.9
5,140.9
6,140.9
6,140.9
0,140.9
0,140.9
1,140.9
1,140.9
2,140.9
2,140.9
3,140.9
3,140.9
4,140.9
4,141.7
5,141.7
5,141.7
6,141.7
6,138.7
0,138.7
0,138.7
1,138.7
1,138.7
2,138.7
2,138.7
3,138.7
3,138.7
4,138.7
4,138.7
5,138.7
5,138.7
6,138.7
6,138.7
0,138.7
0,138.7
1,138.7
1,138.7
2,138.7
2,138.7
3,138.7
3,138.7
4,138.7
4,138.7
5,138.7
5,138.7
6,138.7
6,138.7
0,138.7
0,138.7
1,138.7
1,138.7
2,138.7
2,138.7
3,138.7
3,138.7
4,138.7
4,138.7
5,138.7
5,138.7
6,138.7
6,138.7
0,138.7
0,138.7
1,138.7
1,138.7
2,138.7
2,138.7
3,137.9
3,137.9
4,149.9
4,149.9
5,149.9
5,149.9
6,149.9
6,149.9
0,149.9
0,148.7
1,148.7
1,148.7
2,148.7
2,148.7
3,148.7
3,148.7
4,148.7
4,148.7
5,148.7
5,148.7
6,148.7
6,148.7
0,146.7
0,146.7
1,146.7
1,146.7
2,146.7
2,146.7
3,146.7
3,145.7
4,145.7
4,145.7
5,145.7
5,145.7
6,145.7
6,145.7
0,145.7
0,145.7
1,145.7
1,145.7
2,145.7
2,145.7
3,145.7
3,145.7
4,145.7
4,145.7
5,145.7
5,145.7
6,145.7
6,145.7
0,145.7
0,145.7
1,145.7
1,145.7
2,145.7
2,145.7
3,145.7
3,145.7
4,145.7
4,145.7
5,145.7
5,149.9
6,149.9
6,149.9
0,149.9
0,149.9
1,145.7
1,145.7
2,145.7
2,145.7
3,145.7
3,145.7
4,145.7
4,145.7
5,145.7
5,145.7
6,145.7
6,145.7
0,145.7
0,145.7
1,145.7
1,145.7
2,145.7
2,141.9
3,141.9
3,141.9
4,141.9
4,141.9
5,141.9
5,141.9
6,141.9
6,141.9
0,141.9
0,141.9
1,141.9
1,141.9
2,141.9
2,141.9
3,141.9
3,141.9
4,141.9
4,141.9
5,141.9
5,141.9
6,141.9
6,141.9
0,141.9
0,141.9
1,141.9
1,141.9
2,141.9
2,141.9
3,141.9
3,141.9
4,141.9
4,141.9
5,141.9
5,141.9
6,141.9
6,141.9
0,141.9
0,141.9
1,141.9
1,141.9
2,141.9
2,141.9
3,141.9
3,141.9
4,141.9
4,141.9
5,141.9
5,141.9
6,141.9
6,141.9
0,141.9
0,141.9
1,141.9
1,141.9
2,141.9
2,141.9
3,141.9
3,141.9
4,149.9
4,149.9
5,149.9
5,149.9
6,149.9
6,149.9
0,149.9
0,149.9
1,149.9
1,149.9
2,147.9
2,147.9
3,144.9
3,144.9
4,144.9
4,144.9
5,144.9
5,144.9
6,144.9
6,144.9
0,142.9
0,141.9
1,141.9
1,141.9
2,141.9
2,141.9
3,141.9
3,141.9
4,141.9
4,141.9
5,141.9
5,141.9
6,141.9
6,141.9
0,141.9
0,141.9
1,141.9
1,141.9
2,141.9
2,141.9
3,141.9
3,141.9
4,141.9
4,141.9
5,141.9
5,141.9
6,141.9
6,141.9
0,141.9
0,141.9
1,141.9
1,141.9
2,141.9
2,141.9
3,141.9
3,141.9
4,141.9
4,141.9
5,141.9
5,141.9
6,141.9
6,141.9
0,141.9
0,141.9
1,141.9
1,141.9
2,141.9
2,141.9
3,141.9
3,141.9
4,141.9
4,141.9
5,141.9
5,141.9
6,141.9
6,141.9
0,141.9
0,141.9
1,141.9
1,141.9
2,141.9
2,141.9
3,141.9
3,137.9
4,137.9
4,137.9
5,137.9
5,137.9
6,137.9
6,137.9
0,137.9
0,137.9
1,137.9
1,137.9
2,137.9
2,137.9
3,137.9
3,137.9
4,137.9
4,137.9
5,151.9
5,151.9
6,151.9
6,151.9
0,144.9
0,151.9
1,151.9
1,151.9
2,151.9
2,151.9
3,149.9
3,149.9
4,149.9
4,149.9
5,149.9
5,149.9
6,149.9
6,149.9
0,149.9
0,149.9
1,149.9
1,149.9
2,149.9
2,149.9
3,149.9
3,149.9
4,149.9
4,149.9
5,149.9
5,149.9
6,149.9
6,149.9
0,149.9
0,149.9
1,149.9
1,149.9
2,149.9
2,149.9
3,149.9
3,149.9
4,149.9
4,149.9
5,149.9
5,149.9
6,149.9
6,149.9
