0,98.2
0,98.2
1,98.2
1,98.2
2,98.2
2,98.2
3,98.2
3,97.9
4,97.9
4,97.9
5,97.9
5,97.9
6,97.9
6,97.9
0,97.9
0,97.9
1,97.9
1,95.9
2,95.9
2,95.9
3,95.9
3,94.9
4,94.9
4,94.9
5,94.9
5,94.9
6,94.9
6,94.9
0,94.9
0,94.9
1,94.9
1,94.9
2,94.9
2,94.9
3,125.65
3,125.65
4,125.65
4,125.65
5,125.65
5,125.65
6,125.65
6,124.9
0,124.9
0,124.9
1,124.15
1,124.15
2,124.15
2,118.7
3,118.7
3,115.55
4,112.7
4,112.7
5,112.7
5,112.7
6,112.7
6,112.7
0,112.7
0,107.55
1,107.55
1,103.7
2,103.7
2,103.7
3,103.7
3,103.7
4,103.7
4,103.7
5,103.7
5,103.7
6,103.7
6,103.7
0,103.7
0,103.7
1,99.9
1,99.30000000000001
2,99.30000000000001
2,99.30000000000001
3,124.30000000000001
3,125.65
4,125.65
4,125.65
5,125.65
5,124.9
6,122.9
6,122.9
0,122.9
0,121.9
1,120.9
1,120.9
2,120.9
2,119.65
3,117.7
3,113.05000000000001
4,110.7
4,110.7
5,110.7
5,110.7
6,110.7
6,110.7
0,110.7
0,110.7
1,110.7
1,109.9
2,107.9
2,104.4
3,104.4
3,104.4
4,129.9
4,129.9
5,129.9
5,129.9
6,129.9
6,129.4
0,129.4
0,129.4
1,129.4
1,129.4
2,129.4
2,129.4
3,129.4
3,127.9
4,124.3
4,124.3
5,124.3
5,124.3
6,124.3
6,124.3
0,124.3
0,124.3
1,124.3
1,124.3
2,124.3
2,124.3
3,124.3
3,124.3
4,124.3
4,124.3
5,124.3
5,124.3
6,124.3
6,124.3
0,124.3
0,124.3
1,124.3
1,124.3
2,124.3
2,124.3
3,124.3
3,124.3
4,124.3
4,124.3
5,124.3
5,124.3
6,124.3
6,124.3
0,124.3
0,124.3
1,124.3
1,124.3
2,124.3
2,124.3
3,124.3
3,124.3
4,124.3
4,124.3
5,124.3
5,124.3
6,124.3
6,124.3
0,124.3
0,124.3
1,124.3
1,124.3
2,124.3
2,124.3
3,124.3
3,124.3
4,124.3
4,124.3
5,124.3
5,124.3
6,124.3
6,124.3
0,124.3
0,124.3
1,124.3
1,124.3
2,124.3
2,124.3
3,124.3
3,124.3
4,124.3
4,124.3
5,124.3
5,124.3
6,124.3
6,124.3
0,124.3
0,124.3
1,124.3
1,124.3
2,124.3
2,124.3
3,124.3
3,124.3
4,124.3
4,124.3
5,124.3
5,124.3
6,124.3
6,124.3
0,124.3
0,124.3
1,124.3
1,124.3
2,124.3
2,124.3
3,124.3
3,124.3
4,124.3
4,124.3
5,124.3
5,124.3
6,124.3
6,124.3
0,124.3
0,124.3
1,124.3
1,124.3
2,124.3
2,124.3
3,124.3
3,124.3
4,124.3
4,124.3
5,124.3
5,124.3
6,124.3
6,124.3
0,124.3
0,124.3
1,124.3
1,124.3
2,124.3
2,124.3
3,124.3
3,124.3
4,124.3
4,124.3
5,124.3
5,131.9
6,131.9
6,131.9
0,131.9
0,131.9
1,131.9
1,129.4
2,129.4
2,129.4
3,129.4
3,129.4
4,129.4
4,129.4
5,129.4
5,129.4
6,129.4
6,129.4
0,126.2
0,125.9
1,125.9
1,125.9
2,125.9
2,125.9
3,125.9
3,122.3
4,122.3
4,122.3
5,122.3
5,122.3
6,122.3
6,122.3
0,122.3
0,120.7
1,120.7
1,120.7
2,120.7
2,120.7
3,120.7
3,120.7
4,120.7
4,120.7
5,120.7
5,120.7
6,120.7
6,118.7
0,118.7
0,118.7
1,118.7
1,118.7
2,118.7
2,118.7
3,118.7
3,118.7
4,118.7
4,118.7
5,118.7
5,118.7
6,118.7
6,118.7
0,118.7
0,118.7
1,118.7
1,118.7
2,118.7
2,118.7
3,142.9
3,142.9
4,142.9
4,142.9
5,142.9
5,142.9
6,142.9
6,142.9
0,138.2
0,136.9
1,136.9
1,135.9
2,135.9
2,135.9
3,135.9
3,135.9
4,135.9
4,135.9
5,135.9
5,135.9
6,135.9
6,135.9
0,135.9
0,135.9
1,135.9
1,131.4
2,131.4
2,131.4
3,131.4
3,131.4
4,129.3
4,129.3
5,129.3
5,129.3
6,129.3
6,129.3
0,120.7
0,129.3
1,127.05000000000001
1,127.05000000000001
2,124.9
2,120.75
3,120.75
3,120.75
4,120.75
4,120.5
5,120.5
5,120.5
6,119.4
6,119.4
0,116.3
0,116.3
1,116.3
1,116.3
2,115.9
2,115.9
3,115.9
3,115.9
4,114.3
4,114.3
5,114.3
5,114.3
6,114.3
6,114.3
0,114.3
0,114.3
1,114.3
1,114.3
2,114.3
2,114.3
3,114.3
3,111.3
4,111.3
4,111.3
5,111.3
5,111.3
6,111.3
6,111.3
0,111.3
0,111.3
1,111.3
1,111.3
2,111.3
2,111.35
3,111.35
3,111.35
4,111.35
4,142.9
5,142.9
5,142.9
6,142.9
6,142.9
0,142.9
0,142.9
1,142.9
1,142.9
2,138.3
2,138.3
3,138.3
3,138.3
4,138.3
4,138.3
5,138.3
5,138.3
6,138.3
6,138.3
0,138.3
0,138.3
1,138.3
1,138.3
2,138.3
2,138.3
3,133.8
3,133.7
4,129.7
4,129.7
5,129.7
5,129.7
6,129.7
6,129.7
0,129.7
0,129.7
1,129.7
1,127.9
2,123.9
2,123.9
3,121.3
3,121.3
4,121.3
4,121.3
5,121.3
5,121.3
6,121.3
6,121.3
0,119.4
0,119.4
1,119.4
1,119.4
2,117.05000000000001
2,117.05000000000001
3,114.1
3,113.9
4,113.9
4,113.9
5,112.9
5,112.9
6,112.9
6,112.9
0,112.9
0,112.9
1,112.9
1,111.8
2,111.8
2,111.8
3,111.8
3,111.8
4,111.8
4,111.8
5,111.8
5,111.8
6,111.8
6,111.8
0,110.7
0,110.7
1,109.6
1,109.6
2,109.6
2,109.6
3,108.3
3,108.3
4,108.3
4,108.3
5,108.3
5,108.3
6,108.3
6,108.3
0,108.3
0,107.2
1,107.2
1,107.2
2,107.2
2,107.2
3,107.2
3,107.2
4,107.2
4,107.2
5,107.2
5,137.9
6,137.9
6,137.9
0,135.9
0,133.2
1,129.75
1,129.75
2,129.75
2,127.8
3,126.6
3,126.6
4,126.6
4,126.6
5,126.6
5,126.6
6,126.6
6,126.6
0,126.6
0,126.6
1,126.6
1,126.6
2,124.55
2,124.55
3,124.55
3,124.55
4,124.55
4,124.55
5,124.55
5,124.55
6,120.5
6,120.5
0,120.5
0,120.5
1,118.3
1,118.3
2,118.3
2,118.3
3,118.3
3,116.2
4,116.2
4,116.2
5,116.2
5,116.2
6,116.2
6,116.2
0,116.2
0,116.2
1,115.1
1,115.1
2,115.1
2,115.1
3,113.8
3,113.8
4,113.8
4,113.8
5,137.9
5,137.9
6,137.9
6,137.9
0,137.4
0,137.4
1,137.4
1,137.4
2,135.9
2,135.9
3,134.9
3,134.9
4,127.4
4,127.4
5,127.4
5,127.4
6,127.4
6,127.4
0,127.4
0,123.2
1,122.8
1,119.9
2,119.4
2,119.4
3,119.4
3,119.4
4,116.6
4,116.6
5,116.6
5,116.6
6,116.6
6,116.6
0,114.2
0,114.2
1,114.2
1,114.2
2,112.1
2,112.1
3,112.1
3,112.1
4,112.1
4,112.1
5,112.1
5,112.1
6,112.1
6,112.1
0,112.1
0,112.1
1,112.1
1,112.1
2,112.1
2,139.9
3,139.9
3,139.9
4,139.9
4,139.9
5,139.9
5,139.9
6,139.9
6,139.9
0,135.2
0,135.2
1,131.7
1,131.7
2,131.7
2,131.7
3,127.8
3,127.8
4,127.8
4,126.8
5,126.8
5,126.8
6,126.8
6,126.8
0,126.8
0,126.8
1,126.8
1,122.6
2,122.6
2,122.6
3,122.6
3,122.1
4,122.1
4,122.1
5,122.1
5,122.1
6,122.1
6,122.1
0,118.4
0,118.4
1,118.4
1,118.4
2,118.4
2,118.4
3,116.9
3,116.9
4,116.9
4,116.4
5,116.4
5,116.4
6,115.9
6,115.9
0,115.9
0,115.9
1,115.9
1,114.9
2,114.9
2,113.9
3,113.9
3,113.9
4,113.9
4,113.9
5,113.9
5,113.9
6,113.9
6,113.9
0,113.9
0,113.9
1,113.9
1,113.9
2,113.9
2,113.9
3,113.9
3,129.65
4,129.65
4,129.65
5,129.65
5,129.65
6,129.65
6,129.65
0,129.65
0,129.65
1,129.65
1,129.65
2,124.2
2,124.2
3,124.2
3,124.2
4,124.2
4,124.2
5,124.2
5,124.2
6,124.2
6,122.9
0,116.93333333333334
0,114.2
1,114.2
1,114.2
2,109.45
2,109.45
3,106.7
3,106.7
4,106.7
4,106.7
5,106.7
5,106.7
6,106.7
6,106.7
0,106.7
0,106.7
1,106.15
1,106.15
2,105.2
2,105.2
3,104.8
3,104.8
4,104.8
4,104.8
5,104.8
5,104.8
6,104.8
6,104.8
0,104.8
0,104.8
1,104.8
1,104.8
2,104.8
2,104.8
3,104.8
3,104.8
4,104.8
4,104.8
5,104.8
5,104.8
6,104.8
6,104.8
0,104.8
0,104.8
1,104.8
1,132.9
2,132.9
2,132.9
3,132.9
3,132.9
4,129.23333333333335
4,129.23333333333335
5,127.4
5,127.4
6,127.4
6,127.4
0,127.4
0,127.4
1,127.4
1,127.4
2,127.4
2,127.4
3,127.4
3,127.4
4,127.4
4,126.4
5,126.4
5,126.4
6,126.4
6,126.4
0,123.73333333333333
0,120.4
1,120.4
1,120.4
2,120.4
2,120.4
3,120.4
3,120.4
4,120.4
4,119.4
5,119.4
5,119.4
6,119.4
6,119.4
0,119.4
0,119.4
1,119.4
1,108.4
2,108.4
2,108.4
3,108.4
3,108.4
4,108.4
4,108.4
5,124.65
5,124.65
6,140.9
6,140.9
0,140.4
0,140.4
1,139.9
1,139.9
2,139.9
2,139.9
3,138.9
3,138.9
4,136.9
4,136.9
5,135.9
5,135.9
6,135.9
6,135.9
0,135.9
0,135.9
1,135.9
1,135.9
2,135.9
2,135.9
3,134.9
3,134.9
4,133.9
4,133.9
5,133.9
5,133.9
6,133.9
6,133.9
0,131.9
0,131.9
1,122.2
1,122.2
2,122.4
2,122.4
3,122.4
3,122.4
4,122.4
4,122.4
5,122.4
5,122.4
6,122.4
6,122.4
0,122.4
0,122.4
1,122.4
1,122.4
2,122.4
2,122.4
3,120.9
3,120.9
4,120.9
4,120.9
5,120.9
5,140.9
6,140.9
6,140.9
0,140.9
0,140.9
1,140.9
1,139.9
2,139.9
2,139.4
3,137.9
3,137.9
4,137.9
4,137.9
5,137.9
5,137.9
6,137.9
6,137.9
0,137.9
0,137.9
1,133.9
1,122.9
2,122.9
2,120.9
3,120.9
3,120.9
4,120.9
4,120.9
5,119.4
5,119.4
6,119.4
6,119.4
0,119.4
0,119.4
1,119.4
1,119.4
2,119.4
2,119.4
3,119.4
3,119.4
4,119.4
4,142.9
5,142.9
5,142.9
6,142.9
6,142.9
0,142.9
0,142.9
1,142.9
1,142.9
2,142.9
2,142.4
3,142.4
3,142.4
4,142.4
4,139.9
5,139.9
5,139.9
6,139.9
6,139.9
0,139.9
0,139.9
1,139.9
1,139.9
2,139.9
2,139.9
3,137.9
3,137.9
4,135.9
4,135.9
5,135.9
5,135.9
6,135.9
6,135.9
0,135.9
0,132.9
1,132.9
1,131.9
2,131.9
2,131.9
3,131.9
3,131.9
4,129.9
4,129.7
5,129.7
5,129.7
6,129.5
6,147.9
0,147.9
0,147.8
1,147.8
1,147.8
2,147.9
2,147.8
3,147.8
3,147.8
4,147.8
4,147.8
5,147.8
5,147.8
6,147.8
6,147.8
0,147.8
0,147.8
1,147.4
1,147.4
2,147.4
2,147.4
3,147.4
3,147.4
4,147.4
4,138.9
5,138.9
5,138.9
6,138.9
6,138.9
0,138.9
0,138.9
1,138.9
1,138.9
2,138.9
2,129.9
3,129.9
3,129.9
4,129.9
4,129.9
5,129.9
5,129.9
6,129.9
6,129.9
0,129.9
0,129.9
1,129.9
1,129.9
2,129.9
2,129.9
3,129.9
3,129.9
4,147.9
4,147.9
5,147.9
5,147.9
6,147.9
6,147.9
0,147.9
0,147.9
1,147.9
1,147.9
2,147.9
2,147.9
3,147.9
3,147.9
4,147.9
4,147.9
5,147.9
5,147.9
6,147.9
6,147.9
0,147.9
0,147.9
1,147.9
1,147.9
2,143.9
2,138.45000000000002
3,132.7
3,128.6
4,125.4
4,123.3
5,122.3
5,122.3
6,122.3
6,122.3
0,121.8
0,121.8
1,120.7
1,120.7
2,120.7
2,119.8
3,119.8
3,119.8
4,119.8
4,119.8
5,118.7
5,118.7
6,118.7
6,118.7
0,118.7
0,118.7
1,118.2
1,118.2
2,118.2
2,118.2
3,118.2
3,118.2
4,118.2
4,118.2
5,147.9
5,147.9
6,147.9
6,147.9
0,147.9
0,147.9
1,147.9
1,147.9
2,147.9
2,147.9
3,147.9
3,147.9
4,147.9
4,147.9
5,147.9
5,147.9
6,147.9
6,147.9
0,147.9
0,147.9
1,147.9
1,147.9
2,142.9
2,142.9
3,142.9
3,142.9
4,139.9
4,139.9
5,139.9
5,139.9
6,139.9
6,139.9
0,139.9
0,139.9
1,139.9
1,139.9
2,139.9
2,139.9
3,139.9
3,139.9
4,139.9
4,139.9
5,139.9
5,139.9
6,139.9
6,139.9
0,137.9
0,137.9
1,135.9
1,135.9
2,131.75
2,131.75
3,131.75
3,131.75
4,131.75
4,131.75
5,131.75
5,131.75
6,131.75
6,131.75
0,131.75
0,125.6
1,125.6
1,125.6
2,125.3
2,125.3
3,125.3
3,125.3
4,125.3
4,125.3
5,125.3
5,125.3
6,125.3
6,125.3
0,125.3
0,125.3
1,125.3
1,125.3
2,125.3
2,125.3
3,147.9
3,147.9
4,147.9
4,147.9
5,147.9
5,147.9
6,147.9
6,147.9
0,147.9
0,147.9
1,147.9
1,147.9
2,147.9
2,147.9
3,145.9
3,145.9
4,145.9
4,145.9
5,145.9
5,144.9
6,144.9
6,144.7
0,142.9
0,138.4
1,138.3
1,137.8
2,135.3
2,133.2
3,132.7
3,131.85
4,131.85
4,131.85
5,131.1
5,130.6
6,130.6
6,130.6
0,130.4
0,129.9
1,129.4
1,128.9
2,128.9
2,128.9
3,128.9
3,128.9
4,128.9
4,128.9
5,128.9
5,128.9
6,128.9
6,128.9
0,147.9
0,147.9
1,147.9
1,147.9
2,147.4
2,147.4
3,145.1
3,145.1
4,143.9
4,143.9
5,142.4
5,142.4
6,142.4
6,141.9
0,141.4
0,136.4
1,136.4
1,136.4
2,127.9
2,127.9
3,127.9
3,127.9
4,127.9
4,127.9
5,127.9
5,127.9
6,127.9
6,127.9
0,127.9
0,127.9
1,127.9
1,127.9
2,124.7
2,124.7
3,124.7
3,124.7
4,124.7
4,124.7
5,124.7
5,124.7
6,124.7
6,124.7
0,121.6
0,120.4
1,120.4
1,119.8
2,119.8
2,119.8
3,119.8
3,119.8
4,120.5
4,120.5
5,149.9
5,149.9
6,149.9
6,149.9
0,149.9
0,149.9
1,144.2
1,142.56666666666666
2,142.56666666666666
2,139.7
3,139.7
3,139.7
4,139.7
4,139.7
5,139.7
5,139.7
6,139.7
6,139.7
0,139.7
0,135.1
1,135.1
1,133.96666666666667
2,133.96666666666667
2,127.9
3,127.9
3,123.9
4,123.9
4,123.9
5,123.7
5,123.7
6,122.4
6,122.4
0,122.4
0,122.4
1,122.4
1,122.4
2,122.4
2,122.4
3,122.4
3,154.9
4,154.9
4,154.9
5,146.4
5,142.1
6,142.1
6,142.1
