0,0
0,0
1,0
1,0
2,0
2,0
3,0
3,0
4,0
4,0
5,0
5,0
6,0
6,0
0,0
0,0
1,0
1,0
2,0
2,0
3,0
3,0
4,0
4,0
5,0
5,0
6,0
6,0
0,0
0,0
1,0
1,0
2,0
2,55.9
3,55.9
3,55.9
4,55.9
4,55.9
5,55.9
5,55.9
6,55.9
6,55.9
0,55.9
0,55.9
1,55.9
1,55.9
2,55.9
2,55.9
3,55.9
3,55.9
4,55.9
4,55.9
5,55.9
5,55.9
6,55.9
6,55.9
0,55.9
0,55.9
1,55.9
1,55.9
2,55.9
2,55.9
3,55.9
3,55.9
4,55.9
4,55.9
5,55.9
5,55.9
6,55.9
6,55.9
0,55.9
0,55.9
1,55.9
1,55.9
2,55.9
2,55.9
3,55.9
3,55.9
4,55.9
4,55.9
5,55.9
5,55.9
6,55.9
6,55.9
0,55.9
0,55.9
1,55.9
1,55.9
2,55.9
2,55.9
3,55.9
3,55.9
4,55.9
4,55.9
5,55.9
5,55.9
6,55.9
6,55.9
0,55.9
0,55.9
1,55.9
1,55.9
2,55.9
2,55.9
3,55.9
3,55.9
4,55.9
4,55.9
5,55.9
5,55.9
6,55.9
6,55.9
0,55.9
0,55.9
1,55.9
1,55.9
2,55.9
2,55.9
3,55.9
3,55.9
4,55.9
4,55.9
5,55.9
5,55.9
6,55.9
6,55.9
0,55.9
0,55.9
1,55.9
1,55.9
2,55.9
2,55.9
3,55.9
3,55.9
4,55.9
4,55.9
5,55.9
5,55.9
6,55.9
6,55.9
0,55.9
0,55.9
1,55.9
1,55.9
2,55.9
2,55.9
3,55.9
3,55.9
4,55.9
4,55.9
5,55.9
5,55.9
6,55.9
6,55.9
0,55.9
0,55.9
1,55.9
1,55.9
2,55.9
2,55.9
3,55.9
3,55.9
4,55.9
4,55.9
5,55.9
5,55.9
6,55.9
6,55.9
0,55.9
0,55.9
1,55.9
1,55.9
2,55.9
2,55.9
3,55.9
3,55.9
4,55.9
4,55.9
5,55.9
5,55.9
6,55.9
6,55.9
0,55.9
0,55.9
1,55.9
1,55.9
2,55.9
2,55.9
3,55.9
3,55.9
4,55.9
4,55.9
5,55.9
5,55.9
6,55.9
6,55.9
0,55.9
0,55.9
1,55.9
1,55.9
2,55.9
2,55.9
3,55.9
3,55.9
4,55.9
4,55.9
5,55.9
5,55.9
6,55.9
6,55.9
0,55.9
0,55.9
1,55.9
1,55.9
2,55.9
2,55.9
3,55.9
3,55.9
4,55.9
4,55.9
5,55.9
5,55.9
6,55.9
6,55.9
0,55.9
0,55.9
1,55.9
1,55.9
2,55.9
2,55.9
3,55.9
3,55.9
4,55.9
4,55.9
5,55.9
5,55.9
6,55.9
6,55.9
0,55.9
0,55.9
1,55.9
1,55.9
2,55.9
2,55.9
3,55.9
3,55.9
4,55.9
4,55.9
5,55.9
5,55.9
6,55.9
6,55.9
0,55.9
0,55.9
1,55.9
1,55.9
2,55.9
2,55.9
3,55.9
3,55.9
4,55.9
4,55.9
5,55.9
5,55.9
6,55.9
6,55.9
0,55.9
0,55.9
1,55.9
1,55.9
2,55.9
2,55.9
3,55.9
3,55.9
4,55.9
4,55.9
5,55.9
5,55.9
6,55.9
6,55.9
0,55.9
0,55.9
1,55.9
1,55.9
2,55.9
2,55.9
3,55.9
3,55.9
4,55.9
4,55.9
5,55.9
5,55.9
6,55.9
6,55.9
0,55.9
0,55.9
1,55.9
1,55.9
2,55.9
2,55.9
3,55.9
3,55.9
4,55.9
4,55.9
5,55.9
5,55.9
6,55.9
6,55.9
0,55.9
0,55.9
1,55.9
1,55.9
2,75.9
2,75.9
3,75.9
3,75.9
4,75.9
4,75.9
5,75.9
5,75.9
6,75.9
6,75.9
0,75.9
0,75.9
1,75.9
1,75.9
2,75.9
2,75.9
3,75.9
3,75.9
4,75.9
4,75.9
5,75.9
5,75.9
6,75.9
6,75.9
0,75.9
0,75.9
1,75.9
1,75.9
2,75.9
2,75.9
3,75.9
3,75.9
4,75.9
4,75.9
5,75.9
5,75.9
6,75.9
6,75.9
0,75.9
0,75.9
1,75.9
1,75.9
2,75.9
2,75.9
3,75.9
3,75.9
4,75.9
4,75.9
5,75.9
5,75.9
6,75.9
6,75.9
0,72.9
0,72.9
1,72.9
1,72.9
2,72.9
2,72.9
3,72.9
3,72.9
4,72.9
4,72.9
5,72.9
5,72.9
6,72.9
6,72.9
0,72.9
0,72.9
1,72.9
1,72.9
2,72.9
2,72.9
3,72.9
3,72.9
4,72.9
4,72.9
5,72.9
5,72.9
6,72.9
6,72.9
0,72.9
0,72.9
1,72.9
1,72.9
2,72.9
2,72.9
3,72.9
3,72.9
4,72.9
4,72.9
5,72.9
5,72.9
6,72.9
6,72.9
0,72.9
0,72.9
1,72.9
1,72.9
2,72.9
2,72.9
3,72.9
3,72.9
4,72.9
4,72.9
5,72.9
5,72.9
6,72.9
6,72.9
0,72.9
0,72.9
1,72.9
1,72.9
2,72.9
2,72.9
3,69.9
3,69.9
4,69.9
4,69.9
5,69.9
5,69.9
6,69.9
6,69.9
0,69.9
0,69.9
1,69.9
1,69.9
2,69.9
2,69.9
3,69.9
3,69.9
4,69.9
4,69.9
5,69.9
5,69.9
6,69.9
6,69.9
0,69.9
0,69.9
1,69.9
1,69.9
2,69.9
2,69.9
3,69.9
3,69.9
4,69.9
4,69.9
5,69.9
5,69.9
6,69.9
6,69.9
0,69.9
0,69.9
1,69.9
1,69.9
2,69.9
2,69.9
3,69.9
3,69.9
4,69.9
4,69.9
5,69.9
5,69.9
6,69.9
6,69.9
0,69.9
0,69.9
1,69.9
1,69.9
2,69.9
2,69.9
3,69.9
3,69.9
4,69.9
4,69.9
5,69.9
5,69.9
6,69.9
6,69.9
0,69.9
0,69.9
1,69.9
1,69.9
2,69.9
2,69.9
3,69.9
3,69.9
4,69.9
4,69.9
5,69.9
5,69.9
6,69.9
6,69.9
0,69.9
0,69.9
1,69.9
1,69.9
2,69.9
2,69.9
3,69.9
3,69.9
4,69.9
4,69.9
5,69.9
5,69.9
6,69.9
6,69.9
0,69.9
0,69.9
1,69.9
1,69.9
2,69.9
2,69.9
3,69.9
3,69.9
4,69.9
4,69.9
5,69.9
5,69.9
6,69.9
6,69.9
0,69.9
0,69.9
1,69.9
1,69.9
2,69.9
2,69.9
3,69.9
3,69.9
4,69.9
4,69.9
5,69.9
5,69.9
6,69.9
6,69.9
0,69.9
0,69.9
1,69.9
1,69.9
2,69.9
2,69.9
3,69.9
3,69.9
4,69.9
4,69.9
5,69.9
5,69.9
6,69.9
6,69.9
0,67.9
0,67.9
1,67.9
1,67.9
2,67.9
2,67.9
3,67.9
3,67.9
4,67.9
4,67.9
5,67.9
5,67.9
6,67.9
6,67.9
0,67.9
0,67.9
1,67.9
1,67.9
2,67.9
2,67.9
3,67.9
3,67.9
4,67.9
4,67.9
5,67.9
5,67.9
6,67.9
6,67.9
0,67.9
0,67.9
1,67.9
1,66.9
2,66.9
2,66.9
3,66.9
3,66.9
4,66.9
4,66.9
5,66.9
5,66.9
6,66.9
6,66.9
0,66.9
0,66.9
1,66.9
1,66.9
2,66.9
2,66.9
3,66.9
3,66.9
4,66.9
4,66.9
5,66.9
5,66.9
6,66.9
6,66.9
0,66.9
0,66.9
1,66.9
1,66.9
2,66.9
2,66.9
3,66.9
3,66.7
4,66.7
4,66.7
5,66.7
5,66.7
6,66.7
6,66.7
0,66.7
0,66.7
1,66.7
1,66.7
2,66.7
2,66.7
3,66.7
3,66.7
4,66.7
4,66.7
5,66.7
5,66.7
6,66.7
6,66.7
0,66.7
0,66.7
1,66.7
1,66.7
2,64.9
2,64.9
3,64.9
3,64.9
4,64.9
4,64.9
5,64.9
5,64.9
6,64.9
6,64.9
0,64.9
0,62.9
1,62.9
1,62.9
2,62.9
2,62.9
3,62.9
3,62.9
4,62.9
4,62.9
5,62.9
5,62.9
6,62.9
6,62.9
0,62.9
0,62.9
1,62.9
1,62.9
2,62.9
2,62.9
3,62.9
3,62.9
4,62.9
4,62.9
5,62.9
5,62.9
6,62.9
6,62.9
0,62.9
0,62.9
1,62.9
1,62.9
2,62.9
2,62.9
3,62.9
3,62.9
4,62.9
4,62.9
5,62.9
5,62.9
6,62.9
6,62.9
0,62.9
0,62.9
1,62.9
1,62.9
2,62.9
2,62.9
3,62.9
3,62.9
4,62.9
4,62.9
5,62.9
5,62.9
6,62.9
6,62.9
0,62.9
0,62.9
1,62.9
1,62.9
2,62.9
2,62.9
3,62.9
3,62.9
4,62.9
4,62.9
5,62.9
5,62.9
6,62.9
6,62.9
0,62.9
0,62.9
1,62.9
1,62.9
2,62.9
2,62.9
3,62.9
3,62.9
4,62.9
4,62.9
5,62.9
5,62.9
6,62.9
6,62.9
0,62.9
0,62.9
1,62.9
1,62.9
2,62.9
2,62.9
3,62.9
3,62.9
4,62.9
4,62.9
5,62.9
5,62.9
6,62.9
6,62.9
0,62.9
0,62.9
1,62.9
1,62.9
2,62.9
2,62.9
3,62.9
3,62.9
4,62.9
4,62.9
5,62.9
5,62.8
6,62.849999999999994
6,62.849999999999994
0,62.9
0,62.9
1,62.9
1,62.9
2,62.9
2,62.9
3,62.9
3,62.9
4,62.9
4,62.9
5,62.9
5,62.9
6,62.9
6,62.9
0,62.9
0,62.9
1,62.9
1,62.9
2,62.9
2,62.9
3,62.9
3,62.9
4,62.9
4,62.9
5,62.9
5,62.9
6,62.9
6,62.9
0,62.9
0,62.9
1,62.9
1,69.9
2,69.9
2,69.9
3,69.9
3,69.9
4,69.9
4,69.9
5,69.9
5,69.9
6,69.9
6,69.9
0,69.9
0,69.9
1,69.9
1,69.9
2,69.9
2,69.9
3,69.9
3,69.9
4,69.9
4,69.9
5,69.9
5,69.9
6,69.9
6,69.9
0,69.9
0,69.9
1,69.9
1,69.9
2,69.9
2,69.9
3,69.9
3,69.9
4,69.9
4,69.9
5,69.9
5,69.9
6,69.9
6,69.9
0,69.9
0,69.9
1,69.9
1,69.9
2,69.9
2,69.9
3,69.9
3,69.9
4,69.9
4,69.9
5,69.9
5,69.9
6,69.9
6,69.9
0,69.9
0,69.9
1,69.9
1,69.9
2,69.9
2,69.9
3,69.9
3,69.9
4,69.9
4,69.9
5,69.9
5,69.9
6,69.9
6,69.9
0,69.9
0,69.9
1,69.9
1,69.9
2,69.9
2,69.9
3,69.9
3,69.9
4,69.9
4,69.9
5,69.9
5,69.9
6,69.9
6,69.9
0,69.9
0,69.9
1,69.9
1,69.9
2,69.9
2,69.9
3,69.9
3,69.9
4,69.9
4,69.9
5,69.9
5,69.9
6,69.9
6,69.9
0,69.9
0,69.9
1,69.9
1,69.9
2,69.9
2,69.9
3,69.9
3,69.9
4,69.9
4,69.9
5,69.9
5,69.9
6,69.9
6,69.9
0,69.9
0,69.9
1,69.9
1,69.9
2,69.9
2,69.9
3,69.9
3,69.9
4,69.9
4,69.9
5,69.9
5,69.9
6,69.9
6,69.9
0,69.9
0,73.9
1,73.9
1,74.9
2,74.9
2,74.9
3,74.9
3,74.9
4,74.9
4,74.9
5,74.9
5,74.9
6,74.9
6,74.9
0,74.9
0,74.9
1,74.9
1,74.9
2,74.9
2,74.9
3,74.9
3,74.9
4,74.9
4,74.9
5,74.9
5,74.9
6,74.9
6,74.9
0,74.9
0,74.9
1,74.9
1,74.9
2,74.9
2,74.9
3,74.9
3,74.9
4,74.9
4,74.9
5,74.9
5,74.9
6,74.9
6,74.9
0,74.9
0,74.9
1,74.9
1,74.9
2,74.9
2,74.9
3,74.9
3,74.9
4,74.9
4,74.9
5,74.9
5,74.9
6,74.9
6,74.9
0,74.9
0,74.9
1,74.9
1,74.9
2,74.9
2,74.9
3,74.9
3,74.9
4,74.9
4,74.9
5,74.9
5,74.9
6,74.9
6,74.9
0,74.9
0,86.9
1,86.9
1,86.9
2,86.9
2,86.9
3,86.9
3,86.9
4,86.9
4,86.9
5,86.9
5,86.9
6,86.9
6,86.9
0,86.9
0,86.9
1,86.9
1,86.9
2,86.9
2,86.9
3,86.9
3,86.9
4,86.9
4,86.9
5,86.9
5,86.9
6,86.9
6,86.9
0,86.9
0,86.9
1,86.9
1,86.9
2,86.9
2,86.9
3,86.9
3,86.9
4,86.9
4,86.9
5,86.9
5,86.9
6,86.9
6,86.9
0,86.9
0,86.9
1,86.9
1,86.9
2,86.9
2,86.9
3,86.9
3,86.9
4,86.9
4,86.9
5,86.9
5,86.9
6,86.9
6,86.9
0,86.9
0,86.9
1,86.9
1,86.9
2,86.9
2,86.9
3,86.9
3,86.9
4,86.9
4,86.9
5,86.9
5,86.9
6,86.9
6,86.9
0,86.9
0,86.9
1,86.9
1,86.9
2,86.9
2,86.9
3,86.9
3,86.9
4,86.9
4,86.9
5,86.9
5,86.9
6,86.9
6,86.9
0,86.9
0,86.9
1,86.9
1,86.9
2,86.9
2,86.9
3,86.9
3,86.9
4,86.9
4,86.9
5,86.9
5,86.9
6,86.9
6,86.9
0,86.9
0,86.9
1,86.9
1,86.9
2,86.9
2,86.9
3,86.9
3,86.9
4,86.9
4,86.9
5,86.9
5,86.9
6,86.9
6,86.9
0,86.9
0,86.9
1,86.9
1,86.9
2,86.9
2,86.9
3,86.9
3,86.9
4,86.9
4,86.9
5,86.9
5,86.9
6,86.9
6,86.9
0,86.9
0,86.9
1,86.9
1,86.9
2,86.9
2,86.9
3,86.9
3,86.9
4,86.9
4,86.9
5,86.9
5,86.9
6,86.9
6,86.9
0,86.9
0,86.9
1,86.9
1,86.9
2,86.9
2,86.9
3,82.9
3,82.9
4,82.9
4,82.9
5,82.9
5,82.9
6,82.9
6,82.9
0,82.9
0,79.9
1,79.9
1,79.9
2,79.9
2,79.9
3,79.9
3,79.9
4,79.9
4,79.9
5,79.9
5,79.9
6,79.9
6,79.9
0,79.9
0,79.9
1,79.9
1,79.9
2,78.9
2,78.9
3,78.9
3,78.9
4,78.9
4,78.9
5,78.9
5,78.9
6,78.9
6,78.9
0,78.9
0,78.9
1,78.9
1,78.9
2,78.9
2,78.9
3,78.9
3,78.9
4,78.9
4,78.9
5,78.9
5,78.9
6,78.9
6,78.9
0,78.9
0,78.9
1,77.9
1,77.9
2,77.9
2,77.9
3,77.9
3,77.9
4,77.9
4,77.9
5,77.9
5,77.9
6,77.9
6,77.9
0,77.9
0,77.9
1,77.9
1,77.9
2,77.9
2,77.9
3,77.9
3,77.9
4,77.9
4,77.9
5,77.9
5,77.9
6,77.9
6,77.9
0,77.9
0,77.9
1,77.9
1,77.9
2,77.9
2,77.9
3,77.9
3,77.9
4,77.9
4,77.9
5,77.9
5,77.9
6,77.9
6,77.9
0,77.9
0,77.9
1,77.9
1,77.9
2,77.9
2,77.9
3,77.9
3,77.9
4,77.9
4,77.9
5,77.9
5,77.9
6,77.9
6,77.9
0,77.9
0,77.9
1,77.9
1,77.9
2,77.9
2,77.9
3,77.9
3,77.9
4,77.9
4,77.9
5,77.9
5,77.9
6,77.9
6,77.9
0,77.9
0,77.9
1,77.9
1,77.9
2,77.9
2,77.9
3,75.9
3,75.9
4,75.9
4,75.9
5,75.9
5,75.9
6,75.9
6,75.9
