0,0
0,0
1,118.9
1,118.9
2,118.9
2,118.9
3,118.9
3,118.9
4,118.9
4,118.9
5,118.9
5,118.9
6,118.9
6,118.9
0,118.9
0,118.5
1,118.5
1,116.9
2,116.9
2,116.9
3,116.9
3,116.9
4,116.9
4,116.9
5,116.9
5,116.9
6,116.9
6,116.9
0,116.9
0,116.9
1,116.9
1,116.9
2,116.9
2,116.9
3,116.9
3,116.9
4,116.9
4,116.9
5,116.9
5,116.9
6,116.9
6,116.9
0,116.9
0,116.9
1,116.9
1,116.9
2,116.9
2,112.9
3,112.9
3,112.9
4,112.9
4,112.9
5,112.9
5,112.9
6,112.9
6,112.9
0,112.9
0,112.9
1,112.9
1,112.9
2,112.9
2,112.9
3,112.9
3,112.9
4,112.9
4,112.9
5,112.9
5,112.9
6,112.9
6,112.9
0,112.9
0,112.9
1,112.9
1,112.9
2,112.9
2,112.9
3,140.9
3,140.9
4,140.9
4,139.9
5,139.9
5,139.9
6,139.9
6,139.9
0,112.9
0,112.9
1,112.9
1,112.9
2,112.9
2,112.9
3,112.9
3,112.9
4,112.9
4,112.9
5,112.9
5,112.9
6,112.9
6,112.9
0,112.9
0,112.9
1,112.9
1,112.9
2,112.9
2,112.9
3,112.9
3,112.9
4,112.9
4,112.9
5,112.9
5,112.9
6,112.9
6,112.9
0,112.9
0,112.9
1,112.9
1,112.9
2,112.9
2,112.9
3,112.9
3,112.9
4,112.9
4,112.9
5,112.9
5,112.9
6,112.9
6,112.9
0,112.9
0,112.9
1,112.9
1,112.9
2,112.9
2,112.9
3,112.9
3,112.9
4,112.9
4,112.9
5,112.9
5,112.9
6,112.9
6,112.9
0,112.9
0,112.9
1,112.9
1,112.9
2,112.9
2,112.9
3,112.9
3,112.9
4,112.9
4,112.9
5,112.9
5,112.9
6,112.9
6,112.9
0,112.9
0,112.9
1,112.9
1,112.9
2,112.9
2,112.9
3,112.9
3,112.9
4,112.9
4,112.9
5,112.9
5,112.9
6,112.9
6,112.9
0,112.9
0,112.9
1,112.9
1,112.9
2,112.9
2,112.9
3,112.9
3,112.9
4,112.9
4,112.9
5,112.9
5,112.9
6,112.9
6,112.9
0,112.9
0,112.9
1,112.9
1,112.9
2,112.9
2,112.9
3,112.9
3,112.9
4,112.9
4,112.9
5,112.9
5,112.9
6,112.9
6,112.9
0,112.9
0,112.9
1,112.9
1,112.9
2,112.9
2,112.9
3,112.9
3,112.9
4,112.9
4,112.9
5,112.9
5,112.9
6,112.9
6,112.9
0,112.9
0,112.9
1,112.9
1,112.9
2,112.9
2,112.9
3,112.9
3,112.9
4,112.9
4,112.9
5,112.9
5,112.9
6,112.9
6,112.9
0,112.9
0,112.9
1,112.9
1,112.9
2,112.9
2,112.9
3,112.9
3,112.9
4,112.9
4,112.9
5,112.9
5,112.9
6,112.9
6,112.9
0,112.9
0,112.9
1,112.9
1,112.9
2,112.9
2,112.9
3,138.5
3,138.5
4,138.5
4,138.5
5,138.5
5,138.5
6,138.5
6,138.5
0,138.5
0,138.5
1,138.5
1,138.5
2,138.3
2,138.3
3,138.3
3,138.3
4,138.3
4,138.3
5,138.3
5,138.3
6,138.3
6,138.3
0,138.3
0,138.3
1,138.3
1,138.3
2,138.3
2,140.9
3,140.9
3,140.9
4,140.9
4,139.9
5,139.9
5,139.9
6,139.9
6,139.9
0,139.9
0,139.9
1,139.9
1,139.9
2,139.9
2,139.9
3,139.9
3,139.9
4,139.9
4,139.9
5,139.7
5,139.7
6,139.7
6,139.7
0,139.7
0,139.7
1,139.7
1,139.7
2,139.7
2,139.7
3,139.7
3,139.7
4,139.7
4,139.7
5,139.7
5,139.7
6,139.7
6,139.7
0,139.7
0,139.7
1,139.7
1,139.7
2,139.7
2,139.7
3,139.7
3,139.7
4,139.7
4,139.3
5,139.3
5,157.9
6,157.9
6,157.9
0,157.9
0,157.9
1,157.9
1,157.4
2,157.4
2,157.4
3,157.4
3,157.4
4,157.4
4,157.4
5,157.4
5,157.4
6,157.4
6,157.4
0,157.4
0,157.4
1,157.4
1,157.4
2,157.4
2,157.4
3,157.4
3,152.9
4,152.9
4,152.9
5,152.9
5,152.9
6,152.9
6,152.9
0,152.9
0,152.9
1,152.9
1,152.9
2,152.9
2,152.9
3,152.9
3,152.9
4,152.9
4,152.9
5,152.9
5,152.9
6,152.9
6,152.9
0,152.9
0,152.9
1,152.9
1,152.9
2,152.9
2,152.9
3,152.9
3,152.9
4,152.9
4,152.9
5,152.9
5,152.9
6,152.9
6,152.9
0,152.9
0,152.9
1,152.9
1,152.9
2,152.9
2,152.5
3,152.5
3,152.5
4,152.5
4,152.5
5,152.5
5,152.5
6,152.5
6,152.5
0,152.5
0,152.5
1,152.5
1,152.5
2,152.5
2,152.5
3,152.5
3,152.5
4,152.5
4,152.5
5,152.5
5,152.5
6,152.5
6,152.5
0,152.5
0,152.5
1,152.5
1,152.5
2,152.5
2,152.5
3,152.5
3,152.5
4,152.5
4,152.5
5,152.5
5,152.5
6,152.5
6,152.5
0,152.5
0,152.5
1,152.5
1,152.5
2,152.5
2,152.5
3,146.7
3,140.9
4,140.9
4,140.9
5,140.9
5,140.9
6,140.9
6,140.9
0,140.9
0,140.9
1,140.9
1,140.9
2,140.9
2,140.9
3,140.9
3,140.9
4,140.9
4,140.9
5,140.9
5,140.9
6,140.9
6,139.4
0,139.4
0,139.4
1,139.4
1,139.4
2,135.7
2,135.7
3,135.7
3,135.7
4,135.7
4,135.7
5,135.7
5,135.7
6,135.7
6,135.7
0,135.7
0,135.7
1,135.7
1,135.7
2,135.7
2,135.7
3,131.9
3,131.9
4,131.9
4,131.9
5,131.9
5,131.9
6,131.9
6,131.9
0,131.9
0,131.9
1,131.9
1,131.9
2,131.9
2,131.9
3,131.9
3,131.9
4,131.9
4,131.9
5,131.9
5,131.9
6,131.9
6,128.9
0,128.9
0,128.9
1,128.9
1,128.9
2,128.9
2,128.9
3,128.9
3,128.9
4,128.9
4,128.9
5,128.9
5,128.9
6,128.9
6,128.9
0,128.9
0,150.9
1,150.9
1,150.9
2,150.9
2,128.4
3,128.4
3,128.4
4,128.4
4,128.4
5,128.4
5,128.4
6,128.4
6,128.4
0,128.4
0,128.4
1,128.4
1,128.4
2,128.4
2,128.4
3,128.4
3,128.4
4,128.4
4,128.4
5,128.4
5,128.4
6,128.4
6,128.4
0,128.4
0,128.4
1,128.4
1,150.9
2,150.9
2,150.9
3,150.9
3,150.9
4,150.4
4,150.4
5,150.4
5,150.4
6,150.4
6,150.4
0,150.4
0,150.4
1,150.4
1,150.4
2,150.4
2,148.4
3,148.4
3,148.4
4,147.9
4,147.9
5,147.9
5,147.9
6,147.9
6,147.9
0,147.9
0,147.9
1,147.9
1,147.9
2,147.9
2,147.9
3,147.9
3,147.9
4,147.9
4,147.9
5,147.9
5,147.9
6,147.9
6,147.9
0,147.9
0,147.9
1,147.9
1,147.9
2,147.9
2,147.9
3,147.9
3,140.9
4,140.9
4,140.9
5,140.9
5,140.9
6,140.9
6,140.9
0,140.9
0,140.9
1,140.9
1,140.9
2,140.9
2,140.9
3,140.9
3,140.9
4,140.9
4,140.9
5,140.9
5,140.9
6,140.9
6,140.9
0,140.9
0,140.9
1,140.9
1,140.9
2,140.9
2,140.9
3,152.9
3,152.9
4,152.9
4,152.9
5,147.9
5,147.9
6,147.9
6,147.9
0,147.9
0,147.9
1,147.9
1,147.9
2,147.9
2,147.9
3,147.9
3,147.9
4,147.9
4,147.9
5,147.9
5,147.9
6,147.9
6,147.9
0,147.9
0,147.9
1,145.9
1,145.9
2,145.9
2,145.9
3,145.9
3,145.9
4,145.9
4,145.9
5,145.9
5,145.9
6,145.9
6,145.9
0,145.9
0,145.9
1,145.9
1,145.9
2,145.9
2,145.9
3,145.9
3,145.7
4,145.7
4,144.7
5,144.7
5,144.7
6,144.7
6,144.7
0,143.7
0,142.8
1,142.0
1,134.9
2,134.9
2,134.9
3,134.9
3,134.9
4,128.9
4,128.9
5,128.9
5,128.9
6,128.9
6,128.9
0,128.9
0,128.9
1,128.9
1,128.9
2,126.9
2,126.9
3,128.9
3,128.9
4,124.9
4,124.9
5,124.9
5,124.9
6,124.9
6,124.9
0,124.9
0,124.9
1,124.9
1,124.9
2,124.9
2,142.9
3,124.9
3,124.9
4,124.9
4,124.9
5,124.9
5,124.9
6,124.9
6,124.9
0,124.9
0,124.9
1,124.9
1,124.9
2,124.9
2,124.9
3,124.9
3,124.9
4,124.9
4,124.9
5,124.9
5,124.9
6,124.9
6,124.9
0,124.9
0,124.9
1,124.9
1,124.9
2,124.9
2,124.9
3,124.9
3,124.9
4,124.9
4,124.9
5,124.9
5,124.9
6,124.9
6,124.9
0,124.9
0,124.9
1,124.9
1,124.9
2,124.9
2,124.9
3,124.9
3,124.9
4,124.9
4,124.9
5,124.9
5,124.9
6,124.9
6,124.9
0,124.9
0,124.9
1,124.9
1,145.9
2,145.9
2,145.9
3,145.9
3,145.9
4,145.9
4,145.9
5,144.9
5,144.9
6,143.9
6,143.9
0,143.9
0,143.9
1,143.9
1,143.9
2,143.9
2,143.9
3,143.9
3,143.9
4,143.9
4,143.9
5,143.9
5,143.9
6,143.9
6,143.9
0,143.9
0,143.9
1,142.9
1,142.9
2,141.9
2,141.9
3,141.9
3,141.9
4,142.9
4,142.9
5,142.9
5,142.9
6,142.9
6,142.9
0,142.9
0,142.9
1,142.9
1,142.9
2,142.9
2,141.9
3,141.9
3,141.9
4,141.9
4,135.9
5,135.9
5,135.9
6,135.9
6,135.9
0,135.9
0,135.9
1,135.9
1,135.9
2,135.4
2,135.4
3,134.9
3,134.9
4,134.9
4,134.9
5,134.9
5,134.9
6,134.9
6,134.9
0,134.9
0,134.9
1,134.9
1,134.9
2,134.9
2,134.9
3,134.9
3,134.9
4,134.9
4,134.9
5,134.9
5,134.9
6,134.9
6,134.9
0,134.9
0,134.9
1,134.9
1,134.9
2,134.9
2,134.9
3,134.9
3,134.9
4,134.9
4,134.9
5,134.9
5,134.9
6,134.9
6,134.9
0,134.9
0,134.9
1,134.9
1,134.9
2,134.9
2,134.9
3,134.9
3,134.9
4,134.9
4,134.9
5,134.9
5,134.9
6,134.9
6,134.9
0,134.9
0,134.9
1,134.9
1,134.9
2,134.9
2,134.9
3,134.9
3,153.9
4,134.9
4,134.9
5,134.9
5,134.9
6,134.9
6,134.9
0,134.9
0,134.9
1,134.9
1,134.9
2,134.9
2,134.9
3,134.9
3,134.9
4,134.9
4,134.9
5,134.9
5,134.9
6,134.9
6,134.9
0,134.9
0,134.9
1,134.9
1,134.9
2,134.9
2,134.9
3,134.9
3,134.9
4,134.9
4,156.9
5,156.9
5,156.9
6,156.9
6,156.9
0,156.9
0,156.9
1,156.9
1,156.9
2,156.9
2,156.9
3,156.9
3,156.9
4,156.9
4,153.9
5,152.9
5,152.9
6,152.9
6,152.9
0,152.9
0,152.9
1,152.9
1,152.9
2,152.9
2,152.9
3,152.9
3,152.9
4,152.9
4,152.9
5,152.9
5,152.9
6,152.9
6,152.9
0,152.9
0,152.9
1,152.9
1,152.9
2,152.9
2,152.9
3,152.9
3,152.9
4,152.9
4,153.7
5,153.7
5,153.7
6,153.7
6,150.7
0,150.7
0,150.7
1,150.7
1,150.7
2,150.7
2,150.7
3,150.7
3,150.7
4,150.7
4,150.7
5,150.7
5,150.7
6,150.7
6,150.7
0,150.7
0,150.7
1,150.7
1,150.7
2,150.7
2,150.7
3,150.7
3,150.7
4,150.7
4,150.7
5,150.7
5,150.7
6,150.7
6,150.7
0,150.7
0,150.7
1,150.7
1,150.7
2,150.7
2,150.7
3,150.7
3,150.7
4,150.7
4,150.7
5,150.7
5,150.7
6,150.7
6,150.7
0,150.7
0,150.7
1,150.7
1,150.7
2,150.7
2,150.7
3,150.7
3,150.7
4,161.9
4,161.9
5,161.9
5,161.9
6,161.9
6,161.9
0,160.7
0,160.7
1,160.7
1,160.7
2,160.7
2,160.7
3,160.7
3,160.7
4,160.7
4,160.7
5,160.7
5,160.7
6,160.7
6,160.7
0,158.7
0,158.7
1,158.7
1,158.7
2,158.7
2,158.7
3,158.7
3,157.7
4,157.7
4,157.7
5,157.7
5,157.7
6,157.7
6,157.7
0,157.7
0,157.7
1,157.7
1,157.7
2,157.7
2,157.7
3,157.7
3,157.7
4,157.7
4,157.7
5,157.7
5,157.7
6,157.7
6,157.7
0,157.7
0,157.7
1,157.7
1,157.7
2,157.7
2,157.7
3,157.7
3,157.7
4,157.7
4,157.7
5,157.7
5,161.9
6,161.9
6,161.9
0,161.9
0,161.9
1,157.7
1,157.7
2,157.7
2,157.7
3,157.7
3,157.7
4,157.7
4,157.7
5,157.7
5,157.7
6,157.7
6,157.7
0,157.7
0,157.7
1,157.7
1,157.7
2,157.7
2,153.9
3,153.9
3,153.9
4,153.9
4,153.9
5,153.9
5,153.9
6,153.9
6,153.9
0,153.9
0,153.9
1,153.9
1,153.9
2,153.9
2,153.9
3,153.9
3,153.9
4,153.9
4,153.9
5,153.9
5,153.9
6,153.9
6,153.9
0,153.9
0,153.9
1,153.9
1,153.9
2,153.9
2,153.9
3,153.9
3,153.9
4,153.9
4,153.9
5,153.9
5,153.9
6,153.9
6,153.9
0,153.9
0,153.9
1,153.9
1,153.9
2,153.9
2,153.9
3,153.9
3,153.9
4,153.9
4,153.9
5,153.9
5,153.9
6,153.9
6,153.9
0,153.9
0,153.9
1,153.9
1,153.9
2,153.9
2,153.9
3,153.9
3,153.9
4,161.9
4,161.9
5,161.9
5,161.9
6,161.9
6,161.9
0,161.9
0,161.9
1,161.9
1,161.9
2,159.9
2,159.9
3,156.9
3,156.9
4,156.9
4,156.9
5,156.9
5,156.9
6,156.9
6,156.9
0,154.9
0,153.9
1,153.9
1,153.9
2,153.9
2,153.9
3,153.9
3,153.9
4,153.9
4,153.9
5,153.9
5,153.9
6,153.9
6,153.9
0,153.9
0,153.9
1,153.9
1,153.9
2,153.9
2,153.9
3,153.9
3,153.9
4,153.9
4,153.9
5,153.9
5,153.9
6,153.9
6,153.9
0,153.9
0,153.9
1,153.9
1,153.9
2,153.9
2,153.9
3,153.9
3,153.9
4,153.9
4,153.9
5,153.9
5,153.9
6,153.9
6,153.9
0,153.9
0,153.9
1,153.9
1,153.9
2,153.9
2,153.9
3,153.9
3,153.9
4,153.9
4,153.9
5,153.9
5,153.9
6,153.9
6,153.9
0,153.9
0,153.9
1,153.9
1,153.9
2,153.9
2,153.9
3,153.9
3,149.9
4,149.9
4,149.9
5,149.9
5,149.9
6,149.9
6,149.9
0,149.9
0,149.9
1,149.9
1,149.9
2,149.9
2,149.9
3,149.9
3,149.9
4,149.9
4,149.9
5,163.9
5,163.9
6,163.9
6,163.9
0,156.9
0,163.9
1,163.9
1,163.9
2,163.9
2,163.9
3,161.9
3,161.9
4,161.9
4,161.9
5,161.9
5,161.9
6,161.9
6,161.9
0,161.9
0,161.9
1,161.9
1,161.9
2,161.9
2,161.9
3,161.9
3,161.9
4,161.9
4,161.9
5,161.9
5,161.9
6,161.9
6,161.9
0,161.9
0,161.9
1,161.9
1,161.9
2,161.9
2,161.9
3,161.9
3,161.9
4,161.9
4,161.9
5,161.9
5,161.9
6,161.9
6,161.9
