0,0
0,0
1,105.69999999999999
1,100.4
2,100.4
2,100.4
3,100.4
3,100.4
4,100.4
4,100.4
5,100.4
5,100.4
6,100.4
6,100.4
0,100.4
0,100.4
1,99.10000000000001
1,98.3
2,98.3
2,97.1
3,96.4
3,96.4
4,96.4
4,96.4
5,96.4
5,96.4
6,96.4
6,96.4
0,94.65
0,94.4
1,94.4
1,94.4
2,94.4
2,94.4
3,125.4
3,125.4
4,125.4
4,125.4
5,125.4
5,125.4
6,123.9
6,123.9
0,123.9
0,123.9
1,121.9
1,119.4
2,119.4
2,115.9
3,114.65
3,112.9
4,111.9
4,110.9
5,110.9
5,110.9
6,109.9
6,109.30000000000001
0,107.4
0,105.9
1,103.89999999999999
1,101.9
2,101.9
2,101.9
3,101.9
3,101.9
4,101.9
4,101.9
5,101.9
5,101.9
6,101.9
6,99.9
0,99.9
0,99.9
1,99.9
1,99.9
2,99.9
2,99.9
3,127.9
3,126.4
4,126.4
4,126.4
5,124.9
5,123.9
6,123.9
6,123.9
0,119.9
0,117.4
1,115.9
1,113.9
2,113.9
2,113.9
3,112.4
3,110.9
4,110.9
4,110.9
5,110.9
5,110.9
6,109.9
6,108.9
0,108.9
0,107.9
1,106.73333333333335
1,105.4
2,104.9
2,111.56666666666668
3,103.4
3,101.9
4,115.4
4,115.4
5,115.4
5,115.4
6,115.4
6,129.4
0,127.9
0,127.9
1,127.9
1,127.9
2,127.9
2,127.9
3,127.9
3,127.9
4,127.9
4,118.9
5,118.9
5,118.9
6,118.9
6,118.9
0,118.9
0,118.9
1,118.9
1,118.9
2,118.9
2,118.9
3,118.9
3,118.9
4,118.9
4,118.9
5,118.9
5,118.9
6,118.9
6,118.9
0,118.9
0,118.9
1,118.9
1,118.9
2,118.9
2,118.9
3,118.9
3,118.9
4,118.9
4,118.9
5,118.9
5,118.9
6,118.9
6,118.9
0,118.9
0,118.9
1,118.9
1,118.9
2,118.9
2,118.9
3,118.9
3,118.9
4,118.9
4,118.9
5,118.9
5,118.9
6,118.9
6,118.9
0,118.9
0,118.9
1,118.9
1,118.9
2,118.9
2,118.9
3,118.9
3,118.9
4,118.9
4,118.9
5,118.9
5,118.9
6,118.9
6,118.9
0,118.9
0,118.9
1,118.9
1,118.9
2,118.9
2,118.9
3,118.9
3,118.9
4,118.9
4,118.9
5,118.9
5,118.9
6,118.9
6,118.9
0,118.9
0,118.9
1,118.9
1,118.9
2,118.9
2,118.9
3,118.9
3,118.9
4,118.9
4,118.9
5,118.9
5,118.9
6,118.9
6,118.9
0,118.9
0,118.9
1,118.9
1,118.9
2,118.9
2,118.9
3,118.9
3,118.9
4,118.9
4,118.9
5,118.9
5,118.9
6,118.9
6,118.9
0,118.9
0,118.9
1,118.9
1,118.9
2,118.9
2,118.9
3,118.9
3,118.9
4,118.9
4,118.9
5,118.9
5,118.9
6,118.9
6,118.9
0,118.9
0,118.9
1,118.9
1,118.9
2,118.9
2,118.9
3,101.7
3,101.5
4,101.5
4,101.5
5,101.5
5,101.5
6,131.9
6,131.9
0,116.7
0,116.7
1,116.7
1,116.7
2,116.7
2,116.7
3,116.7
3,116.7
4,116.7
4,116.7
5,116.7
5,116.7
6,116.7
6,116.7
0,131.4
0,129.9
1,129.9
1,129.9
2,129.4
2,129.4
3,129.4
3,129.4
4,129.4
4,129.4
5,129.4
5,129.4
6,129.4
6,129.4
0,129.4
0,127.9
1,127.9
1,127.9
2,127.9
2,125.8
3,125.8
3,123.9
4,123.9
4,123.9
5,123.9
5,123.9
6,120.3
6,120.3
0,120.3
0,118.4
1,118.4
1,118.4
2,118.4
2,118.4
3,118.4
3,118.4
4,118.4
4,118.4
5,118.4
5,118.4
6,118.4
6,118.4
0,118.4
0,118.4
1,118.4
1,115.9
2,115.9
2,115.9
3,142.9
3,142.9
4,142.9
4,142.9
5,142.9
5,142.9
6,142.9
6,142.9
0,142.4
0,142.4
1,142.4
1,142.4
2,142.4
2,137.9
3,137.9
3,137.9
4,137.9
4,137.9
5,137.9
5,137.9
6,137.9
6,137.9
0,137.9
0,135.9
1,135.9
1,131.9
2,128.9
2,127.9
3,126.9
3,125.4
4,125.4
4,123.9
5,123.9
5,122.9
6,122.9
6,121.9
0,121.9
0,120.4
1,118.9
1,118.9
2,119.4
2,119.4
3,117.9
3,117.9
4,116.9
4,116.9
5,116.9
5,116.9
6,116.9
6,116.9
0,116.9
0,115.9
1,114.9
1,113.80000000000001
2,113.80000000000001
2,113.80000000000001
3,113.80000000000001
3,113.80000000000001
4,113.80000000000001
4,113.15
5,111.9
5,111.9
6,111.9
6,111.9
0,111.9
0,111.9
1,111.9
1,111.9
2,111.9
2,111.9
3,111.9
3,111.9
4,111.9
4,111.9
5,111.9
5,111.9
6,111.9
6,111.9
0,110.9
0,110.9
1,110.5
1,110.5
2,109.9
2,109.9
3,109.9
3,109.9
4,142.9
4,142.9
5,142.9
5,142.9
6,142.9
6,142.9
0,142.9
0,142.9
1,142.9
1,137.9
2,137.9
2,133.9
3,133.9
3,131.9
4,131.9
4,131.9
5,130.9
5,130.9
6,130.9
6,130.9
0,129.9
0,129.9
1,128.9
1,127.9
2,127.30000000000001
2,127.30000000000001
3,125.9
3,123.9
4,122.9
4,122.9
5,121.9
5,121.9
6,121.9
6,121.9
0,120.9
0,120.9
1,120.9
1,119.9
2,119.9
2,119.9
3,119.9
3,118.9
4,118.9
4,117.9
5,117.9
5,116.9
6,115.9
6,115.9
0,115.9
0,115.9
1,114.9
1,114.9
2,114.9
2,114.9
3,114.9
3,113.9
4,113.9
4,113.9
5,113.9
5,113.9
6,113.9
6,113.9
0,113.9
0,113.9
1,113.9
1,112.9
2,111.9
2,111.9
3,111.9
3,111.9
4,111.9
4,111.5
5,111.5
5,111.5
6,111.5
6,110.9
0,110.9
0,109.9
1,109.9
1,109.4
2,108.9
2,108.9
3,108.9
3,108.9
4,108.9
4,108.9
5,108.9
5,108.9
6,108.9
6,108.9
0,107.9
0,107.9
1,107.9
1,107.9
2,107.9
2,107.9
3,105.9
3,105.9
4,105.9
4,105.9
5,105.9
5,137.9
6,137.9
6,137.9
0,137.9
0,137.9
1,134.9
1,134.9
2,132.9
2,132.9
3,132.9
3,132.9
4,132.9
4,132.9
5,132.9
5,132.9
6,128.4
6,127.9
0,125.7
0,124.9
1,123.9
1,123.9
2,123.9
2,122.9
3,122.9
3,121.9
4,119.9
4,118.9
5,118.7
5,118.7
6,118.7
6,118.7
0,117.9
0,117.7
1,117.7
1,117.7
2,116.7
2,116.7
3,117.2
3,115.7
4,115.7
4,115.7
5,114.9
5,114.9
6,114.9
6,113.80000000000001
0,113.15
0,112.4
1,111.9
1,137.9
2,137.9
2,137.9
3,137.9
3,137.9
4,137.9
4,137.9
5,137.9
5,137.9
6,137.9
6,137.9
0,137.4
0,137.4
1,137.4
1,137.4
2,135.9
2,135.9
3,133.4
3,126.4
4,126.4
4,124.9
5,126.4
5,126.4
6,126.4
6,126.4
0,121.4
0,116.9
1,113.9
1,112.4
2,112.4
2,110.9
3,109.9
3,108.9
4,108.9
4,107.9
5,107.9
5,107.9
6,107.9
6,106.9
0,106.9
0,106.9
1,106.9
1,106.9
2,106.9
2,106.9
3,106.9
3,106.9
4,106.9
4,106.9
5,106.9
5,106.9
6,106.9
6,106.9
0,106.9
0,139.9
1,139.9
1,139.9
2,139.9
2,139.9
3,139.9
3,139.9
4,139.4
4,139.4
5,137.9
5,137.9
6,137.9
6,137.9
0,137.9
0,137.9
1,134.9
1,134.5
2,131.9
2,130.9
3,127.9
3,127.9
4,127.0
4,124.7
5,123.7
5,123.5
6,123.5
6,122.9
0,122.7
0,121.80000000000001
1,121.5
1,121.5
2,120.4
2,119.7
3,118.7
3,118.7
4,118.2
4,117.5
5,117.5
5,117.5
6,117.5
6,116.9
0,116.9
0,114.7
1,114.1
1,114.1
2,113.5
2,112.9
3,112.7
3,112.35
4,112.35
4,109.9
5,109.9
5,109.9
6,109.9
6,109.9
0,108.9
0,107.9
1,107.9
1,107.05000000000001
2,105.9
2,105.4
3,105.4
3,104.9
4,104.9
4,104.4
5,104.4
5,104.4
6,104.4
6,103.4
0,103.4
0,103.4
1,103.4
1,103.4
2,103.4
2,129.9
3,129.9
3,129.9
4,129.4
4,129.4
5,129.4
5,129.4
6,129.4
6,129.4
0,129.4
0,129.4
1,127.9
1,126.9
2,124.9
2,124.9
3,121.9
3,121.9
4,121.9
4,119.9
5,119.9
5,119.9
6,118.9
6,118.9
0,114.9
0,112.25
1,112.25
1,109.7
2,108.2
2,105.4
3,105.4
3,105.4
4,103.95
4,104.7
5,105.0
5,105.0
6,105.0
6,106.4
0,105.9
0,105.9
1,105.9
1,105.9
2,105.4
2,105.4
3,104.9
3,104.9
4,104.9
4,103.9
5,103.9
5,103.9
6,103.9
6,103.9
0,103.9
0,103.9
1,103.9
1,103.9
2,103.9
2,103.9
3,103.9
3,103.9
4,103.9
4,103.9
5,103.9
5,103.9
6,103.9
6,103.9
0,103.9
0,103.9
1,103.9
1,132.9
2,132.9
2,132.9
3,132.9
3,132.9
4,130.025
4,125.30000000000001
5,123.7
5,123.7
6,123.7
6,123.7
0,122.80000000000001
0,122.80000000000001
1,121.9
1,121.9
2,121.9
2,121.9
3,121.9
3,119.4
4,119.4
4,119.4
5,119.4
5,112.8
6,112.8
6,112.8
0,112.8
0,112.8
1,112.8
1,111.9
2,110.9
2,110.9
3,110.9
3,110.9
4,107.30000000000001
4,106.5
5,105.9
5,105.9
6,105.9
6,105.9
0,105.9
0,105.9
1,105.9
1,105.9
2,105.9
2,105.9
3,105.9
3,105.9
4,105.9
4,105.9
5,105.9
5,105.9
6,105.9
6,105.9
0,139.9
0,139.9
1,139.9
1,139.9
2,139.4
2,139.4
3,138.9
3,134.23333333333335
4,131.9
4,129.9
5,129.4
5,127.9
6,126.9
6,126.9
0,125.4
0,123.9
1,123.4
1,121.4
2,120.4
2,118.9
3,118.4
3,116.9
4,116.9
4,115.9
5,115.9
5,115.9
6,115.9
6,115.9
0,115.9
0,114.9
1,114.9
1,114.9
2,114.9
2,113.9
3,113.9
3,112.30000000000003
4,111.5
4,111.5
5,111.5
5,111.5
6,111.5
6,111.5
0,111.5
0,111.5
1,110.9
1,110.9
2,110.9
2,110.9
3,110.9
3,125.4
4,125.4
4,125.4
5,125.4
5,125.4
6,125.4
6,125.4
0,125.4
0,125.4
1,125.4
1,125.4
2,134.9
2,131.4
3,131.4
3,129.9
4,129.9
4,129.9
5,129.9
5,129.9
6,129.9
6,129.9
0,129.9
0,126.9
1,124.9
1,123.9
2,122.4
2,122.4
3,122.4
3,122.4
4,119.9
4,119.9
5,119.9
5,119.9
6,119.9
6,118.9
0,117.9
0,116.4
1,116.4
1,116.4
2,116.4
2,116.4
3,114.9
3,114.9
4,114.9
4,142.9
5,142.9
5,142.9
6,142.9
6,142.9
0,138.7
0,138.7
1,138.7
1,137.9
2,137.9
2,137.9
3,136.9
3,136.9
4,135.9
4,135.9
5,135.9
5,135.9
6,135.9
6,135.9
0,135.9
0,135.9
1,135.9
1,135.9
2,133.9
2,131.9
3,131.9
3,131.9
4,128.9
4,128.9
5,128.9
5,128.9
6,128.9
6,128.9
0,128.9
0,127.9
1,127.9
1,125.4
2,123.4
2,121.4
3,119.9
3,119.9
4,119.9
4,147.9
5,147.9
5,147.9
6,147.9
6,147.9
0,147.9
0,147.9
1,147.9
1,147.9
2,147.9
2,147.9
3,145.9
3,145.9
4,145.9
4,145.9
5,145.9
5,145.9
6,145.9
6,145.9
0,145.9
0,145.9
1,145.9
1,145.9
2,145.9
2,141.9
3,141.9
3,140.9
4,139.9
4,139.9
5,139.9
5,139.9
6,139.9
6,139.9
0,139.9
0,139.9
1,132.9
1,132.9
2,128.5
2,128.5
3,128.5
3,128.5
4,128.5
4,128.5
5,128.5
5,128.5
6,128.5
6,128.5
0,125.9
0,123.9
1,122.9
1,121.4
2,119.9
2,119.9
3,119.9
3,119.9
4,119.9
4,147.9
5,147.9
5,147.9
6,147.9
6,147.9
0,147.9
0,147.9
1,147.9
1,142.9
2,142.9
2,142.9
3,142.9
3,141.9
4,141.9
4,141.9
5,141.9
5,141.9
6,141.9
6,141.9
0,141.9
0,141.9
1,140.9
1,140.9
2,137.9
2,137.9
3,133.9
3,133.9
4,133.9
4,130.4
5,127.9
5,127.9
6,126.4
6,126.4
0,124.9
0,124.9
1,124.9
1,124.9
2,124.9
2,122.9
3,122.9
3,122.9
4,121.4
4,121.4
5,119.4
5,119.4
6,119.4
6,119.4
0,119.4
0,119.4
1,119.4
1,119.4
2,116.9
2,116.9
3,116.9
3,116.9
4,116.9
4,147.9
5,147.9
5,147.9
6,147.9
6,147.9
0,147.9
0,147.9
1,147.9
1,147.9
2,147.9
2,147.9
3,144.9
3,144.9
4,144.9
4,144.9
5,144.9
5,144.9
6,144.9
6,144.9
0,144.9
0,139.9
1,137.9
1,137.9
2,134.9
2,134.9
3,132.4
3,130.9
4,129.9
4,127.90000000000002
5,125.4
5,123.9
6,122.9
6,121.9
0,121.9
0,120.9
1,119.9
1,118.9
2,117.9
2,117.9
3,116.9
3,116.9
4,116.9
4,116.9
5,116.9
5,116.9
6,116.9
6,116.9
0,116.9
0,116.9
1,119.9
1,119.9
2,119.9
2,119.9
3,119.9
3,119.9
4,119.9
4,118.9
5,118.9
5,118.9
6,117.9
6,116.9
0,118.7
0,118.7
1,116.9
1,116.9
2,116.9
2,116.9
3,116.9
3,116.9
4,116.9
4,116.9
5,116.9
5,116.9
6,116.9
6,116.9
0,116.9
0,116.9
1,116.9
1,148.9
2,148.9
2,148.9
3,148.9
3,148.9
4,148.9
4,146.4
5,146.4
5,146.4
6,146.4
6,146.4
0,146.4
0,146.4
1,146.4
1,146.4
2,143.9
2,143.9
3,143.9
3,143.9
4,143.9
4,142.65
5,139.9
5,139.9
6,139.9
6,139.9
0,138.4
0,136.9
1,134.9
1,131.4
2,128.9
2,124.9
3,124.9
3,124.9
4,123.4
4,121.4
5,121.4
5,119.9
6,119.9
6,118.9
0,117.9
0,116.9
1,116.9
1,116.9
2,116.9
2,116.9
3,116.9
3,116.9
4,116.9
4,116.9
5,116.9
5,115.9
6,115.9
6,147.9
0,147.9
0,147.9
1,147.9
1,147.9
2,147.9
2,147.9
3,147.9
3,147.9
4,146.9
4,142.9
5,142.9
5,142.9
6,142.9
6,142.9
0,142.9
0,132.9
1,127.9
1,127.9
2,127.9
2,126.9
3,125.9
3,123.4
4,121.9
4,121.9
5,120.9
5,120.9
6,120.9
6,119.9
0,119.9
0,118.9
1,118.9
1,119.9
2,119.9
2,119.9
3,119.9
3,118.4
4,118.4
4,118.4
5,118.4
5,118.4
6,118.4
6,118.4
0,118.4
0,118.4
1,118.4
1,118.4
2,118.4
2,118.4
3,149.9
3,149.9
4,149.9
4,149.9
5,149.9
5,149.9
6,149.9
6,149.9
0,149.9
0,149.9
1,149.9
1,149.9
2,142.9
2,139.4
3,136.9
3,135.9
4,134.9
4,133.9
5,133.9
5,133.9
6,133.9
6,133.9
0,133.9
0,132.9
1,132.9
1,132.9
2,132.9
2,132.9
3,132.9
3,131.9
4,130.9
4,130.9
5,129.9
5,129.9
6,129.9
6,129.9
0,128.9
0,128.9
1,128.9
1,127.9
2,127.7
2,154.9
3,154.9
3,154.9
4,154.9
4,154.9
5,152.9
5,152.9
6,152.9
6,152.9
