0,0
0,0
1,123.69999999999999
1,118.4
2,118.4
2,118.4
3,118.4
3,118.4
4,118.4
4,118.4
5,118.4
5,118.4
6,118.4
6,118.4
0,118.4
0,118.4
1,117.09999999999998
1,116.3
2,116.3
2,115.1
3,114.4
3,114.4
4,114.4
4,114.4
5,114.4
5,114.4
6,114.4
6,114.4
0,112.65
0,112.4
1,112.4
1,112.4
2,112.4
2,112.4
3,143.4
3,143.4
4,143.4
4,143.4
5,143.4
5,143.4
6,141.9
6,141.9
0,141.9
0,141.9
1,139.9
1,137.4
2,137.4
2,133.9
3,132.65
3,130.9
4,129.9
4,128.9
5,128.9
5,128.9
6,127.9
6,127.30000000000001
0,125.4
0,123.9
1,121.89999999999999
1,119.9
2,119.9
2,119.9
3,119.9
3,119.9
4,119.9
4,119.9
5,119.9
5,119.9
6,119.9
6,117.9
0,117.9
0,117.9
1,117.9
1,117.9
2,117.9
2,117.9
3,145.9
3,144.4
4,144.4
4,144.4
5,142.9
5,141.9
6,141.9
6,141.9
0,137.9
0,135.4
1,133.9
1,131.9
2,131.9
2,131.9
3,130.4
3,128.9
4,128.9
4,128.9
5,128.9
5,128.9
6,127.9
6,126.9
0,126.9
0,125.9
1,124.73333333333335
1,123.4
2,122.9
2,134.9
3,121.4
3,119.9
4,133.4
4,133.4
5,133.4
5,133.4
6,133.4
6,147.4
0,145.9
0,145.9
1,145.9
1,145.9
2,145.9
2,145.9
3,145.9
3,145.9
4,145.9
4,136.9
5,136.9
5,136.9
6,136.9
6,136.9
0,136.9
0,136.9
1,136.9
1,136.9
2,136.9
2,136.9
3,136.9
3,136.9
4,136.9
4,136.9
5,136.9
5,136.9
6,136.9
6,136.9
0,136.9
0,136.9
1,136.9
1,136.9
2,136.9
2,136.9
3,136.9
3,136.9
4,136.9
4,136.9
5,136.9
5,136.9
6,136.9
6,136.9
0,136.9
0,136.9
1,136.9
1,136.9
2,136.9
2,136.9
3,136.9
3,136.9
4,136.9
4,136.9
5,136.9
5,136.9
6,136.9
6,136.9
0,136.9
0,136.9
1,136.9
1,136.9
2,136.9
2,136.9
3,136.9
3,136.9
4,136.9
4,136.9
5,136.9
5,136.9
6,136.9
6,136.9
0,136.9
0,136.9
1,136.9
1,136.9
2,136.9
2,136.9
3,136.9
3,136.9
4,136.9
4,136.9
5,136.9
5,136.9
6,136.9
6,136.9
0,136.9
0,136.9
1,136.9
1,136.9
2,136.9
2,136.9
3,136.9
3,136.9
4,136.9
4,136.9
5,136.9
5,136.9
6,136.9
6,136.9
0,136.9
0,136.9
1,136.9
1,136.9
2,136.9
2,136.9
3,136.9
3,136.9
4,136.9
4,136.9
5,136.9
5,136.9
6,136.9
6,136.9
0,136.9
0,136.9
1,136.9
1,136.9
2,136.9
2,136.9
3,136.9
3,136.9
4,136.9
4,136.9
5,136.9
5,136.9
6,136.9
6,136.9
0,136.9
0,136.9
1,136.9
1,136.9
2,136.9
2,136.9
3,119.7
3,119.5
4,119.5
4,119.5
5,119.5
5,119.5
6,149.9
6,149.9
0,134.7
0,134.7
1,134.7
1,134.7
2,134.7
2,134.7
3,134.7
3,134.7
4,134.7
4,134.7
5,134.7
5,134.7
6,134.7
6,134.7
0,149.4
0,147.9
1,147.9
1,147.9
2,147.4
2,147.4
3,147.4
3,147.4
4,147.4
4,147.4
5,147.4
5,147.4
6,147.4
6,147.4
0,147.4
0,145.9
1,145.9
1,145.9
2,145.9
2,143.8
3,143.8
3,141.9
4,141.9
4,141.9
5,141.9
5,141.9
6,138.3
6,138.3
0,138.3
0,136.4
1,136.4
1,136.4
2,136.4
2,136.4
3,136.4
3,136.4
4,136.4
4,136.4
5,136.4
5,136.4
6,136.4
6,136.4
0,136.4
0,136.4
1,136.4
1,133.9
2,133.9
2,133.9
3,160.9
3,160.9
4,160.9
4,160.9
5,160.9
5,160.9
6,160.9
6,160.9
0,160.4
0,160.4
1,160.4
1,160.4
2,160.4
2,155.9
3,155.9
3,155.9
4,155.9
4,155.9
5,155.9
5,155.9
6,155.9
6,155.9
0,155.9
0,153.9
1,153.9
1,149.9
2,146.9
2,145.9
3,144.9
3,143.4
4,143.4
4,141.9
5,141.9
5,140.9
6,140.9
6,139.9
0,139.9
0,138.4
1,136.9
1,136.9
2,137.4
2,137.4
3,135.9
3,135.9
4,134.9
4,134.9
5,134.9
5,134.9
6,134.9
6,134.9
0,134.9
0,133.9
1,132.9
1,131.8
2,131.8
2,131.8
3,131.8
3,131.8
4,131.8
4,131.15
5,129.9
5,129.9
6,129.9
6,129.9
0,129.9
0,129.9
1,129.9
1,129.9
2,129.9
2,129.9
3,129.9
3,129.9
4,129.9
4,129.9
5,129.9
5,129.9
6,129.9
6,129.9
0,128.9
0,128.9
1,128.5
1,128.5
2,127.9
2,127.9
3,127.9
3,127.9
4,160.9
4,160.9
5,160.9
5,160.9
6,160.9
6,160.9
0,160.9
0,160.9
1,160.9
1,155.9
2,155.9
2,151.9
3,151.9
3,149.9
4,149.9
4,149.9
5,148.9
5,148.9
6,148.9
6,148.9
0,147.9
0,147.9
1,146.9
1,145.9
2,145.3
2,145.3
3,143.9
3,141.9
4,140.9
4,140.9
5,139.9
5,139.9
6,139.9
6,139.9
0,138.9
0,138.9
1,138.9
1,137.9
2,137.9
2,137.9
3,137.9
3,136.9
4,136.9
4,135.9
5,135.9
5,134.9
6,133.9
6,133.9
0,133.9
0,133.9
1,132.9
1,132.9
2,132.9
2,132.9
3,132.9
3,131.9
4,131.9
4,131.9
5,131.9
5,131.9
6,131.9
6,131.9
0,131.9
0,131.9
1,131.9
1,130.9
2,129.9
2,129.9
3,129.9
3,129.9
4,129.9
4,129.5
5,129.5
5,129.5
6,129.5
6,128.9
0,128.9
0,127.9
1,127.9
1,127.4
2,126.9
2,126.9
3,126.9
3,126.9
4,126.9
4,126.9
5,126.9
5,126.9
6,126.9
6,126.9
0,125.9
0,125.9
1,125.9
1,125.9
2,125.9
2,125.9
3,123.9
3,123.9
4,123.9
4,123.9
5,123.9
5,155.9
6,155.9
6,155.9
0,155.9
0,155.9
1,152.9
1,152.9
2,150.9
2,150.9
3,150.9
3,150.9
4,150.9
4,150.9
5,150.9
5,150.9
6,146.4
6,145.9
0,143.7
0,142.9
1,141.9
1,141.9
2,141.9
2,140.9
3,140.9
3,139.9
4,137.9
4,136.9
5,136.7
5,136.7
6,136.7
6,136.7
0,135.9
0,135.7
1,135.7
1,135.7
2,134.7
2,134.7
3,135.2
3,133.7
4,133.7
4,133.7
5,132.9
5,132.9
6,132.9
6,131.8
0,131.15
0,130.4
1,129.9
1,155.9
2,155.9
2,155.9
3,155.9
3,155.9
4,155.9
4,155.9
5,155.9
5,155.9
6,155.9
6,155.9
0,155.4
0,155.4
1,155.4
1,155.4
2,153.9
2,153.9
3,151.4
3,144.4
4,144.4
4,142.9
5,144.4
5,144.4
6,144.4
6,144.4
0,139.4
0,134.9
1,131.9
1,130.4
2,130.4
2,128.9
3,127.9
3,126.9
4,126.9
4,125.9
5,125.9
5,125.9
6,125.9
6,124.9
0,124.9
0,124.9
1,124.9
1,124.9
2,124.9
2,124.9
3,124.9
3,124.9
4,124.9
4,124.9
5,124.9
5,124.9
6,124.9
6,124.9
0,124.9
0,157.9
1,157.9
1,157.9
2,157.9
2,157.9
3,157.9
3,157.9
4,157.4
4,157.4
5,155.9
5,155.9
6,155.9
6,155.9
0,155.9
0,155.9
1,152.9
1,152.5
2,149.9
2,148.9
3,145.9
3,145.9
4,145.0
4,142.7
5,141.7
5,141.5
6,141.5
6,140.9
0,140.7
0,139.8
1,139.5
1,139.5
2,138.4
2,137.7
3,136.7
3,136.7
4,136.2
4,135.5
5,135.5
5,135.5
6,135.5
6,134.9
0,134.9
0,132.7
1,132.1
1,132.1
2,131.5
2,130.9
3,130.7
3,130.35000000000002
4,130.35000000000002
4,127.9
5,127.9
5,127.9
6,127.9
6,127.9
0,126.9
0,125.9
1,125.9
1,125.05000000000001
2,123.9
2,123.4
3,123.4
3,122.9
4,122.9
4,122.4
5,122.4
5,122.4
6,122.4
6,121.4
0,121.4
0,121.4
1,121.4
1,121.4
2,121.4
2,147.9
3,147.9
3,147.9
4,147.4
4,147.4
5,147.4
5,147.4
6,147.4
6,147.4
0,147.4
0,147.4
1,145.9
1,144.9
2,142.9
2,142.9
3,139.9
3,139.9
4,139.9
4,137.9
5,137.9
5,137.9
6,136.9
6,136.9
0,132.9
0,130.25
1,130.25
1,127.7
2,125.7
2,123.90000000000002
3,121.9
3,120.9
4,123.0
4,122.7
5,123.0
5,124.9
6,124.9
6,123.9
0,123.9
0,123.9
1,123.9
1,123.9
2,123.4
2,123.4
3,122.9
3,121.9
4,121.9
4,121.9
5,121.9
5,121.9
6,121.9
6,121.9
0,121.9
0,121.9
1,121.9
1,121.9
2,121.9
2,121.9
3,121.9
3,121.9
4,121.9
4,121.9
5,121.9
5,121.9
6,121.9
6,121.9
0,121.9
0,121.9
1,121.9
1,150.9
2,150.9
2,150.9
3,150.9
3,150.9
4,148.025
4,141.7
5,141.7
5,141.7
6,141.7
6,141.7
0,140.8
0,140.8
1,139.9
1,139.9
2,139.9
2,139.9
3,139.9
3,137.4
4,136.65
4,133.9
5,133.9
5,130.8
6,130.8
6,130.8
0,130.8
0,130.8
1,130.8
1,129.9
2,129.9
2,129.9
3,129.9
3,129.9
4,126.05
4,126.3
5,125.9
5,125.9
6,125.9
6,125.9
0,125.9
0,125.9
1,125.9
1,125.9
2,125.9
2,125.9
3,125.9
3,125.9
4,125.9
4,125.9
5,125.9
5,125.9
6,125.9
6,125.9
0,159.9
0,159.9
1,159.9
1,159.9
2,159.4
2,155.9
3,155.9
3,152.9
4,151.4
4,149.9
5,149.4
5,147.9
6,146.9
6,146.9
0,145.4
0,143.9
1,142.9
1,140.9
2,140.4
2,138.4
3,137.9
3,136.9
4,136.9
4,135.9
5,135.9
5,135.9
6,135.9
6,135.9
0,135.9
0,134.9
1,134.9
1,134.9
2,134.9
2,133.9
3,133.9
3,132.3
4,131.5
4,131.5
5,131.5
5,131.5
6,131.5
6,131.5
0,131.5
0,131.5
1,130.9
1,130.9
2,130.9
2,130.9
3,130.9
3,145.4
4,145.4
4,145.4
5,145.4
5,145.4
6,145.4
6,145.4
0,145.4
0,145.4
1,145.4
1,145.4
2,154.15
2,150.9
3,150.9
3,149.9
4,149.9
4,149.9
5,149.9
5,149.9
6,149.9
6,149.9
0,149.9
0,146.9
1,144.9
1,143.9
2,142.4
2,142.4
3,142.4
3,142.4
4,139.9
4,139.9
5,139.9
5,139.9
6,139.9
6,138.9
0,137.9
0,136.4
1,136.4
1,136.4
2,136.4
2,136.4
3,134.9
3,134.9
4,134.9
4,162.9
5,162.9
5,162.9
6,162.9
6,158.7
0,158.7
0,158.7
1,158.7
1,157.9
2,157.9
2,157.9
3,156.9
3,156.9
4,155.9
4,155.9
5,155.9
5,155.9
6,155.9
6,155.9
0,155.9
0,155.9
1,155.9
1,155.9
2,153.9
2,151.9
3,151.9
3,151.9
4,148.9
4,148.9
5,148.9
5,148.9
6,148.9
6,148.9
0,148.9
0,147.9
1,147.9
1,145.4
2,143.4
2,141.4
3,139.9
3,139.9
4,139.9
4,167.9
5,167.9
5,167.9
6,167.9
6,167.9
0,167.9
0,167.9
1,167.9
1,167.9
2,167.9
2,165.9
3,165.9
3,165.9
4,165.9
4,165.9
5,165.9
5,165.9
6,165.9
6,165.9
0,165.9
0,165.9
1,165.9
1,165.9
2,165.9
2,161.9
3,161.9
3,160.9
4,159.9
4,159.9
5,159.9
5,159.9
6,159.9
6,159.9
0,159.9
0,159.9
1,152.9
1,152.9
2,148.5
2,148.5
3,148.5
3,148.5
4,148.5
4,148.5
5,148.5
5,148.5
6,148.5
6,148.5
0,148.5
0,143.9
1,142.9
1,140.9
2,140.9
2,140.9
3,140.9
3,140.9
4,140.9
4,167.9
5,167.9
5,167.9
6,167.9
6,167.9
0,167.9
0,167.9
1,167.9
1,162.9
2,162.9
2,162.9
3,162.9
3,161.9
4,161.9
4,161.9
5,161.9
5,161.9
6,161.9
6,161.9
0,161.9
0,161.9
1,160.9
1,159.9
2,155.9
2,155.9
3,153.9
3,153.9
4,153.9
4,150.4
5,147.9
5,146.9
6,145.9
6,145.9
0,144.9
0,144.9
1,144.9
1,144.9
2,144.9
2,142.9
3,142.9
3,142.9
4,141.4
4,141.4
5,139.4
5,139.4
6,139.4
6,139.4
0,139.4
0,139.4
1,139.4
1,139.4
2,136.9
2,136.9
3,136.9
3,136.9
4,136.9
4,167.9
5,167.9
5,167.9
6,167.9
6,167.9
0,167.9
0,167.9
1,167.9
1,167.9
2,167.9
2,167.9
3,164.9
3,164.9
4,164.9
4,164.9
5,164.9
5,164.9
6,164.9
6,164.9
0,164.9
0,159.9
1,157.9
1,157.9
2,154.9
2,154.9
3,152.4
3,150.9
4,149.9
4,147.9
5,145.4
5,143.9
6,142.4
6,142.4
0,142.4
0,140.9
1,139.9
1,138.9
2,137.9
2,137.9
3,136.9
3,136.9
4,136.9
4,136.9
5,136.9
5,136.9
6,136.9
6,136.9
0,136.9
0,136.9
1,139.9
1,139.9
2,139.9
2,139.9
3,139.9
3,139.9
4,139.9
4,138.9
5,138.9
5,138.9
6,137.9
6,136.9
0,138.7
0,138.7
1,136.9
1,136.9
2,136.9
2,136.9
3,136.9
3,136.9
4,136.9
4,136.9
5,136.9
5,136.9
6,136.9
6,136.9
0,136.9
0,136.9
1,136.9
1,168.9
2,168.9
2,168.9
3,168.9
3,168.9
4,168.9
4,166.4
5,166.4
5,166.4
6,166.4
6,166.4
0,166.4
0,166.4
1,166.4
1,166.4
2,163.9
2,163.9
3,163.9
3,163.9
4,163.9
4,162.65
5,159.9
5,159.9
6,159.9
6,159.9
0,158.4
0,156.9
1,154.9
1,151.4
2,148.9
2,144.9
3,144.9
3,144.9
4,143.4
4,141.4
5,141.4
5,139.9
6,139.9
6,138.9
0,137.9
0,136.9
1,136.9
1,136.9
2,136.9
2,136.9
3,136.9
3,136.9
4,136.9
4,136.9
5,136.9
5,135.9
6,135.9
6,167.9
0,167.9
0,167.9
1,167.9
1,167.9
2,167.9
2,167.9
3,167.9
3,167.9
4,166.9
4,162.9
5,162.9
5,162.9
6,162.9
6,162.9
0,162.9
0,152.9
1,147.9
1,147.9
2,147.9
2,146.9
3,145.9
3,143.4
4,141.9
4,141.9
5,140.9
5,140.9
6,140.9
6,139.9
0,139.9
0,138.9
1,138.9
1,139.9
2,139.9
2,139.9
3,139.9
3,138.4
4,138.4
4,138.4
5,138.4
5,138.4
6,138.4
6,138.4
0,138.4
0,138.4
1,138.4
1,138.4
2,138.4
2,138.4
3,169.9
3,169.9
4,169.9
4,169.9
5,169.9
5,169.9
6,169.9
6,169.9
0,169.9
0,169.9
1,169.9
1,169.9
2,162.9
2,159.4
3,156.9
3,155.9
4,154.9
4,153.9
5,153.9
5,153.9
6,153.9
6,153.9
0,153.9
0,152.9
1,152.9
1,152.9
2,152.9
2,152.9
3,152.9
3,151.9
4,150.9
4,150.9
5,149.9
5,149.9
6,149.9
6,149.9
0,148.9
0,148.9
1,148.9
1,147.9
2,147.7
2,174.9
3,174.9
3,174.9
4,174.9
4,174.9
5,172.9
5,172.9
6,172.9
6,172.9
