0,116.2
0,116.2
1,116.2
1,116.2
2,116.2
2,116.2
3,116.2
3,115.9
4,115.9
4,115.9
5,115.9
5,115.9
6,115.9
6,115.9
0,115.9
0,115.9
1,115.9
1,113.9
2,113.9
2,113.9
3,113.9
3,112.9
4,112.9
4,112.9
5,112.9
5,112.9
6,112.9
6,112.9
0,112.9
0,112.9
1,112.9
1,112.9
2,112.9
2,112.9
3,143.65
3,143.65
4,143.65
4,143.65
5,143.65
5,143.65
6,143.65
6,142.9
0,142.9
0,142.9
1,142.15
1,142.15
2,142.15
2,136.7
3,136.7
3,133.55
4,130.7
4,130.7
5,130.7
5,130.7
6,130.7
6,130.7
0,130.7
0,125.55
1,125.55
1,121.7
2,121.7
2,121.7
3,121.7
3,121.7
4,121.7
4,121.7
5,121.7
5,121.7
6,121.7
6,121.7
0,121.7
0,121.7
1,117.9
1,117.30000000000001
2,117.30000000000001
2,117.30000000000001
3,142.3
3,143.65
4,143.65
4,143.65
5,143.65
5,142.9
6,140.9
6,140.9
0,140.9
0,139.9
1,138.9
1,138.9
2,138.9
2,137.65
3,135.7
3,131.05
4,128.7
4,128.7
5,128.7
5,128.7
6,128.7
6,128.7
0,128.7
0,128.7
1,128.7
1,127.9
2,125.9
2,122.4
3,122.4
3,122.4
4,147.9
4,147.9
5,147.9
5,147.9
6,147.9
6,147.4
0,147.4
0,147.4
1,147.4
1,147.4
2,147.4
2,147.4
3,147.4
3,145.9
4,142.3
4,142.3
5,142.3
5,142.3
6,142.3
6,142.3
0,142.3
0,142.3
1,142.3
1,142.3
2,142.3
2,142.3
3,142.3
3,142.3
4,142.3
4,142.3
5,142.3
5,142.3
6,142.3
6,142.3
0,142.3
0,142.3
1,142.3
1,142.3
2,142.3
2,142.3
3,142.3
3,142.3
4,142.3
4,142.3
5,142.3
5,142.3
6,142.3
6,142.3
0,142.3
0,142.3
1,142.3
1,142.3
2,142.3
2,142.3
3,142.3
3,142.3
4,142.3
4,142.3
5,142.3
5,142.3
6,142.3
6,142.3
0,142.3
0,142.3
1,142.3
1,142.3
2,142.3
2,142.3
3,142.3
3,142.3
4,142.3
4,142.3
5,142.3
5,142.3
6,142.3
6,142.3
0,142.3
0,142.3
1,142.3
1,142.3
2,142.3
2,142.3
3,142.3
3,142.3
4,142.3
4,142.3
5,142.3
5,142.3
6,142.3
6,142.3
0,142.3
0,142.3
1,142.3
1,142.3
2,142.3
2,142.3
3,142.3
3,142.3
4,142.3
4,142.3
5,142.3
5,142.3
6,142.3
6,142.3
0,142.3
0,142.3
1,142.3
1,142.3
2,142.3
2,142.3
3,142.3
3,142.3
4,142.3
4,142.3
5,142.3
5,142.3
6,142.3
6,142.3
0,142.3
0,142.3
1,142.3
1,142.3
2,142.3
2,142.3
3,142.3
3,142.3
4,142.3
4,142.3
5,142.3
5,142.3
6,142.3
6,142.3
0,142.3
0,142.3
1,142.3
1,142.3
2,142.3
2,142.3
3,142.3
3,142.3
4,142.3
4,142.3
5,142.3
5,149.9
6,149.9
6,149.9
0,149.9
0,149.9
1,149.9
1,147.4
2,147.4
2,147.4
3,147.4
3,147.4
4,147.4
4,147.4
5,147.4
5,147.4
6,147.4
6,147.4
0,144.2
0,143.9
1,143.9
1,143.9
2,143.9
2,143.9
3,143.9
3,140.3
4,140.3
4,140.3
5,140.3
5,140.3
6,140.3
6,140.3
0,140.3
0,138.7
1,138.7
1,138.7
2,138.7
2,138.7
3,138.7
3,138.7
4,138.7
4,138.7
5,138.7
5,138.7
6,138.7
6,136.7
0,136.7
0,136.7
1,136.7
1,136.7
2,136.7
2,136.7
3,136.7
3,136.7
4,136.7
4,136.7
5,136.7
5,136.7
6,136.7
6,136.7
0,136.7
0,136.7
1,136.7
1,136.7
2,136.7
2,136.7
3,160.9
3,160.9
4,160.9
4,160.9
5,160.9
5,160.9
6,160.9
6,160.9
0,156.2
0,154.9
1,154.9
1,153.9
2,153.9
2,153.9
3,153.9
3,153.9
4,153.9
4,153.9
5,153.9
5,153.9
6,153.9
6,153.9
0,153.9
0,153.9
1,153.9
1,149.4
2,149.4
2,149.4
3,149.4
3,149.4
4,147.3
4,147.3
5,147.3
5,147.3
6,147.3
6,147.3
0,138.7
0,147.3
1,145.05
1,145.05
2,142.9
2,138.75
3,138.75
3,138.75
4,138.75
4,138.5
5,138.5
5,138.5
6,137.4
6,137.4
0,134.3
0,134.3
1,134.3
1,134.3
2,133.9
2,133.9
3,133.9
3,133.9
4,132.3
4,132.3
5,132.3
5,132.3
6,132.3
6,132.3
0,132.3
0,132.3
1,132.3
1,132.3
2,132.3
2,132.3
3,132.3
3,129.3
4,129.3
4,129.3
5,129.3
5,129.3
6,129.3
6,129.3
0,129.3
0,129.3
1,129.3
1,129.3
2,129.3
2,129.35
3,129.35
3,129.35
4,129.35
4,160.9
5,160.9
5,160.9
6,160.9
6,160.9
0,160.9
0,160.9
1,160.9
1,160.9
2,156.3
2,156.3
3,156.3
3,156.3
4,156.3
4,156.3
5,156.3
5,156.3
6,156.3
6,156.3
0,156.3
0,156.3
1,156.3
1,156.3
2,156.3
2,156.3
3,151.8
3,151.7
4,147.7
4,147.7
5,147.7
5,147.7
6,147.7
6,147.7
0,147.7
0,147.7
1,147.7
1,145.9
2,141.9
2,141.9
3,139.3
3,139.3
4,139.3
4,139.3
5,139.3
5,139.3
6,139.3
6,139.3
0,137.4
0,137.4
1,137.4
1,137.4
2,135.04999999999998
2,135.04999999999998
3,132.1
3,131.9
4,131.9
4,131.9
5,130.9
5,130.9
6,130.9
6,130.9
0,130.9
0,130.9
1,130.9
1,129.8
2,129.8
2,129.8
3,129.8
3,129.8
4,129.8
4,129.8
5,129.8
5,129.8
6,129.8
6,129.8
0,128.7
0,128.7
1,127.6
1,127.6
2,127.6
2,127.6
3,126.3
3,126.3
4,126.3
4,126.3
5,126.3
5,126.3
6,126.3
6,126.3
0,126.3
0,125.2
1,125.2
1,125.2
2,125.2
2,125.2
3,125.2
3,125.2
4,125.2
4,125.2
5,125.2
5,155.9
6,155.9
6,155.9
0,153.9
0,151.2
1,147.75
1,147.75
2,147.75
2,145.8
3,144.6
3,144.6
4,144.6
4,144.6
5,144.6
5,144.6
6,144.6
6,144.6
0,144.6
0,144.6
1,144.6
1,144.6
2,142.55
2,142.55
3,142.55
3,142.55
4,142.55
4,142.55
5,142.55
5,142.55
6,138.5
6,138.5
0,138.5
0,138.5
1,136.3
1,136.3
2,136.3
2,136.3
3,136.3
3,134.2
4,134.2
4,134.2
5,134.2
5,134.2
6,134.2
6,134.2
0,134.2
0,134.2
1,133.1
1,133.1
2,133.1
2,133.1
3,131.8
3,131.8
4,131.8
4,131.8
5,155.9
5,155.9
6,155.9
6,155.9
0,155.4
0,155.4
1,155.4
1,155.4
2,153.9
2,153.9
3,152.9
3,152.9
4,145.4
4,145.4
5,145.4
5,145.4
6,145.4
6,145.4
0,145.4
0,141.2
1,140.8
1,137.9
2,137.4
2,137.4
3,137.4
3,137.4
4,134.6
4,134.6
5,134.6
5,134.6
6,134.6
6,134.6
0,132.2
0,132.2
1,132.2
1,132.2
2,130.1
2,130.1
3,130.1
3,130.1
4,130.1
4,130.1
5,130.1
5,130.1
6,130.1
6,130.1
0,130.1
0,130.1
1,130.1
1,130.1
2,130.1
2,157.9
3,157.9
3,157.9
4,157.9
4,157.9
5,157.9
5,157.9
6,157.9
6,157.9
0,153.2
0,153.2
1,149.7
1,149.7
2,149.7
2,149.7
3,145.8
3,145.8
4,145.8
4,144.8
5,144.8
5,144.8
6,144.8
6,144.8
0,144.8
0,144.8
1,144.8
1,140.6
2,140.6
2,140.6
3,140.6
3,140.1
4,140.1
4,140.1
5,140.1
5,140.1
6,140.1
6,140.1
0,136.4
0,136.4
1,136.4
1,136.4
2,136.4
2,136.4
3,134.9
3,134.9
4,134.9
4,134.4
5,134.4
5,134.4
6,133.9
6,133.9
0,133.9
0,133.9
1,133.9
1,132.9
2,132.9
2,131.9
3,131.9
3,131.9
4,131.9
4,131.9
5,131.9
5,131.9
6,131.9
6,131.9
0,131.9
0,131.9
1,131.9
1,131.9
2,131.9
2,131.9
3,131.9
3,147.65
4,147.65
4,147.65
5,147.65
5,147.65
6,147.65
6,147.65
0,147.65
0,147.65
1,147.65
1,147.65
2,142.2
2,142.2
3,142.2
3,142.2
4,142.2
4,142.2
5,142.2
5,142.2
6,142.2
6,140.9
0,134.93333333333334
0,132.2
1,132.2
1,132.2
2,127.45
2,127.45
3,124.7
3,124.7
4,124.7
4,124.7
5,124.7
5,124.7
6,124.7
6,124.7
0,124.7
0,124.7
1,124.15
1,124.15
2,123.2
2,123.2
3,122.8
3,122.8
4,122.8
4,122.8
5,122.8
5,122.8
6,122.8
6,122.8
0,122.8
0,122.8
1,122.8
1,122.8
2,122.8
2,122.8
3,122.8
3,122.8
4,122.8
4,122.8
5,122.8
5,122.8
6,122.8
6,122.8
0,122.8
0,122.8
1,122.8
1,150.9
2,150.9
2,150.9
3,150.9
3,150.9
4,147.23333333333335
4,147.23333333333335
5,145.4
5,145.4
6,145.4
6,145.4
0,145.4
0,145.4
1,145.4
1,145.4
2,145.4
2,145.4
3,145.4
3,145.4
4,145.4
4,144.4
5,144.4
5,144.4
6,144.4
6,144.4
0,141.73333333333332
0,138.4
1,138.4
1,138.4
2,138.4
2,138.4
3,138.4
3,138.4
4,140.4
4,139.4
5,139.4
5,139.4
6,139.4
6,139.4
0,139.4
0,139.4
1,139.4
1,128.4
2,128.4
2,128.4
3,128.4
3,128.4
4,128.4
4,128.4
5,144.65
5,144.65
6,160.9
6,160.9
0,160.4
0,160.4
1,159.9
1,159.9
2,159.9
2,159.9
3,158.9
3,158.9
4,156.9
4,156.9
5,155.9
5,155.9
6,155.9
6,155.9
0,155.9
0,155.9
1,155.9
1,155.9
2,155.9
2,155.9
3,154.9
3,154.9
4,153.9
4,153.9
5,153.9
5,153.9
6,153.9
6,153.9
0,151.9
0,151.9
1,142.2
1,142.2
2,142.4
2,142.4
3,142.4
3,142.4
4,142.4
4,142.4
5,142.4
5,142.4
6,142.4
6,142.4
0,142.4
0,142.4
1,142.4
1,142.4
2,137.7
2,137.7
3,141.4
3,141.4
4,141.4
4,141.4
5,141.4
5,160.9
6,160.9
6,160.9
0,160.9
0,160.9
1,160.9
1,159.9
2,159.9
2,159.4
3,157.9
3,157.9
4,157.9
4,157.9
5,157.9
5,157.9
6,157.9
6,157.9
0,157.9
0,157.9
1,153.9
1,142.9
2,142.9
2,140.9
3,138.8
3,138.8
4,137.7
4,137.7
5,139.4
5,139.4
6,139.4
6,139.4
0,139.4
0,139.4
1,139.4
1,139.4
2,139.4
2,139.4
3,139.4
3,139.4
4,139.4
4,162.9
5,162.9
5,162.9
6,162.9
6,162.9
0,162.9
0,162.9
1,162.9
1,162.9
2,162.9
2,162.4
3,157.3
3,157.3
4,162.4
4,159.9
5,159.9
5,159.9
6,159.9
6,159.9
0,159.9
0,159.9
1,159.9
1,159.9
2,159.9
2,159.9
3,157.9
3,157.9
4,155.9
4,155.9
5,155.9
5,155.9
6,155.9
6,155.9
0,155.9
0,152.9
1,152.9
1,151.9
2,151.9
2,151.9
3,148.3
3,148.3
4,150.03333333333333
4,149.7
5,149.7
5,149.7
6,149.5
6,167.9
0,167.9
0,167.8
1,167.8
1,167.8
2,165.35000000000002
2,167.8
3,162.8
3,162.8
4,167.8
4,167.8
5,167.8
5,167.8
6,167.8
6,167.8
0,167.8
0,167.8
1,167.4
1,167.4
2,167.4
2,167.4
3,154.2
3,167.4
4,167.4
4,158.9
5,158.9
5,158.9
6,158.9
6,158.9
0,158.9
0,158.9
1,158.9
1,158.9
2,158.9
2,149.9
3,149.9
3,149.9
4,145.9
4,145.9
5,145.9
5,145.9
6,145.9
6,145.9
0,145.9
0,145.9
1,145.9
1,147.5
2,149.9
2,149.9
3,149.9
3,149.9
4,167.9
4,167.9
5,167.9
5,167.9
6,167.9
6,167.9
0,167.9
0,167.9
1,165.0
1,165.0
2,162.1
2,162.1
3,167.9
3,167.9
4,162.1
4,162.1
5,162.1
5,162.1
6,162.1
6,162.1
0,162.1
0,162.1
1,162.1
1,162.1
2,163.9
2,158.45000000000002
3,152.7
3,148.6
4,145.4
4,143.3
5,142.3
5,142.3
6,142.3
6,142.3
0,141.8
0,141.8
1,140.7
1,140.7
2,140.7
2,139.8
3,139.8
3,139.8
4,139.8
4,139.8
5,138.7
5,138.7
6,138.7
6,138.7
0,138.7
0,138.7
1,138.2
1,138.2
2,138.2
2,138.2
3,138.2
3,138.2
4,138.2
4,138.2
5,167.9
5,167.9
6,167.9
6,167.9
0,167.9
0,167.9
1,167.9
1,167.9
2,167.9
2,167.9
3,167.9
3,167.9
4,167.9
4,167.9
5,167.9
5,167.9
6,167.9
6,167.9
0,167.9
0,167.9
1,167.9
1,167.9
2,162.9
2,162.9
3,162.9
3,162.9
4,159.9
4,159.9
5,159.9
5,159.9
6,159.9
6,159.9
0,159.9
0,159.9
1,159.9
1,159.9
2,159.9
2,159.9
3,159.9
3,159.9
4,159.9
4,159.9
5,159.9
5,159.9
6,159.9
6,159.9
0,157.9
0,157.9
1,155.9
1,155.9
2,151.75
2,151.75
3,151.75
3,151.75
4,151.75
4,151.75
5,151.75
5,151.75
6,151.75
6,151.75
0,151.75
0,145.6
1,145.6
1,145.6
2,145.3
2,145.3
3,145.3
3,145.3
4,145.3
4,145.3
5,145.3
5,145.3
6,145.3
6,145.3
0,145.3
0,145.3
1,145.3
1,145.3
2,145.3
2,145.3
3,167.9
3,167.9
4,167.9
4,167.9
5,167.9
5,167.9
6,167.9
6,167.9
0,167.9
0,167.9
1,167.9
1,167.9
2,167.9
2,167.9
3,165.9
3,165.9
4,165.9
4,165.9
5,165.9
5,164.9
6,164.9
6,164.7
0,162.9
0,158.4
1,158.3
1,157.8
2,155.3
2,153.2
3,152.7
3,151.85
4,151.85
4,151.85
5,151.1
5,150.6
6,150.6
6,150.6
0,150.4
0,149.9
1,149.4
1,148.9
2,148.9
2,148.9
3,148.9
3,148.9
4,148.9
4,148.9
5,148.9
5,148.9
6,148.9
6,148.9
0,167.9
0,167.9
1,167.9
1,167.9
2,167.4
2,167.4
3,165.1
3,165.1
4,163.9
4,163.9
5,162.4
5,162.4
6,162.4
6,161.9
0,161.4
0,156.4
1,156.4
1,156.4
2,147.9
2,147.9
3,147.9
3,147.9
4,147.9
4,147.9
5,147.9
5,147.9
6,147.9
6,147.9
0,147.9
0,147.9
1,147.9
1,147.9
2,144.7
2,144.7
3,144.7
3,144.7
4,144.7
4,144.7
5,144.7
5,144.7
6,144.7
6,144.7
0,141.6
0,140.4
1,140.4
1,139.8
2,139.8
2,139.8
3,139.8
3,139.8
4,140.5
4,140.5
5,169.9
5,169.9
6,169.9
6,169.9
0,169.9
0,169.9
1,164.2
1,162.56666666666666
2,162.56666666666666
2,159.7
3,159.7
3,159.7
4,159.7
4,159.7
5,159.7
5,159.7
6,159.7
6,159.7
0,159.7
0,155.1
1,155.1
1,153.96666666666667
2,153.96666666666667
2,147.9
3,147.9
3,143.9
4,143.9
4,143.9
5,143.7
5,143.7
6,142.4
6,142.4
0,142.4
0,142.4
1,142.4
1,142.4
2,142.4
2,142.4
3,142.4
3,174.9
4,174.9
4,174.9
5,166.4
5,162.1
6,162.1
6,162.1
