0,0
0,0
1,105.9
1,105.9
2,105.9
2,105.9
3,105.9
3,105.9
4,105.9
4,105.9
5,105.9
5,105.9
6,105.9
6,105.9
0,105.9
0,105.5
1,105.5
1,103.9
2,103.9
2,103.9
3,103.9
3,103.9
4,103.9
4,103.9
5,103.9
5,103.9
6,103.9
6,103.9
0,103.9
0,103.9
1,103.9
1,103.9
2,103.9
2,103.9
3,103.9
3,103.9
4,103.9
4,103.9
5,103.9
5,103.9
6,103.9
6,103.9
0,103.9
0,103.9
1,103.9
1,103.9
2,103.9
2,99.9
3,99.9
3,99.9
4,99.9
4,99.9
5,99.9
5,99.9
6,99.9
6,99.9
0,99.9
0,99.9
1,99.9
1,99.9
2,99.9
2,99.9
3,99.9
3,99.9
4,99.9
4,99.9
5,99.9
5,99.9
6,99.9
6,99.9
0,99.9
0,99.9
1,99.9
1,99.9
2,99.9
2,99.9
3,127.9
3,127.9
4,127.9
4,126.9
5,126.9
5,126.9
6,126.9
6,126.9
0,99.9
0,99.9
1,99.9
1,99.9
2,99.9
2,99.9
3,99.9
3,99.9
4,99.9
4,99.9
5,99.9
5,99.9
6,99.9
6,99.9
0,99.9
0,99.9
1,99.9
1,99.9
2,99.9
2,99.9
3,99.9
3,99.9
4,99.9
4,99.9
5,99.9
5,99.9
6,99.9
6,99.9
0,99.9
0,99.9
1,99.9
1,99.9
2,99.9
2,99.9
3,99.9
3,99.9
4,99.9
4,99.9
5,99.9
5,99.9
6,99.9
6,99.9
0,99.9
0,99.9
1,99.9
1,99.9
2,99.9
2,99.9
3,99.9
3,99.9
4,99.9
4,99.9
5,99.9
5,99.9
6,99.9
6,99.9
0,99.9
0,99.9
1,99.9
1,99.9
2,99.9
2,99.9
3,99.9
3,99.9
4,99.9
4,99.9
5,99.9
5,99.9
6,99.9
6,99.9
0,99.9
0,99.9
1,99.9
1,99.9
2,99.9
2,99.9
3,99.9
3,99.9
4,99.9
4,99.9
5,99.9
5,99.9
6,99.9
6,99.9
0,99.9
0,99.9
1,99.9
1,99.9
2,99.9
2,99.9
3,99.9
3,99.9
4,99.9
4,99.9
5,99.9
5,99.9
6,99.9
6,99.9
0,99.9
0,99.9
1,99.9
1,99.9
2,99.9
2,99.9
3,99.9
3,99.9
4,99.9
4,99.9
5,99.9
5,99.9
6,99.9
6,99.9
0,99.9
0,99.9
1,99.9
1,99.9
2,99.9
2,99.9
3,99.9
3,99.9
4,99.9
4,99.9
5,99.9
5,99.9
6,99.9
6,99.9
0,99.9
0,99.9
1,99.9
1,99.9
2,99.9
2,99.9
3,99.9
3,99.9
4,99.9
4,99.9
5,99.9
5,99.9
6,99.9
6,99.9
0,99.9
0,99.9
1,99.9
1,99.9
2,99.9
2,99.9
3,99.9
3,99.9
4,99.9
4,99.9
5,99.9
5,99.9
6,99.9
6,99.9
0,99.9
0,99.9
1,99.9
1,99.9
2,99.9
2,99.9
3,125.5
3,125.5
4,125.5
4,125.5
5,125.5
5,125.5
6,125.5
6,125.5
0,125.5
0,125.5
1,125.5
1,125.5
2,125.3
2,125.3
3,125.3
3,125.3
4,125.3
4,125.3
5,125.3
5,125.3
6,125.3
6,125.3
0,125.3
0,125.3
1,125.3
1,125.3
2,125.3
2,127.9
3,127.9
3,127.9
4,127.9
4,126.9
5,126.9
5,126.9
6,126.9
6,126.9
0,126.9
0,126.9
1,126.9
1,126.9
2,126.9
2,126.9
3,126.9
3,126.9
4,126.9
4,126.9
5,126.7
5,126.7
6,126.7
6,126.7
0,126.7
0,126.7
1,126.7
1,126.7
2,126.7
2,126.7
3,126.7
3,126.7
4,126.7
4,126.7
5,126.7
5,126.7
6,126.7
6,126.7
0,126.7
0,126.7
1,126.7
1,126.7
2,126.7
2,126.7
3,126.7
3,126.7
4,126.7
4,126.3
5,126.3
5,144.9
6,144.9
6,144.9
0,144.9
0,144.9
1,144.9
1,144.4
2,144.4
2,144.4
3,144.4
3,144.4
4,144.4
4,144.4
5,144.4
5,144.4
6,144.4
6,144.4
0,144.4
0,144.4
1,144.4
1,144.4
2,144.4
2,144.4
3,144.4
3,139.9
4,139.9
4,139.9
5,139.9
5,139.9
6,139.9
6,139.9
0,139.9
0,139.9
1,139.9
1,139.9
2,139.9
2,139.9
3,139.9
3,139.9
4,139.9
4,139.9
5,139.9
5,139.9
6,139.9
6,139.9
0,139.9
0,139.9
1,139.9
1,139.9
2,139.9
2,139.9
3,139.9
3,139.9
4,139.9
4,139.9
5,139.9
5,139.9
6,139.9
6,139.9
0,139.9
0,139.9
1,139.9
1,139.9
2,139.9
2,139.5
3,139.5
3,139.5
4,139.5
4,139.5
5,139.5
5,139.5
6,139.5
6,139.5
0,139.5
0,139.5
1,139.5
1,139.5
2,139.5
2,139.5
3,139.5
3,139.5
4,139.5
4,139.5
5,139.5
5,139.5
6,139.5
6,139.5
0,139.5
0,139.5
1,139.5
1,139.5
2,139.5
2,139.5
3,139.5
3,139.5
4,139.5
4,139.5
5,139.5
5,139.5
6,139.5
6,139.5
0,139.5
0,139.5
1,139.5
1,139.5
2,139.5
2,139.5
3,133.7
3,127.9
4,127.9
4,127.9
5,127.9
5,127.9
6,127.9
6,127.9
0,127.9
0,127.9
1,127.9
1,127.9
2,127.9
2,127.9
3,127.9
3,127.9
4,127.9
4,127.9
5,127.9
5,127.9
6,127.9
6,126.4
0,126.4
0,126.4
1,126.4
1,126.4
2,122.7
2,122.7
3,122.7
3,122.7
4,122.7
4,122.7
5,122.7
5,122.7
6,122.7
6,122.7
0,122.7
0,122.7
1,122.7
1,122.7
2,122.7
2,122.7
3,118.9
3,118.9
4,118.9
4,118.9
5,118.9
5,118.9
6,118.9
6,118.9
0,118.9
0,118.9
1,118.9
1,118.9
2,118.9
2,118.9
3,118.9
3,118.9
4,118.9
4,118.9
5,118.9
5,118.9
6,118.9
6,115.9
0,115.9
0,115.9
1,115.9
1,115.9
2,115.9
2,115.9
3,115.9
3,115.9
4,115.9
4,115.9
5,115.9
5,115.9
6,115.9
6,115.9
0,115.9
0,137.9
1,137.9
1,137.9
2,137.9
2,115.4
3,115.4
3,115.4
4,115.4
4,115.4
5,115.4
5,115.4
6,115.4
6,115.4
0,115.4
0,115.4
1,115.4
1,115.4
2,115.4
2,115.4
3,115.4
3,115.4
4,115.4
4,115.4
5,115.4
5,115.4
6,115.4
6,115.4
0,115.4
0,115.4
1,115.4
1,137.9
2,137.9
2,137.9
3,137.9
3,137.9
4,137.4
4,137.4
5,137.4
5,137.4
6,137.4
6,137.4
0,137.4
0,137.4
1,137.4
1,137.4
2,137.4
2,135.4
3,135.4
3,135.4
4,134.9
4,134.9
5,134.9
5,134.9
6,134.9
6,134.9
0,134.9
0,134.9
1,134.9
1,134.9
2,134.9
2,134.9
3,134.9
3,134.9
4,134.9
4,134.9
5,134.9
5,134.9
6,134.9
6,134.9
0,134.9
0,134.9
1,134.9
1,134.9
2,134.9
2,134.9
3,134.9
3,127.9
4,127.9
4,127.9
5,127.9
5,127.9
6,127.9
6,127.9
0,127.9
0,127.9
1,127.9
1,127.9
2,127.9
2,127.9
3,127.9
3,127.9
4,127.9
4,127.9
5,127.9
5,127.9
6,127.9
6,127.9
0,127.9
0,127.9
1,127.9
1,127.9
2,127.9
2,127.9
3,139.9
3,139.9
4,139.9
4,139.9
5,134.9
5,134.9
6,134.9
6,134.9
0,134.9
0,134.9
1,134.9
1,134.9
2,134.9
2,134.9
3,134.9
3,134.9
4,134.9
4,134.9
5,134.9
5,134.9
6,134.9
6,134.9
0,134.9
0,134.9
1,132.9
1,132.9
2,132.9
2,132.9
3,132.9
3,132.9
4,132.9
4,132.9
5,132.9
5,132.9
6,132.9
6,132.9
0,132.9
0,132.9
1,132.9
1,132.9
2,132.9
2,132.9
3,132.9
3,132.7
4,132.7
4,131.7
5,131.7
5,131.7
6,131.7
6,131.7
0,130.7
0,129.8
1,129.0
1,121.9
2,121.9
2,121.9
3,121.9
3,121.9
4,115.9
4,115.9
5,115.9
5,115.9
6,115.9
6,115.9
0,115.9
0,115.9
1,115.9
1,115.9
2,113.9
2,113.9
3,115.9
3,115.9
4,111.9
4,111.9
5,111.9
5,111.9
6,111.9
6,111.9
0,111.9
0,111.9
1,111.9
1,111.9
2,111.9
2,129.9
3,111.9
3,111.9
4,111.9
4,111.9
5,111.9
5,111.9
6,111.9
6,111.9
0,111.9
0,111.9
1,111.9
1,111.9
2,111.9
2,111.9
3,111.9
3,111.9
4,111.9
4,111.9
5,111.9
5,111.9
6,111.9
6,111.9
0,111.9
0,111.9
1,111.9
1,111.9
2,111.9
2,111.9
3,111.9
3,111.9
4,111.9
4,111.9
5,111.9
5,111.9
6,111.9
6,111.9
0,111.9
0,111.9
1,111.9
1,111.9
2,111.9
2,111.9
3,111.9
3,111.9
4,111.9
4,111.9
5,111.9
5,111.9
6,111.9
6,111.9
0,111.9
0,111.9
1,111.9
1,132.9
2,132.9
2,132.9
3,132.9
3,132.9
4,132.9
4,132.9
5,131.9
5,131.9
6,130.9
6,130.9
0,130.9
0,130.9
1,130.9
1,130.9
2,130.9
2,130.9
3,130.9
3,130.9
4,130.9
4,130.9
5,130.9
5,130.9
6,130.9
6,130.9
0,130.9
0,130.9
1,129.9
1,129.9
2,128.9
2,128.9
3,128.9
3,128.9
4,128.9
4,128.9
5,128.9
5,128.9
6,128.9
6,128.9
0,128.9
0,128.9
1,128.9
1,128.9
2,128.9
2,127.9
3,127.9
3,127.9
4,127.9
4,121.9
5,121.9
5,121.9
6,121.9
6,121.9
0,121.9
0,121.9
1,121.9
1,121.9
2,121.4
2,121.4
3,120.9
3,120.9
4,120.9
4,120.9
5,120.9
5,120.9
6,120.9
6,120.9
0,120.9
0,120.9
1,120.9
1,120.9
2,120.9
2,120.9
3,120.9
3,120.9
4,120.9
4,120.9
5,120.9
5,120.9
6,120.9
6,120.9
0,120.9
0,120.9
1,120.9
1,120.9
2,120.9
2,120.9
3,120.9
3,120.9
4,120.9
4,120.9
5,120.9
5,120.9
6,120.9
6,120.9
0,120.9
0,120.9
1,120.9
1,120.9
2,120.9
2,120.9
3,120.9
3,120.9
4,120.9
4,120.9
5,120.9
5,120.9
6,120.9
6,120.9
0,120.9
0,120.9
1,120.9
1,120.9
2,120.9
2,120.9
3,120.9
3,139.9
4,120.9
4,120.9
5,120.9
5,120.9
6,120.9
6,120.9
0,120.9
0,120.9
1,120.9
1,120.9
2,120.9
2,120.9
3,120.9
3,120.9
4,120.9
4,120.9
5,120.9
5,120.9
6,120.9
6,120.9
0,120.9
0,120.9
1,120.9
1,120.9
2,120.9
2,120.9
3,120.9
3,120.9
4,120.9
4,142.9
5,142.9
5,142.9
6,142.9
6,142.9
0,142.9
0,142.9
1,142.9
1,142.9
2,142.9
2,142.9
3,142.9
3,142.9
4,142.9
4,139.9
5,138.9
5,138.9
6,138.9
6,138.9
0,138.9
0,138.9
1,138.9
1,138.9
2,138.9
2,138.9
3,138.9
3,138.9
4,138.9
4,138.9
5,138.9
5,138.9
6,138.9
6,138.9
0,138.9
0,138.9
1,138.9
1,138.9
2,138.9
2,138.9
3,138.9
3,138.9
4,138.9
4,139.7
5,139.7
5,139.7
6,139.7
6,136.7
0,136.7
0,136.7
1,136.7
1,136.7
2,136.7
2,136.7
3,136.7
3,136.7
4,136.7
4,136.7
5,136.7
5,136.7
6,136.7
6,136.7
0,136.7
0,136.7
1,136.7
1,136.7
2,136.7
2,136.7
3,136.7
3,136.7
4,136.7
4,136.7
5,136.7
5,136.7
6,136.7
6,136.7
0,136.7
0,136.7
1,136.7
1,136.7
2,136.7
2,136.7
3,136.7
3,136.7
4,136.7
4,136.7
5,136.7
5,136.7
6,136.7
6,136.7
0,136.7
0,136.7
1,136.7
1,136.7
2,136.7
2,136.7
3,135.9
3,135.9
4,147.9
4,147.9
5,147.9
5,147.9
6,147.9
6,147.9
0,147.9
0,146.7
1,146.7
1,146.7
2,146.7
2,146.7
3,146.7
3,146.7
4,146.7
4,146.7
5,146.7
5,146.7
6,146.7
6,146.7
0,144.7
0,144.7
1,144.7
1,144.7
2,144.7
2,144.7
3,144.7
3,143.7
4,143.7
4,143.7
5,143.7
5,143.7
6,143.7
6,143.7
0,143.7
0,143.7
1,143.7
1,143.7
2,143.7
2,143.7
3,143.7
3,143.7
4,143.7
4,143.7
5,143.7
5,143.7
6,143.7
6,143.7
0,143.7
0,143.7
1,143.7
1,143.7
2,143.7
2,143.7
3,143.7
3,143.7
4,143.7
4,143.7
5,143.7
5,147.9
6,147.9
6,147.9
0,147.9
0,147.9
1,143.7
1,143.7
2,143.7
2,143.7
3,143.7
3,143.7
4,143.7
4,143.7
5,143.7
5,143.7
6,143.7
6,143.7
0,143.7
0,143.7
1,143.7
1,143.7
2,143.7
2,139.9
3,139.9
3,139.9
4,139.9
4,139.9
5,139.9
5,139.9
6,139.9
6,139.9
0,139.9
0,139.9
1,139.9
1,139.9
2,139.9
2,139.9
3,139.9
3,139.9
4,139.9
4,139.9
5,139.9
5,139.9
6,139.9
6,139.9
0,139.9
0,139.9
1,139.9
1,139.9
2,139.9
2,139.9
3,139.9
3,139.9
4,139.9
4,139.9
5,139.9
5,139.9
6,139.9
6,139.9
0,139.9
0,139.9
1,139.9
1,139.9
2,139.9
2,139.9
3,139.9
3,139.9
4,139.9
4,139.9
5,139.9
5,139.9
6,139.9
6,139.9
0,139.9
0,139.9
1,139.9
1,139.9
2,139.9
2,139.9
3,139.9
3,139.9
4,147.9
4,147.9
5,147.9
5,147.9
6,147.9
6,147.9
0,147.9
0,147.9
1,147.9
1,147.9
2,145.9
2,145.9
3,142.9
3,142.9
4,142.9
4,142.9
5,142.9
5,142.9
6,142.9
6,142.9
0,140.9
0,139.9
1,139.9
1,139.9
2,139.9
2,139.9
3,139.9
3,139.9
4,139.9
4,139.9
5,139.9
5,139.9
6,139.9
6,139.9
0,139.9
0,139.9
1,139.9
1,139.9
2,139.9
2,139.9
3,139.9
3,139.9
4,139.9
4,139.9
5,139.9
5,139.9
6,139.9
6,139.9
0,139.9
0,139.9
1,139.9
1,139.9
2,139.9
2,139.9
3,139.9
3,139.9
4,139.9
4,139.9
5,139.9
5,139.9
6,139.9
6,139.9
0,139.9
0,139.9
1,139.9
1,139.9
2,139.9
2,139.9
3,139.9
3,139.9
4,139.9
4,139.9
5,139.9
5,139.9
6,139.9
6,139.9
0,139.9
0,139.9
1,139.9
1,139.9
2,139.9
2,139.9
3,139.9
3,135.9
4,135.9
4,135.9
5,135.9
5,135.9
6,135.9
6,135.9
0,135.9
0,135.9
1,135.9
1,135.9
2,135.9
2,135.9
3,135.9
3,135.9
4,135.9
4,135.9
5,149.9
5,149.9
6,149.9
6,149.9
0,142.9
0,149.9
1,149.9
1,149.9
2,149.9
2,149.9
3,147.9
3,147.9
4,147.9
4,147.9
5,147.9
5,147.9
6,147.9
6,147.9
0,147.9
0,147.9
1,147.9
1,147.9
2,147.9
2,147.9
3,147.9
3,147.9
4,147.9
4,147.9
5,147.9
5,147.9
6,147.9
6,147.9
0,147.9
0,147.9
1,147.9
1,147.9
2,147.9
2,147.9
3,147.9
3,147.9
4,147.9
4,147.9
5,147.9
5,147.9
6,147.9
6,147.9
