0,0
0,126.9
1,122.9
1,121.9
2,120.9
2,120.9
3,120.9
3,120.9
4,118.9
4,118.9
5,117.9
5,117.9
6,117.9
6,117.9
0,117.9
0,115.9
1,115.9
1,115.9
2,115.9
2,115.9
3,115.9
3,115.9
4,115.9
4,115.9
5,115.9
5,115.9
6,115.9
6,115.9
0,115.9
0,115.9
1,115.9
1,115.9
2,115.9
2,115.9
3,115.9
3,143.4
4,143.4
4,143.4
5,142.4
5,142.4
6,142.4
6,142.4
0,142.4
0,139.9
1,139.9
1,137.9
2,136.9
2,133.9
3,133.9
3,131.9
4,131.9
4,131.9
5,130.9
5,130.9
6,130.9
6,130.9
0,127.4
0,127.4
1,124.9
1,124.9
2,124.9
2,124.9
3,119.9
3,119.9
4,119.9
4,119.9
5,119.9
5,119.9
6,119.9
6,117.9
0,117.9
0,117.9
1,117.9
1,117.9
2,145.9
2,145.9
3,145.9
3,143.65
4,143.65
4,143.65
5,142.9
5,142.9
6,142.9
6,140.9
0,139.9
0,139.9
1,136.9
1,135.9
2,135.9
2,135.9
3,135.7
3,133.9
4,132.9
4,132.9
5,132.9
5,132.9
6,132.9
6,131.9
0,129.4
0,126.9
1,124.65
1,124.65
2,124.65
2,122.9
3,122.9
3,122.9
4,122.9
4,146.4
5,146.4
5,146.4
6,146.4
6,146.4
0,146.4
0,146.4
1,146.4
1,146.4
2,146.4
2,146.4
3,146.4
3,139.9
4,139.9
4,139.9
5,139.9
5,139.9
6,139.9
6,139.9
0,139.9
0,139.9
1,139.9
1,139.9
2,139.9
2,139.9
3,139.9
3,139.9
4,139.9
4,139.9
5,139.9
5,139.9
6,139.9
6,139.9
0,139.9
0,139.9
1,139.9
1,139.9
2,139.9
2,139.9
3,139.9
3,139.9
4,139.9
4,139.9
5,139.9
5,139.9
6,139.9
6,139.9
0,139.9
0,139.9
1,139.9
1,139.9
2,139.9
2,139.9
3,139.9
3,139.9
4,139.9
4,139.9
5,139.9
5,139.9
6,139.9
6,139.9
0,139.9
0,139.9
1,139.9
1,139.9
2,139.9
2,139.9
3,139.9
3,139.9
4,139.9
4,139.9
5,139.9
5,139.9
6,139.9
6,139.9
0,139.9
0,139.9
1,139.9
1,139.9
2,139.9
2,139.9
3,139.9
3,139.9
4,139.9
4,139.9
5,139.9
5,139.9
6,139.9
6,139.9
0,139.9
0,139.9
1,139.9
1,139.9
2,139.9
2,139.9
3,139.9
3,139.9
4,139.9
4,139.9
5,139.9
5,139.9
6,139.9
6,139.9
0,139.9
0,139.9
1,139.9
1,139.9
2,139.9
2,139.9
3,139.9
3,139.9
4,139.9
4,139.9
5,139.9
5,139.9
6,139.9
6,139.9
0,139.9
0,139.9
1,139.9
1,139.9
2,139.9
2,139.9
3,139.9
3,139.9
4,139.9
4,139.9
5,139.9
5,139.9
6,139.9
6,139.9
0,139.9
0,139.9
1,139.9
1,139.9
2,139.9
2,139.9
3,139.9
3,139.9
4,139.9
4,139.9
5,139.9
5,127.9
6,149.9
6,149.9
0,149.9
0,149.9
1,149.9
1,147.9
2,147.9
2,147.9
3,147.9
3,147.9
4,147.9
4,147.9
5,147.9
5,147.9
6,146.9
6,146.9
0,145.4
0,145.4
1,143.9
1,143.9
2,143.9
2,144.9
3,144.9
3,142.9
4,142.9
4,142.9
5,142.9
5,142.9
6,142.9
6,142.9
0,142.9
0,142.9
1,142.9
1,142.9
2,142.9
2,141.4
3,141.4
3,141.4
4,141.4
4,141.4
5,141.4
5,141.4
6,141.4
6,141.4
0,138.9
0,138.9
1,138.9
1,138.9
2,138.9
2,138.9
3,138.9
3,138.9
4,138.9
4,138.9
5,138.9
5,138.9
6,138.9
6,138.9
0,138.9
0,138.9
1,138.9
1,138.9
2,138.9
2,138.9
3,138.9
3,160.9
4,160.9
4,160.9
5,160.9
5,160.9
6,157.9
6,157.9
0,157.9
0,157.9
1,157.9
1,157.9
2,157.9
2,157.9
3,157.9
3,154.9
4,154.9
4,154.9
5,154.9
5,154.9
6,154.9
6,154.9
0,153.9
0,153.9
1,152.9
1,151.4
2,149.9
2,148.9
3,148.9
3,147.9
4,145.9
4,145.9
5,145.9
5,145.9
6,145.9
6,145.9
0,142.9
0,142.9
1,142.9
1,141.9
2,141.9
2,141.9
3,141.9
3,141.9
4,137.9
4,137.9
5,137.9
5,137.9
6,137.9
6,137.9
0,137.9
0,137.9
1,137.9
1,137.9
2,137.9
2,137.9
3,137.9
3,137.9
4,137.9
4,137.9
5,137.9
5,137.9
6,137.9
6,137.9
0,137.9
0,137.9
1,137.9
1,137.9
2,137.9
2,137.9
3,137.9
3,137.9
4,137.9
4,137.9
5,137.9
5,137.9
6,137.9
6,137.9
0,133.9
0,133.9
1,133.9
1,133.9
2,130.9
2,130.9
3,130.9
3,130.9
4,130.9
4,158.9
5,158.9
5,158.9
6,158.9
6,158.9
0,157.9
0,157.9
1,157.9
1,157.9
2,157.9
2,157.9
3,157.9
3,155.9
4,155.9
4,155.9
5,155.9
5,155.9
6,155.9
6,155.9
0,154.9
0,154.9
1,147.9
1,147.9
2,147.9
2,147.9
3,147.9
3,147.9
4,146.9
4,146.9
5,146.9
5,146.9
6,146.9
6,146.9
0,145.9
0,143.9
1,143.9
1,143.9
2,143.9
2,141.9
3,139.9
3,138.9
4,138.9
4,137.9
5,137.9
5,137.9
6,137.9
6,137.9
0,137.9
0,137.9
1,135.9
1,135.9
2,133.9
2,133.9
3,133.9
3,133.9
4,133.9
4,133.9
5,133.9
5,133.9
6,133.9
6,133.9
0,133.9
0,133.9
1,133.9
1,133.9
2,133.9
2,133.9
3,133.9
3,133.9
4,133.9
4,133.9
5,133.9
5,132.9
6,132.9
6,132.9
0,130.9
0,130.9
1,130.9
1,130.9
2,130.9
2,130.9
3,130.9
3,128.9
4,128.9
4,128.9
5,128.9
5,128.9
6,128.9
6,127.9
0,127.9
0,127.9
1,126.9
1,126.9
2,126.9
2,126.9
3,126.9
3,125.7
4,125.7
4,125.7
5,125.7
5,153.9
6,153.9
6,153.9
0,153.9
0,153.9
1,150.9
1,150.9
2,150.9
2,150.9
3,150.9
3,150.9
4,150.9
4,150.9
5,150.9
5,150.9
6,147.9
6,146.9
0,146.9
0,146.9
1,146.9
1,146.7
2,146.7
2,143.9
3,143.9
3,143.9
4,143.9
4,143.9
5,143.9
5,143.9
6,143.9
6,143.9
0,135.9
0,139.9
1,137.9
1,137.9
2,137.9
2,137.9
3,135.9
3,135.9
4,135.9
4,135.9
5,135.9
5,135.9
6,135.9
6,135.9
0,135.9
0,135.9
1,135.9
1,135.9
2,135.9
2,135.9
3,155.9
3,155.9
4,155.9
4,155.9
5,155.9
5,155.9
6,155.9
6,155.9
0,155.4
0,155.4
1,153.9
1,153.9
2,153.9
2,153.9
3,152.9
3,152.9
4,151.9
4,146.9
5,144.9
5,144.9
6,144.9
6,144.9
0,141.9
0,141.9
1,141.9
1,136.9
2,136.9
2,136.9
3,136.9
3,133.9
4,132.9
4,132.9
5,132.9
5,132.9
6,132.9
6,132.9
0,132.9
0,132.9
1,132.9
1,132.9
2,132.9
2,132.9
3,132.9
3,132.9
4,132.9
4,132.9
5,132.9
5,132.9
6,157.9
6,157.9
0,157.9
0,157.9
1,157.9
1,157.9
2,157.9
2,155.9
3,155.9
3,155.9
4,155.9
4,155.9
5,155.9
5,155.9
6,155.9
6,155.9
0,155.9
0,155.9
1,153.9
1,149.9
2,149.9
2,149.9
3,147.4
3,147.4
4,143.9
4,143.9
5,143.9
5,143.9
6,143.9
6,142.9
0,141.9
0,141.9
1,140.7
1,139.9
2,139.9
2,136.7
3,136.7
3,136.7
4,136.7
4,136.7
5,135.9
5,135.9
6,135.9
6,135.9
0,133.9
0,133.9
1,131.9
1,131.9
2,129.9
2,129.9
3,129.3
3,129.1
4,128.9
4,128.9
5,128.4
5,127.9
6,127.9
6,127.9
0,127.9
0,127.5
1,127.5
1,125.9
2,125.9
2,125.5
3,125.5
3,124.9
4,124.9
4,124.9
5,124.9
5,123.9
6,123.9
6,123.9
0,123.9
0,123.9
1,123.9
1,123.9
2,123.9
2,123.9
3,123.9
3,123.9
4,147.4
4,147.4
5,147.4
5,147.4
6,147.4
6,147.4
0,147.4
0,147.4
1,147.4
1,147.4
2,145.9
2,145.9
3,142.9
3,142.9
4,142.9
4,141.4
5,141.4
5,141.4
6,141.4
6,141.4
0,139.9
0,134.7
1,132.7
1,132.7
2,130.9
2,130.9
3,130.9
3,130.9
4,130.9
4,130.9
5,129.9
5,129.9
6,129.4
6,129.4
0,128.4
0,128.4
1,127.9
1,127.9
2,127.4
2,127.4
3,126.9
3,125.9
4,125.9
4,125.9
5,125.9
5,125.9
6,125.9
6,125.9
0,125.4
0,125.4
1,124.4
1,124.4
2,123.9
2,123.9
3,123.9
3,123.9
4,123.9
4,123.9
5,123.9
5,123.9
6,123.9
6,123.9
0,123.9
0,123.9
1,137.4
1,137.4
2,150.9
2,150.9
3,149.9
3,147.9
4,147.9
4,146.9
5,145.4
5,145.4
6,143.9
6,143.9
0,143.8
0,141.9
1,141.9
1,141.9
2,141.9
2,141.9
3,141.9
3,137.9
4,137.9
4,136.4
5,135.9
5,135.9
6,134.4
6,134.4
0,132.4
0,132.4
1,131.9
1,131.9
2,131.9
2,131.9
3,130.5666666666667
3,130.5666666666667
4,130.5666666666667
4,130.5666666666667
5,130.5666666666667
5,130.5666666666667
6,130.5666666666667
6,130.5666666666667
0,126.9
0,126.9
1,126.9
1,126.9
2,126.9
2,126.9
3,126.9
3,126.9
4,126.9
4,126.9
5,126.9
5,126.9
6,126.9
6,126.9
0,159.9
0,159.9
1,159.9
1,159.9
2,159.7
2,156.4
3,155.9
3,153.9
4,153.9
4,153.9
5,153.9
5,153.9
6,153.9
6,146.9
0,146.4
0,146.4
1,145.4
1,142.9
2,142.4
2,142.4
3,141.9
3,141.9
4,139.5666666666667
4,139.5666666666667
5,137.4
5,137.4
6,136.9
6,136.9
0,136.9
0,136.9
1,136.4
1,136.4
2,136.4
2,136.4
3,133.9
3,133.9
4,133.9
4,132.5
5,132.5
5,132.5
6,132.5
6,131.9
0,131.9
0,131.9
1,130.9
1,130.9
2,130.9
2,130.9
3,130.9
3,130.9
4,160.9
4,160.9
5,160.9
5,160.9
6,160.9
6,160.9
0,160.9
0,160.9
1,157.9
1,157.9
2,157.9
2,157.9
3,155.9
3,151.9
4,150.9
4,150.9
5,150.9
5,150.7
6,150.7
6,150.5
0,150.5
0,150.3
1,150.3
1,147.9
2,147.9
2,142.9
3,142.9
3,142.9
4,142.9
4,140.9
5,140.9
5,140.9
6,140.9
6,139.9
0,139.9
0,139.9
1,139.9
1,139.9
2,139.9
2,139.9
3,137.9
3,137.9
4,162.9
4,162.9
5,162.9
5,162.9
6,162.9
6,162.9
0,162.9
0,162.9
1,162.9
1,157.9
2,157.9
2,157.9
3,157.9
3,157.9
4,157.9
4,157.9
5,157.9
5,157.9
6,157.9
6,157.9
0,157.9
0,157.9
1,157.9
1,157.9
2,155.9
2,155.9
3,155.9
3,155.9
4,155.9
4,155.9
5,155.9
5,154.9
6,154.9
6,154.9
0,154.9
0,154.9
1,154.9
1,151.4
2,151.4
2,143.9
3,143.9
3,143.9
4,143.9
4,143.9
5,143.9
5,143.9
6,165.9
6,165.9
0,165.9
0,165.9
1,165.9
1,165.9
2,167.9
2,167.9
3,167.9
3,167.9
4,167.9
4,167.9
5,167.9
5,167.9
6,167.9
6,167.9
0,167.9
0,167.9
1,167.9
1,167.9
2,167.9
2,162.8
3,162.8
3,162.8
4,162.8
4,162.8
5,162.8
5,162.8
6,162.8
6,162.8
0,162.8
0,162.8
1,162.8
1,162.8
2,159.7
2,154.5
3,154.5
3,154.5
4,154.5
4,154.5
5,153.7
5,152.7
6,151.9
6,151.9
0,151.9
0,149.7
1,147.9
1,147.9
2,147.9
2,147.9
3,147.9
3,147.9
4,147.9
4,167.9
5,167.9
5,167.9
6,167.9
6,167.9
0,167.9
0,167.9
1,167.9
1,167.9
2,167.9
2,167.9
3,168.4
3,168.4
4,168.4
4,168.4
5,168.4
5,168.4
6,165.7
6,165.7
0,165.7
0,165.7
1,163.7
1,162.4
2,162.4
2,160.9
3,158.9
3,157.9
4,157.7
4,157.7
5,157.7
5,153.83333333333334
6,151.9
6,150.9
0,150.9
0,150.9
1,150.9
1,150.9
2,149.9
2,149.9
3,149.9
3,149.9
4,149.9
4,149.9
5,149.9
5,147.9
6,147.9
6,147.9
0,147.9
0,147.9
1,147.9
1,147.9
2,147.9
2,147.9
3,147.9
3,147.9
4,147.9
4,167.9
5,167.9
5,167.9
6,167.9
6,167.9
0,167.9
0,167.9
1,167.9
1,167.9
2,167.9
2,167.9
3,166.7
3,166.7
4,166.7
4,165.7
5,165.7
5,165.7
6,165.7
6,165.7
0,165.7
0,165.7
1,165.7
1,165.7
2,159.7
2,159.7
3,159.7
3,159.7
4,157.7
4,157.7
5,157.7
5,157.7
6,157.7
6,157.7
0,157.7
0,157.7
1,157.7
1,154.7
2,153.9
2,153.9
3,146.7
3,146.7
4,146.7
4,146.7
5,146.7
5,146.7
6,146.7
6,146.7
0,146.7
0,146.7
1,146.7
1,146.7
2,149.9
2,144.2
3,144.2
3,144.2
4,144.2
4,144.2
5,144.2
5,142.7
6,141.9
6,141.9
0,141.9
0,141.9
1,141.9
1,141.9
2,141.9
2,141.9
3,141.9
3,141.9
4,141.9
4,141.9
5,141.9
5,141.9
6,141.9
6,141.9
0,141.9
0,141.9
1,141.9
1,141.9
2,141.9
2,167.9
3,167.9
3,167.9
4,167.9
4,167.9
5,167.9
5,167.9
6,167.9
6,165.9
0,165.9
0,161.9
1,161.9
1,161.9
2,161.9
2,161.9
3,161.9
3,161.9
4,161.9
4,161.9
5,159.5
5,159.5
6,159.5
6,157.9
0,156.9
0,152.5
1,152.5
1,152.5
2,152.5
2,152.5
3,152.5
3,152.5
4,148.3
4,148.3
5,148.3
5,148.3
6,148.3
6,145.4
0,142.7
0,142.7
1,142.7
1,142.7
2,140.9
2,140.9
3,140.9
3,140.9
4,140.9
4,140.9
5,140.9
5,140.9
6,140.9
6,140.9
0,167.9
0,167.9
1,167.9
1,167.9
2,167.9
2,165.9
3,165.9
3,165.9
4,162.9
4,162.9
5,162.9
5,162.9
6,161.9
6,161.9
0,161.9
0,161.9
1,160.4
1,160.4
2,157.9
2,157.9
3,152.85000000000002
3,147.9
4,147.9
4,147.9
5,147.9
5,146.9
6,146.9
6,146.9
0,146.9
0,146.9
1,146.9
1,146.9
2,141.9
2,141.9
3,141.9
3,141.9
4,141.9
4,141.9
5,141.9
5,141.9
6,141.9
6,141.9
0,141.9
0,141.9
1,141.9
1,141.9
2,141.9
2,141.9
3,141.9
3,141.9
4,157.4
4,157.4
5,157.4
5,157.4
6,157.4
6,157.4
0,167.9
0,167.9
1,165.9
1,165.9
2,163.9
2,163.9
3,163.9
3,162.9
4,162.9
4,162.9
5,162.9
5,160.9
6,158.9
6,158.9
0,157.9
0,157.9
1,157.9
1,157.9
2,157.9
2,156.9
3,156.9
3,156.9
4,156.9
4,156.9
5,151.9
5,151.9
6,151.9
6,151.9
0,151.9
0,151.9
1,151.9
1,151.9
2,151.9
2,150.9
3,150.9
3,174.9
4,174.9
4,174.9
5,172.9
5,172.9
6,172.9
6,169.9
