0,124.9
0,122.9
1,122.9
1,120.9
2,120.9
2,119.9
3,118.7666666666667
3,116.9
4,116.9
4,116.9
5,116.9
5,116.9
6,116.9
6,115.9
0,115.9
0,115.9
1,115.5
1,115.5
2,115.5
2,114.3
3,112.9
3,112.9
4,112.9
4,112.9
5,112.9
5,112.9
6,112.9
6,112.9
0,112.4
0,112.4
1,112.4
1,112.4
2,112.4
2,112.4
3,143.65
3,143.65
4,143.65
4,143.65
5,142.9
5,142.9
6,141.9
6,139.4
0,139.4
0,139.4
1,137.9
1,137.4
2,135.4
2,133.4
3,133.4
3,131.9
4,131.4
4,130.9
5,130.9
5,130.9
6,130.9
6,130.9
0,125.64999999999999
0,125.64999999999999
1,125.09999999999998
1,125.09999999999998
2,125.09999999999998
2,125.09999999999998
3,119.9
3,119.9
4,119.9
4,119.9
5,119.9
5,119.9
6,119.9
6,117.9
0,117.9
0,117.9
1,117.9
1,117.9
2,117.9
2,117.9
3,145.9
3,144.56666666666666
4,142.9
4,142.9
5,141.9
5,141.3
6,141.3
6,137.4
0,137.4
0,137.4
1,136.4
1,136.4
2,136.4
2,134.9
3,133.9
3,133.4
4,132.9
4,132.9
5,132.9
5,131.9
6,131.9
6,131.4
0,128.9
0,125.4
1,123.65
1,123.65
2,122.9
2,122.9
3,120.9
3,120.9
4,147.9
4,147.9
5,146.9
5,146.9
6,146.9
6,144.9
0,144.9
0,144.9
1,144.9
1,144.9
2,144.9
2,144.9
3,144.9
3,141.9
4,141.4
4,141.4
5,141.4
5,141.4
6,141.4
6,141.4
0,141.4
0,141.4
1,141.4
1,141.4
2,141.4
2,141.4
3,141.4
3,141.4
4,141.4
4,141.4
5,141.4
5,141.4
6,141.4
6,141.4
0,141.4
0,141.4
1,141.4
1,141.4
2,141.4
2,141.4
3,141.4
3,141.4
4,141.4
4,141.4
5,141.4
5,141.4
6,141.4
6,141.4
0,141.4
0,141.4
1,141.4
1,141.4
2,141.4
2,141.4
3,141.4
3,141.4
4,141.4
4,141.4
5,141.4
5,141.4
6,141.4
6,141.4
0,141.4
0,141.4
1,141.4
1,141.4
2,141.4
2,141.4
3,141.4
3,141.4
4,141.4
4,141.4
5,141.4
5,141.4
6,141.4
6,141.4
0,141.4
0,141.4
1,141.4
1,141.4
2,141.4
2,141.4
3,141.4
3,141.4
4,141.4
4,141.4
5,141.4
5,141.4
6,141.4
6,141.4
0,141.4
0,141.4
1,141.4
1,141.4
2,141.4
2,141.4
3,141.4
3,141.4
4,141.4
4,141.4
5,141.4
5,141.4
6,141.4
6,141.4
0,141.4
0,141.4
1,141.4
1,141.4
2,141.4
2,141.4
3,141.4
3,141.4
4,141.4
4,141.4
5,141.4
5,141.4
6,141.4
6,141.4
0,141.4
0,141.4
1,141.4
1,141.4
2,141.4
2,141.4
3,141.4
3,141.4
4,141.4
4,141.4
5,141.4
5,141.4
6,141.4
6,141.4
0,141.4
0,141.4
1,141.4
1,141.4
2,141.4
2,141.4
3,141.4
3,121.4
4,121.4
4,121.4
5,121.4
5,121.4
6,149.9
6,149.9
0,149.9
0,149.4
1,149.4
1,149.4
2,149.4
2,149.4
3,149.4
3,149.4
4,149.4
4,149.4
5,149.4
5,149.4
6,149.4
6,149.4
0,147.9
0,147.9
1,147.4
1,147.4
2,147.4
2,147.4
3,147.4
3,147.4
4,147.4
4,147.4
5,147.4
5,147.4
6,147.4
6,147.4
0,147.4
0,145.9
1,145.9
1,141.9
2,141.9
2,140.9
3,140.9
3,140.9
4,140.9
4,140.4333333333333
5,139.9
5,138.9
6,138.9
6,138.9
0,138.9
0,138.9
1,138.9
1,138.9
2,138.9
2,138.9
3,136.9
3,136.9
4,136.9
4,136.9
5,136.9
5,136.9
6,136.9
6,136.9
0,136.9
0,136.9
1,136.9
1,136.9
2,136.9
2,136.7
3,136.7
3,160.9
4,160.9
4,160.9
5,160.9
5,160.4
6,160.4
6,160.4
0,160.4
0,160.4
1,160.4
1,160.4
2,160.4
2,160.4
3,160.4
3,160.4
4,160.4
4,160.4
5,160.4
5,160.4
6,160.4
6,160.4
0,153.9
0,152.9
1,151.9
1,150.9
2,149.7
2,149.7
3,149.7
3,145.9
4,145.9
4,144.9
5,144.9
5,143.9
6,142.9
6,142.9
0,142.9
0,142.9
1,142.9
1,141.9
2,141.4
2,140.9
3,140.9
3,140.9
4,134.4
4,134.4
5,134.4
5,134.4
6,134.4
6,134.4
0,134.4
0,133.9
1,132.9
1,131.9
2,131.9
2,131.9
3,131.9
3,131.9
4,131.9
4,131.9
5,131.9
5,131.9
6,129.9
6,129.9
0,129.9
0,129.4
1,129.4
1,129.4
2,129.4
2,129.4
3,129.4
3,129.4
4,129.4
4,129.4
5,129.4
5,129.4
6,129.4
6,129.4
0,128.9
0,128.9
1,128.5
1,128.5
2,128.5
2,128.5
3,128.5
3,160.9
4,160.9
4,160.9
5,160.9
5,160.4
6,160.4
6,160.4
0,160.4
0,160.4
1,160.4
1,160.4
2,158.9
2,155.9
3,155.9
3,155.9
4,155.9
4,155.9
5,155.9
5,154.9
6,154.9
6,154.9
0,154.9
0,154.9
1,147.4
1,147.4
2,147.4
2,147.4
3,147.4
3,147.4
4,146.9
4,145.9
5,145.9
5,144.9
6,144.9
6,144.9
0,143.9
0,141.9
1,141.9
1,140.9
2,139.9
2,139.9
3,138.9
3,138.9
4,137.7
4,137.7
5,136.7
5,135.9
6,135.9
6,135.9
0,135.9
0,134.9
1,134.9
1,134.9
2,133.9
2,133.9
3,133.9
3,133.9
4,133.9
4,133.9
5,133.9
5,133.9
6,133.9
6,133.9
0,133.9
0,133.9
1,133.9
1,131.95
2,131.95
2,131.95
3,131.95
3,131.95
4,131.95
4,130.4
5,130.4
5,130.4
6,129.9
6,129.9
0,129.9
0,128.9
1,128.9
1,128.4
2,127.9
2,126.9
3,125.9
3,125.9
4,125.9
4,125.9
5,125.9
5,125.9
6,125.9
6,125.9
0,124.9
0,124.9
1,124.9
1,124.9
2,124.9
2,124.9
3,124.9
3,123.7
4,123.7
4,123.7
5,123.7
5,155.9
6,155.9
6,155.4
0,155.4
0,155.4
1,155.4
1,155.4
2,150.9
2,150.9
3,150.9
3,150.9
4,150.9
4,150.9
5,150.9
5,150.9
6,146.4
6,146.4
0,146.4
0,146.4
1,146.4
1,146.4
2,145.9
2,143.9
3,143.9
3,143.9
4,143.9
4,142.9
5,141.9
5,141.9
6,140.9
6,140.9
0,140.9
0,139.9
1,137.9
1,137.9
2,137.9
2,135.9
3,135.9
3,135.9
4,135.9
4,135.9
5,135.9
5,135.9
6,135.9
6,135.9
0,135.15
0,134.4
1,134.4
1,133.4
2,133.4
2,132.4
3,131.9
3,143.65
4,143.65
4,143.65
5,155.4
5,155.4
6,155.4
6,155.4
0,153.9
0,153.9
1,153.9
1,153.9
2,153.9
2,153.9
3,152.4
3,144.4
4,144.4
4,144.4
5,144.4
5,144.4
6,144.4
6,144.4
0,139.9
0,135.4
1,135.4
1,135.4
2,135.4
2,135.4
3,132.9
3,132.9
4,132.9
4,132.9
5,132.9
5,132.9
6,132.9
6,132.9
0,132.9
0,132.4
1,132.4
1,131.9
2,131.9
2,131.9
3,131.9
3,131.9
4,131.9
4,131.9
5,131.9
5,131.9
6,131.9
6,131.9
0,131.9
0,157.9
1,157.9
1,157.9
2,157.9
2,157.9
3,157.9
3,155.9
4,155.9
4,155.9
5,155.9
5,155.9
6,155.9
6,155.9
0,155.9
0,155.9
1,154.9
1,149.65
2,149.65
2,148.9
3,145.9
3,145.4
4,143.9
4,143.4
5,142.9
5,142.4
6,141.9
6,141.9
0,141.9
0,140.65
1,140.65
1,139.9
2,139.9
2,136.7
3,135.9
3,134.4
4,134.4
4,133.4
5,133.4
5,133.4
6,133.4
6,132.9
0,131.5666666666667
0,130.4
1,130.4
1,129.9
2,129.9
2,129.4
3,129.1
3,129.1
4,129.1
4,128.4
5,128.4
5,127.9
6,127.9
6,127.9
0,127.9
0,126.9
1,125.9
1,125.4
2,125.4
2,124.9
3,124.9
3,124.4
4,124.4
4,123.65
5,123.65
5,123.65
6,123.65
6,122.9
0,122.9
0,122.4
1,122.4
1,121.9
2,121.9
2,133.9
3,133.9
3,147.4
4,147.4
4,147.4
5,147.4
5,147.4
6,147.4
6,147.4
0,145.9
0,145.9
1,145.9
1,145.9
2,145.9
2,145.9
3,142.9
3,142.9
4,142.9
4,141.23333333333332
5,139.9
5,139.9
6,139.9
6,139.9
0,139.9
0,134.04999999999998
1,132.29999999999998
1,132.29999999999998
2,130.4
2,130.4
3,130.4
3,130.4
4,130.4
4,130.4
5,129.4
5,129.4
6,129.23333333333335
6,127.9
0,127.4
0,127.4
1,126.9
1,126.9
2,126.65
2,126.65
3,126.4
3,125.4
4,125.4
4,124.9
5,124.9
5,124.9
6,124.9
6,124.9
0,124.65
0,124.65
1,123.9
1,123.9
2,123.4
2,123.4
3,123.4
3,123.4
4,123.4
4,123.4
5,123.4
5,123.4
6,123.4
6,123.4
0,123.15
0,123.15
1,136.9
1,136.9
2,150.9
2,150.9
3,149.75714285714284
3,147.5666666666667
4,147.4
4,144.56666666666666
5,143.4
5,143.4
6,143.4
6,143.4
0,143.15
0,141.9
1,141.9
1,141.4
2,141.4
2,141.4
3,141.4
3,137.4
4,137.4
4,136.4
5,135.4
5,135.4
6,133.56666666666666
6,133.56666666666666
0,132.15
0,131.4
1,131.4
1,129.9
2,129.9
2,128.4
3,128.4
3,128.4
4,130.4
4,130.4
5,130.4
5,130.4
6,130.4
6,130.4
0,126.65
0,126.65
1,126.4
1,126.4
2,126.4
2,126.4
3,126.4
3,126.4
4,126.4
4,126.4
5,126.4
5,126.4
6,126.4
6,126.4
0,159.9
0,159.9
1,159.9
1,159.9
2,158.9
2,156.15
3,155.4
3,153.65
4,153.4
4,153.4
5,153.4
5,153.4
6,151.73333333333332
6,151.73333333333332
0,147.15
0,147.15
1,144.9
1,142.4
2,141.9
2,141.9
3,139.73333333333332
3,137.9
4,137.65
4,137.65
5,136.9
5,136.9
6,136.4
6,136.4
0,136.4
0,136.4
1,135.9
1,134.9
2,132.9
2,132.9
3,131.9
3,131.9
4,131.9
4,131.9
5,131.9
5,131.9
6,131.9
6,130.9
0,130.9
0,129.9
1,129.9
1,129.9
2,129.9
2,129.9
3,129.9
3,129.9
4,129.9
4,160.9
5,160.9
5,160.9
6,160.9
6,160.9
0,160.4
0,160.4
1,160.4
1,158.9
2,158.9
2,158.9
3,153.4
3,153.4
4,150.4
4,150.4
5,149.9
5,149.9
6,149.9
6,149.9
0,149.9
0,149.9
1,147.65
1,147.65
2,146.9
2,142.4
3,142.4
3,142.4
4,141.9
4,140.65
5,140.65
5,140.65
6,140.65
6,139.4
0,139.4
0,139.4
1,137.9
1,137.9
2,137.9
2,137.9
3,136.9
3,162.9
4,162.9
4,160.9
5,160.9
5,160.9
6,160.9
6,160.9
0,160.9
0,157.9
1,157.9
1,157.9
2,157.9
2,157.9
3,157.9
3,157.9
4,157.9
4,157.9
5,157.9
5,157.9
6,156.9
6,156.9
0,155.9
0,155.9
1,155.9
1,155.9
2,155.9
2,155.9
3,155.4
3,155.4
4,155.4
4,155.4
5,155.4
5,154.65
6,154.65
6,154.65
0,153.9
0,151.9
1,151.4
1,150.9
2,150.9
2,143.4
3,143.4
3,143.4
4,143.4
4,143.4
5,142.7
5,142.7
6,167.9
6,167.9
0,167.9
0,167.9
1,167.9
1,167.9
2,167.4
2,167.4
3,167.4
3,167.4
4,167.4
4,163.9
5,163.9
5,163.9
6,163.9
6,163.9
0,163.9
0,163.9
1,163.9
1,163.9
2,163.9
2,161.4
3,161.4
3,161.4
4,161.4
4,161.4
5,161.4
5,161.4
6,161.4
6,161.4
0,161.4
0,161.4
1,158.9
1,158.9
2,158.4
2,154.5
3,153.9
3,153.9
4,153.9
4,152.4
5,148.9
5,148.9
6,146.9
6,146.9
0,146.9
0,145.2
1,145.2
1,145.2
2,142.9
2,142.9
3,142.9
3,167.9
4,167.9
4,167.9
5,167.9
5,167.9
6,167.9
6,167.9
0,167.9
0,167.9
1,167.9
1,167.9
2,167.9
2,167.9
3,167.9
3,167.9
4,167.9
4,167.9
5,165.9
5,165.9
6,165.9
6,165.9
0,165.9
0,165.9
1,162.9
1,161.9
2,161.7
2,159.9
3,157.9
3,157.9
4,157.4
4,157.4
5,157.4
5,153.15
6,151.4
6,150.65
0,150.65
0,150.65
1,148.9
1,148.9
2,147.4
2,147.4
3,147.4
3,147.4
4,147.4
4,147.4
5,147.4
5,147.4
6,147.4
6,147.4
0,147.4
0,147.4
1,147.4
1,147.4
2,144.4
2,144.4
3,144.4
3,144.4
4,144.4
4,167.9
5,167.9
5,167.9
6,167.9
6,167.9
0,167.9
0,167.9
1,167.9
1,167.9
2,165.9
2,165.9
3,165.9
3,165.9
4,165.9
4,165.9
5,165.9
5,165.9
6,165.9
6,165.9
0,165.9
0,158.9
1,158.9
1,158.9
2,158.9
2,158.9
3,156.9
3,156.9
4,156.9
4,154.9
5,153.9
5,153.9
6,152.9
6,152.23333333333335
0,148.9
0,146.9
1,146.9
1,146.9
2,145.9
2,145.5
3,145.5
3,145.5
4,144.9
4,144.9
5,144.9
5,144.9
6,144.9
6,144.9
0,144.9
0,143.9
1,143.9
1,143.9
2,143.9
2,143.4
3,143.4
3,143.4
4,143.4
4,142.9
5,142.9
5,141.4
6,141.4
6,141.4
0,140.9
0,140.9
1,139.9
1,139.9
2,139.9
2,139.3
3,139.3
3,139.3
4,139.3
4,139.3
5,139.3
5,139.3
6,139.3
6,139.3
0,139.3
0,139.3
1,139.3
1,168.9
2,168.9
2,168.9
3,168.9
3,166.9
4,166.9
4,165.9
5,165.9
5,165.9
6,163.9
6,163.9
0,163.9
0,159.9
1,159.9
1,159.9
2,158.9
2,158.9
3,158.9
3,158.9
4,157.9
4,157.9
5,157.9
5,157.9
6,157.9
6,157.9
0,156.9
0,152.5
1,152.5
1,152.5
2,152.4
2,151.65
3,151.65
3,148.4
4,147.4
4,147.4
5,147.4
5,147.4
6,141.6
6,141.6
0,141.6
0,141.6
1,141.6
1,141.6
2,138.9
2,138.9
3,138.9
3,138.9
4,138.9
4,138.9
5,138.9
5,138.9
6,167.9
6,167.9
0,167.9
0,167.9
1,167.9
1,167.9
2,166.9
2,165.4
3,165.4
3,165.4
4,163.9
4,163.9
5,163.9
5,163.9
6,161.8
6,161.8
0,161.8
0,161.7
1,159.8
1,159.8
2,159.8
2,159.8
3,149.7
3,149.7
4,149.7
4,149.7
5,149.7
5,149.7
6,149.7
6,149.7
0,149.7
0,149.7
1,149.7
1,149.7
2,141.65
2,141.65
3,141.65
3,141.65
4,141.65
4,141.65
5,141.65
5,141.65
6,141.65
6,141.65
0,141.65
0,141.65
1,141.65
1,141.65
2,141.65
2,141.65
3,141.65
3,141.65
4,141.65
4,169.9
5,169.9
5,169.9
6,169.9
6,169.9
0,169.9
0,169.9
1,169.9
1,168.4
2,168.4
2,165.9
3,163.9
3,162.4
4,162.4
4,162.4
5,160.9
5,160.9
6,158.9
6,158.9
0,158.9
0,158.9
1,158.9
1,157.9
2,157.9
2,156.9
3,156.9
3,156.9
4,156.9
4,156.9
5,155.4
5,155.4
6,155.4
6,155.4
0,151.9
0,151.9
1,151.9
1,151.9
2,150.9
2,174.9
3,174.9
3,174.4
4,172.9
4,172.9
5,172.9
5,172.9
6,169.9
6,169.9
