0,0
0,119.9
1,122.4
1,118.4
2,118.4
2,118.26666666666667
3,118.26666666666667
3,118.26666666666667
4,118.26666666666667
4,118.26666666666667
5,118.26666666666667
5,117.9
6,117.9
6,116.9
0,116.9
0,116.9
1,116.4
1,115.9
2,115.9
2,113.9
3,114.4
3,112.9
4,112.9
4,112.9
5,112.9
5,112.9
6,112.9
6,112.9
0,112.39999999999999
0,112.39999999999999
1,112.39999999999999
1,112.39999999999999
2,112.39999999999999
2,143.9
3,143.4
3,143.4
4,143.4
4,143.4
5,143.4
5,141.9
6,141.9
6,141.9
0,141.9
0,141.9
1,139.9
1,139.8
2,135.68571428571434
2,134.06666666666666
3,132.15000000000003
3,130.9
4,129.9
4,128.9
5,128.9
5,128.9
6,127.89999999999999
6,127.22000000000003
0,125.40000000000002
0,123.89999999999999
1,121.90000000000003
1,119.8
2,119.8
2,119.8
3,119.9
3,119.9
4,119.9
4,119.9
5,119.9
5,119.9
6,119.9
6,117.90000000000002
0,117.90000000000002
0,117.90000000000002
1,117.90000000000002
1,117.90000000000002
2,117.90000000000002
2,117.90000000000002
3,145.1
3,143.4
4,143.4
4,143.4
5,142.9
5,142.025
6,142.025
6,138.9
0,136.9
0,135.3
1,133.3
1,131.9
2,131.9
2,130.9
3,130.15
3,128.9
4,128.9
4,128.9
5,128.9
5,127.9
6,127.9
6,126.9
0,126.9
0,125.7
1,124.54285714285713
1,123.40000000000002
2,122.90000000000002
2,121.90000000000002
3,120.90000000000002
3,119.9
4,126.65
4,147.9
5,147.9
5,147.9
6,145.9
6,147.4
0,145.9
0,145.9
1,145.9
1,145.9
2,145.9
2,145.9
3,145.9
3,136.9
4,136.9
4,136.8
5,136.8
5,136.8
6,136.8
6,136.8
0,136.8
0,136.8
1,136.8
1,136.8
2,136.8
2,136.8
3,136.8
3,136.8
4,136.8
4,136.8
5,136.8
5,136.8
6,136.8
6,136.8
0,136.8
0,136.8
1,136.8
1,136.8
2,136.8
2,136.8
3,136.8
3,136.8
4,136.8
4,136.8
5,136.8
5,136.8
6,136.8
6,136.8
0,136.8
0,136.8
1,136.8
1,136.8
2,136.8
2,136.8
3,136.8
3,136.8
4,136.8
4,136.8
5,136.8
5,136.8
6,136.8
6,136.8
0,136.8
0,136.8
1,136.8
1,136.8
2,136.8
2,136.8
3,136.8
3,136.8
4,136.8
4,136.8
5,136.8
5,136.8
6,136.8
6,136.8
0,136.8
0,136.8
1,136.8
1,136.8
2,136.8
2,136.8
3,136.8
3,136.8
4,136.8
4,136.8
5,136.8
5,136.8
6,136.8
6,136.8
0,136.8
0,136.8
1,136.8
1,136.8
2,136.8
2,136.8
3,136.8
3,136.8
4,136.8
4,136.8
5,136.8
5,136.8
6,136.8
6,136.8
0,136.8
0,136.8
1,136.8
1,136.8
2,136.8
2,136.8
3,136.8
3,136.8
4,136.8
4,136.8
5,136.8
5,136.8
6,136.8
6,136.8
0,136.8
0,136.8
1,136.8
1,136.8
2,136.8
2,136.8
3,136.8
3,136.8
4,136.8
4,136.8
5,136.8
5,136.8
6,136.8
6,136.8
0,136.8
0,136.8
1,136.8
1,136.8
2,136.8
2,136.8
3,119.66666666666667
3,119.5
4,119.5
4,119.5
5,119.5
5,149.9
6,149.9
6,149.9
0,149.9
0,145.9
1,145.9
1,149.4
2,149.4
2,149.4
3,149.4
3,149.4
4,149.4
4,149.4
5,149.4
5,149.4
6,149.4
6,149.4
0,148.65
0,147.9
1,147.4
1,147.4
2,146.4
2,142.4
3,142.4
3,142.4
4,142.4
4,142.4
5,142.4
5,142.4
6,142.4
6,142.4
0,142.4
0,142.9
1,142.9
1,138.9
2,138.9
2,144.23333333333335
3,143.4
3,141.9
4,141.9
4,141.9
5,141.9
5,141.9
6,138.45000000000002
6,138.45000000000002
0,138.45000000000002
0,136.4
1,136.4
1,136.4
2,136.4
2,136.4
3,136.4
3,136.4
4,136.4
4,136.4
5,136.4
5,136.4
6,136.4
6,136.4
0,136.4
0,136.4
1,136.4
1,133.9
2,133.9
2,133.9
3,160.9
3,160.9
4,160.9
4,160.4
5,160.4
5,160.4
6,160.4
6,160.4
0,158.15
0,158.15
1,158.15
1,158.15
2,158.15
2,154.9
3,154.9
3,150.9
4,150.9
4,150.9
5,150.9
5,150.9
6,150.9
6,150.9
0,153.5666666666667
0,153.9
1,150.9
1,149.35
2,146.9
2,145.9
3,144.9
3,143.4
4,143.4
4,141.9
5,141.9
5,140.9
6,139.9
6,139.9
0,138.9
0,138.3
1,136.9
1,136.9
2,136.9
2,136.9
3,135.9
3,135.9
4,134.9
4,134.9
5,134.9
5,134.9
6,134.9
6,134.9
0,134.9
0,134.1
1,132.9
1,132.12857142857143
2,131.7
2,131.7
3,131.7
3,131.7
4,131.7
4,131.15000000000003
5,129.9
5,129.9
6,129.9
6,129.9
0,129.9
0,129.9
1,129.9
1,129.9
2,129.9
2,129.9
3,129.9
3,129.9
4,129.9
4,129.9
5,129.9
5,129.9
6,129.9
6,129.9
0,129.06666666666666
0,128.9
1,128.5
1,128.5
2,128.04999999999998
2,128.04999999999998
3,128.04999999999998
3,160.9
4,160.9
4,160.9
5,160.9
5,160.9
6,160.9
6,157.9
0,155.9
0,157.65
1,153.9
1,155.9
2,152.9
2,151.9
3,151.9
3,149.9
4,149.9
4,149.9
5,148.9
5,148.9
6,148.9
6,148.9
0,148.15
0,148.15
1,146.9
1,145.9
2,145.29999999999998
2,145.29999999999998
3,143.9
3,142.4
4,140.9
4,140.9
5,139.9
5,139.9
6,139.9
6,139.9
0,139.15
0,139.15
1,139.15
1,137.9
2,137.9
2,137.9
3,137.9
3,136.9
4,136.9
4,135.9
5,135.9
5,134.9
6,133.9
6,133.9
0,133.9
0,133.9
1,133.15
1,133.15
2,133.15
2,133.15
3,133.15
3,131.9
4,131.9
4,131.9
5,131.9
5,131.9
6,131.9
6,131.9
0,131.9
0,131.9
1,131.9
1,130.9
2,129.9
2,129.9
3,129.9
3,129.9
4,129.9
4,129.5
5,129.5
5,129.5
6,129.5
6,128.9
0,128.9
0,127.90000000000002
1,127.90000000000002
1,127.40000000000002
2,126.9
2,126.9
3,126.9
3,126.9
4,126.9
4,126.9
5,126.9
5,126.9
6,126.9
6,126.9
0,125.90000000000002
0,125.90000000000002
1,125.90000000000002
1,125.90000000000002
2,125.90000000000002
2,125.90000000000002
3,123.90000000000002
3,123.90000000000002
4,155.9
4,155.9
5,155.9
5,155.65
6,155.65
6,155.65
0,153.9
0,153.9
1,152.4
1,152.4
2,150.9
2,150.9
3,149.9
3,147.9
4,147.9
4,147.65
5,147.65
5,147.65
6,146.57999999999998
6,145.9
0,143.7
0,142.9
1,141.4
1,141.4
2,141.4
2,141.4
3,141.4
3,139.9
4,137.9
4,136.9
5,136.7
5,136.7
6,136.7
6,136.7
0,135.9
0,135.7
1,135.7
1,135.7
2,134.7
2,134.7
3,134.7
3,133.7
4,133.7
4,133.7
5,132.9
5,132.9
6,132.9
6,131.80000000000004
0,131.15
0,130.4
1,129.9
1,155.9
2,155.9
2,155.9
3,155.9
3,155.9
4,155.9
4,155.9
5,155.9
5,155.9
6,155.9
6,155.9
0,155.4
0,155.4
1,155.4
1,155.4
2,153.9
2,153.9
3,151.6142857142857
3,145.4
4,143.5
4,142.9
5,142.9
5,141.9
6,139.9
6,139.9
0,139.3
0,134.275
1,131.5666666666667
1,130.3
2,128.9
2,128.9
3,127.90000000000002
3,126.90000000000002
4,125.9
4,125.9
5,125.9
5,125.9
6,125.9
6,124.90000000000002
0,124.90000000000002
0,124.90000000000002
1,124.90000000000002
1,124.90000000000002
2,124.90000000000002
2,124.90000000000002
3,124.90000000000002
3,124.90000000000002
4,124.90000000000002
4,124.90000000000002
5,124.90000000000002
5,124.90000000000002
6,157.4
6,157.4
0,157.4
0,157.4
1,157.9
1,157.9
2,157.9
2,157.9
3,157.9
3,157.9
4,157.025
4,157.025
5,155.9
5,155.7
6,155.7
6,155.7
0,152.9
0,152.9
1,152.9
1,152.33999999999997
2,149.5666666666667
2,147.9
3,145.9
3,144.55
4,143.22
4,142.7
5,141.7
5,141.5
6,141.5
6,140.9
0,140.7
0,139.78000000000003
1,139.5
1,138.9
2,137.9
2,137.7
3,136.7
3,136.7
4,136.2
4,135.5
5,135.5
5,135.5
6,134.9
6,134.9
0,134.9
0,132.7
1,132.10000000000002
1,132.10000000000002
2,131.35
2,130.9
3,130.7
3,130.35
4,130.35
4,128.4
5,128.4
5,128.4
6,128.4
6,128.4
0,126.90000000000002
0,126.025
1,126.025
1,124.97999999999999
2,123.90000000000002
2,123.40000000000002
3,123.40000000000002
3,122.90000000000002
4,122.90000000000002
4,122.40000000000002
5,122.40000000000002
5,120.9
6,120.9
6,121.4
0,121.4
0,121.4
1,121.4
1,121.4
2,121.4
2,147.9
3,147.9
3,147.9
4,147.4
4,147.4
5,147.4
5,147.4
6,147.4
6,147.4
0,147.4
0,145.9
1,145.9
1,144.65
2,142.9
2,142.9
3,139.9
3,139.9
4,138.23333333333335
4,137.23333333333335
5,137.23333333333335
5,137.23333333333335
6,136.9
6,133.9
0,132.5666666666667
0,130.3888888888889
1,128.7
1,127.2
2,125.5
2,123.77499999999999
3,121.90000000000002
3,121.89999999999999
4,122.56666666666668
4,124.90000000000002
5,124.90000000000002
5,124.90000000000002
6,124.90000000000002
6,123.90000000000002
0,123.90000000000002
0,123.90000000000002
1,123.90000000000002
1,123.90000000000002
2,123.39999999999999
2,123.39999999999999
3,122.90000000000002
3,121.90000000000002
4,121.90000000000002
4,121.90000000000002
5,121.90000000000002
5,121.90000000000002
6,121.90000000000002
6,121.90000000000002
0,121.90000000000002
0,121.90000000000002
1,121.90000000000002
1,121.90000000000002
2,121.90000000000002
2,121.90000000000002
3,121.90000000000002
3,121.90000000000002
4,121.90000000000002
4,121.90000000000002
5,121.90000000000002
5,121.90000000000002
6,121.90000000000002
6,121.90000000000002
0,129.15
0,129.15
1,131.5666666666667
1,150.9
2,150.65
2,149.9
3,148.32857142857142
3,148.32857142857142
4,144.9
4,141.9
5,141.9
5,141.7
6,141.83333333333334
6,141.7
0,141.7
0,141.7
1,140.98
1,139.9
2,139.4
2,139.4
3,139.23333333333335
3,137.4
4,136.3375
4,133.15
5,133.9
5,130.9
6,133.65
6,133.65
0,133.15
0,130.9
1,130.9
1,129.71428571428572
2,128.7
2,126.8
3,127.80000000000001
3,126.10000000000001
4,126.1
4,126.4
5,125.90000000000002
5,125.90000000000002
6,125.90000000000002
6,125.90000000000002
0,125.90000000000002
0,125.90000000000002
1,125.90000000000002
1,126.9
2,126.4
2,126.4
3,125.9
3,125.9
4,125.9
4,125.9
5,125.9
5,125.9
6,125.9
6,125.9
0,151.4
0,158.9
1,159.5666666666667
1,157.9
2,158.47142857142856
2,155.06666666666666
3,153.73333333333332
3,151.9
4,151.4
4,149.9
5,149.4
5,147.9
6,146.9
6,146.9
0,145.4
0,143.9
1,142.9
1,140.9
2,140.4
2,138.5
3,137.9
3,136.9
4,136.9
4,135.9
5,135.9
5,135.9
6,135.9
6,135.9
0,135.9
0,134.9
1,135.4
1,135.4
2,135.4
2,133.9
3,134.4
3,132.16000000000003
4,131.5
4,131.5
5,131.5
5,131.5
6,131.5
6,131.5
0,131.5
0,131.5
1,130.9
1,130.9
2,130.9
2,130.9
3,130.9
3,141.7
4,160.9
4,160.9
5,160.9
5,160.9
6,160.9
6,160.9
0,160.9
0,160.9
1,155.9
1,155.9
2,151.71250000000003
2,146.5666666666667
3,146.5666666666667
3,150.5666666666667
4,149.9
4,149.9
5,149.9
5,149.9
6,149.9
6,149.9
0,149.9
0,146.76666666666668
1,144.9
1,143.65
2,142.3
2,142.3
3,142.3
3,142.3
4,139.9
4,139.9
5,139.9
5,139.9
6,139.9
6,138.9
0,137.65
0,136.3
1,136.3
1,136.3
2,136.3
2,134.9
3,134.9
3,162.9
4,162.9
4,162.9
5,162.9
5,162.9
6,158.7
6,158.7
0,155.375
0,148.08000000000004
1,141.9
1,157.9
2,157.9
2,156.9
3,156.9
3,156.9
4,155.9
4,155.9
5,155.9
5,155.9
6,155.9
6,155.9
0,155.9
0,155.9
1,155.9
1,154.9
2,153.9
2,149.1
3,144.025
3,138.18571428571428
4,148.9
4,148.9
5,148.9
5,148.9
6,148.9
6,148.9
0,148.9
0,147.9
1,147.9
1,145.4
2,143.4
2,141.5
3,140.15
3,140.15
4,140.15
4,158.23333333333335
5,151.9
5,151.9
6,151.9
6,167.9
0,167.9
0,167.9
1,167.9
1,167.9
2,167.9
2,165.9
3,165.9
3,165.9
4,165.9
4,165.9
5,165.9
5,165.9
6,163.9
6,163.9
0,163.9
0,163.9
1,163.9
1,163.9
2,163.9
2,161.9
3,161.9
3,160.9
4,159.65
4,154.9
5,154.9
5,150.9
6,149.7
6,148.9
0,145.4
0,144.3
1,148.7
1,147.9
2,147.9
2,145.9
3,145.9
3,145.9
4,142.9
4,141.9
5,144.9
5,143.9
6,143.9
6,144.9
0,143.9
0,143.23333333333335
1,140.9
1,140.23333333333335
2,140.23333333333335
2,140.23333333333335
3,140.23333333333335
3,140.23333333333335
4,167.9
4,167.9
5,167.9
5,167.9
6,167.9
6,167.9
0,167.9
0,167.95
1,167.95
1,162.9
2,162.9
2,162.9
3,162.9
3,161.9
4,161.9
4,161.9
5,161.9
5,161.9
6,161.9
6,161.9
0,161.9
0,161.9
1,160.9
1,158.65
2,155.9
2,153.9
3,153.9
3,153.9
4,153.9
4,150.4
5,147.9
5,147.5
6,145.9
6,145.9
0,144.9
0,144.9
1,144.9
1,143.9
2,142.9
2,142.9
3,142.9
3,142.9
4,141.4
4,141.4
5,139.4
5,139.4
6,139.4
6,139.4
0,139.4
0,139.4
1,139.4
1,139.4
2,137.4
2,137.4
3,137.4
3,137.4
4,137.4
4,167.23333333333335
5,167.23333333333335
5,167.23333333333335
6,167.23333333333335
6,167.23333333333335
0,167.23333333333335
0,167.23333333333335
1,167.23333333333335
1,167.23333333333335
2,164.9
2,164.9
3,164.9
3,164.9
4,164.9
4,164.9
5,164.9
5,164.9
6,164.9
6,164.9
0,164.9
0,159.9
1,157.9
1,157.7
2,154.9
2,152.5666666666667
3,152.4
3,151.23333333333335
4,149.9
4,147.9
5,145.4
5,143.9
6,142.5
6,141.9
0,141.9
0,140.9
1,139.9
1,138.9
2,137.9
2,137.9
3,136.9
3,136.9
4,136.9
4,136.9
5,136.9
5,136.9
6,136.9
6,136.9
0,136.9
0,136.9
1,139.9
1,139.9
2,139.9
2,139.9
3,139.9
3,139.9
4,139.9
4,138.9
5,138.9
5,138.9
6,137.9
6,136.9
0,138.7
0,138.7
1,138.7
1,137.9
2,136.9
2,136.9
3,136.9
3,136.9
4,136.9
4,136.9
5,136.9
5,136.9
6,136.9
6,136.9
0,136.9
0,136.9
1,136.9
1,168.72
2,167.9
2,167.9
3,167.9
3,167.9
4,165.9
4,166.4
5,166.4
5,166.4
6,166.4
6,166.4
0,166.4
0,166.4
1,166.4
1,163.9
2,163.9
2,163.9
3,161.4
3,161.4
4,161.4
4,161.65
5,159.15
5,159.15
6,159.15
6,159.15
0,158.23333333333335
0,156.9
1,154.9
1,151.65
2,149.0666666666667
2,146.4
3,145.15
3,145.15
4,143.18571428571428
4,141.3
5,141.3
5,139.9
6,139.9
6,138.9
0,137.9
0,136.9
1,136.9
1,136.9
2,136.9
2,136.9
3,136.9
3,136.9
4,136.9
4,136.9
5,136.9
5,136.9
6,136.9
6,159.9
0,159.9
0,159.9
1,159.9
1,159.9
2,159.9
2,159.9
3,165.9
3,165.9
4,166.4
4,161.4
5,161.4
5,156.9
6,153.9
6,153.9
0,151.4
0,152.9
1,148.5
1,146.4
2,145.23333333333335
2,146.9
3,145.9
3,143.3
4,141.9
4,141.9
5,140.9
5,140.9
6,140.9
6,139.9
0,139.9
0,138.9
1,138.9
1,138.9
2,138.9
2,138.9
3,138.9
3,138.9
4,138.9
4,138.9
5,138.9
5,138.9
6,138.9
6,138.9
0,138.9
0,138.9
1,138.9
1,138.9
2,138.9
2,138.9
3,169.9
3,169.9
4,169.9
4,169.9
5,169.9
5,169.9
6,169.9
6,169.9
0,169.9
0,168.9
1,164.4
1,159.9
2,159.9
2,159.23333333333335
3,157.15
3,155.9
4,154.5
4,153.9
5,153.9
5,153.9
6,152.9
6,152.9
0,152.9
0,152.9
1,152.9
1,152.9
2,152.9
2,152.9
3,152.9
3,151.9
4,150.9
4,150.9
5,149.9
5,149.9
6,149.9
6,149.9
0,148.9
0,148.9
1,148.9
1,147.9
2,147.5
2,156.23333333333335
3,174.9
3,174.9
4,174.9
4,174.9
5,172.9
5,172.9
6,172.9
6,172.9
