0,124.4
0,124.4
1,124.4
1,123.9
2,122.9
2,118.65
3,118.65
3,118.65
4,118.65
4,117.9
5,117.9
5,117.9
6,117.9
6,117.4
0,116.9
0,116.4
1,116.4
1,115.9
2,115.9
2,114.3
3,113.3
3,112.9
4,112.9
4,112.9
5,112.9
5,112.9
6,112.9
6,112.9
0,112.4
0,112.4
1,112.4
1,112.4
2,112.4
2,112.4
3,143.4
3,143.4
4,143.4
4,143.4
5,142.9
5,142.9
6,142.9
6,139.9
0,139.9
0,139.9
1,139.4
1,139.4
2,139.4
2,138.9
3,136.56666666666666
3,136.56666666666666
4,133.56666666666666
4,131.9
5,131.9
5,130.9
6,130.9
6,130.9
0,129.4
0,129.4
1,127.4
1,125.3
2,125.3
2,125.3
3,121.15
3,120.4
4,119.9
4,119.9
5,119.9
5,119.9
6,119.9
6,119.4
0,119.4
0,119.4
1,119.4
1,117.9
2,117.9
2,119.4
3,119.4
3,143.9
4,143.9
4,143.9
5,143.9
5,143.9
6,143.9
6,143.9
0,133.8
0,133.8
1,133.8
1,133.8
2,133.8
2,133.8
3,133.8
3,134.15
4,134.15
4,134.15
5,134.15
5,134.15
6,130.4
6,129.4
0,129.4
0,127.9
1,127.4
1,125.9
2,124.9
2,124.4
3,121.60000000000001
3,121.60000000000001
4,121.60000000000001
4,147.65
5,147.65
5,147.65
6,147.65
6,147.65
0,146.9
0,146.9
1,146.9
1,146.9
2,146.9
2,146.9
3,146.9
3,142.4
4,142.4
4,141.9
5,141.9
5,141.9
6,141.9
6,141.9
0,141.9
0,141.9
1,141.9
1,141.9
2,141.9
2,141.9
3,141.9
3,141.9
4,141.9
4,141.9
5,141.9
5,141.9
6,141.9
6,141.9
0,141.9
0,141.9
1,141.9
1,141.9
2,141.9
2,141.9
3,141.9
3,141.9
4,141.9
4,141.9
5,141.9
5,141.9
6,141.9
6,141.9
0,141.9
0,141.9
1,141.9
1,141.9
2,141.9
2,141.9
3,141.9
3,141.9
4,141.9
4,141.9
5,141.9
5,141.9
6,141.9
6,141.9
0,141.9
0,141.9
1,141.9
1,141.9
2,141.9
2,141.9
3,141.9
3,141.9
4,141.9
4,141.9
5,141.9
5,141.9
6,141.9
6,141.9
0,141.9
0,141.9
1,141.9
1,141.9
2,141.9
2,141.9
3,141.9
3,141.9
4,141.9
4,141.9
5,141.9
5,141.9
6,141.9
6,141.9
0,141.9
0,141.9
1,141.9
1,141.9
2,141.9
2,141.9
3,141.9
3,141.9
4,141.9
4,141.9
5,141.9
5,141.9
6,141.9
6,141.9
0,141.9
0,141.9
1,141.9
1,141.9
2,141.9
2,141.9
3,141.9
3,141.9
4,141.9
4,141.9
5,141.9
5,141.9
6,141.9
6,141.9
0,141.9
0,141.9
1,141.9
1,141.9
2,141.9
2,141.9
3,141.9
3,141.9
4,141.9
4,141.9
5,141.9
5,141.9
6,141.9
6,141.9
0,141.9
0,141.9
1,141.9
1,141.9
2,141.9
2,141.9
3,141.9
3,141.9
4,141.9
4,141.9
5,141.9
5,141.9
6,149.9
6,149.9
0,149.9
0,149.4
1,149.4
1,149.4
2,149.4
2,149.4
3,149.4
3,149.3
4,149.3
4,149.3
5,149.3
5,149.3
6,149.3
6,149.3
0,149.3
0,149.3
1,147.4
1,147.4
2,147.4
2,147.4
3,147.4
3,147.4
4,147.4
4,147.4
5,147.4
5,147.4
6,147.4
6,147.4
0,147.4
0,147.4
1,147.4
1,147.4
2,147.4
2,145.4
3,145.4
3,145.4
4,144.4
4,144.4
5,144.4
5,144.4
6,144.4
6,144.4
0,139.4
0,138.9
1,138.9
1,138.9
2,138.7
2,138.7
3,138.7
3,138.7
4,138.7
4,138.5
5,138.5
5,138.5
6,138.5
6,138.5
0,138.5
0,138.5
1,138.5
1,136.5
2,136.5
2,136.5
3,160.9
3,160.9
4,160.9
4,160.4
5,160.4
5,160.4
6,160.4
6,160.4
0,160.4
0,160.4
1,160.4
1,160.4
2,160.4
2,160.4
3,160.4
3,160.4
4,160.4
4,160.4
5,160.4
5,160.4
6,160.4
6,160.3
0,160.3
0,160.3
1,160.3
1,158.9
2,150.4
2,150.4
3,147.4
3,146.4
4,146.4
4,146.4
5,146.4
5,146.4
6,146.4
6,146.4
0,146.4
0,143.4
1,144.9
1,144.9
2,140.4
2,140.4
3,140.4
3,140.4
4,138.4
4,138.4
5,138.4
5,137.4
6,137.4
6,137.4
0,135.4
0,134.9
1,133.9
1,132.9
2,132.9
2,132.9
3,131.9
3,131.9
4,131.9
4,131.4
5,131.4
5,131.4
6,131.4
6,131.4
0,131.4
0,130.9
1,130.9
1,130.9
2,129.9
2,129.9
3,129.9
3,129.9
4,129.9
4,129.9
5,129.9
5,128.9
6,128.9
6,128.9
0,128.5
0,128.5
1,127.9
1,127.9
2,127.9
2,127.9
3,127.9
3,127.9
4,127.9
4,160.9
5,160.9
5,160.9
6,160.4
6,160.4
0,160.4
0,160.4
1,160.4
1,160.4
2,159.4
2,159.4
3,159.4
3,157.4
4,151.4
4,149.5
5,149.5
5,149.5
6,149.5
6,149.5
0,149.5
0,149.5
1,149.4
1,148.4
2,148.4
2,148.4
3,148.4
3,143.9
4,143.9
4,143.9
5,143.9
5,143.9
6,143.9
6,143.9
0,143.9
0,142.9
1,142.9
1,142.9
2,142.15
2,142.15
3,137.9
3,137.9
4,137.9
4,137.9
5,137.9
5,137.9
6,137.9
6,137.9
0,137.9
0,137.9
1,137.9
1,137.9
2,137.9
2,137.9
3,137.9
3,137.9
4,137.9
4,137.9
5,137.9
5,137.9
6,136.65
6,135.9
0,135.9
0,133.4
1,131.9
1,131.9
2,131.9
2,131.9
3,131.9
3,131.9
4,128.9
4,127.9
5,127.9
5,127.9
6,127.9
6,127.9
0,127.9
0,127.9
1,127.9
1,127.4
2,126.9
2,126.9
3,126.9
3,126.9
4,126.9
4,126.9
5,126.9
5,126.9
6,126.9
6,126.9
0,126.9
0,126.9
1,126.9
1,126.9
2,126.9
2,126.9
3,126.9
3,126.9
4,126.9
4,126.9
5,126.9
5,155.4
6,155.4
6,155.4
0,155.4
0,155.4
1,152.9
1,152.9
2,152.9
2,152.9
3,152.9
3,152.9
4,152.9
4,152.4
5,152.4
5,152.4
6,147.4
6,147.4
0,147.4
0,147.4
1,147.4
1,145.65
2,145.65
2,145.65
3,145.65
3,145.65
4,145.65
4,145.65
5,145.65
5,145.65
6,145.65
6,145.65
0,145.65
0,141.4
1,141.4
1,141.4
2,141.4
2,141.4
3,141.4
3,141.4
4,141.4
4,139.9
5,139.9
5,139.9
6,139.9
6,139.9
0,138.9
0,137.9
1,136.9
1,135.9
2,134.9
2,134.4
3,133.9
3,133.4
4,132.9
4,132.9
5,132.9
5,132.9
6,132.9
6,155.9
0,155.4
0,155.4
1,155.4
1,141.4
2,141.4
2,141.4
3,141.4
3,141.4
4,141.4
4,141.4
5,141.4
5,141.4
6,141.4
6,141.4
0,141.4
0,141.4
1,141.4
1,137.4
2,137.4
2,137.4
3,137.4
3,137.4
4,132.4
4,132.4
5,132.4
5,132.4
6,132.4
6,132.4
0,132.4
0,132.4
1,132.4
1,131.9
2,131.9
2,131.9
3,131.9
3,131.9
4,131.9
4,131.9
5,131.9
5,131.9
6,131.9
6,131.9
0,131.9
0,131.9
1,131.9
1,131.9
2,131.9
2,157.65
3,157.65
3,157.65
4,157.65
4,157.65
5,157.65
5,157.65
6,157.65
6,157.65
0,157.65
0,157.65
1,156.9
1,156.4
2,155.9
2,155.4
3,155.4
3,154.9
4,154.9
4,154.4
5,154.4
5,153.9
6,153.9
6,153.9
0,153.9
0,153.4
1,153.4
1,150.4
2,143.9
2,143.9
3,143.9
3,141.4
4,141.4
4,140.9
5,133.9
5,133.9
6,133.9
6,133.4
0,133.4
0,132.9
1,132.9
1,128.9
2,128.9
2,127.4
3,127.4
3,127.4
4,127.4
4,126.9
5,126.9
5,126.4
6,126.4
6,126.4
0,126.4
0,125.9
1,125.9
1,125.4
2,125.4
2,124.9
3,124.9
3,124.4
4,124.4
4,123.9
5,123.9
5,123.9
6,123.9
6,119.9
0,119.9
0,119.9
1,119.9
1,119.9
2,119.9
2,119.9
3,119.9
3,119.5
4,119.5
4,147.4
5,147.4
5,147.4
6,147.4
6,147.4
0,147.4
0,147.4
1,147.4
1,147.4
2,147.4
2,147.4
3,147.4
3,145.9
4,145.9
4,145.9
5,141.9
5,141.9
6,141.9
6,141.9
0,141.9
0,141.9
1,141.9
1,141.9
2,137.9
2,137.9
3,136.9
3,136.9
4,136.9
4,136.9
5,136.9
5,136.4
6,136.4
6,136.4
0,136.4
0,128.4
1,127.4
1,127.4
2,126.4
2,125.9
3,125.9
3,125.9
4,125.9
4,125.9
5,124.9
5,124.9
6,124.9
6,124.9
0,124.9
0,124.4
1,124.4
1,123.9
2,123.9
2,123.4
3,123.4
3,123.4
4,123.4
4,123.4
5,123.4
5,123.4
6,123.4
6,123.4
0,123.15
0,123.15
1,136.9
1,136.9
2,150.65
2,150.65
3,150.4
3,150.4
4,150.4
4,149.4
5,149.4
5,147.9
6,147.9
6,147.9
0,145.9
0,145.9
1,143.9
1,141.4
2,141.4
2,141.4
3,141.4
3,141.4
4,141.4
4,138.65
5,138.4
5,138.4
6,138.4
6,138.4
0,136.65
0,136.65
1,134.9
1,133.4
2,132.9
2,130.9
3,130.9
3,130.9
4,132.9
4,132.9
5,132.9
5,132.9
6,132.9
6,132.9
0,132.9
0,132.9
1,132.9
1,132.4
2,132.4
2,131.9
3,131.9
3,131.4
4,131.4
4,130.9
5,130.9
5,130.9
6,130.9
6,130.9
0,145.4
0,145.4
1,159.9
1,159.9
2,159.4
2,159.4
3,157.9
3,157.9
4,156.9
4,156.9
5,156.9
5,156.9
6,154.9
6,154.9
0,152.9
0,149.9
1,149.9
1,149.9
2,149.9
2,145.65
3,144.23333333333335
3,144.23333333333335
4,142.15
4,142.15
5,141.9
5,141.9
6,141.9
6,141.9
0,141.9
0,141.9
1,141.9
1,135.9
2,135.9
2,134.9
3,134.9
3,134.9
4,134.9
4,134.9
5,134.9
5,134.9
6,134.9
6,131.7
0,131.7
0,131.7
1,131.7
1,129.9
2,129.9
2,129.9
3,129.9
3,129.9
4,129.9
4,129.9
5,129.9
5,129.9
6,129.9
6,129.9
0,129.9
0,129.9
1,159.9
1,158.65
2,158.65
2,158.65
3,158.65
3,156.4
4,155.9
4,152.9
5,152.9
5,152.9
6,151.7
6,151.7
0,151.7
0,151.7
1,149.9
1,147.9
2,147.9
2,145.4
3,145.4
3,145.4
4,145.4
4,145.4
5,145.4
5,145.4
6,145.4
6,145.4
0,134.9
0,134.9
1,133.8
1,133.7
2,133.7
2,133.7
3,132.7
3,132.7
4,132.7
4,132.7
5,162.65
5,162.65
6,162.65
6,162.65
0,160.9
0,160.9
1,160.9
1,160.9
2,160.4
2,160.4
3,157.9
3,157.9
4,157.9
4,157.9
5,156.9
5,156.9
6,156.9
6,155.9
0,155.9
0,155.9
1,155.9
1,155.9
2,155.9
2,155.9
3,154.9
3,149.9
4,149.9
4,148.13333333333335
5,148.13333333333335
5,148.13333333333335
6,146.7
6,146.7
0,146.7
0,146.7
1,144.7
1,144.7
2,144.7
2,144.7
3,144.7
3,144.7
4,141.9
4,140.7
5,140.7
5,140.7
6,140.7
6,167.9
0,167.9
0,167.9
1,167.4
1,167.4
2,167.4
2,167.4
3,165.9
3,165.9
4,162.9
4,162.9
5,162.9
5,162.9
6,162.9
6,162.9
0,162.9
0,162.9
1,161.9
1,161.9
2,161.9
2,161.9
3,160.9
3,160.9
4,160.9
4,160.9
5,160.9
5,160.9
6,160.9
6,159.05
0,159.05
0,159.05
1,157.9
1,157.9
2,150.9
2,150.9
3,150.9
3,150.9
4,150.9
4,147.9
5,144.9
5,144.9
6,144.9
6,141.9
0,141.9
0,139.9
1,139.9
1,139.9
2,139.9
2,139.9
3,167.9
3,167.9
4,167.9
4,167.9
5,167.9
5,167.9
6,167.9
6,167.9
0,167.9
0,167.9
1,167.9
1,167.9
2,167.9
2,167.9
3,165.7
3,165.7
4,165.7
4,165.7
5,165.7
5,165.7
6,165.7
6,165.7
0,165.7
0,165.7
1,165.7
1,165.7
2,162.9
2,162.9
3,162.9
3,162.9
4,158.9
4,158.9
5,158.9
5,158.9
6,158.9
6,158.9
0,158.9
0,156.4
1,156.4
1,156.4
2,155.4
2,155.4
3,152.9
3,152.9
4,152.9
4,152.9
5,152.9
5,152.9
6,152.9
6,152.9
0,152.9
0,152.9
1,150.9
1,150.9
2,146.9
2,146.9
3,146.9
3,146.9
4,146.9
4,167.9
5,167.9
5,167.9
6,167.9
6,167.9
0,167.9
0,167.9
1,167.9
1,167.9
2,167.9
2,167.9
3,166.9
3,166.9
4,166.9
4,166.9
5,166.9
5,166.9
6,166.9
6,162.9
0,162.9
0,158.9
1,158.9
1,158.9
2,158.9
2,158.9
3,158.9
3,154.9
4,154.9
4,154.9
5,154.9
5,154.9
6,154.9
6,152.9
0,152.9
0,148.9
1,148.9
1,148.9
2,148.9
2,148.9
3,148.9
3,148.9
4,148.9
4,148.9
5,148.9
5,144.9
6,144.9
6,144.9
0,144.9
0,144.9
1,144.9
1,144.9
2,144.9
2,144.4
3,144.4
3,144.4
4,144.4
4,143.9
5,143.9
5,143.9
6,143.9
6,143.9
0,143.9
0,143.9
1,143.9
1,143.9
2,143.9
2,143.9
3,143.9
3,143.9
4,143.9
4,143.9
5,143.4
5,143.4
6,143.4
6,143.4
0,143.4
0,143.4
1,143.4
1,143.4
2,143.4
2,167.9
3,167.9
3,166.9
4,166.9
4,166.9
5,166.9
5,166.9
6,166.9
6,166.9
0,166.9
0,166.9
1,166.9
1,166.9
2,166.9
2,166.9
3,166.9
3,164.9
4,164.9
4,164.9
5,164.9
5,164.9
6,164.9
6,161.9
0,159.9
0,159.9
1,153.9
1,153.9
2,153.9
2,153.9
3,151.9
3,148.9
4,144.9
4,144.9
5,144.9
5,144.9
6,144.9
6,144.9
0,144.9
0,141.7
1,141.7
1,141.7
2,141.7
2,141.7
3,141.7
3,139.9
4,139.9
4,139.9
5,139.9
5,139.9
6,139.9
6,139.9
0,139.9
0,167.9
1,167.9
1,167.9
2,167.4
2,167.4
3,167.4
3,167.4
4,166.9
4,166.9
5,165.9
5,165.9
6,161.4
6,161.4
0,161.4
0,161.4
1,161.4
1,159.9
2,159.9
2,159.9
3,153.4
3,153.4
4,153.4
4,149.9
5,149.9
5,149.9
6,149.9
6,149.9
0,149.9
0,149.9
1,149.9
1,149.9
2,146.9
2,146.9
3,146.9
3,146.9
4,146.9
4,146.9
5,146.9
5,146.9
6,146.9
6,146.9
0,143.9
0,143.9
1,143.9
1,143.9
2,143.9
2,143.9
3,143.9
3,143.9
4,143.9
4,169.9
5,169.9
5,169.9
6,169.9
6,169.9
0,169.9
0,169.9
1,169.9
1,169.9
2,169.9
2,169.9
3,167.9
3,167.9
4,167.9
4,167.9
5,167.9
5,167.9
6,165.9
6,165.9
0,165.9
0,165.9
1,165.9
1,165.9
2,163.5
2,162.9
3,162.9
3,162.9
4,162.9
4,162.9
5,158.9
5,158.9
6,158.9
6,158.9
0,158.9
0,158.9
1,158.9
1,158.9
2,158.9
2,158.9
3,158.9
3,174.9
4,174.9
4,174.4
5,174.4
5,174.4
6,174.4
6,174.4
