0,0
0,0
1,129.85000000000002
1,129.85000000000002
2,125.9
2,123.9
3,120.9
3,120.9
4,120.9
4,120.9
5,120.9
5,120.9
6,120.9
6,119.9
0,119.9
0,119.9
1,119.75
1,118.9
2,118.8
2,118.8
3,116.4
3,116.4
4,115.8
4,115.8
5,115.8
5,115.8
6,115.8
6,115.8
0,115.8
0,115.8
1,115.8
1,115.8
2,115.8
2,115.8
3,143.65
3,143.65
4,142.9
4,142.9
5,142.9
5,142.9
6,142.9
6,142.9
0,142.9
0,142.9
1,141.9
1,141.9
2,140.85000000000002
2,140.85000000000002
3,136.9
3,136.9
4,135.4
4,135.4
5,135.4
5,135.4
6,135.4
6,133.9
0,131.35000000000002
0,129.9
1,129.9
1,129.9
2,129.9
2,129.9
3,124.9
3,124.9
4,124.225
4,124.225
5,122.9
5,122.9
6,121.9
6,121.9
0,121.8
0,121.8
1,121.15
1,121.15
2,145.9
2,145.9
3,145.9
3,143.65
4,143.65
4,143.65
5,143.65
5,143.65
6,143.65
6,141.9
0,141.9
0,141.9
1,139.7
1,139.7
2,139.7
2,138.6
3,135.7
3,135.7
4,134.95
4,134.95
5,133.7
5,133.7
6,133.7
6,133.7
0,133.7
0,132.4
1,130.5
1,130.5
2,128.2
2,125.4
3,123.2
3,123.2
4,147.9
4,147.4
5,147.4
5,147.4
6,147.4
6,147.3
0,145.9
0,145.9
1,145.9
1,145.9
2,144.8
2,144.8
3,144.8
3,144.8
4,143.9
4,143.9
5,143.9
5,143.9
6,143.9
6,143.9
0,143.9
0,143.9
1,143.9
1,143.9
2,143.9
2,143.9
3,143.9
3,143.9
4,143.9
4,143.9
5,143.9
5,143.9
6,143.9
6,143.9
0,143.9
0,143.9
1,143.9
1,143.9
2,143.9
2,143.9
3,143.9
3,143.9
4,143.9
4,143.9
5,143.9
5,143.9
6,143.9
6,143.9
0,143.9
0,143.9
1,143.9
1,143.9
2,143.9
2,143.9
3,143.9
3,143.9
4,143.9
4,143.9
5,143.9
5,143.9
6,143.9
6,143.9
0,143.9
0,143.9
1,143.9
1,143.9
2,143.9
2,143.9
3,143.9
3,143.9
4,143.9
4,143.9
5,143.9
5,143.9
6,143.9
6,143.9
0,143.9
0,143.9
1,143.9
1,143.9
2,143.9
2,143.9
3,143.9
3,143.9
4,143.9
4,143.9
5,143.9
5,143.9
6,143.9
6,143.9
0,143.9
0,143.9
1,143.9
1,143.9
2,143.9
2,143.9
3,143.9
3,143.9
4,143.9
4,143.9
5,143.9
5,143.9
6,143.9
6,143.9
0,143.9
0,143.9
1,143.9
1,143.9
2,143.9
2,143.9
3,143.9
3,143.9
4,143.9
4,143.9
5,143.9
5,143.9
6,143.9
6,143.9
0,143.9
0,143.9
1,143.9
1,143.9
2,143.9
2,143.9
3,143.9
3,143.9
4,143.9
4,143.9
5,143.9
5,143.9
6,143.9
6,143.9
0,143.9
0,143.9
1,143.9
1,143.9
2,143.9
2,143.9
3,143.9
3,143.9
4,143.9
4,143.9
5,143.9
5,149.9
6,149.9
6,149.9
0,149.4
0,149.4
1,149.4
1,147.9
2,147.9
2,147.9
3,147.9
3,147.9
4,147.9
4,147.9
5,147.9
5,146.9
6,146.9
6,146.9
0,145.9
0,144.9
1,144.9
1,144.9
2,144.9
2,144.9
3,144.9
3,144.9
4,144.7
4,144.7
5,144.7
5,144.7
6,144.7
6,144.7
0,144.7
0,144.7
1,144.7
1,144.7
2,144.7
2,144.7
3,143.9
3,143.9
4,143.9
4,143.7
5,143.7
5,143.7
6,143.7
6,143.7
0,143.7
0,140.9
1,140.9
1,140.9
2,140.9
2,140.9
3,139.9
3,139.9
4,139.9
4,139.9
5,139.9
5,139.8
6,139.8
6,138.4
0,138.4
0,136.7
1,136.7
1,135.8
2,135.8
2,135.8
3,160.9
3,160.9
4,160.9
4,160.9
5,160.9
5,160.9
6,160.4
6,160.4
0,160.4
0,160.4
1,160.4
1,160.4
2,160.4
2,158.5
3,158.5
3,158.5
4,158.5
4,158.5
5,158.5
5,158.5
6,158.5
6,158.5
0,156.9
0,154.7
1,154.7
1,151.7
2,148.9
2,148.7
3,148.6
3,147.8
4,147.8
4,147.8
5,147.8
5,147.8
6,146.5
6,145.9
0,144.7
0,143.8
1,143.8
1,142.70000000000002
2,142.70000000000002
2,141.70000000000002
3,141.70000000000002
3,141.0
4,141.0
4,140.2
5,140.2
5,139.2
6,139.2
6,137.8
0,136.7
0,136.5
1,136.5
1,136.0
2,136.0
2,134.8
3,134.8
3,133.8
4,133.8
4,133.8
5,133.8
5,132.7
6,132.7
6,132.7
0,132.7
0,132.7
1,132.7
1,132.7
2,132.7
2,132.7
3,132.7
3,132.7
4,132.7
4,132.7
5,132.7
5,132.7
6,132.7
6,132.7
0,132.7
0,132.7
1,132.7
1,132.7
2,132.7
2,132.7
3,132.7
3,160.9
4,160.9
4,160.9
5,160.9
5,160.9
6,160.9
6,160.9
0,160.9
0,158.4
1,158.4
1,158.4
2,158.4
2,158.4
3,158.4
3,157.5
4,157.5
4,157.3
5,157.3
5,156.9
6,156.9
6,156.9
0,156.9
0,155.7
1,155.7
1,154.9
2,154.9
2,153.7
3,153.7
3,152.9
4,152.9
4,152.9
5,152.9
5,152.9
6,152.9
6,152.9
0,152.9
0,152.9
1,152.9
1,151.9
2,151.9
2,149.03333333333333
3,143.9
3,143.5
4,143.5
4,140.9
5,140.9
5,140.9
6,140.9
6,139.9
0,139.9
0,139.9
1,139.7
1,139.7
2,139.7
2,138.9
3,138.9
3,138.7
4,138.7
4,137.7
5,137.7
5,137.7
6,136.9
6,136.9
0,135.4
0,135.2
1,134.9
1,134.9
2,134.9
2,131.5
3,131.5
3,130.9
4,130.9
4,130.9
5,130.9
5,130.9
6,129.9
6,129.9
0,129.9
0,129.9
1,129.9
1,129.9
2,129.9
2,129.9
3,129.9
3,129.9
4,129.9
4,129.9
5,129.9
5,129.9
6,129.9
6,129.9
0,129.9
0,127.9
1,127.9
1,127.9
2,127.9
2,127.9
3,127.9
3,126.9
4,155.9
4,155.9
5,155.9
5,155.9
6,155.9
6,155.9
0,155.4
0,155.4
1,152.9
1,152.9
2,152.9
2,152.9
3,152.9
3,152.9
4,152.9
4,152.9
5,152.9
5,152.9
6,149.4
6,149.4
0,149.4
0,147.9
1,147.9
1,147.9
2,147.9
2,146.9
3,146.9
3,145.9
4,145.9
4,145.9
5,145.9
5,145.9
6,145.9
6,145.9
0,145.4
0,144.4
1,144.4
1,141.9
2,141.9
2,139.9
3,139.9
3,139.9
4,139.9
4,139.9
5,139.9
5,139.9
6,138.9
6,138.7
0,138.7
0,137.7
1,137.7
1,137.7
2,137.7
2,137.7
3,155.9
3,155.9
4,155.9
4,155.9
5,155.9
5,155.4
6,155.4
6,155.4
0,155.4
0,155.4
1,155.4
1,155.4
2,155.4
2,155.4
3,152.9
3,151.7
4,151.7
4,150.9
5,150.9
5,144.65
6,144.65
6,144.65
0,144.65
0,142.65
1,141.4
1,137.4
2,137.4
2,136.7
3,136.7
3,135.7
4,134.4
4,134.4
5,134.4
5,134.4
6,134.4
6,134.4
0,134.4
0,133.9
1,133.9
1,133.9
2,133.9
2,132.9
3,132.9
3,132.9
4,132.9
4,132.9
5,132.9
5,132.9
6,132.9
6,132.9
0,132.9
0,132.9
1,132.9
1,132.9
2,132.9
2,157.65
3,157.65
3,157.65
4,157.65
4,155.9
5,155.9
5,155.9
6,155.9
6,155.9
0,155.9
0,155.9
1,155.9
1,155.9
2,154.9
2,154.9
3,154.9
3,154.9
4,154.9
4,154.9
5,154.9
5,154.9
6,153.9
6,152.7
0,151.2
0,151.2
1,151.2
1,148.7
2,148.7
2,147.7
3,144.9
3,144.9
4,144.9
4,144.9
5,144.9
5,144.9
6,144.9
6,144.9
0,144.9
0,144.9
1,134.4
1,134.4
2,134.4
2,129.4
3,129.4
3,127.8
4,127.8
4,127.8
5,127.8
5,126.9
6,126.9
6,126.9
0,126.9
0,126.9
1,126.9
1,125.9
2,125.9
2,124.9
3,124.9
3,124.9
4,124.7
4,124.7
5,124.7
5,123.9
6,123.9
6,123.9
0,123.9
0,122.4
1,122.4
1,122.4
2,122.4
2,122.4
3,122.4
3,147.4
4,147.4
4,147.4
5,147.4
5,147.4
6,147.4
6,147.4
0,147.4
0,147.4
1,147.4
1,145.9
2,145.9
2,145.9
3,145.9
3,145.9
4,145.9
4,145.9
5,145.9
5,143.9
6,143.9
6,141.9
0,141.9
0,141.9
1,141.9
1,141.9
2,139.7
2,139.7
3,137.9
3,136.9
4,136.9
4,136.9
5,135.7
5,135.7
6,135.7
6,135.7
0,135.7
0,135.7
1,133.55
1,128.4
2,127.4
2,127.4
3,126.4
3,125.9
4,125.9
4,125.9
5,125.9
5,125.9
6,125.9
6,125.9
0,125.9
0,125.9
1,125.9
1,124.4
2,124.4
2,123.4
3,123.4
3,123.4
4,123.4
4,123.4
5,123.4
5,123.4
6,123.4
6,123.4
0,123.4
0,123.4
1,137.15
1,137.15
2,150.65
2,150.65
3,150.4
3,148.9
4,148.9
4,148.9
5,148.9
5,148.9
6,148.9
6,148.9
0,148.9
0,148.9
1,148.9
1,145.4
2,145.4
2,141.4
3,141.4
3,141.4
4,141.4
4,141.4
5,141.4
5,141.4
6,141.4
6,141.4
0,141.4
0,140.9
1,140.9
1,140.9
2,140.9
2,137.15
3,136.9
3,135.9
4,137.9
4,137.9
5,137.9
5,137.9
6,137.9
6,137.9
0,136.9
0,136.9
1,136.9
1,135.9
2,135.9
2,135.9
3,135.9
3,133.9
4,133.4
4,132.4
5,146.65
5,146.65
6,160.9
6,160.9
0,160.4
0,160.4
1,159.9
1,159.9
2,158.65
2,156.9
3,156.9
3,156.9
4,156.9
4,156.9
5,156.9
5,156.9
6,156.9
6,154.9
0,153.4
0,150.9
1,150.4
1,150.4
2,149.9
2,149.9
3,149.9
3,149.9
4,149.9
4,147.9
5,146.9
5,146.9
6,145.9
6,145.9
0,145.9
0,141.4
1,141.4
1,141.4
2,141.4
2,136.15
3,135.4
3,134.9
4,134.9
4,133.9
5,133.9
5,133.9
6,133.9
6,133.9
0,132.2
0,132.2
1,132.2
1,132.2
2,132.2
2,132.2
3,132.2
3,132.2
4,132.2
4,132.2
5,160.9
5,160.9
6,160.9
6,160.9
0,160.9
0,160.9
1,160.4
1,159.4
2,159.4
2,157.2
3,157.2
3,157.2
4,155.2
4,151.7
5,151.7
5,151.7
6,151.7
6,151.7
0,151.7
0,150.5
1,149.5
1,149.5
2,149.5
2,147.9
3,147.9
3,145.4
4,145.1
4,145.1
5,144.5
5,143.0
6,142.9
6,142.4
0,140.4
0,137.9
1,137.9
1,136.9
2,136.9
2,136.9
3,136.9
3,136.9
4,136.9
4,162.9
5,162.9
5,162.9
6,162.9
6,162.9
0,162.4
0,162.4
1,162.4
1,160.65
2,158.9
2,158.9
3,158.9
3,158.9
4,158.9
4,158.9
5,158.9
5,155.9
6,155.9
6,155.9
0,155.9
0,154.9
1,154.9
1,154.9
2,154.9
2,153.9
3,153.9
3,152.9
4,152.9
4,150.9
5,150.9
5,148.9
6,148.9
6,148.9
0,148.9
0,146.9
1,144.9
1,143.9
2,143.9
2,143.9
3,143.9
3,141.9
4,141.9
4,142.2
5,142.2
5,142.2
6,167.9
6,167.9
0,167.9
0,167.9
1,167.9
1,166.2
2,166.2
2,166.2
3,164.8
3,164.8
4,164.8
4,164.8
5,161.2
5,161.2
6,161.2
6,161.2
0,161.2
0,161.2
1,161.2
1,161.2
2,161.2
2,160.8
3,160.2
3,159.2
4,159.2
4,159.2
5,159.2
5,157.8
6,157.8
6,157.8
0,157.05
0,157.05
1,156.8
1,156.8
2,156.8
2,154.95
3,154.95
3,152.2
4,150.1
4,148.2
5,148.2
5,147.7
6,148.2
6,148.2
0,145.2
0,143.7
1,143.7
1,143.7
2,142.9
2,142.9
3,167.9
3,167.9
4,167.9
4,167.9
5,167.9
5,167.9
6,167.9
6,167.9
0,166.2
0,165.9
1,165.2
1,165.2
2,165.2
2,165.2
3,165.2
3,165.2
4,164.4
4,163.1
5,163.1
5,163.1
6,163.1
6,163.1
0,161.7
0,161.5
1,161.4
1,160.2
2,158.8
2,158.8
3,157.8
3,157.2
4,157.2
4,156.1
5,156.1
5,154.4
6,154.4
6,154.4
0,150.2
0,150.2
1,150.2
1,150.2
2,150.2
2,151.35000000000002
3,151.35000000000002
3,151.35000000000002
4,151.35000000000002
4,151.35000000000002
5,151.35000000000002
5,151.35000000000002
6,151.35000000000002
6,151.35000000000002
0,149.9
0,149.9
1,149.9
1,149.9
2,149.9
2,149.3
3,149.3
3,148.2
4,148.2
4,167.9
5,167.9
5,167.9
6,167.9
6,167.9
0,167.2
0,165.7
1,165.7
1,165.7
2,165.7
2,162.9
3,162.9
3,162.9
4,162.9
4,162.9
5,162.9
5,161.2
6,161.2
6,161.2
0,161.2
0,161.2
1,161.2
1,158.4
2,158.2
2,157.2
3,157.2
3,157.2
4,157.2
4,157.2
5,155.2
5,155.2
6,155.2
6,155.2
0,154.9
0,154.9
1,154.5
1,154.2
2,152.2
2,149.2
3,149.2
3,149.2
4,149.2
4,149.2
5,149.2
5,149.2
6,145.2
6,145.2
0,145.2
0,145.2
1,145.2
1,145.2
2,144.8
2,144.8
3,144.8
3,144.2
4,144.2
4,144.2
5,144.2
5,144.2
6,144.2
6,143.5
0,143.5
0,143.2
1,142.2
1,141.7
2,141.7
2,141.7
3,141.7
3,141.7
4,141.7
4,141.7
5,141.7
5,141.7
6,141.7
6,141.7
0,141.7
0,141.7
1,141.2
1,140.9
2,140.9
2,167.9
3,167.9
3,167.9
4,166.9
4,164.9
5,164.9
5,164.9
6,164.9
6,164.9
0,163.4
0,163.4
1,162.5
1,162.5
2,161.9
2,161.9
3,161.9
3,160.9
4,160.9
4,159.9
5,159.9
5,159.9
6,159.7
6,159.7
0,158.3
0,158.3
1,156.9
1,155.9
2,152.9
2,152.9
3,152.9
3,150.5
4,150.5
4,149.4
5,146.9
5,146.9
6,146.9
6,146.9
0,146.9
0,146.9
1,146.9
1,146.7
2,143.9
2,143.9
3,143.9
3,142.9
4,142.9
4,142.9
5,142.9
5,142.9
6,140.9
6,140.9
0,167.9
0,167.9
1,167.9
1,167.9
2,167.4
2,165.7
3,165.7
3,165.7
4,164.4
4,164.4
5,164.4
5,161.4
6,161.4
6,160.2
0,160.2
0,160.2
1,159.9
1,159.7
2,159.7
2,158.8
3,158.8
3,158.8
4,153.4
4,153.4
5,152.9
5,151.9
6,151.9
6,151.9
0,151.9
0,151.9
1,151.9
1,151.9
2,151.9
2,151.9
3,151.9
3,151.9
4,151.9
4,151.9
5,151.9
5,149.9
6,149.9
6,149.9
0,149.9
0,149.9
1,149.9
1,149.9
2,149.9
2,149.9
3,149.9
3,149.9
4,169.9
4,169.9
5,169.9
5,169.9
6,169.9
6,169.9
0,168.9
0,168.9
1,168.9
1,168.9
2,168.9
2,168.9
3,167.9
3,167.9
4,167.4
4,167.4
5,167.4
5,167.4
6,165.9
6,165.9
0,165.9
0,164.9
1,164.9
1,164.9
2,164.7
2,163.9
3,163.9
3,163.9
4,162.9
4,162.9
5,162.9
5,162.9
6,162.9
6,162.9
0,162.7
0,162.7
1,162.7
1,162.7
2,162.7
2,162.7
3,162.7
3,162.7
4,174.9
4,173.9
5,166.7
5,166.7
6,166.7
6,166.7
