0,126.7
0,126.7
1,124.5
1,124.5
2,123.9
2,122.9
3,122.9
3,121.7
4,121.7
4,121.15
5,121.15
5,121.15
6,119.9
6,117.9
0,117.9
0,117.9
1,117.4
1,117.4
2,116.30000000000001
2,116.30000000000001
3,115.5
3,115.4
4,114.9
4,114.9
5,114.9
5,114.9
6,114.9
6,114.15
0,114.15
0,114.15
1,113.35000000000001
1,113.35000000000001
2,127.9
2,127.9
3,127.9
3,127.9
4,142.5
4,142.5
5,142.3
5,142.3
6,142.3
6,142.3
0,141.9
0,141.9
1,141.4
1,141.4
2,140.9
2,139.9
3,137.225
3,133.9
4,133.3
4,132.15
5,131.4
5,130.9
6,130.9
6,128.9
0,127.89999999999999
0,127.89999999999999
1,125.5
1,123.5
2,123.5
2,123.5
3,121.0
3,119.9
4,119.9
4,119.9
5,119.9
5,119.9
6,119.9
6,119.4
0,119.4
0,118.9
1,118.9
1,117.9
2,117.9
2,145.9
3,145.9
3,144.4
4,144.4
4,144.4
5,144.4
5,142.4
6,142.4
6,140.9
0,140.4
0,139.9
1,138.15
1,138.15
2,138.15
2,135.9
3,135.4
3,135.4
4,133.9
4,132.9
5,132.9
5,132.9
6,131.4
6,131.4
0,129.8
0,127.9
1,124.4
1,123.9
2,123.7
2,122.9
3,122.35
3,121.9
4,147.9
4,147.9
5,147.9
5,147.9
6,147.9
6,147.4
0,147.4
0,147.4
1,147.4
1,147.4
2,147.4
2,147.4
3,147.4
3,147.4
4,145.4
4,145.4
5,145.4
5,145.4
6,145.4
6,145.4
0,145.4
0,145.4
1,145.4
1,145.4
2,145.4
2,145.4
3,145.4
3,145.4
4,145.4
4,145.4
5,145.4
5,145.4
6,145.4
6,145.4
0,145.4
0,145.4
1,145.4
1,145.4
2,145.4
2,145.4
3,145.4
3,145.4
4,145.4
4,145.4
5,145.4
5,145.4
6,145.4
6,145.4
0,145.4
0,145.4
1,145.4
1,145.4
2,145.4
2,145.4
3,145.4
3,145.4
4,145.4
4,145.4
5,145.4
5,145.4
6,145.4
6,145.4
0,145.4
0,145.4
1,145.4
1,145.4
2,145.4
2,145.4
3,145.4
3,145.4
4,145.4
4,145.4
5,145.4
5,145.4
6,145.4
6,145.4
0,145.4
0,145.4
1,145.4
1,145.4
2,145.4
2,145.4
3,145.4
3,145.4
4,145.4
4,145.4
5,145.4
5,145.4
6,145.4
6,145.4
0,145.4
0,145.4
1,145.4
1,145.4
2,145.4
2,145.4
3,145.4
3,145.4
4,145.4
4,145.4
5,145.4
5,145.4
6,145.4
6,145.4
0,145.4
0,145.4
1,145.4
1,145.4
2,145.4
2,145.4
3,145.4
3,145.4
4,145.4
4,145.4
5,145.4
5,145.4
6,145.4
6,145.4
0,145.4
0,145.4
1,145.4
1,145.4
2,145.4
2,145.4
3,145.4
3,145.4
4,145.4
4,145.4
5,145.4
5,145.4
6,145.4
6,145.4
0,145.4
0,145.4
1,145.4
1,145.4
2,145.4
2,145.4
3,121.3
3,121.3
4,121.3
4,149.9
5,149.9
5,149.9
6,149.9
6,149.9
0,149.9
0,149.9
1,149.9
1,147.9
2,147.9
2,147.9
3,147.9
3,147.9
4,147.9
4,147.9
5,147.9
5,147.9
6,147.9
6,147.9
0,145.9
0,145.9
1,145.9
1,145.9
2,145.9
2,145.4
3,145.4
3,145.4
4,145.4
4,145.4
5,145.4
5,145.4
6,145.4
6,145.4
0,145.4
0,145.4
1,145.4
1,143.9
2,143.9
2,143.9
3,143.9
3,143.9
4,143.9
4,143.9
5,143.9
5,143.9
6,143.9
6,143.9
0,141.9
0,141.9
1,141.9
1,141.9
2,141.9
2,141.9
3,141.9
3,141.9
4,141.9
4,141.9
5,141.9
5,141.9
6,141.9
6,141.9
0,141.9
0,141.9
1,141.9
1,141.9
2,141.9
2,141.9
3,160.9
3,160.9
4,160.9
4,160.4
5,160.4
5,160.4
6,160.4
6,160.4
0,160.4
0,160.4
1,160.4
1,160.4
2,160.4
2,160.2
3,155.9
3,155.9
4,155.9
4,155.9
5,155.9
5,155.9
6,155.9
6,155.9
0,153.9
0,153.9
1,149.9
1,149.9
2,145.9
2,145.9
3,145.9
3,145.9
4,142.9
4,142.9
5,142.9
5,142.9
6,142.9
6,142.9
0,137.9
0,137.9
1,137.9
1,137.9
2,137.9
2,137.9
3,137.9
3,137.9
4,135.9
4,135.9
5,135.9
5,135.9
6,134.9
6,134.9
0,134.9
0,134.9
1,133.4
1,133.4
2,133.4
2,133.4
3,133.4
3,133.4
4,133.4
4,133.4
5,133.4
5,133.4
6,133.4
6,131.7
0,131.7
0,131.7
1,131.7
1,131.7
2,131.7
2,131.7
3,131.7
3,131.7
4,131.7
4,131.7
5,131.7
5,131.7
6,130.7
6,130.7
0,130.7
0,130.7
1,130.7
1,130.7
2,130.7
2,130.7
3,130.7
3,130.7
4,130.7
4,160.65
5,160.65
5,160.65
6,160.65
6,160.65
0,157.9
0,157.9
1,157.9
1,156.9
2,156.9
2,156.9
3,156.9
3,156.9
4,156.9
4,156.9
5,156.9
5,156.9
6,156.9
6,156.9
0,155.9
0,155.9
1,148.9
1,148.9
2,148.9
2,148.9
3,141.75
3,141.75
4,141.75
4,141.75
5,141.75
5,141.75
6,141.75
6,141.75
0,141.75
0,139.9
1,137.9
1,137.9
2,137.9
2,137.9
3,135.9
3,135.9
4,134.9
4,133.7
5,133.7
5,133.7
6,133.7
6,133.7
0,133.7
0,132.9
1,132.9
1,132.9
2,132.7
2,132.7
3,131.7
3,131.7
4,130.7
4,129.7
5,129.7
5,129.7
6,129.7
6,128.7
0,128.7
0,128.7
1,127.7
1,127.7
2,127.7
2,127.7
3,127.7
3,126.7
4,126.7
4,126.7
5,126.7
5,126.7
6,126.7
6,126.7
0,125.9
0,125.9
1,125.2
1,125.2
2,125.2
2,125.2
3,123.7
3,123.7
4,123.7
4,123.7
5,123.7
5,123.7
6,123.7
6,123.7
0,123.7
0,123.7
1,123.7
1,123.7
2,123.7
2,123.7
3,123.7
3,123.7
4,123.7
4,123.7
5,123.7
5,155.9
6,155.9
6,155.9
0,155.4
0,155.4
1,154.9
1,154.9
2,154.9
2,154.9
3,152.9
3,147.83333333333334
4,147.83333333333334
4,147.83333333333334
5,147.83333333333334
5,147.83333333333334
6,147.83333333333334
6,142.7
0,142.0
0,142.0
1,140.5
1,140.5
2,139.5
2,138.5
3,137.5
3,136.5
4,135.5
4,134.5
5,133.5
5,133.5
6,132.5
6,132.5
0,131.5
0,131.5
1,130.5
1,130.5
2,129.5
2,128.5
3,127.5
3,127.5
4,126.5
4,126.5
5,126.5
5,126.5
6,126.5
6,126.5
0,126.5
0,126.5
1,126.5
1,126.5
2,126.5
2,126.5
3,126.5
3,126.5
4,155.9
4,126.5
5,126.5
5,126.5
6,126.5
6,126.5
0,126.4
0,155.4
1,146.4
1,146.4
2,146.4
2,146.4
3,146.4
3,146.4
4,146.4
4,146.4
5,146.4
5,144.9
6,144.9
6,144.9
0,142.43333333333334
0,138.14999999999998
1,134.3
1,133.5
2,132.5
2,132.5
3,131.6
3,130.5
4,129.5
4,129.5
5,128.5
5,128.5
6,127.5
6,127.5
0,126.5
0,126.5
1,125.5
1,125.5
2,124.5
2,124.5
3,124.5
3,124.5
4,124.5
4,124.5
5,124.5
5,124.5
6,124.5
6,124.5
0,124.5
0,157.9
1,157.9
1,157.9
2,157.9
2,157.9
3,157.9
3,157.9
4,157.9
4,157.4
5,157.4
5,157.4
6,157.4
6,157.4
0,155.9
0,155.9
1,155.9
1,150.60000000000002
2,146.4
2,146.4
3,142.8
3,141.8
4,140.5
4,139.3
5,139.3
5,139.3
6,139.3
6,139.3
0,139.3
0,138.9
1,133.3
1,133.3
2,132.10000000000002
2,132.10000000000002
3,130.3
3,129.10000000000002
4,127.3
4,127.3
5,127.3
5,127.3
6,126.1
6,126.1
0,125.5
0,125.5
1,123.1
1,123.1
2,123.1
2,123.1
3,123.1
3,123.7
4,122.9
4,122.9
5,122.9
5,122.9
6,122.9
6,121.9
0,121.9
0,121.9
1,121.9
1,120.7
2,120.7
2,120.7
3,119.7
3,119.7
4,119.7
4,119.7
5,119.7
5,119.7
6,119.7
6,119.7
0,118.7
0,118.7
1,118.7
1,118.7
2,118.7
2,118.7
3,118.7
3,147.4
4,147.4
4,147.4
5,147.4
5,147.4
6,147.4
6,147.4
0,147.4
0,147.4
1,147.4
1,144.75
2,141.2
2,141.2
3,139.7
3,138.7
4,137.7
4,137.7
5,137.7
5,137.7
6,136.4
6,136.4
0,132.3
0,130.7
1,129.7
1,129.1
2,127.7
2,125.7
3,124.7
3,124.7
4,123.7
4,124.7
5,124.7
5,124.7
6,124.7
6,124.7
0,124.7
0,124.7
1,123.7
1,123.7
2,122.2
2,122.2
3,121.7
3,121.7
4,121.7
4,121.7
5,121.7
5,121.7
6,121.7
6,121.7
0,121.7
0,121.7
1,121.7
1,121.7
2,121.7
2,121.7
3,121.7
3,121.7
4,121.7
4,121.7
5,121.7
5,121.7
6,120.7
6,120.7
0,119.6
0,119.6
1,119.5
1,150.9
2,150.65
2,150.65
3,150.4
3,150.4
4,146.4
4,146.4
5,144.6
5,144.6
6,141.83333333333334
6,141.83333333333334
0,140.3
0,140.3
1,139.7
1,137.7
2,137.2
2,137.2
3,136.2
3,136.2
4,135.7
4,132.7
5,132.2
5,132.2
6,131.7
6,131.7
0,131.7
0,131.7
1,131.1
1,131.1
2,130.2
2,128.7
3,128.7
3,128.7
4,130.7
4,130.7
5,129.5
5,129.5
6,128.9
6,128.9
0,127.5
0,127.5
1,134.75
1,134.75
2,126.4
2,126.4
3,126.4
3,126.4
4,126.4
4,126.4
5,126.4
5,126.4
6,126.4
6,126.4
0,126.4
0,159.9
1,158.8
1,158.8
2,156.05
2,153.4
3,152.15
3,152.15
4,151.4
4,151.4
5,151.4
5,151.4
6,151.05
6,149.65
0,149.4
0,147.9
1,145.8
1,144.5
2,144.2
2,142.4
3,141.4
3,141.4
4,141.4
4,141.4
5,138.6
5,138.6
6,136.15
6,136.15
0,135.4
0,135.4
1,135.4
1,135.4
2,134.7
2,134.7
3,133.7
3,133.7
4,133.7
4,131.7
5,130.7
5,130.7
6,130.7
6,130.7
0,129.9
0,129.9
1,129.7
1,129.7
2,129.7
2,129.7
3,128.5
3,128.5
4,128.5
4,160.9
5,160.9
5,160.9
6,160.9
6,160.9
0,160.9
0,160.9
1,158.15
1,158.15
2,155.5
2,155.5
3,155.5
3,153.7
4,151.5
4,150.10000000000002
5,150.10000000000002
5,150.10000000000002
6,148.5
6,146.5
0,145.5
0,144.0
1,142.9
1,142.9
2,142.9
2,138.29999999999998
3,138.29999999999998
3,138.29999999999998
4,138.29999999999998
4,138.29999999999998
5,138.29999999999998
5,135.5
6,135.5
6,134.5
0,134.5
0,134.5
1,134.5
1,133.5
2,133.5
2,133.5
3,133.5
3,133.5
4,133.5
4,162.9
5,160.3
5,159.3
6,157.9
6,159.3
0,159.3
0,159.3
1,159.3
1,159.3
2,159.3
2,157.3
3,157.3
3,157.3
4,157.3
4,157.3
5,157.3
5,157.3
6,157.3
6,157.3
0,157.3
0,157.3
1,157.3
1,157.3
2,157.3
2,157.3
3,157.3
3,157.3
4,155.9
4,155.9
5,155.9
5,155.9
6,152.4
6,152.4
0,152.4
0,147.9
1,147.9
1,144.9
2,144.9
2,138.7
3,137.7
3,136.5
4,135.5
4,135.5
5,135.5
5,135.5
6,135.5
6,167.9
0,167.9
0,167.9
1,167.9
1,167.4
2,167.4
2,167.4
3,164.9
3,164.9
4,161.2
4,159.7
5,159.7
5,159.7
6,159.7
6,157.9
0,155.05
0,155.05
1,155.05
1,151.475
2,148.05
2,148.05
3,148.05
3,146.05
4,146.05
4,143.43333333333334
5,141.9
5,140.7
6,140.7
6,140.7
0,140.5
0,139.7
1,139.7
1,139.7
2,139.7
2,139.7
3,139.7
3,139.7
4,139.7
4,139.7
5,139.7
5,139.7
6,138.7
6,138.7
0,138.7
0,138.7
1,137.7
1,137.7
2,137.7
2,137.7
3,137.7
3,167.9
4,167.9
4,167.9
5,167.9
5,167.9
6,167.9
6,167.9
0,167.9
0,167.9
1,167.9
1,167.9
2,167.9
2,167.9
3,167.9
3,167.9
4,167.9
4,164.9
5,164.9
5,164.9
6,164.9
6,164.9
0,164.9
0,164.9
1,160.9
1,159.9
2,156.4
2,153.7
3,153.7
3,153.7
4,153.7
4,153.7
5,153.7
5,153.7
6,153.7
6,153.7
0,153.7
0,153.7
1,153.7
1,153.7
2,153.7
2,153.7
3,153.7
3,151.4
4,151.4
4,151.4
5,151.4
5,151.4
6,151.4
6,151.4
0,151.4
0,151.4
1,149.65
1,146.9
2,146.9
2,144.8
3,144.8
3,144.8
4,144.8
4,167.9
5,167.9
5,167.9
6,167.9
6,167.9
0,167.9
0,167.9
1,167.9
1,166.9
2,166.9
2,166.9
3,166.9
3,166.9
4,166.7
4,166.7
5,166.7
5,166.7
6,166.7
6,165.7
0,165.7
0,165.7
1,165.7
1,165.7
2,163.9
2,163.9
3,158.9
3,158.9
4,158.9
4,158.9
5,158.9
5,158.9
6,158.9
6,158.9
0,158.9
0,154.9
1,154.9
1,153.4
2,153.4
2,153.4
3,146.1
3,146.1
4,141.7
4,140.7
5,139.7
5,139.7
6,139.7
6,138.7
0,138.7
0,137.7
1,138.7
1,138.7
2,138.7
2,137.7
3,137.7
3,137.7
4,137.7
4,137.7
5,137.7
5,137.7
6,137.7
6,137.7
0,137.7
0,137.7
1,137.7
1,137.7
2,137.7
2,137.7
3,137.7
3,137.7
4,137.7
4,137.7
5,137.7
5,137.7
6,137.7
6,137.7
0,137.7
0,137.7
1,137.9
1,137.9
2,137.9
2,137.9
3,137.9
3,167.4
4,167.4
4,167.4
5,167.4
5,167.4
6,167.4
6,167.4
0,167.4
0,167.4
1,167.4
1,167.4
2,167.4
2,165.4
3,165.4
3,165.4
4,163.9
4,163.9
5,161.9
5,160.4
6,159.4
6,159.4
0,156.65
0,149.7
1,149.7
1,148.9
2,148.9
2,147.7
3,145.7
3,145.7
4,141.7
4,141.7
5,140.7
5,139.2
6,139.2
6,139.2
0,139.2
0,139.2
1,137.7
1,137.7
2,136.7
2,136.7
3,136.7
3,136.7
4,136.7
4,136.7
5,136.7
5,167.9
6,167.9
6,167.9
0,167.9
0,167.9
1,167.9
1,167.9
2,165.9
2,165.9
3,165.9
3,165.9
4,165.9
4,165.9
5,165.9
5,165.9
6,152.7
6,152.7
0,149.7
0,149.7
1,149.7
1,149.7
2,149.7
2,149.7
3,144.7
3,144.7
4,142.7
4,142.7
5,142.1
5,141.1
6,141.1
6,139.7
0,139.7
0,139.7
1,138.6
1,138.6
2,138.6
2,138.6
3,138.6
3,138.6
4,138.6
4,138.6
5,138.6
5,138.6
6,138.6
6,138.6
0,138.6
0,138.6
1,138.6
1,138.6
2,138.6
2,138.6
3,138.6
3,138.6
4,138.6
4,169.9
5,169.9
5,169.9
6,169.9
6,169.9
0,169.9
0,169.9
1,165.9
1,165.9
2,165.9
2,165.9
3,162.9
3,159.9
4,159.9
4,159.9
5,157.9
5,152.7
6,152.7
6,150.7
0,150.7
0,150.7
1,150.7
1,150.7
2,150.7
2,150.7
3,150.7
3,148.7
4,148.7
4,148.7
5,148.7
5,148.7
6,148.7
6,148.7
0,146.9
0,145.7
1,145.7
1,145.7
2,145.7
2,145.7
3,145.7
3,174.9
4,174.9
4,174.9
5,173.65
5,173.65
6,173.65
6,173.65
