0,124.4
0,124.4
1,123.4
1,123.4
2,122.15
2,122.15
3,120.9
3,120.9
4,119.9
4,119.9
5,119.9
5,119.9
6,119.9
6,119.9
0,119.9
0,119.9
1,119.9
1,116.9
2,115.9
2,115.9
3,114.63333333333333
3,114.63333333333333
4,114.63333333333333
4,114.63333333333333
5,114.63333333333333
5,114.63333333333333
6,114.63333333333333
6,114.63333333333333
0,114.63333333333333
0,114.63333333333333
1,114.63333333333333
1,114.63333333333333
2,143.9
2,143.4
3,143.4
3,143.4
4,142.4
4,142.4
5,141.4
5,141.4
6,141.4
6,141.4
0,141.4
0,141.4
1,139.73333333333332
1,139.73333333333332
2,135.4
2,135.4
3,132.9
3,130.9
4,128.9
4,128.9
5,126.4
5,126.4
6,123.89999999999999
6,123.89999999999999
0,121.4
0,121.4
1,119.9
1,119.9
2,119.9
2,119.9
3,119.9
3,119.9
4,119.9
4,119.9
5,119.9
5,119.9
6,119.9
6,118.9
0,118.9
0,118.9
1,117.9
1,117.9
2,117.9
2,117.9
3,145.9
3,145.9
4,143.15
4,143.15
5,143.15
5,141.9
6,140.4
6,140.4
0,138.4
0,138.4
1,135.9
1,133.9
2,133.9
2,133.9
3,130.9
3,127.9
4,126.4
4,126.4
5,123.90000000000002
5,123.90000000000002
6,121.4
6,121.4
0,121.4
0,121.4
1,121.4
1,121.4
2,121.4
2,121.4
3,121.4
3,121.4
4,147.9
4,147.9
5,147.9
5,147.9
6,146.9
6,146.9
0,146.9
0,146.9
1,146.9
1,146.9
2,146.9
2,146.9
3,146.9
3,146.9
4,141.5
4,141.5
5,141.5
5,141.5
6,141.5
6,141.5
0,141.5
0,141.5
1,141.5
1,141.5
2,141.5
2,141.5
3,141.5
3,141.5
4,141.5
4,141.5
5,141.5
5,141.5
6,141.5
6,141.5
0,141.5
0,141.5
1,141.5
1,141.5
2,141.5
2,141.5
3,141.5
3,141.5
4,141.5
4,141.5
5,141.5
5,141.5
6,141.5
6,141.5
0,141.5
0,141.5
1,141.5
1,141.5
2,141.5
2,141.5
3,141.5
3,141.5
4,141.5
4,141.5
5,141.5
5,141.5
6,141.5
6,141.5
0,141.5
0,141.5
1,141.5
1,141.5
2,141.5
2,141.5
3,141.5
3,141.5
4,141.5
4,141.5
5,141.5
5,141.5
6,141.5
6,141.5
0,141.5
0,141.5
1,141.5
1,141.5
2,141.5
2,141.5
3,141.5
3,141.5
4,141.5
4,141.5
5,141.5
5,141.5
6,141.5
6,141.5
0,141.5
0,141.5
1,141.5
1,141.5
2,141.5
2,141.5
3,141.5
3,141.5
4,141.5
4,141.5
5,141.5
5,141.5
6,141.5
6,141.5
0,141.5
0,141.5
1,141.5
1,141.5
2,141.5
2,141.5
3,141.5
3,141.5
4,141.5
4,141.5
5,141.5
5,141.5
6,141.5
6,141.5
0,141.5
0,141.5
1,141.5
1,141.5
2,141.5
2,141.5
3,141.5
3,141.5
4,141.5
4,141.5
5,141.5
5,141.5
6,141.5
6,141.5
0,141.5
0,141.5
1,141.5
1,141.5
2,141.5
2,141.5
3,141.5
3,141.5
4,141.5
4,141.5
5,141.5
5,149.9
6,149.9
6,149.9
0,149.9
0,149.9
1,149.9
1,149.9
2,149.9
2,149.9
3,149.9
3,149.9
4,149.9
4,149.9
5,149.9
5,149.9
6,149.9
6,149.9
0,149.9
0,149.9
1,147.9
1,147.4
2,147.4
2,147.4
3,147.4
3,147.4
4,147.4
4,147.4
5,147.4
5,147.4
6,147.4
6,147.4
0,147.4
0,147.4
1,147.4
1,147.4
2,147.4
2,145.9
3,145.9
3,145.9
4,144.9
4,144.4
5,144.4
5,144.4
6,144.4
6,144.4
0,144.4
0,143.8
1,143.8
1,141.9
2,141.9
2,141.9
3,141.9
3,141.9
4,141.9
4,141.9
5,141.9
5,141.9
6,141.9
6,141.9
0,141.9
0,141.9
1,141.9
1,139.4
2,139.4
2,139.4
3,139.4
3,160.9
4,160.9
4,160.9
5,160.9
5,160.9
6,160.9
6,160.9
0,160.9
0,160.9
1,160.7
1,160.4
2,160.3
2,159.9
3,159.9
3,159.9
4,159.9
4,159.9
5,159.9
5,159.9
6,159.9
6,159.9
0,159.9
0,159.9
1,159.9
1,159.9
2,159.9
2,159.3
3,158.10000000000002
3,155.9
4,155.9
4,155.9
5,155.9
5,155.9
6,155.9
6,155.9
0,147.9
0,147.9
1,147.9
1,146.4
2,144.4
2,144.4
3,144.4
3,144.4
4,143.9
4,143.4
5,143.4
5,141.4
6,141.4
6,141.4
0,139.4
0,138.9
1,136.9
1,135.9
2,134.9
2,134.9
3,133.9
3,133.9
4,133.9
4,132.9
5,132.9
5,132.9
6,132.9
6,132.9
0,131.9
0,131.9
1,131.9
1,131.9
2,131.9
2,130.9
3,130.9
3,130.9
4,130.9
4,130.9
5,130.9
5,130.9
6,129.9
6,129.9
0,129.9
0,129.5
1,129.5
1,129.5
2,129.5
2,129.5
3,160.9
3,160.9
4,160.9
4,160.9
5,160.9
5,160.9
6,160.9
6,160.9
0,160.9
0,160.9
1,160.9
1,160.9
2,154.9
2,153.9
3,153.9
3,150.4
4,150.4
4,147.9
5,145.9
5,145.9
6,145.9
6,145.9
0,142.9
0,142.9
1,142.9
1,142.9
2,142.9
2,142.9
3,142.9
3,142.9
4,142.9
4,142.9
5,142.9
5,142.9
6,142.9
6,142.9
0,142.9
0,142.9
1,142.9
1,142.9
2,142.9
2,142.9
3,137.9
3,137.9
4,137.9
4,137.9
5,137.9
5,137.9
6,137.9
6,137.9
0,137.9
0,137.9
1,137.9
1,137.9
2,137.9
2,137.9
3,137.9
3,137.9
4,137.9
4,137.9
5,137.9
5,137.9
6,137.9
6,137.9
0,137.9
0,137.9
1,137.9
1,133.9
2,133.9
2,133.9
3,133.9
3,131.2
4,128.9
4,128.9
5,128.9
5,128.9
6,128.9
6,128.9
0,128.9
0,128.9
1,128.9
1,127.4
2,126.9
2,126.9
3,126.9
3,126.9
4,126.9
4,126.9
5,126.9
5,126.9
6,126.9
6,126.9
0,126.9
0,126.9
1,126.9
1,126.9
2,126.9
2,126.9
3,126.9
3,126.9
4,155.9
4,155.9
5,155.9
5,155.9
6,154.9
6,154.9
0,154.9
0,154.9
1,153.9
1,153.9
2,152.9
2,151.4
3,151.4
3,148.9
4,148.9
4,146.9
5,146.9
5,145.9
6,145.5
6,144.9
0,144.9
0,144.3
1,143.5
1,141.9
2,141.9
2,139.9
3,137.9
3,137.9
4,137.9
4,136.9
5,136.9
5,136.9
6,136.9
6,136.9
0,134.9
0,134.9
1,134.9
1,134.9
2,134.9
2,132.9
3,132.9
3,132.9
4,132.9
4,132.9
5,132.9
5,132.9
6,132.9
6,132.9
0,132.4
0,131.9
1,131.4
1,130.9
2,130.4
2,142.9
3,142.9
3,142.9
4,147.9
4,155.9
5,155.9
5,155.9
6,155.9
6,147.9
0,155.4
0,155.4
1,155.4
1,155.4
2,153.9
2,153.9
3,148.65
3,148.65
4,148.65
4,142.9
5,142.9
5,142.9
6,142.9
6,142.9
0,140.70000000000002
0,140.70000000000002
1,140.70000000000002
1,136.7
2,136.7
2,134.9
3,134.9
3,134.9
4,134.9
4,133.9
5,132.9
5,131.9
6,131.9
6,131.9
0,131.9
0,131.9
1,131.9
1,131.9
2,131.9
2,130.9
3,130.9
3,128.9
4,127.9
4,127.9
5,127.9
5,127.9
6,127.9
6,127.9
0,127.9
0,127.9
1,127.9
1,127.9
2,127.9
2,157.9
3,156.9
3,155.9
4,155.9
4,154.9
5,154.9
5,154.7
6,154.7
6,154.7
0,153.4
0,150.9
1,147.4
1,147.4
2,145.4
2,143.9
3,143.4
3,141.9
4,137.9
4,137.9
5,137.9
5,136.9
6,135.9
6,135.9
0,135.4
0,134.4
1,134.4
1,133.4
2,133.4
2,133.4
3,132.9
3,132.0
4,132.0
4,132.0
5,132.0
5,132.0
6,132.0
6,132.0
0,129.8
0,129.3
1,129.3
1,128.7
2,128.7
2,128.7
3,128.10000000000002
3,126.15
4,123.9
4,123.7
5,123.7
5,123.7
6,123.7
6,123.7
0,123.7
0,123.7
1,122.4
1,122.4
2,121.9
2,121.9
3,121.9
3,121.9
4,121.9
4,121.9
5,121.9
5,121.9
6,121.4
6,120.4
0,120.4
0,120.4
1,120.4
1,120.4
2,120.4
2,147.9
3,147.9
3,147.9
4,147.15
4,147.15
5,147.15
5,147.15
6,147.15
6,145.9
0,145.9
0,145.9
1,145.9
1,145.9
2,144.4
2,144.4
3,144.4
3,144.4
4,144.4
4,144.4
5,144.4
5,144.4
6,144.4
6,144.4
0,137.65
0,137.65
1,137.65
1,134.9
2,134.9
2,134.9
3,134.9
3,134.9
4,132.9
4,132.9
5,131.9
5,131.9
6,131.4
6,129.65
0,129.4
0,129.4
1,128.3
1,126.7
2,125.95
2,125.95
3,125.2
3,124.7
4,124.7
4,124.2
5,123.0
5,123.0
6,121.9
6,121.9
0,121.9
0,121.9
1,121.9
1,121.9
2,121.9
2,121.9
3,121.9
3,121.9
4,121.9
4,121.9
5,121.9
5,121.9
6,121.9
6,150.9
0,150.9
0,150.9
1,150.9
1,150.9
2,150.9
2,150.9
3,150.4
3,150.4
4,148.9
4,146.9
5,146.9
5,146.4
6,146.4
6,146.4
0,145.85000000000002
0,145.85000000000002
1,145.3
1,142.3
2,141.5
2,141.5
3,141.3
3,141.3
4,141.10000000000002
4,140.3
5,139.8
5,137.8
6,137.7
6,137.7
0,137.7
0,135.4
1,135.15
1,135.15
2,134.9
2,134.4
3,133.15
3,133.15
4,129.0
4,129.0
5,129.0
5,128.9
6,128.9
6,128.9
0,128.7
0,128.7
1,128.7
1,128.7
2,128.3
2,127.4
3,126.9
3,126.9
4,126.9
4,126.9
5,126.9
5,126.9
6,126.9
6,160.9
0,160.4
0,160.4
1,159.9
1,158.4
2,157.65
2,157.65
3,156.9
3,156.9
4,156.4
4,154.4
5,154.4
5,154.4
6,153.4
6,151.4
0,150.9
0,150.4
1,150.4
1,150.4
2,149.15
2,149.15
3,145.5666666666667
3,145.5666666666667
4,143.8
4,141.05
5,140.7
5,137.4
6,136.9
6,136.7
0,136.7
0,136.7
1,136.7
1,136.3
2,135.36666666666665
2,133.3
3,133.3
3,133.3
4,133.3
4,133.3
5,133.3
5,133.3
6,133.3
6,132.7
0,129.9
0,129.9
1,129.4
1,129.4
2,129.4
2,129.4
3,129.4
3,129.4
4,160.9
4,160.9
5,160.9
5,160.9
6,160.9
6,160.9
0,160.9
0,160.9
1,157.9
1,157.9
2,157.9
2,157.9
3,156.7
3,155.7
4,154.9
4,154.9
5,153.9
5,150.9
6,149.7
6,149.7
0,149.7
0,149.7
1,149.7
1,145.7
2,145.7
2,141.2
3,141.2
3,141.2
4,141.2
4,141.2
5,140.3
5,138.7
6,138.7
6,138.7
0,138.3
0,138.3
1,138.3
1,138.3
2,137.7
2,137.7
3,135.6
3,135.6
4,162.9
4,162.9
5,162.9
5,162.9
6,162.9
6,162.9
0,162.9
0,162.9
1,162.9
1,161.9
2,159.9
2,157.9
3,157.9
3,157.9
4,155.8
4,155.3
5,155.3
5,152.8
6,152.8
6,152.8
0,152.8
0,152.8
1,152.8
1,152.8
2,152.8
2,152.8
3,152.8
3,152.8
4,152.8
4,152.8
5,152.8
5,152.8
6,152.8
6,152.8
0,152.8
0,152.8
1,152.8
1,152.8
2,152.8
2,152.8
3,152.8
3,152.8
4,152.8
4,152.8
5,152.8
5,152.8
6,152.8
6,152.8
0,152.8
0,152.8
1,152.8
1,152.8
2,152.8
2,152.8
3,152.8
3,152.8
4,152.8
4,152.8
5,152.8
5,152.8
6,152.8
6,152.8
0,152.8
0,152.8
1,152.8
1,152.8
2,152.8
2,152.8
3,152.8
3,152.8
4,152.8
4,152.8
5,152.8
5,152.8
6,152.8
6,152.8
0,152.8
0,152.8
1,152.8
1,152.8
2,152.8
2,152.8
3,152.8
3,152.8
4,152.8
4,152.8
5,152.8
5,152.8
6,152.8
6,152.8
0,152.8
0,152.8
1,152.8
1,152.8
2,152.8
2,152.8
3,152.8
3,152.8
4,152.8
4,152.8
5,152.8
5,152.8
6,152.8
6,152.8
0,152.8
0,152.8
1,152.8
1,152.8
2,152.8
2,152.8
3,152.8
3,152.8
4,152.8
4,152.8
5,152.8
5,152.8
6,152.8
6,152.8
0,152.8
0,152.8
1,152.8
1,152.8
2,152.8
2,152.8
3,152.8
3,152.8
4,152.8
4,152.8
5,152.8
5,152.8
6,152.8
6,152.8
0,152.8
0,152.8
1,152.8
1,152.8
2,152.8
2,152.8
3,152.8
3,152.8
4,152.8
4,152.8
5,152.8
5,152.8
6,152.8
6,152.8
0,152.8
0,152.8
1,152.8
1,152.8
2,152.8
2,152.8
3,152.8
3,152.8
4,152.8
4,152.8
5,152.8
5,152.8
6,152.8
6,152.8
0,152.8
0,152.8
1,152.8
1,152.8
2,152.8
2,152.8
3,152.8
3,152.8
4,152.8
4,152.8
5,152.8
5,152.8
6,152.8
6,152.8
0,152.8
0,152.8
1,152.8
1,152.8
2,152.8
2,152.8
3,152.8
3,152.8
4,152.8
4,152.8
5,152.8
5,152.8
6,152.8
6,152.8
0,152.8
0,152.8
1,152.8
1,152.8
2,152.8
2,152.8
3,152.8
3,152.8
4,152.8
4,152.8
5,152.8
5,152.8
6,152.8
6,152.8
0,152.8
0,152.8
1,152.8
1,152.8
2,152.8
2,152.8
3,152.8
3,152.8
4,152.8
4,152.8
5,152.8
5,152.8
6,152.8
6,152.8
0,152.8
0,152.8
1,152.8
1,152.8
2,152.8
2,152.8
3,152.8
3,152.8
4,152.8
4,152.8
5,152.8
5,152.8
6,152.8
6,152.8
0,152.8
0,152.8
1,152.8
1,152.8
2,152.8
2,152.8
3,152.8
3,152.8
4,152.8
4,152.8
5,152.8
5,152.8
6,152.8
6,152.8
0,152.8
0,152.8
1,152.8
1,152.8
2,152.8
2,152.8
3,152.8
3,152.8
4,152.8
4,152.8
5,152.8
5,152.8
6,152.8
6,152.8
0,152.8
0,152.8
1,152.8
1,152.8
2,152.8
2,152.8
3,152.8
3,152.8
4,152.8
4,152.8
5,152.8
5,152.8
6,152.8
6,152.8
0,152.8
0,152.8
1,152.8
1,152.8
2,152.8
2,152.8
3,152.8
3,152.8
4,152.8
4,152.8
5,152.8
5,152.8
6,152.8
6,152.8
0,152.8
0,152.8
1,152.8
1,152.8
2,152.8
2,152.8
3,152.8
3,152.8
4,152.8
4,152.8
5,152.8
5,152.8
6,152.8
6,152.8
0,152.8
0,152.8
1,152.8
1,152.8
2,152.8
2,152.8
3,152.8
3,152.8
4,152.8
4,152.8
5,152.8
5,152.8
6,152.8
6,152.8
0,152.8
0,152.8
1,152.8
1,152.8
2,152.8
2,152.8
3,152.8
3,152.8
4,152.8
4,152.8
5,152.8
5,152.8
6,152.8
6,152.8
0,152.8
0,152.8
1,152.8
1,152.8
2,152.8
2,147.9
3,147.9
3,147.9
4,169.9
4,169.9
5,169.9
5,169.9
6,169.9
6,169.9
0,166.9
0,166.9
1,162.9
1,162.9
2,162.9
2,162.9
3,162.9
3,162.9
4,162.9
4,162.9
5,162.9
5,159.9
6,159.9
6,159.9
0,159.9
0,159.9
1,159.9
1,159.9
2,159.9
2,159.9
3,159.9
3,159.9
4,159.9
4,159.9
5,159.9
5,159.9
6,159.9
6,159.9
0,159.9
0,159.9
1,159.9
1,157.9
2,157.9
2,157.9
3,174.9
3,174.9
4,174.9
4,174.9
5,169.9
5,169.9
6,169.9
6,169.9
