0,128.9
0,128.9
1,128.9
1,128.9
2,128.9
2,128.9
3,128.9
3,128.9
4,128.9
4,128.9
5,128.9
5,128.9
6,128.9
6,127.9
0,127.9
0,127.9
1,127.7
1,127.7
2,127.5
2,125.9
3,124.9
3,124.9
4,124.9
4,124.9
5,124.9
5,124.9
6,124.9
6,123.4
0,123.4
0,123.4
1,121.4
1,121.4
2,120.6
2,120.6
3,120.6
3,120.6
4,120.6
4,120.6
5,120.6
5,120.6
6,120.6
6,120.6
0,119.9
0,119.9
1,119.9
1,119.9
2,119.6
2,119.6
3,119.5
3,118.5
4,117.9
4,117.9
5,117.9
5,117.9
6,117.9
6,117.9
0,117.9
0,117.9
1,117.9
1,117.9
2,117.9
2,117.9
3,117.9
3,117.9
4,117.9
4,117.9
5,117.9
5,117.9
6,117.9
6,117.9
0,117.9
0,117.9
1,117.9
1,117.9
2,117.9
2,117.9
3,117.9
3,117.9
4,145.9
4,145.9
5,145.9
5,145.9
6,145.9
6,145.9
0,125.7
0,120.9
1,119.9
1,119.9
2,119.9
2,119.9
3,119.9
3,119.9
4,119.5
4,119.5
5,119.5
5,119.5
6,119.5
6,119.5
0,119.5
0,119.3
1,119.3
1,119.3
2,119.3
2,119.3
3,119.3
3,119.3
4,119.3
4,119.3
5,119.3
5,119.3
6,119.3
6,119.3
0,119.3
0,119.3
1,119.3
1,119.3
2,119.3
2,119.3
3,119.3
3,117.9
4,117.9
4,117.7
5,117.7
5,117.7
6,117.7
6,117.7
0,117.7
0,117.7
1,117.7
1,117.7
2,117.7
2,117.7
3,117.7
3,117.7
4,117.7
4,117.7
5,117.7
5,117.7
6,117.7
6,117.7
0,117.7
0,117.7
1,117.7
1,117.7
2,117.7
2,117.7
3,117.7
3,117.7
4,117.7
4,117.7
5,117.7
5,117.7
6,117.7
6,117.7
0,117.7
0,117.7
1,117.7
1,117.7
2,117.7
2,117.7
3,117.7
3,117.7
4,117.7
4,117.7
5,117.7
5,117.7
6,117.7
6,117.7
0,117.7
0,117.7
1,117.7
1,117.7
2,117.7
2,117.7
3,117.7
3,117.7
4,117.7
4,117.7
5,117.7
5,117.7
6,117.7
6,117.7
0,117.7
0,117.7
1,117.7
1,117.7
2,117.7
2,117.7
3,117.7
3,117.7
4,117.7
4,117.7
5,117.7
5,117.7
6,117.7
6,117.7
0,117.7
0,117.7
1,117.7
1,117.7
2,117.7
2,117.7
3,117.7
3,117.7
4,117.7
4,117.7
5,117.7
5,117.7
6,117.7
6,117.7
0,117.7
0,117.7
1,117.7
1,117.7
2,117.7
2,117.7
3,117.7
3,117.7
4,117.7
4,117.7
5,117.7
5,117.7
6,117.7
6,117.7
0,117.7
0,117.7
1,117.7
1,117.7
2,117.7
2,117.7
3,117.7
3,117.7
4,117.7
4,117.7
5,117.7
5,117.7
6,117.7
6,117.7
0,117.7
0,117.7
1,117.7
1,117.7
2,117.7
2,117.7
3,117.7
3,117.7
4,117.7
4,133.9
5,133.9
5,133.9
6,133.9
6,133.9
0,133.9
0,133.9
1,133.9
1,133.7
2,133.7
2,133.7
3,133.7
3,133.7
4,133.7
4,133.7
5,133.7
5,133.7
6,133.7
6,133.7
0,133.7
0,133.7
1,133.7
1,133.7
2,133.7
2,145.7
3,145.7
3,145.7
4,145.7
4,145.7
5,145.7
5,145.7
6,145.7
6,145.7
0,142.9
0,142.9
1,142.4
1,142.4
2,142.4
2,142.4
3,142.4
3,142.2
4,142.2
4,142.2
5,142.2
5,142.2
6,137.7
6,137.7
0,137.7
0,137.7
1,137.7
1,137.7
2,137.7
2,137.7
3,137.5
3,137.5
4,137.5
4,137.5
5,137.5
5,137.4
6,137.4
6,137.4
0,137.4
0,137.4
1,137.4
1,137.3
2,137.3
2,136.9
3,136.9
3,136.9
4,136.9
4,136.9
5,136.9
5,136.9
6,136.9
6,136.9
0,136.9
0,160.9
1,160.9
1,160.7
2,160.7
2,158.9
3,155.9
3,155.9
4,155.9
4,155.9
5,155.9
5,155.9
6,155.9
6,155.9
0,155.9
0,155.9
1,155.9
1,155.9
2,155.9
2,155.9
3,155.9
3,155.9
4,155.9
4,155.9
5,155.9
5,155.9
6,155.9
6,155.9
0,155.9
0,155.9
1,153.9
1,153.9
2,153.9
2,152.9
3,152.9
3,152.9
4,152.9
4,151.9
5,151.9
5,151.9
6,151.9
6,151.9
0,147.5
0,147.5
1,147.5
1,147.5
2,147.5
2,147.5
3,147.3
3,147.3
4,147.3
4,147.3
5,147.3
5,147.3
6,147.3
6,147.3
0,147.3
0,147.3
1,147.3
1,147.3
2,147.3
2,147.3
3,147.3
3,147.3
4,147.3
4,147.3
5,146.8
5,146.8
6,146.8
6,146.8
0,146.8
0,146.8
1,146.8
1,146.8
2,146.8
2,145.9
3,145.9
3,145.9
4,145.9
4,145.9
5,145.9
5,145.9
6,145.9
6,145.9
0,145.9
0,145.9
1,145.9
1,145.9
2,145.9
2,145.9
3,145.9
3,145.9
4,143.9
4,143.9
5,143.9
5,143.9
6,143.9
6,143.9
0,143.9
0,143.9
1,143.9
1,143.9
2,143.9
2,143.9
3,143.9
3,143.9
4,143.9
4,143.9
5,143.5
5,143.5
6,143.5
6,143.5
0,143.5
0,143.5
1,143.5
1,143.5
2,143.5
2,143.5
3,143.5
3,143.5
4,143.5
4,142.4
5,142.4
5,142.4
6,142.4
6,142.4
0,142.4
0,142.4
1,142.4
1,140.9
2,140.9
2,138.5
3,138.5
3,138.5
4,138.5
4,137.5
5,137.5
5,137.5
6,137.5
6,137.5
0,137.5
0,137.5
1,137.5
1,137.5
2,137.5
2,137.5
3,137.5
3,137.5
4,137.5
4,137.5
5,137.5
5,137.5
6,137.5
6,137.5
0,137.5
0,136.8
1,136.8
1,136.8
2,136.8
2,136.8
3,136.8
3,136.8
4,136.8
4,136.8
5,136.8
5,136.8
6,136.8
6,136.8
0,136.8
0,136.8
1,136.8
1,136.8
2,136.5
2,136.5
3,136.5
3,136.5
4,136.5
4,136.5
5,136.5
5,136.5
6,136.5
6,136.5
0,135.3
0,135.3
1,155.9
1,155.9
2,155.9
2,139.7
3,139.7
3,139.7
4,139.7
4,139.7
5,139.7
5,139.7
6,139.7
6,139.7
0,139.7
0,139.7
1,139.7
1,139.7
2,139.7
2,139.7
3,139.7
3,139.7
4,139.7
4,139.5
5,139.5
5,139.5
6,139.5
6,139.5
0,139.5
0,139.5
1,138.4
1,138.4
2,138.4
2,155.9
3,155.4
3,155.4
4,155.4
4,155.4
5,155.4
5,155.4
6,155.4
6,154.9
0,154.9
0,154.9
1,154.9
1,154.9
2,154.9
2,154.9
3,154.9
3,154.9
4,154.9
4,154.9
5,154.9
5,154.9
6,150.9
6,150.9
0,150.9
0,150.9
1,150.9
1,144.4
2,144.4
2,144.4
3,144.4
3,144.4
4,144.4
4,144.4
5,144.4
5,144.4
6,144.4
6,144.4
0,144.4
0,142.3
1,138.4
1,138.4
2,138.4
2,137.7
3,137.5
3,137.5
4,137.5
4,137.5
5,137.5
5,137.5
6,137.5
6,137.5
0,137.5
0,136.9
1,135.5
1,134.5
2,133.9
2,133.4
3,133.4
3,133.4
4,132.9
4,132.9
5,132.9
5,132.9
6,132.9
6,132.9
0,132.9
0,131.9
1,131.9
1,130.7
2,130.7
2,130.7
3,130.7
3,130.7
4,130.7
4,130.7
5,130.7
5,130.7
6,130.7
6,130.7
0,130.7
0,130.7
1,130.7
1,130.7
2,130.7
2,130.7
3,130.7
3,130.7
4,130.7
4,130.7
5,130.7
5,130.7
6,130.7
6,130.7
0,130.7
0,130.7
1,130.7
1,129.7
2,129.7
2,129.7
3,129.7
3,128.9
4,128.9
4,128.7
5,128.7
5,128.7
6,128.7
6,128.7
0,128.7
0,128.7
1,128.7
1,128.7
2,126.9
2,126.9
3,126.9
3,126.7
4,126.7
4,126.7
5,126.7
5,126.7
6,126.7
6,126.7
0,126.9
0,126.9
1,126.9
1,126.9
2,126.9
2,126.9
3,126.9
3,124.9
4,124.9
4,123.7
5,123.5
5,123.5
6,123.5
6,123.5
0,123.5
0,123.5
1,123.5
1,123.5
2,123.5
2,123.5
3,123.5
3,123.5
4,123.3
4,123.3
5,123.3
5,123.3
6,123.3
6,123.3
0,123.3
0,123.3
1,123.3
1,123.1
2,123.1
2,123.1
3,123.1
3,123.1
4,123.1
4,123.1
5,123.1
5,123.1
6,123.1
6,123.1
0,123.1
0,123.1
1,123.1
1,123.1
2,123.1
2,123.1
3,123.1
3,123.1
4,123.1
4,147.9
5,147.9
5,147.9
6,147.9
6,122.9
0,122.9
0,122.9
1,122.9
1,122.9
2,122.85
2,122.85
3,122.8
3,122.7
4,122.7
4,122.5
5,122.5
5,122.5
6,122.2
6,122.2
0,121.9
0,121.9
1,121.9
1,121.9
2,121.9
2,121.9
3,121.9
3,121.9
4,121.9
4,121.9
5,121.9
5,121.9
6,121.9
6,121.9
0,121.9
0,121.9
1,121.9
1,121.9
2,123.30000000000001
2,123.30000000000001
3,124.7
3,150.9
4,150.9
4,146.9
5,146.9
5,146.9
6,142.76666666666668
6,142.76666666666668
0,140.5
0,140.5
1,140.5
1,140.5
2,140.5
2,139.4
3,139.4
3,139.4
4,139.4
4,138.9
5,138.9
5,138.9
6,138.9
6,138.9
0,138.9
0,138.9
1,138.9
1,138.9
2,138.9
2,137.9
3,137.9
3,137.9
4,139.9
4,139.9
5,139.9
5,139.9
6,136.9
6,136.9
0,136.9
0,136.9
1,136.9
1,136.9
2,136.9
2,136.9
3,136.9
3,136.9
4,136.9
4,136.9
5,136.9
5,136.9
6,136.9
6,136.9
0,136.9
0,136.9
1,136.9
1,136.9
2,134.9
2,139.9
3,139.9
3,139.9
4,139.9
4,139.9
5,139.9
5,139.9
6,139.9
6,139.9
0,139.9
0,139.9
1,139.9
1,139.9
2,139.9
2,139.9
3,139.9
3,139.9
4,139.9
4,139.9
5,139.9
5,139.9
6,139.9
6,139.9
0,138.9
0,138.9
1,136.4
1,136.4
2,136.4
2,136.4
3,136.4
3,136.4
4,136.4
4,136.4
5,136.4
5,136.4
6,136.4
6,136.4
0,136.4
0,136.4
1,136.4
1,133.7
2,133.7
2,133.7
3,129.45
3,129.45
4,129.4
4,129.4
5,129.4
5,129.4
6,129.4
6,129.4
0,129.4
0,129.4
1,129.4
1,129.4
2,129.4
2,131.5
3,131.5
3,131.5
4,131.5
4,131.5
5,131.5
5,131.5
6,131.5
6,131.5
0,131.5
0,131.5
1,131.5
1,131.5
2,131.5
2,131.5
3,131.5
3,131.5
4,131.5
4,131.5
5,131.5
5,131.5
6,131.5
6,131.5
0,131.5
0,131.5
1,131.5
1,131.5
2,131.5
2,131.5
3,131.5
3,132.1
4,132.1
4,132.1
5,130.9
5,162.4
6,162.4
6,162.4
0,162.4
0,162.4
1,162.4
1,162.4
2,162.4
2,160.9
3,152.9
3,160.4
4,160.4
4,160.4
5,160.4
5,160.4
6,160.4
6,160.4
0,160.4
0,160.4
1,160.4
1,160.4
2,160.4
2,160.4
3,160.4
3,160.4
4,155.9
4,152.7
5,152.7
5,152.7
6,148.9
6,148.9
0,148.9
0,148.9
1,147.9
1,147.9
2,147.9
2,147.9
3,146.9
3,146.9
4,142.9
4,145.9
5,145.9
5,145.9
6,145.9
6,141.8
0,137.9
0,137.9
1,137.9
1,137.9
2,137.9
2,137.9
3,137.9
3,137.9
4,137.9
4,137.9
5,147.9
5,153.9
6,150.5
6,150.5
0,150.3
0,150.3
1,151.7
1,151.7
2,149.5
2,153.9
3,151.7
3,150.3
4,148.7
4,148.7
5,147.9
5,147.9
6,147.9
6,147.9
0,147.9
0,147.9
1,147.9
1,147.7
2,146.9
2,146.9
3,146.9
3,146.9
4,146.9
4,146.9
5,146.9
5,146.9
6,146.9
6,146.7
0,146.7
0,146.7
1,146.7
1,144.7
2,143.9
2,143.9
3,143.3
3,143.3
4,143.3
4,167.9
5,167.9
5,167.9
6,166.5
6,166.5
0,165.7
0,165.7
1,165.7
1,165.7
2,165.7
2,165.7
3,165.7
3,165.7
4,165.7
4,164.9
5,164.9
5,164.9
6,164.5
6,164.5
0,162.63333333333335
0,160.5
1,160.8
1,160.8
2,159.2
2,157.9
3,157.9
3,157.9
4,152.9
4,152.9
5,152.9
5,152.9
6,152.9
6,152.9
0,152.9
0,152.9
1,152.9
1,152.9
2,151.2
2,151.2
3,151.2
3,151.2
4,151.2
4,151.2
5,151.2
5,151.2
6,151.2
6,151.2
0,151.2
0,151.2
1,151.2
1,151.2
2,151.2
2,151.2
3,151.2
3,150.2
4,150.2
4,150.2
5,150.2
5,150.2
6,150.2
6,150.2
0,150.2
0,150.2
1,150.2
1,150.2
2,150.2
2,150.2
3,150.2
3,149.2
4,149.2
4,149.2
5,149.2
5,149.2
6,149.2
6,149.2
0,149.2
0,149.2
1,149.2
1,149.2
2,149.2
2,149.2
3,149.2
3,149.2
4,149.2
4,145.2
5,145.2
5,145.2
6,145.2
6,145.2
0,145.2
0,145.2
1,145.2
1,145.2
2,145.2
2,145.2
3,145.2
3,145.2
4,145.2
4,145.2
5,145.2
5,145.2
6,145.2
6,145.2
0,145.2
0,145.2
1,141.9
1,141.35000000000002
2,141.35000000000002
2,141.35000000000002
3,141.35000000000002
3,141.35000000000002
4,141.35000000000002
4,139.9
5,139.9
5,139.9
6,139.9
6,139.9
0,139.9
0,139.9
1,138.2
1,138.2
2,138.2
2,138.2
3,138.2
3,138.2
4,138.2
4,138.2
5,138.2
5,138.2
6,138.2
6,138.2
0,138.2
0,138.2
1,138.2
1,137.9
2,137.9
2,137.9
3,137.9
3,137.9
4,167.9
4,167.9
5,167.9
5,167.9
6,167.9
6,167.9
0,165.9
0,162.9
1,162.9
1,157.9
2,155.5
2,153.5
3,151.3
3,148.3
4,148.3
4,148.3
5,145.3
5,145.3
6,145.3
6,145.3
0,143.3
0,139.9
1,139.9
1,139.9
2,139.9
2,139.9
3,147.3
3,146.9
4,145.9
4,145.9
5,145.9
5,145.9
6,145.9
6,144.9
0,144.9
0,144.9
1,144.9
1,144.9
2,144.9
2,143.9
3,143.9
3,143.9
4,142.9
4,142.9
5,142.9
5,142.9
6,142.9
6,142.9
0,142.9
0,142.9
1,142.9
1,142.9
2,142.9
2,142.9
3,142.9
3,142.9
4,142.9
4,142.9
5,142.9
5,142.9
6,142.9
6,142.9
0,142.9
0,142.9
1,142.9
1,142.9
2,142.9
2,142.9
3,142.9
3,142.9
4,142.9
4,142.9
5,142.9
5,142.9
6,142.9
6,142.9
0,142.9
0,144.9
1,144.9
1,144.9
2,144.9
2,144.9
3,138.9
3,138.9
4,138.9
4,138.9
5,143.9
5,142.9
6,142.9
6,142.9
0,142.9
0,142.9
1,141.9
1,140.9
2,140.9
2,140.9
3,140.9
3,140.9
4,140.9
4,140.9
5,140.9
5,140.9
6,140.9
6,140.9
0,161.4
0,161.4
1,169.9
1,168.9
2,168.9
2,168.9
3,165.9
3,165.9
4,159.5
4,159.5
5,159.5
5,159.5
6,159.5
6,159.5
0,159.5
0,157.5
1,157.5
1,157.5
2,157.5
2,157.5
3,157.5
3,157.5
4,157.5
4,157.5
5,157.5
5,157.5
6,157.5
6,157.5
0,157.5
0,157.5
1,157.5
1,157.5
2,157.5
2,157.5
3,157.5
3,157.5
4,154.9
4,157.5
5,157.5
5,158.9
6,158.9
6,158.9
