0,119.9
0,119.9
1,119.9
1,117.9
2,117.9
2,117.9
3,115.9
3,115.9
4,115.9
4,115.9
5,115.9
5,115.9
6,115.9
6,115.9
0,115.9
0,115.9
1,115.9
1,114.4
2,113.9
2,113.9
3,113.9
3,113.9
4,113.9
4,113.9
5,113.9
5,113.9
6,113.9
6,113.9
0,113.9
0,113.9
1,113.9
1,113.9
2,113.9
2,113.9
3,143.4
3,143.4
4,143.4
4,143.4
5,142.9
5,142.9
6,142.9
6,142.9
0,142.9
0,142.9
1,139.9
1,139.9
2,134.9
2,134.9
3,131.9
3,131.9
4,131.9
4,131.9
5,131.9
5,131.9
6,131.9
6,131.9
0,127.9
0,127.9
1,125.7
1,125.5
2,125.5
2,125.5
3,119.9
3,119.9
4,119.9
4,119.9
5,119.9
5,119.9
6,119.9
6,119.9
0,119.9
0,119.9
1,118.4
1,118.4
2,118.4
2,118.4
3,143.9
3,143.4
4,143.4
4,143.4
5,142.7
5,141.9
6,141.9
6,139.9
0,138.9
0,137.9
1,134.4
1,134.4
2,134.4
2,131.9
3,131.9
3,131.9
4,131.9
4,131.9
5,130.5
5,130.5
6,130.5
6,127.9
0,125.4
0,125.4
1,123.9
1,123.9
2,123.9
2,123.9
3,122.9
3,122.9
4,147.9
4,147.4
5,147.4
5,147.4
6,147.4
6,147.4
0,147.4
0,147.4
1,147.4
1,147.4
2,147.4
2,141.9
3,141.9
3,138.9
4,137.4
4,137.4
5,137.4
5,137.4
6,137.4
6,137.4
0,137.4
0,137.4
1,137.4
1,137.4
2,137.4
2,137.4
3,137.4
3,137.4
4,137.4
4,137.4
5,137.4
5,137.4
6,137.4
6,137.4
0,137.4
0,137.4
1,137.4
1,137.4
2,137.4
2,137.4
3,137.4
3,137.4
4,137.4
4,137.4
5,137.4
5,137.4
6,137.4
6,137.4
0,137.4
0,137.4
1,137.4
1,137.4
2,137.4
2,137.4
3,137.4
3,137.4
4,137.4
4,137.4
5,137.4
5,137.4
6,137.4
6,137.4
0,137.4
0,137.4
1,137.4
1,137.4
2,137.4
2,137.4
3,137.4
3,137.4
4,137.4
4,137.4
5,137.4
5,137.4
6,137.4
6,137.4
0,137.4
0,137.4
1,137.4
1,137.4
2,137.4
2,137.4
3,137.4
3,137.4
4,137.4
4,137.4
5,137.4
5,137.4
6,137.4
6,137.4
0,137.4
0,137.4
1,137.4
1,137.4
2,137.4
2,137.4
3,137.4
3,137.4
4,137.4
4,137.4
5,137.4
5,137.4
6,137.4
6,137.4
0,137.4
0,137.4
1,137.4
1,137.4
2,137.4
2,137.4
3,137.4
3,137.4
4,137.4
4,137.4
5,137.4
5,137.4
6,137.4
6,137.4
0,137.4
0,137.4
1,137.4
1,137.4
2,137.4
2,137.4
3,137.4
3,137.4
4,137.4
4,137.4
5,137.4
5,137.4
6,137.4
6,137.4
0,137.4
0,137.4
1,137.4
1,137.4
2,137.4
2,137.4
3,137.4
3,137.4
4,137.4
4,137.4
5,137.4
5,149.9
6,149.9
6,149.9
0,149.9
0,149.9
1,149.9
1,147.9
2,147.9
2,147.9
3,147.9
3,147.9
4,147.9
4,147.4
5,147.4
5,147.4
6,147.4
6,147.4
0,145.9
0,145.9
1,145.9
1,141.9
2,140.9
2,140.9
3,140.9
3,140.9
4,140.9
4,140.9
5,140.9
5,140.9
6,140.9
6,140.9
0,140.9
0,139.5
1,139.5
1,137.9
2,137.9
2,137.9
3,137.9
3,135.9
4,135.5
4,134.9
5,134.9
5,134.9
6,134.9
6,134.9
0,134.9
0,134.9
1,134.9
1,134.9
2,134.9
2,134.9
3,134.9
3,134.9
4,134.9
4,134.9
5,134.9
5,134.9
6,134.9
6,134.9
0,134.9
0,134.9
1,134.9
1,134.9
2,134.9
2,134.9
3,160.9
3,160.9
4,160.9
4,160.9
5,160.9
5,160.9
6,160.9
6,160.9
0,160.9
0,159.15
1,159.15
1,159.15
2,159.15
2,155.9
3,155.9
3,153.9
4,153.9
4,153.9
5,153.9
5,153.9
6,153.9
6,153.9
0,148.9
0,148.9
1,148.9
1,146.9
2,146.9
2,146.9
3,143.9
3,143.9
4,143.9
4,143.9
5,143.9
5,143.9
6,140.9
6,140.9
0,137.9
0,137.9
1,137.9
1,137.9
2,137.9
2,135.9
3,135.9
3,135.9
4,135.9
4,135.9
5,135.9
5,135.9
6,135.9
6,135.9
0,135.9
0,134.9
1,134.9
1,133.4
2,133.4
2,133.4
3,133.4
3,133.4
4,133.4
4,133.4
5,133.4
5,133.4
6,133.4
6,133.4
0,133.4
0,133.4
1,133.4
1,132.4
2,132.4
2,132.4
3,132.4
3,132.4
4,132.4
4,132.4
5,132.4
5,132.4
6,132.4
6,131.9
0,131.9
0,131.9
1,131.9
1,131.9
2,131.9
2,131.9
3,131.9
3,160.9
4,160.9
4,160.9
5,160.9
5,160.9
6,160.9
6,160.9
0,160.9
0,160.9
1,157.9
1,157.9
2,157.9
2,157.9
3,157.9
3,157.9
4,151.9
4,151.9
5,151.9
5,149.9
6,149.9
6,149.9
0,147.9
0,147.9
1,144.9
1,144.9
2,144.9
2,144.9
3,140.9
3,140.9
4,140.9
4,140.9
5,140.9
5,140.9
6,140.9
6,140.9
0,139.7
0,137.9
1,137.9
1,137.9
2,137.9
2,135.9
3,135.9
3,133.9
4,133.9
4,132.9
5,132.9
5,132.9
6,132.9
6,132.9
0,132.9
0,132.9
1,132.9
1,132.9
2,132.9
2,132.9
3,132.9
3,132.9
4,132.9
4,132.9
5,132.9
5,132.9
6,132.9
6,132.9
0,132.9
0,132.9
1,132.9
1,132.9
2,132.9
2,132.9
3,132.9
3,132.9
4,132.9
4,132.9
5,131.9
5,131.9
6,131.9
6,131.9
0,129.9
0,129.5
1,128.5
1,128.5
2,127.9
2,127.9
3,127.9
3,127.9
4,127.9
4,127.9
5,127.9
5,127.9
6,127.9
6,127.9
0,125.9
0,125.9
1,125.9
1,125.9
2,125.9
2,125.9
3,125.9
3,125.9
4,125.9
4,125.7
5,125.7
5,155.9
6,155.9
6,155.9
0,155.4
0,155.4
1,152.9
1,152.9
2,150.9
2,150.9
3,146.9
3,146.9
4,146.9
4,146.9
5,146.9
5,146.9
6,146.9
6,146.9
0,146.9
0,140.9
1,140.9
1,140.9
2,140.9
2,140.9
3,140.9
3,140.9
4,137.9
4,137.9
5,137.9
5,137.9
6,137.9
6,137.9
0,137.9
0,137.9
1,137.9
1,137.9
2,135.9
2,135.9
3,135.9
3,135.9
4,135.9
4,134.9
5,134.9
5,134.9
6,134.9
6,134.9
0,134.9
0,133.7
1,133.7
1,133.7
2,133.7
2,133.7
3,131.9
3,131.9
4,130.9
4,130.9
5,130.9
5,129.9
6,129.9
6,129.9
0,129.9
0,155.4
1,155.4
1,146.4
2,146.4
2,142.9
3,142.9
3,142.9
4,142.9
4,142.9
5,142.9
5,142.9
6,140.4
6,140.4
0,139.3
0,137.4
1,137.4
1,133.3
2,133.3
2,133.3
3,133.3
3,133.3
4,133.3
4,133.3
5,133.3
5,133.3
6,133.3
6,133.3
0,130.9
0,130.9
1,130.9
1,130.9
2,130.9
2,130.9
3,130.9
3,130.9
4,130.9
4,130.9
5,130.9
5,130.9
6,130.9
6,130.9
0,130.9
0,130.9
1,130.9
1,130.9
2,130.9
2,157.65
3,157.65
3,157.65
4,157.65
4,157.65
5,157.65
5,157.65
6,157.65
6,157.65
0,150.9
0,150.9
1,150.9
1,150.9
2,147.9
2,147.9
3,143.9
3,143.9
4,143.9
4,143.9
5,143.9
5,143.9
6,142.9
6,142.9
0,142.9
0,142.9
1,141.4
1,137.9
2,137.9
2,136.7
3,131.9
3,131.9
4,131.9
4,131.4
5,131.4
5,131.4
6,131.4
6,131.4
0,128.9
0,128.9
1,128.9
1,128.4
2,128.4
2,128.4
3,126.9
3,126.9
4,126.9
4,126.7
5,126.7
5,126.3
6,126.3
6,123.9
0,123.9
0,123.9
1,123.9
1,123.4
2,123.4
2,122.9
3,122.9
3,122.9
4,122.9
4,122.9
5,122.9
5,122.9
6,122.9
6,122.9
0,122.9
0,121.9
1,121.85
1,121.85
2,120.9
2,120.9
3,120.9
3,147.9
4,147.9
4,147.9
5,147.9
5,147.9
6,147.9
6,147.9
0,147.9
0,147.9
1,145.9
1,145.9
2,145.9
2,143.9
3,143.9
3,140.9
4,140.9
4,140.9
5,140.9
5,140.9
6,140.9
6,140.9
0,132.3
0,132.3
1,129.9
1,129.9
2,127.9
2,127.9
3,127.9
3,127.9
4,127.9
4,127.9
5,127.9
5,127.9
6,127.9
6,127.9
0,127.9
0,127.9
1,127.9
1,127.9
2,126.9
2,126.9
3,125.9
3,125.9
4,125.9
4,125.9
5,125.9
5,125.9
6,125.9
6,125.9
0,125.9
0,125.4
1,125.4
1,121.9
2,121.9
2,121.9
3,121.9
3,121.9
4,121.9
4,121.9
5,121.9
5,121.9
6,121.9
6,121.9
0,121.9
0,121.9
1,136.4
1,136.4
2,150.9
2,150.9
3,149.4
3,149.4
4,145.9
4,145.9
5,144.4
5,144.4
6,142.9
6,140.9
0,139.9
0,139.9
1,138.9
1,138.9
2,138.9
2,138.9
3,138.9
3,136.9
4,136.65
4,136.65
5,134.15
5,134.15
6,131.9
6,131.9
0,131.9
0,131.4
1,131.4
1,131.4
2,131.4
2,130.4
3,129.9
3,129.9
4,131.9
4,131.9
5,131.9
5,131.4
6,131.4
6,131.4
0,131.4
0,131.4
1,131.4
1,128.65
2,128.4
2,128.4
3,128.4
3,128.4
4,128.4
4,128.4
5,144.65
5,144.65
6,160.9
6,160.9
0,160.4
0,160.4
1,159.9
1,159.9
2,159.9
2,159.9
3,158.9
3,158.9
4,156.9
4,154.9
5,154.9
5,154.9
6,154.4
6,148.65
0,146.73333333333335
0,142.9
1,142.9
1,141.7
2,141.7
2,141.7
3,140.8
3,140.8
4,139.9
4,138.4
5,136.9
5,136.9
6,135.9
6,135.9
0,135.9
0,135.9
1,135.9
1,135.9
2,135.9
2,135.9
3,135.9
3,135.9
4,135.9
4,134.5
5,134.5
5,134.5
6,133.8
6,132.7
0,132.7
0,131.9
1,131.7
1,130.9
2,130.9
2,130.9
3,130.4
3,130.4
4,130.4
4,160.9
5,160.9
5,160.9
6,160.9
6,160.9
0,160.9
0,160.9
1,159.9
1,159.9
2,156.9
2,153.9
3,148.9
3,148.9
4,148.9
4,148.9
5,148.9
5,145.7
6,145.7
6,144.9
0,142.9
0,142.9
1,142.9
1,142.7
2,142.7
2,139.9
3,139.9
3,139.9
4,139.9
4,137.15
5,137.15
5,137.15
6,137.15
6,137.15
0,137.15
0,137.15
1,137.15
1,135.9
2,135.9
2,135.9
3,135.9
3,135.9
4,135.9
4,162.9
5,162.9
5,162.9
6,162.9
6,162.9
0,162.9
0,162.4
1,162.4
1,161.9
2,159.9
2,159.9
3,159.9
3,159.9
4,159.9
4,159.9
5,159.9
5,159.9
6,159.9
6,159.9
0,159.9
0,159.9
1,157.9
1,157.9
2,156.4
2,156.4
3,156.4
3,156.4
4,149.9
4,144.9
5,144.9
5,144.9
6,144.9
6,144.9
0,144.9
0,144.9
1,142.9
1,142.9
2,142.9
2,142.9
3,142.9
3,142.9
4,142.9
4,141.7
5,141.7
5,139.7
6,167.9
6,167.9
0,167.9
0,167.9
1,167.9
1,167.4
2,167.4
2,167.4
3,167.4
3,166.9
4,166.9
4,166.9
5,166.9
5,166.9
6,166.9
6,165.9
0,165.9
0,165.9
1,165.9
1,163.9
2,163.9
2,162.4
3,162.4
3,159.9
4,158.9
4,158.9
5,158.9
5,158.9
6,156.9
6,154.9
0,151.9
0,151.9
1,149.9
1,149.9
2,149.9
2,149.9
3,149.9
3,147.9
4,147.9
4,145.9
5,145.9
5,145.9
6,142.8
6,142.8
0,142.8
0,141.5
1,141.5
1,141.7
2,141.5
2,141.5
3,167.9
3,167.9
4,167.9
4,167.9
5,167.9
5,167.9
6,167.9
6,167.9
0,166.9
0,166.4
1,166.4
1,155.9
2,155.9
2,155.9
3,155.9
3,155.9
4,155.9
4,155.9
5,155.9
5,155.9
6,155.9
6,152.9
0,152.9
0,152.9
1,152.9
1,152.9
2,152.9
2,152.9
3,148.9
3,148.7
4,148.7
4,148.7
5,148.7
5,148.7
6,147.9
6,144.9
0,144.9
0,144.9
1,144.9
1,144.9
2,144.9
2,144.9
3,144.9
3,144.9
4,144.9
4,144.9
5,144.9
5,144.9
6,144.9
6,144.9
0,143.7
0,143.7
1,143.7
1,143.7
2,141.9
2,141.9
3,141.9
3,141.9
4,141.9
4,167.9
5,167.9
5,167.9
6,167.9
6,167.9
0,167.9
0,163.4
1,163.4
1,163.4
2,163.4
2,163.4
3,163.4
3,155.9
4,155.9
4,155.9
5,155.9
5,155.9
6,155.9
6,155.9
0,155.9
0,155.9
1,155.9
1,155.9
2,159.9
2,159.9
3,153.4
3,153.4
4,149.9
4,149.9
5,146.9
5,146.9
6,146.9
6,146.9
0,144.7
0,143.9
1,143.9
1,143.9
2,143.9
2,143.9
3,143.9
3,143.9
4,143.9
4,143.9
5,142.9
5,142.9
6,142.9
6,142.9
0,142.9
0,142.9
1,142.9
1,142.9
2,142.7
2,142.7
3,142.7
3,142.7
4,139.9
4,139.9
5,139.9
5,139.9
6,139.9
6,139.9
0,139.9
0,139.9
1,139.9
1,139.9
2,139.9
2,139.9
3,139.9
3,139.9
4,139.9
4,139.9
5,139.9
5,139.9
6,139.9
6,139.9
0,139.9
0,139.9
1,139.9
1,139.9
2,139.9
2,167.9
3,167.9
3,167.9
4,167.9
4,167.9
5,167.9
5,167.9
6,167.9
6,167.9
0,167.9
0,167.9
1,166.9
1,166.9
2,166.9
2,164.9
3,164.9
3,164.9
4,162.7
4,159.9
5,159.4
5,159.4
6,159.4
6,159.4
0,159.4
0,158.9
1,158.9
1,157.4
2,157.4
2,155.9
3,155.9
3,155.9
4,142.9
4,142.9
5,142.9
5,142.9
6,142.9
6,142.9
0,142.9
0,142.9
1,142.9
1,142.9
2,142.9
2,142.9
3,142.9
3,141.9
4,141.9
4,141.9
5,140.9
5,140.9
6,140.9
6,139.7
0,167.4
0,167.4
1,167.4
1,167.4
2,167.4
2,167.4
3,167.4
3,167.4
4,167.4
4,167.4
5,163.9
5,163.9
6,161.9
6,161.4
0,161.4
0,161.4
1,159.9
1,154.9
2,154.9
2,149.9
3,149.9
3,149.9
4,148.9
4,148.9
5,148.9
5,148.9
6,145.3
6,145.3
0,145.3
0,145.3
1,145.3
1,145.3
2,145.3
2,145.3
3,145.3
3,145.3
4,145.3
4,145.3
5,145.3
5,145.3
6,145.3
6,145.3
0,145.3
0,145.3
1,145.3
1,145.3
2,145.3
2,145.3
3,145.3
3,145.3
4,169.9
4,169.9
5,169.9
5,169.9
6,169.9
6,169.9
0,162.9
0,162.9
1,162.9
1,162.9
2,157.9
2,157.9
3,157.9
3,157.9
4,157.9
4,157.9
5,157.9
5,157.9
6,157.9
6,157.9
0,156.9
0,153.9
1,153.9
1,148.9
2,148.9
2,148.9
3,148.9
3,147.9
4,147.9
4,147.7
5,147.7
5,147.7
6,147.7
6,147.7
0,147.7
0,147.7
1,147.7
1,147.7
2,147.7
2,147.7
3,147.7
3,174.9
4,174.9
4,174.9
5,174.4
5,174.4
6,174.4
6,174.4
