0,0
0,125.9
1,125.9
1,125.9
2,125.9
2,117.9
3,117.9
3,117.9
4,117.9
4,117.9
5,117.9
5,117.9
6,117.9
6,117.9
0,117.9
0,117.9
1,116.9
1,115.9
2,115.9
2,114.9
3,114.9
3,114.9
4,114.9
4,114.9
5,114.9
5,114.9
6,114.9
6,114.9
0,112.4
0,112.4
1,112.4
1,112.4
2,112.4
2,112.4
3,112.4
3,112.4
4,112.4
4,112.4
5,142.9
5,142.9
6,141.9
6,141.9
0,141.9
0,141.9
1,141.9
1,139.9
2,135.4
2,135.4
3,132.4
3,130.9
4,129.9
4,128.9
5,128.9
5,128.9
6,127.9
6,127.30000000000001
0,125.4
0,123.9
1,121.89999999999999
1,119.9
2,119.9
2,119.9
3,119.9
3,119.9
4,119.9
4,119.9
5,119.9
5,119.9
6,119.9
6,117.9
0,117.9
0,117.9
1,117.9
1,117.9
2,117.9
2,117.9
3,117.9
3,143.9
4,143.4
4,143.4
5,142.9
5,142.9
6,141.9
6,141.9
0,135.9
0,135.9
1,133.9
1,131.9
2,131.9
2,130.9
3,129.9
3,128.9
4,128.9
4,128.9
5,128.9
5,128.9
6,127.9
6,126.9
0,126.9
0,125.9
1,124.73333333333335
1,123.4
2,122.9
2,121.9
3,120.9
3,120.9
4,119.4
4,147.9
5,147.9
5,147.9
6,147.9
6,147.4
0,145.9
0,145.9
1,145.9
1,145.9
2,145.9
2,145.9
3,145.9
3,136.9
4,136.9
4,136.85000000000002
5,136.85000000000002
5,136.85000000000002
6,136.85000000000002
6,136.85000000000002
0,136.85000000000002
0,136.85000000000002
1,136.85000000000002
1,136.85000000000002
2,136.85000000000002
2,136.85000000000002
3,136.85000000000002
3,136.85000000000002
4,136.85000000000002
4,136.85000000000002
5,136.85000000000002
5,136.85000000000002
6,136.85000000000002
6,136.85000000000002
0,136.85000000000002
0,136.85000000000002
1,136.85000000000002
1,136.85000000000002
2,136.85000000000002
2,136.85000000000002
3,136.85000000000002
3,136.85000000000002
4,136.85000000000002
4,136.85000000000002
5,136.85000000000002
5,136.85000000000002
6,136.85000000000002
6,136.85000000000002
0,136.85000000000002
0,136.85000000000002
1,136.85000000000002
1,136.85000000000002
2,136.85000000000002
2,136.85000000000002
3,136.85000000000002
3,136.85000000000002
4,136.85000000000002
4,136.85000000000002
5,136.85000000000002
5,136.85000000000002
6,136.85000000000002
6,136.85000000000002
0,136.85000000000002
0,136.85000000000002
1,136.85000000000002
1,136.85000000000002
2,136.85000000000002
2,136.85000000000002
3,136.85000000000002
3,136.85000000000002
4,136.85000000000002
4,136.85000000000002
5,136.85000000000002
5,136.85000000000002
6,136.85000000000002
6,136.85000000000002
0,136.85000000000002
0,136.85000000000002
1,136.85000000000002
1,136.85000000000002
2,136.85000000000002
2,136.85000000000002
3,136.85000000000002
3,136.85000000000002
4,136.85000000000002
4,136.85000000000002
5,136.85000000000002
5,136.85000000000002
6,136.85000000000002
6,136.85000000000002
0,136.85000000000002
0,136.85000000000002
1,136.85000000000002
1,136.85000000000002
2,136.85000000000002
2,136.85000000000002
3,136.85000000000002
3,136.85000000000002
4,136.85000000000002
4,136.85000000000002
5,136.85000000000002
5,136.85000000000002
6,136.85000000000002
6,136.85000000000002
0,136.85000000000002
0,136.85000000000002
1,136.85000000000002
1,136.85000000000002
2,136.85000000000002
2,136.85000000000002
3,136.85000000000002
3,136.85000000000002
4,136.85000000000002
4,136.85000000000002
5,136.85000000000002
5,136.85000000000002
6,136.85000000000002
6,136.85000000000002
0,136.85000000000002
0,136.85000000000002
1,136.85000000000002
1,136.85000000000002
2,136.85000000000002
2,136.85000000000002
3,136.85000000000002
3,136.85000000000002
4,136.85000000000002
4,136.85000000000002
5,136.85000000000002
5,136.85000000000002
6,136.85000000000002
6,136.85000000000002
0,136.85000000000002
0,136.85000000000002
1,136.85000000000002
1,136.85000000000002
2,136.85000000000002
2,136.85000000000002
3,119.7
3,119.5
4,119.5
4,119.5
5,119.5
5,119.5
6,149.9
6,149.9
0,149.9
0,149.9
1,149.9
1,149.4
2,149.4
2,149.4
3,149.4
3,149.4
4,149.4
4,149.4
5,149.4
5,149.4
6,149.4
6,149.4
0,147.9
0,147.9
1,147.4
1,147.4
2,147.4
2,147.4
3,147.4
3,147.4
4,146.9
4,146.9
5,146.9
5,146.9
6,146.9
6,146.9
0,146.9
0,145.9
1,145.9
1,145.9
2,145.9
2,145.9
3,144.9
3,141.9
4,141.9
4,141.9
5,141.9
5,141.9
6,139.10000000000002
6,139.10000000000002
0,137.9
0,136.4
1,136.4
1,136.4
2,136.4
2,136.4
3,136.4
3,136.4
4,136.4
4,136.4
5,136.4
5,136.4
6,136.4
6,136.4
0,136.4
0,136.4
1,136.4
1,133.9
2,133.9
2,133.9
3,133.9
3,160.9
4,160.9
4,160.4
5,160.4
5,160.4
6,160.4
6,160.4
0,160.4
0,160.4
1,160.4
1,160.4
2,160.4
2,160.4
3,160.4
3,160.4
4,160.4
4,160.4
5,160.4
5,160.4
6,160.4
6,160.4
0,154.9
0,151.9
1,150.9
1,148.9
2,146.9
2,145.9
3,144.9
3,143.4
4,143.4
4,141.9
5,141.9
5,140.9
6,140.9
6,140.9
0,139.9
0,138.4
1,138.4
1,136.9
2,136.9
2,136.9
3,135.9
3,135.9
4,134.9
4,134.9
5,134.9
5,134.9
6,134.9
6,134.9
0,134.9
0,133.9
1,133.9
1,132.16666666666666
2,132.16666666666666
2,132.16666666666666
3,132.16666666666666
3,132.16666666666666
4,132.16666666666666
4,131.15
5,129.9
5,129.9
6,129.9
6,129.9
0,129.9
0,129.9
1,129.9
1,129.9
2,129.9
2,129.9
3,129.9
3,129.9
4,129.9
4,129.9
5,129.9
5,129.9
6,129.9
6,129.9
0,129.4
0,128.9
1,128.9
1,128.5
2,127.9
2,127.9
3,127.9
3,160.9
4,160.9
4,160.9
5,160.9
5,160.9
6,160.9
6,160.9
0,160.9
0,160.9
1,159.9
1,155.9
2,152.9
2,151.9
3,151.9
3,149.9
4,149.9
4,149.9
5,148.9
5,148.9
6,148.9
6,148.9
0,147.9
0,147.9
1,146.4
1,146.4
2,145.3
2,145.3
3,143.9
3,141.9
4,140.9
4,140.9
5,139.9
5,139.9
6,139.9
6,139.9
0,138.9
0,138.9
1,138.9
1,137.9
2,137.9
2,137.9
3,137.9
3,136.9
4,136.9
4,135.9
5,134.9
5,134.9
6,133.9
6,133.9
0,133.9
0,133.9
1,132.9
1,132.9
2,132.9
2,132.9
3,131.9
3,131.9
4,131.9
4,131.9
5,131.9
5,131.9
6,131.9
6,131.9
0,131.9
0,131.9
1,131.9
1,130.9
2,129.9
2,129.9
3,129.9
3,129.9
4,129.9
4,129.5
5,129.5
5,129.5
6,129.5
6,128.9
0,128.9
0,127.9
1,127.9
1,127.4
2,126.9
2,126.9
3,126.9
3,126.9
4,126.9
4,126.9
5,126.9
5,126.9
6,126.9
6,126.9
0,125.9
0,125.9
1,125.9
1,125.9
2,125.9
2,125.9
3,123.9
3,123.9
4,123.9
4,123.9
5,123.9
5,155.9
6,155.9
6,155.9
0,155.9
0,155.9
1,152.9
1,152.9
2,150.9
2,150.9
3,150.9
3,150.9
4,150.9
4,147.9
5,147.9
5,147.9
6,145.9
6,143.7
0,143.7
0,142.9
1,141.4
1,141.4
2,141.4
2,141.4
3,141.4
3,139.9
4,137.9
4,136.9
5,136.7
5,136.7
6,136.7
6,136.7
0,135.9
0,135.7
1,135.7
1,135.7
2,134.7
2,134.7
3,134.7
3,133.7
4,133.7
4,133.7
5,132.9
5,132.9
6,132.9
6,131.9
0,131.33333333333334
0,130.4
1,129.9
1,129.9
2,129.9
2,129.9
3,129.9
3,129.9
4,129.4
4,129.4
5,128.9
5,128.9
6,128.9
6,155.9
0,155.4
0,155.4
1,155.4
1,155.4
2,153.9
2,153.9
3,151.4
3,144.4
4,143.9
4,143.9
5,143.9
5,143.9
6,140.9
6,140.9
0,138.9
0,134.23333333333335
1,131.9
1,130.4
2,130.4
2,128.9
3,127.9
3,126.9
4,126.9
4,125.9
5,125.9
5,125.9
6,125.9
6,124.9
0,124.9
0,124.9
1,124.9
1,124.9
2,124.9
2,124.9
3,124.9
3,124.9
4,124.9
4,124.9
5,124.9
5,124.9
6,124.9
6,124.9
0,124.9
0,124.9
1,157.9
1,157.9
2,157.9
2,157.9
3,157.4
3,157.4
4,157.4
4,157.4
5,157.4
5,157.4
6,155.9
6,155.9
0,155.9
0,155.9
1,153.4
1,149.9
2,148.9
2,145.9
3,145.9
3,144.5
4,143.3
4,142.7
5,141.6
5,141.6
6,141.6
6,140.9
0,140.7
0,139.8
1,139.5
1,138.9
2,137.9
2,137.7
3,136.7
3,136.7
4,136.2
4,135.5
5,135.5
5,135.5
6,135.5
6,134.9
0,134.9
0,132.7
1,132.1
1,132.1
2,131.5
2,130.9
3,130.7
3,130.35000000000002
4,130.35000000000002
4,128.4
5,128.4
5,128.4
6,128.4
6,128.4
0,126.9
0,126.15
1,126.15
1,125.05000000000001
2,123.9
2,123.4
3,123.4
3,122.9
4,122.9
4,122.4
5,122.4
5,120.9
6,120.9
6,120.9
0,120.9
0,120.9
1,120.9
1,120.9
2,120.9
2,120.9
3,120.9
3,120.5
4,147.4
4,147.4
5,147.4
5,147.4
6,147.4
6,147.4
0,147.4
0,145.9
1,145.9
1,144.9
2,142.9
2,142.9
3,139.9
3,139.9
4,138.4
4,136.9
5,136.9
5,136.9
6,136.9
6,136.9
0,132.9
0,130.76666666666668
1,128.7
1,127.2
2,125.7
2,123.90000000000002
3,121.9
3,121.9
4,121.9
4,124.9
5,124.9
5,124.9
6,124.9
6,124.9
0,123.9
0,123.9
1,123.9
1,123.9
2,123.4
2,123.4
3,122.9
3,121.9
4,121.9
4,121.9
5,121.9
5,121.9
6,121.9
6,121.9
0,121.9
0,121.9
1,121.9
1,121.9
2,121.9
2,121.9
3,121.9
3,121.9
4,121.9
4,121.9
5,121.9
5,121.9
6,121.9
6,121.9
0,121.9
0,121.9
1,121.9
1,150.9
2,150.9
2,150.9
3,148.9
3,148.9
4,143.9
4,141.9
5,141.9
5,141.7
6,141.7
6,141.7
0,141.7
0,141.7
1,141.7
1,139.9
2,138.9
2,138.9
3,137.9
3,137.4
4,136.0666666666667
4,132.9
5,131.9
5,130.9
6,130.9
6,130.9
0,130.9
0,130.9
1,130.9
1,129.4
2,128.4
2,126.80000000000001
3,126.7
3,125.7
4,125.9
4,126.5
5,125.9
5,125.9
6,125.9
6,125.9
0,125.9
0,125.9
1,125.9
1,125.9
2,125.9
2,125.9
3,125.9
3,125.9
4,125.9
4,125.9
5,125.9
5,125.9
6,125.9
6,125.9
0,125.9
0,159.9
1,159.9
1,159.9
2,158.9
2,154.9
3,153.95
3,151.9
4,151.4
4,149.9
5,149.4
5,147.9
6,146.9
6,146.9
0,145.4
0,143.9
1,142.9
1,140.9
2,140.4
2,138.4
3,137.9
3,136.9
4,136.9
4,135.9
5,135.9
5,135.9
6,135.9
6,135.9
0,135.9
0,134.9
1,134.9
1,134.9
2,134.9
2,134.3
3,134.3
3,132.3
4,131.5
4,131.5
5,131.5
5,131.5
6,131.5
6,131.5
0,131.5
0,131.5
1,130.9
1,130.9
2,130.9
2,130.9
3,130.9
3,129.9
4,129.9
4,129.9
5,129.9
5,129.9
6,158.4
6,158.4
0,158.4
0,158.4
1,158.4
1,158.4
2,158.4
2,158.4
3,151.9
3,150.4
4,150.4
4,150.4
5,150.4
5,150.4
6,150.4
6,150.4
0,150.4
0,146.9
1,144.9
1,143.9
2,142.4
2,142.4
3,142.4
3,142.4
4,139.9
4,139.9
5,139.9
5,139.9
6,139.9
6,138.9
0,137.9
0,136.4
1,136.4
1,136.4
2,136.4
2,134.9
3,134.9
3,134.9
4,134.9
4,162.9
5,162.9
5,162.9
6,158.7
6,158.7
0,158.7
0,158.7
1,158.7
1,158.7
2,157.9
2,157.9
3,156.9
3,156.9
4,155.9
4,155.9
5,155.9
5,155.9
6,155.9
6,155.9
0,155.9
0,155.9
1,155.9
1,155.9
2,153.9
2,151.9
3,151.9
3,149.9
4,148.9
4,148.9
5,148.9
5,148.9
6,148.9
6,148.9
0,148.9
0,147.9
1,147.9
1,145.4
2,143.4
2,141.4
3,139.9
3,139.9
4,139.9
4,139.9
5,138.4
5,138.4
6,138.4
6,165.9
0,165.9
0,165.9
1,165.9
1,165.9
2,165.9
2,165.9
3,165.9
3,165.9
4,165.9
4,165.9
5,165.9
5,165.9
6,165.9
6,165.9
0,165.9
0,165.9
1,165.9
1,165.9
2,165.9
2,161.9
3,161.9
3,160.9
4,159.9
4,159.9
5,159.9
5,159.9
6,159.9
6,159.9
0,159.9
0,158.9
1,152.9
1,151.9
2,148.5
2,147.9
3,147.9
3,147.9
4,147.9
4,147.9
5,146.9
5,145.9
6,145.9
6,145.9
0,145.9
0,142.9
1,142.9
1,140.4
2,140.4
2,140.4
3,140.4
3,140.4
4,139.4
4,167.9
5,167.9
5,167.9
6,167.9
6,167.9
0,167.9
0,167.9
1,167.9
1,162.9
2,162.9
2,162.9
3,162.9
3,161.9
4,161.9
4,161.9
5,161.9
5,161.9
6,161.9
6,161.9
0,161.9
0,161.9
1,160.9
1,159.9
2,155.9
2,155.9
3,153.9
3,153.9
4,151.9
4,149.9
5,147.9
5,146.9
6,145.9
6,145.9
0,144.9
0,144.9
1,144.9
1,143.9
2,142.9
2,142.9
3,142.9
3,142.9
4,141.4
4,141.4
5,139.4
5,139.4
6,139.4
6,139.4
0,139.4
0,139.4
1,139.4
1,139.4
2,137.4
2,137.4
3,137.4
3,137.4
4,137.4
4,167.9
5,167.9
5,167.9
6,167.9
6,167.9
0,167.9
0,167.9
1,167.9
1,167.9
2,164.9
2,164.9
3,164.9
3,164.9
4,164.9
4,164.9
5,164.9
5,164.9
6,164.9
6,164.9
0,164.9
0,159.9
1,157.9
1,157.9
2,154.9
2,152.9
3,151.9
3,150.9
4,149.9
4,147.9
5,145.4
5,143.9
6,142.4
6,142.4
0,142.4
0,140.9
1,139.9
1,138.9
2,137.9
2,137.9
3,136.9
3,136.9
4,136.9
4,136.9
5,136.9
5,136.9
6,136.9
6,136.9
0,136.9
0,136.9
1,139.9
1,139.9
2,139.9
2,139.9
3,139.9
3,139.9
4,139.9
4,138.9
5,138.9
5,138.9
6,138.9
6,136.9
0,136.9
0,136.9
1,136.9
1,136.9
2,136.9
2,136.9
3,136.9
3,136.9
4,136.9
4,136.9
5,136.9
5,136.9
6,136.9
6,136.9
0,136.9
0,136.9
1,136.9
1,136.9
2,167.9
2,167.9
3,167.9
3,167.9
4,165.9
4,165.9
5,165.9
5,165.9
6,165.9
6,165.9
0,165.9
0,165.9
1,165.9
1,163.9
2,163.9
2,163.9
3,163.9
3,163.9
4,163.9
4,162.65
5,161.9
5,161.9
6,161.9
6,159.9
0,158.4
0,158.4
1,154.9
1,151.9
2,149.4
2,149.4
3,145.4
3,145.4
4,143.4
4,141.4
5,141.4
5,139.9
6,139.9
6,138.9
0,137.9
0,136.9
1,136.9
1,136.9
2,136.9
2,136.9
3,136.9
3,136.9
4,136.9
4,136.9
5,136.9
5,136.9
6,136.9
6,167.9
0,167.9
0,167.9
1,167.9
1,167.9
2,167.9
2,167.9
3,167.9
3,167.9
4,166.9
4,162.9
5,162.9
5,162.9
6,162.9
6,162.9
0,162.9
0,152.9
1,147.9
1,147.9
2,146.9
2,146.9
3,145.9
3,143.4
4,141.9
4,141.9
5,140.9
5,140.9
6,140.9
6,139.9
0,139.9
0,138.9
1,138.9
1,139.9
2,139.9
2,139.9
3,139.9
3,139.9
4,139.9
4,139.9
5,139.9
5,139.9
6,139.9
6,139.9
0,139.9
0,139.9
1,139.9
1,139.9
2,139.9
2,139.9
3,139.9
3,139.9
4,139.9
4,170.4
5,170.4
5,170.4
6,170.4
6,170.4
0,170.4
0,168.4
1,162.9
1,162.9
2,158.9
2,158.9
3,156.9
3,155.9
4,154.9
4,153.9
5,153.9
5,153.9
6,153.9
6,153.9
0,153.9
0,153.9
1,153.9
1,153.9
2,152.9
2,152.9
3,152.9
3,151.9
4,150.9
4,150.9
5,149.9
5,149.9
6,149.9
6,149.9
0,148.9
0,148.9
1,148.9
1,147.9
2,147.7
2,146.9
3,146.9
3,146.9
4,160.4
4,160.4
5,172.9
5,172.9
6,172.9
6,172.9
