0,130.9
0,129.9
1,127.9
1,127.9
2,124.9
2,123.4
3,121.9
3,121.9
4,121.9
4,121.9
5,121.9
5,121.9
6,121.9
6,121.9
0,121.9
0,121.9
1,117.9
1,117.9
2,117.9
2,117.9
3,117.9
3,117.9
4,117.9
4,117.9
5,115.8
5,115.8
6,115.8
6,115.8
0,115.8
0,114.9
1,114.9
1,114.9
2,113.9
2,113.9
3,143.9
3,143.4
4,143.4
4,143.4
5,143.4
5,143.4
6,142.9
6,142.9
0,140.9
0,140.9
1,139.9
1,138.8
2,134.9
2,134.9
3,130.4
3,130.4
4,130.4
4,130.4
5,130.4
5,130.4
6,128.9
6,128.9
0,128.9
0,127.9
1,126.9
1,125.9
2,125.9
2,125.9
3,125.9
3,120.7
4,119.9
4,119.9
5,119.9
5,119.9
6,119.9
6,117.9
0,117.9
0,117.9
1,117.9
1,117.9
2,117.9
2,117.9
3,117.9
3,143.9
4,142.9
4,142.9
5,140.9
5,140.9
6,139.9
6,139.9
0,139.9
0,139.9
1,138.4
1,138.4
2,138.4
2,138.4
3,138.4
3,138.4
4,135.9
4,135.9
5,132.9
5,132.9
6,132.9
6,129.9
0,128.9
0,127.9
1,125.9
1,124.45
2,119.73333333333333
2,117.9
3,117.9
3,117.9
4,117.9
4,147.9
5,147.9
5,147.9
6,146.8
6,145.9
0,144.9
0,144.9
1,144.9
1,144.9
2,144.9
2,144.9
3,144.9
3,142.9
4,142.9
4,137.9
5,137.9
5,137.9
6,137.9
6,137.9
0,137.9
0,137.9
1,137.9
1,137.9
2,137.9
2,137.9
3,137.9
3,137.9
4,137.9
4,137.9
5,137.9
5,137.9
6,137.9
6,137.9
0,137.9
0,137.9
1,137.9
1,137.9
2,137.9
2,137.9
3,137.9
3,137.9
4,137.9
4,137.9
5,137.9
5,137.9
6,137.9
6,137.9
0,137.9
0,137.9
1,137.9
1,137.9
2,137.9
2,137.9
3,137.9
3,137.9
4,137.9
4,137.9
5,137.9
5,137.9
6,137.9
6,137.9
0,137.9
0,137.9
1,137.9
1,137.9
2,137.9
2,137.9
3,137.9
3,137.9
4,137.9
4,137.9
5,137.9
5,137.9
6,137.9
6,137.9
0,137.9
0,137.9
1,137.9
1,137.9
2,137.9
2,137.9
3,137.9
3,137.9
4,137.9
4,137.9
5,137.9
5,137.9
6,137.9
6,137.9
0,137.9
0,137.9
1,137.9
1,137.9
2,137.9
2,137.9
3,137.9
3,137.9
4,137.9
4,137.9
5,137.9
5,137.9
6,137.9
6,137.9
0,137.9
0,137.9
1,137.9
1,137.9
2,137.9
2,137.9
3,137.9
3,137.9
4,137.9
4,137.9
5,137.9
5,137.9
6,137.9
6,137.9
0,137.9
0,137.9
1,137.9
1,137.9
2,137.9
2,137.9
3,137.9
3,137.9
4,137.9
4,137.9
5,137.9
5,137.9
6,137.9
6,137.9
0,137.9
0,137.9
1,137.9
1,137.9
2,137.9
2,137.9
3,137.9
3,137.9
4,137.9
4,149.9
5,149.9
5,149.9
6,149.9
6,149.9
0,149.9
0,147.9
1,147.9
1,147.9
2,147.9
2,147.9
3,147.9
3,147.9
4,147.9
4,147.9
5,147.9
5,147.9
6,147.9
6,147.9
0,145.4
0,145.4
1,145.4
1,145.4
2,142.9
2,141.9
3,141.9
3,140.9
4,140.9
4,140.9
5,140.9
5,140.9
6,140.9
6,140.9
0,140.9
0,140.9
1,140.9
1,138.9
2,138.9
2,138.9
3,138.9
3,138.9
4,138.9
4,138.9
5,138.9
5,138.9
6,133.9
6,133.9
0,133.9
0,133.9
1,133.9
1,133.9
2,133.9
2,133.9
3,133.9
3,133.9
4,133.9
4,133.9
5,133.9
5,133.9
6,133.9
6,133.9
0,133.9
0,133.9
1,133.9
1,133.9
2,133.9
2,133.9
3,133.9
3,160.9
4,157.9
4,157.9
5,157.9
5,157.9
6,157.9
6,157.9
0,157.9
0,157.9
1,157.9
1,152.56666666666666
2,146.6
2,142.4
3,140.3
3,140.3
4,140.3
4,140.3
5,140.3
5,140.3
6,140.3
6,140.3
0,140.3
0,140.3
1,140.3
1,139.8
2,138.7
2,138.3
3,138.3
3,137.7
4,136.6
4,136.6
5,136.6
5,136.6
6,136.6
6,136.6
0,136.6
0,135.05
1,133.93333333333334
1,133.7
2,133.7
2,133.7
3,133.7
3,133.7
4,133.7
4,132.8
5,132.8
5,132.8
6,132.8
6,132.8
0,131.7
0,131.7
1,130.6
1,130.6
2,129.5
2,129.5
3,129.5
3,129.5
4,129.4
4,129.4
5,129.4
5,129.4
6,129.4
6,129.4
0,129.4
0,129.4
1,129.4
1,129.4
2,129.4
2,129.4
3,129.4
3,129.4
4,129.4
4,129.4
5,129.4
5,129.4
6,129.4
6,129.4
0,129.4
0,129.4
1,128.4
1,128.4
2,128.4
2,128.4
3,128.4
3,144.55
4,144.55
4,144.55
5,144.55
5,144.55
6,144.55
6,144.55
0,144.55
0,160.8
1,156.3
1,156.3
2,156.3
2,156.3
3,156.3
3,156.3
4,156.3
4,156.3
5,156.3
5,156.3
6,156.3
6,156.3
0,156.3
0,156.3
1,156.3
1,156.3
2,151.1
2,150.9
3,150.9
3,150.9
4,150.9
4,150.9
5,150.9
5,150.9
6,150.9
6,150.9
0,146.7
0,146.7
1,146.7
1,146.7
2,146.7
2,142.6
3,142.5
3,139.3
4,139.3
4,139.3
5,139.3
5,139.3
6,139.3
6,139.3
0,139.3
0,139.3
1,139.3
1,139.3
2,139.3
2,139.3
3,139.3
3,139.3
4,139.3
4,139.3
5,139.3
5,139.3
6,138.9
6,136.65
0,134.4
0,134.4
1,134.4
1,134.4
2,134.4
2,134.4
3,134.4
3,134.4
4,134.4
4,134.4
5,134.4
5,134.4
6,131.3
6,131.3
0,131.2
0,131.2
1,131.2
1,131.2
2,131.2
2,131.2
3,127.8
3,126.7
4,126.7
4,126.7
5,126.7
5,126.7
6,126.7
6,126.7
0,126.7
0,126.7
1,126.7
1,125.5
2,125.5
2,125.5
3,125.5
3,125.5
4,125.5
4,125.5
5,125.5
5,125.5
6,125.5
6,125.5
0,155.9
0,151.9
1,151.2
1,151.2
2,151.2
2,151.2
3,151.2
3,150.9
4,150.9
4,150.9
5,150.9
5,150.9
6,149.9
6,149.9
0,149.9
0,149.9
1,149.9
1,147.9
2,147.9
2,147.9
3,147.9
3,147.9
4,147.9
4,147.9
5,147.9
5,147.9
6,147.9
6,147.9
0,145.9
0,145.9
1,145.9
1,145.9
2,145.9
2,142.9
3,142.9
3,142.9
4,138.2
4,138.2
5,138.2
5,138.2
6,138.2
6,138.2
0,138.2
0,138.2
1,138.2
1,137.9
2,137.9
2,134.8
3,133.9
3,131.7
4,131.7
4,131.7
5,131.7
5,131.7
6,131.7
6,131.7
0,155.4
0,154.9
1,154.9
1,154.9
2,153.9
2,150.7
3,144.96666666666667
3,141.9
4,142.05
4,142.05
5,142.05
5,142.05
6,142.05
6,142.05
0,142.05
0,140.9
1,138.4
1,138.4
2,138.4
2,138.4
3,138.4
3,137.9
4,133.85000000000002
4,133.85000000000002
5,133.85000000000002
5,133.85000000000002
6,133.85000000000002
6,133.85000000000002
0,130.3
0,129.9
1,129.9
1,129.9
2,129.9
2,129.9
3,129.9
3,129.9
4,129.9
4,129.9
5,129.9
5,129.9
6,129.9
6,129.9
0,129.9
0,129.9
1,129.9
1,129.9
2,129.9
2,155.9
3,155.9
3,155.9
4,155.9
4,155.9
5,155.9
5,155.9
6,155.9
6,155.9
0,151.60000000000002
0,151.60000000000002
1,151.60000000000002
1,151.60000000000002
2,151.60000000000002
2,150.9
3,150.9
3,146.9
4,142.8
4,142.8
5,142.8
5,142.8
6,142.8
6,142.8
0,141.9
0,137.9
1,137.9
1,135.9
2,135.9
2,135.9
3,135.9
3,135.9
4,135.9
4,135.9
5,135.9
5,135.9
6,135.9
6,135.9
0,135.9
0,135.9
1,135.9
1,135.9
2,135.9
2,134.9
3,134.9
3,129.9
4,129.9
4,129.9
5,129.9
5,128.4
6,128.4
6,128.4
0,128.4
0,128.4
1,128.4
1,128.4
2,125.9
2,125.9
3,123.9
3,123.9
4,123.9
4,123.9
5,123.9
5,123.9
6,123.9
6,123.9
0,121.9
0,121.9
1,121.9
1,121.9
2,121.9
2,121.9
3,121.9
3,147.4
4,147.4
4,147.4
5,147.4
5,147.4
6,147.4
6,147.4
0,147.4
0,145.9
1,144.9
1,140.10000000000002
2,138.9
2,138.9
3,138.0
3,134.8
4,132.0
4,130.5
5,130.5
5,128.5
6,127.5
6,127.5
0,127.5
0,127.5
1,126.9
1,126.5
2,126.5
2,126.5
3,125.7
3,125.4
4,124.9
4,124.9
5,124.9
5,124.9
6,124.9
6,124.5
0,124.2
0,124.2
1,123.36666666666667
1,123.36666666666667
2,122.6
2,122.6
3,122.5
3,122.5
4,122.5
4,122.5
5,122.5
5,122.5
6,122.5
6,122.5
0,122.5
0,122.5
1,122.5
1,121.9
2,121.9
2,121.9
3,121.9
3,121.9
4,121.9
4,121.5
5,121.5
5,121.5
6,121.5
6,121.5
0,121.5
0,121.5
1,121.5
1,150.0
2,149.5
2,149.5
3,149.5
3,149.5
4,145.4
4,145.4
5,145.4
5,145.4
6,143.65
6,143.65
0,141.9
0,141.9
1,141.9
1,141.9
2,141.9
2,141.9
3,141.9
3,141.9
4,141.9
4,141.9
5,141.9
5,141.9
6,141.9
6,141.9
0,141.75
0,140.9
1,140.85000000000002
1,140.85000000000002
2,140.8
2,140.8
3,140.8
3,140.8
4,138.9
4,138.9
5,138.9
5,137.9
6,137.9
6,137.9
0,137.9
0,137.9
1,137.9
1,133.25
2,132.45
2,130.7
3,130.2
3,129.6
4,129.6
4,129.6
5,129.6
5,160.9
6,160.9
6,160.9
0,159.9
0,156.9
1,155.9
1,154.9
2,154.9
2,154.9
3,154.9
3,154.9
4,154.4
4,154.4
5,153.7
5,153.7
6,153.5
6,153.5
0,153.5
0,153.5
1,153.5
1,152.5
2,149.1
2,149.1
3,146.10000000000002
3,144.5
4,144.5
4,143.9
5,143.7
5,143.7
6,143.5
6,143.5
0,143.5
0,143.5
1,143.5
1,143.5
2,137.9
2,137.9
3,134.3
3,133.66666666666666
4,132.2
4,131.7
5,131.7
5,131.7
6,131.7
6,131.7
0,131.7
0,131.7
1,129.7
1,129.7
2,129.7
2,129.7
3,129.7
3,129.7
4,129.7
4,129.7
5,129.7
5,129.7
6,129.7
6,129.7
0,129.7
0,129.7
1,159.5
1,158.5
2,158.5
2,158.5
3,158.5
3,158.5
4,158.5
4,158.5
5,158.5
5,158.5
6,158.5
6,158.5
0,158.5
0,158.5
1,158.5
1,158.5
2,158.5
2,151.5
3,142.4
3,142.4
4,142.4
4,142.3
5,142.3
5,142.3
6,142.3
6,142.3
0,142.3
0,137.2
1,137.2
1,137.2
2,137.2
2,134.9
3,139.4
3,139.4
4,139.4
4,162.9
5,162.9
5,162.9
6,162.9
6,162.9
0,162.9
0,162.9
1,162.9
1,159.9
2,159.9
2,159.9
3,155.9
3,155.9
4,155.9
4,157.9
5,157.9
5,157.9
6,157.9
6,157.9
0,157.9
0,156.9
1,156.9
1,156.9
2,156.9
2,156.9
3,155.9
3,155.9
4,155.9
4,152.42499999999998
5,152.42499999999998
5,152.42499999999998
6,152.42499999999998
6,152.42499999999998
0,152.42499999999998
0,148.9
1,148.9
1,148.9
2,148.9
2,148.9
3,148.9
3,146.55
4,141.5
4,140.8
5,140.2
5,139.1
6,138.8
6,138.8
0,167.9
0,167.9
1,167.9
1,167.9
2,167.9
2,159.9
3,159.9
3,159.9
4,152.7
4,152.7
5,152.7
5,152.7
6,154.9
6,154.9
0,153.9
0,152.9
1,152.9
1,152.9
2,150.55
2,151.23333333333332
3,150.10000000000002
3,150.9
4,150.9
4,149.9
5,149.9
5,149.9
6,149.9
6,149.9
0,148.4
0,146.35000000000002
1,143.10000000000002
1,141.1
2,141.1
2,141.1
3,141.1
3,139.6
4,139.6
4,139.6
5,139.6
5,139.4
6,139.4
6,139.4
0,139.4
0,139.4
1,139.4
1,139.4
2,139.4
2,139.4
3,139.4
3,139.4
4,167.9
4,167.5
5,167.5
5,167.5
6,167.5
6,167.5
0,167.5
0,167.5
1,161.9
1,165.0
2,159.7
2,163.5
3,161.6
3,161.9
4,161.9
4,159.75
5,159.75
5,158.5
6,158.5
6,158.5
0,157.9
0,157.9
1,157.8
1,153.7
2,153.6
2,150.5
3,150.5
3,147.3
4,145.1
4,145.1
5,145.1
5,141.4
6,141.4
6,141.4
0,140.8
0,140.8
1,139.9
1,139.9
2,139.9
2,139.9
3,139.9
3,139.9
4,139.9
4,139.9
5,139.9
5,139.5
6,139.5
6,139.5
0,139.5
0,139.5
1,139.5
1,138.4
2,138.4
2,138.4
3,137.6
3,137.6
4,137.6
4,165.5
5,165.5
5,165.5
6,165.5
6,165.5
0,164.5
0,164.5
1,163.5
1,162.5
2,162.5
2,162.5
3,162.5
3,162.5
4,162.5
4,162.5
5,162.5
5,162.5
6,162.3
6,161.3
0,161.3
0,161.3
1,161.3
1,158.75
2,158.75
2,155.9
3,155.5
3,155.5
4,155.5
4,155.5
5,155.5
5,155.5
6,155.5
6,155.5
0,155.5
0,155.5
1,155.5
1,155.5
2,153.4
2,148.4
3,148.4
3,148.4
4,148.4
4,148.4
5,148.4
5,145.4
6,145.4
6,145.4
0,142.4
0,141.3
1,139.8
1,139.29999999999998
2,139.29999999999998
2,138.5
3,138.5
3,138.5
4,138.5
4,138.5
5,138.5
5,138.5
6,138.5
6,138.5
0,138.5
0,138.5
1,138.5
1,138.5
2,138.5
2,138.5
3,138.5
3,138.5
4,138.5
4,138.5
5,138.5
5,138.5
6,137.7
6,137.7
0,137.7
0,137.7
1,137.7
1,137.7
2,137.5
2,165.5
3,165.5
3,165.5
4,165.5
4,163.9
5,163.9
5,163.9
6,163.9
6,163.9
0,163.9
0,163.7
1,163.7
1,163.7
2,159.7
2,157.7
3,157.7
3,157.7
4,157.7
4,157.7
5,157.7
5,157.7
6,157.7
6,157.7
0,157.7
0,153.7
1,149.6
1,149.6
2,145.05
2,145.05
3,145.05
3,145.05
4,145.05
4,145.05
5,145.05
5,145.05
6,145.05
6,145.05
0,145.05
0,145.05
1,145.05
1,145.05
2,139.8
2,138.7
3,138.3
3,137.9
4,137.9
4,137.9
5,137.9
5,137.9
6,137.9
6,137.4
0,136.7
0,167.9
1,167.9
1,163.2
2,162.3
2,156.9
3,156.9
3,151.9
4,149.7
4,149.7
5,149.7
5,149.7
6,145.7
6,145.7
0,145.7
0,145.7
1,143.9
1,143.9
2,143.9
2,143.9
3,143.9
3,143.9
4,143.9
4,143.9
5,143.9
5,143.9
6,143.9
6,143.9
0,143.9
0,143.9
1,143.9
1,143.9
2,143.9
2,143.9
3,143.9
3,143.9
4,143.9
4,143.9
5,143.9
5,143.9
6,143.9
6,143.9
0,143.9
0,143.9
1,143.9
1,143.9
2,143.9
2,143.9
3,143.9
3,143.9
4,143.9
4,170.9
5,169.9
5,169.9
6,169.9
6,169.3
0,169.3
0,169.3
1,165.9
1,165.9
2,165.9
2,165.9
3,165.9
3,165.9
4,165.9
4,160.45
5,159.9
5,155.9
6,155.9
6,155.9
0,155.5
0,152.2
1,147.5
1,145.5
2,144.8
2,143.3
3,143.3
3,143.3
4,142.9
4,142.9
5,142.8
5,142.8
6,142.8
6,142.8
0,142.8
0,142.8
1,142.8
1,142.8
2,142.8
2,142.8
3,142.8
3,174.9
4,174.9
4,174.9
5,169.5
5,167.9
6,167.9
6,167.9
