0,0
0,0
1,123.9
1,123.9
2,123.9
2,123.9
3,123.9
3,123.9
4,123.9
4,123.9
5,123.9
5,123.9
6,123.9
6,123.9
0,123.9
0,123.5
1,123.5
1,121.9
2,121.9
2,121.9
3,121.9
3,121.9
4,121.9
4,121.9
5,121.9
5,121.9
6,121.9
6,121.9
0,121.9
0,121.9
1,121.9
1,121.9
2,121.9
2,121.9
3,121.9
3,121.9
4,121.9
4,121.9
5,121.9
5,121.9
6,121.9
6,121.9
0,121.9
0,121.9
1,121.9
1,121.9
2,121.9
2,117.9
3,117.9
3,117.9
4,117.9
4,117.9
5,117.9
5,117.9
6,117.9
6,117.9
0,117.9
0,117.9
1,117.9
1,117.9
2,117.9
2,117.9
3,117.9
3,117.9
4,117.9
4,117.9
5,117.9
5,117.9
6,117.9
6,117.9
0,117.9
0,117.9
1,117.9
1,117.9
2,117.9
2,117.9
3,117.9
3,117.9
4,145.9
4,145.9
5,145.9
5,145.9
6,145.9
6,145.9
0,117.9
0,117.9
1,117.9
1,117.9
2,117.9
2,117.9
3,117.9
3,117.9
4,117.9
4,117.9
5,117.9
5,117.9
6,117.9
6,117.9
0,117.9
0,117.9
1,117.9
1,117.9
2,117.9
2,117.9
3,117.9
3,117.9
4,117.9
4,117.9
5,117.9
5,117.9
6,117.9
6,117.9
0,117.9
0,117.9
1,117.9
1,117.9
2,117.9
2,117.9
3,117.9
3,117.9
4,117.9
4,117.9
5,117.9
5,117.9
6,117.9
6,117.9
0,117.9
0,117.9
1,117.9
1,117.9
2,117.9
2,117.9
3,117.9
3,117.9
4,117.9
4,117.9
5,117.9
5,117.9
6,117.9
6,117.9
0,117.9
0,117.9
1,117.9
1,117.9
2,117.9
2,117.9
3,117.9
3,117.9
4,117.9
4,117.9
5,117.9
5,117.9
6,117.9
6,117.9
0,117.9
0,117.9
1,117.9
1,117.9
2,117.9
2,117.9
3,117.9
3,117.9
4,117.9
4,117.9
5,117.9
5,117.9
6,117.9
6,117.9
0,117.9
0,117.9
1,117.9
1,117.9
2,117.9
2,117.9
3,117.9
3,117.9
4,117.9
4,117.9
5,117.9
5,117.9
6,117.9
6,117.9
0,117.9
0,117.9
1,117.9
1,117.9
2,117.9
2,117.9
3,117.9
3,117.9
4,117.9
4,117.9
5,117.9
5,117.9
6,117.9
6,117.9
0,117.9
0,117.9
1,117.9
1,117.9
2,117.9
2,117.9
3,117.9
3,117.9
4,117.9
4,117.9
5,117.9
5,117.9
6,117.9
6,117.9
0,117.9
0,117.9
1,117.9
1,117.9
2,117.9
2,117.9
3,117.9
3,117.9
4,117.9
4,117.9
5,117.9
5,117.9
6,117.9
6,117.9
0,117.9
0,117.9
1,117.9
1,117.9
2,117.9
2,117.9
3,117.9
3,117.9
4,117.9
4,117.9
5,117.9
5,117.9
6,117.9
6,117.9
0,117.9
0,117.9
1,117.9
1,117.9
2,117.9
2,117.9
3,143.5
3,143.5
4,143.5
4,143.5
5,143.5
5,143.5
6,143.5
6,143.5
0,143.5
0,143.5
1,143.5
1,143.5
2,143.3
2,143.3
3,143.3
3,143.3
4,143.3
4,143.3
5,143.3
5,143.3
6,143.3
6,143.3
0,143.3
0,143.3
1,143.3
1,143.3
2,143.3
2,143.3
3,143.3
3,145.9
4,144.9
4,144.9
5,144.9
5,144.9
6,144.9
6,144.9
0,144.9
0,144.9
1,144.9
1,144.9
2,144.9
2,144.9
3,144.9
3,144.9
4,144.9
4,144.7
5,144.7
5,144.7
6,144.7
6,144.7
0,144.7
0,144.7
1,144.7
1,144.7
2,144.7
2,144.7
3,144.7
3,144.7
4,144.7
4,144.7
5,144.7
5,144.7
6,144.7
6,144.7
0,144.7
0,144.7
1,144.7
1,144.7
2,144.7
2,144.7
3,144.7
3,144.7
4,144.7
4,144.3
5,144.3
5,162.9
6,162.9
6,162.9
0,162.9
0,162.9
1,162.9
1,162.4
2,162.4
2,162.4
3,162.4
3,162.4
4,162.4
4,162.4
5,162.4
5,162.4
6,162.4
6,162.4
0,162.4
0,162.4
1,162.4
1,162.4
2,162.4
2,162.4
3,162.4
3,162.3
4,162.3
4,162.3
5,157.9
5,157.9
6,157.9
6,157.9
0,152.65
0,152.65
1,152.65
1,152.65
2,152.65
2,152.65
3,152.65
3,152.65
4,152.65
4,152.65
5,152.65
5,152.65
6,152.65
6,152.65
0,152.65
0,152.65
1,152.65
1,152.65
2,152.65
2,152.65
3,152.65
3,152.65
4,152.65
4,152.65
5,152.65
5,152.65
6,152.65
6,152.65
0,152.65
0,152.65
1,152.65
1,152.65
2,152.65
2,157.5
3,157.5
3,157.5
4,157.5
4,157.5
5,157.5
5,157.5
6,157.5
6,157.5
0,157.5
0,157.5
1,157.5
1,157.5
2,157.5
2,157.5
3,157.5
3,157.5
4,157.5
4,157.5
5,157.5
5,157.5
6,157.5
6,157.5
0,157.5
0,157.5
1,157.5
1,157.5
2,157.5
2,157.5
3,157.5
3,157.5
4,157.5
4,157.5
5,157.5
5,157.5
6,157.5
6,157.5
0,157.5
0,157.5
1,157.5
1,157.5
2,157.5
2,157.5
3,151.7
3,151.7
4,145.9
4,145.9
5,145.9
5,145.9
6,145.9
6,145.9
0,145.9
0,145.9
1,145.9
1,145.9
2,145.9
2,145.9
3,145.9
3,145.9
4,145.9
4,145.9
5,144.4
5,144.4
6,144.4
6,144.4
0,144.4
0,144.4
1,144.4
1,144.4
2,140.7
2,140.7
3,140.7
3,140.7
4,140.7
4,140.7
5,140.7
5,140.7
6,140.7
6,140.7
0,140.7
0,140.7
1,140.7
1,140.7
2,140.7
2,140.7
3,136.9
3,136.9
4,136.9
4,136.9
5,136.9
5,136.9
6,136.9
6,136.9
0,136.9
0,136.9
1,136.9
1,136.9
2,136.9
2,136.9
3,136.9
3,136.9
4,136.9
4,136.9
5,136.9
5,136.9
6,136.9
6,136.9
0,133.9
0,133.9
1,133.9
1,133.9
2,133.9
2,133.9
3,133.9
3,133.9
4,133.9
4,133.9
5,133.9
5,133.9
6,133.9
6,133.9
0,133.9
0,133.9
1,155.9
1,155.9
2,155.9
2,133.65
3,133.65
3,133.65
4,133.65
4,133.65
5,133.65
5,133.65
6,133.65
6,133.65
0,133.65
0,133.65
1,133.65
1,133.65
2,133.65
2,133.65
3,133.65
3,133.65
4,133.65
4,133.65
5,133.65
5,133.65
6,133.65
6,133.65
0,133.65
0,133.65
1,133.65
1,133.65
2,133.65
2,133.65
3,133.65
3,133.65
4,133.65
4,133.65
5,133.65
5,133.65
6,133.65
6,133.65
0,133.65
0,133.65
1,133.65
1,133.65
2,133.65
2,133.65
3,133.65
3,133.65
4,133.65
4,133.65
5,133.65
5,133.65
6,133.65
6,133.65
0,133.65
0,133.65
1,133.65
1,133.65
2,133.65
2,133.65
3,133.65
3,133.65
4,133.65
4,133.65
5,133.65
5,133.65
6,133.65
6,133.65
0,133.65
0,133.65
1,133.65
1,133.65
2,133.65
2,133.65
3,133.65
3,133.65
4,133.65
4,133.65
5,133.65
5,133.65
6,133.65
6,133.65
0,133.65
0,133.65
1,133.65
1,133.65
2,133.65
2,133.65
3,133.65
3,133.65
4,133.65
4,133.65
5,133.65
5,133.65
6,133.65
6,133.65
0,133.65
0,133.65
1,133.65
1,133.65
2,133.65
2,133.65
3,133.65
3,133.65
4,133.65
4,133.65
5,133.65
5,133.65
6,133.65
6,133.65
0,133.65
0,133.65
1,133.65
1,133.65
2,133.65
2,133.65
3,133.65
3,133.65
4,133.65
4,133.65
5,133.65
5,133.65
6,133.65
6,133.65
0,133.65
0,133.65
1,133.65
1,133.65
2,133.65
2,133.65
3,133.65
3,133.65
4,133.65
4,133.65
5,133.65
5,133.65
6,133.65
6,133.65
0,133.65
0,133.65
1,133.65
1,133.65
2,133.65
2,133.65
3,133.65
3,133.65
4,133.65
4,133.65
5,133.65
5,133.65
6,133.65
6,133.65
0,133.65
0,133.65
1,133.65
1,133.65
2,133.65
2,133.65
3,133.65
3,133.65
4,133.65
4,133.65
5,133.65
5,133.65
6,133.65
6,133.65
0,133.65
0,133.65
1,133.65
1,133.65
2,133.65
2,133.65
3,133.65
3,133.65
4,133.65
4,133.65
5,133.65
5,133.65
6,133.65
6,133.65
0,133.65
0,133.65
1,133.65
1,133.65
2,133.65
2,133.65
3,133.65
3,133.65
4,133.65
4,133.65
5,133.65
5,133.65
6,133.65
6,133.65
0,133.65
0,133.65
1,133.65
1,133.65
2,133.65
2,133.65
3,133.65
3,133.65
4,133.65
4,133.65
5,133.65
5,133.65
6,133.65
6,133.65
0,133.65
0,133.65
1,133.65
1,133.65
2,133.65
2,133.65
3,133.65
3,133.65
4,133.65
4,133.65
5,133.65
5,133.65
6,133.65
6,133.65
0,133.65
0,133.65
1,133.65
1,133.65
2,133.65
2,133.65
3,133.65
3,133.65
4,133.65
4,133.65
5,133.65
5,133.65
6,133.65
6,133.65
0,133.65
0,133.65
1,133.65
1,133.65
2,133.65
2,133.65
3,133.65
3,133.65
4,133.65
4,133.65
5,133.65
5,133.65
6,133.65
6,133.65
0,133.65
0,133.65
1,133.65
1,133.65
2,133.65
2,133.65
3,133.65
3,133.65
4,133.65
4,133.65
5,133.65
5,133.65
6,133.65
6,133.65
0,133.65
0,133.65
1,146.9
1,146.9
2,146.9
2,146.9
3,146.9
3,146.9
4,148.9
4,148.9
5,148.9
5,148.9
6,148.9
6,148.9
0,148.9
0,148.9
1,148.9
1,148.9
2,148.9
2,147.9
3,147.9
3,147.9
4,147.9
4,141.9
5,141.9
5,141.9
6,141.9
6,141.9
0,141.9
0,141.9
1,141.9
1,141.9
2,141.4
2,141.4
3,140.9
3,140.9
4,140.9
4,140.9
5,140.9
5,140.9
6,140.9
6,140.9
0,140.9
0,140.9
1,140.9
1,140.9
2,140.9
2,140.9
3,140.9
3,140.9
4,140.9
4,140.9
5,140.9
5,140.9
6,140.9
6,140.9
0,140.9
0,140.9
1,140.9
1,140.9
2,140.9
2,140.9
3,140.9
3,140.9
4,140.9
4,140.9
5,140.9
5,140.9
6,140.9
6,140.9
0,140.9
0,140.9
1,140.9
1,140.9
2,140.9
2,140.9
3,140.9
3,140.9
4,140.9
4,140.9
5,140.9
5,140.9
6,140.9
6,140.9
0,140.9
0,140.9
1,140.9
1,140.9
2,140.9
2,140.9
3,140.9
3,140.9
4,140.9
4,140.9
5,140.9
5,140.9
6,140.9
6,140.9
0,140.9
0,140.9
1,140.9
1,140.9
2,140.9
2,140.9
3,140.9
3,140.9
4,140.9
4,140.9
5,140.9
5,140.9
6,140.9
6,140.9
0,140.9
0,140.9
1,140.9
1,140.9
2,140.9
2,140.9
3,140.9
3,140.9
4,140.9
4,162.9
5,162.9
5,162.9
6,162.9
6,162.9
0,162.9
0,162.9
1,162.9
1,162.9
2,162.9
2,162.9
3,162.9
3,162.9
4,162.9
4,159.4
5,159.4
5,159.4
6,159.4
6,159.4
0,159.4
0,159.4
1,159.4
1,159.4
2,159.4
2,159.4
3,159.4
3,159.4
4,159.4
4,159.4
5,159.4
5,159.4
6,159.4
6,159.4
0,159.4
0,159.4
1,159.4
1,159.4
2,159.4
2,159.4
3,159.4
3,159.4
4,159.4
4,159.4
5,159.4
5,159.4
6,159.4
6,159.4
0,159.4
0,159.4
1,159.4
1,159.4
2,159.4
2,159.4
3,159.4
3,159.4
4,159.4
4,159.4
5,159.4
5,159.4
6,159.4
6,159.4
0,159.4
0,159.4
1,159.4
1,159.4
2,159.4
2,159.4
3,159.4
3,159.4
4,159.4
4,159.4
5,159.4
5,159.4
6,159.4
6,159.4
0,159.4
0,159.4
1,159.4
1,159.4
2,159.4
2,159.4
3,159.4
3,159.4
4,159.4
4,159.4
5,159.4
5,159.4
6,159.4
6,159.4
0,159.4
0,159.4
1,159.4
1,159.4
2,159.4
2,159.4
3,159.4
3,159.4
4,159.4
4,159.4
5,159.4
5,159.4
6,159.4
6,159.4
0,159.4
0,159.4
1,159.4
1,159.4
2,159.4
2,159.4
3,159.4
3,159.4
4,159.4
4,159.4
5,159.4
5,159.4
6,159.4
6,159.4
0,159.4
0,159.4
1,159.4
1,159.4
2,159.4
2,159.4
3,159.4
3,159.4
4,159.4
4,159.4
5,159.4
5,159.4
6,159.4
6,159.4
0,159.4
0,159.4
1,159.4
1,159.4
2,159.4
2,159.4
3,159.4
3,159.4
4,159.4
4,159.4
5,159.4
5,159.4
6,159.4
6,159.4
0,159.4
0,159.4
1,159.4
1,159.4
2,159.4
2,159.4
3,159.4
3,159.4
4,159.4
4,159.4
5,159.4
5,159.4
6,159.4
6,159.4
0,159.4
0,159.4
1,159.4
1,159.4
2,159.4
2,159.4
3,159.4
3,159.4
4,159.4
4,159.4
5,159.4
5,159.4
6,159.4
6,159.4
0,159.4
0,159.4
1,159.4
1,159.4
2,159.4
2,159.4
3,159.4
3,159.4
4,159.4
4,159.4
5,159.4
5,159.4
6,159.4
6,159.4
0,159.4
0,159.4
1,159.4
1,159.4
2,159.4
2,159.4
3,159.4
3,159.4
4,159.4
4,159.4
5,159.4
5,159.4
6,159.4
6,159.4
0,159.4
0,159.4
1,159.4
1,159.4
2,159.4
2,159.4
3,159.4
3,159.4
4,159.4
4,159.4
5,159.4
5,159.4
6,159.4
6,159.4
0,159.4
0,159.4
1,159.4
1,159.4
2,159.4
2,159.4
3,159.4
3,159.4
4,159.4
4,159.4
5,159.4
5,159.4
6,159.4
6,159.4
0,159.4
0,159.4
1,159.4
1,159.4
2,159.4
2,159.4
3,159.4
3,159.4
4,159.4
4,159.4
5,159.4
5,159.4
6,159.4
6,159.4
0,159.4
0,159.4
1,159.4
1,159.4
2,159.4
2,159.4
3,159.4
3,159.4
4,159.4
4,159.4
5,159.4
5,159.4
6,159.4
6,159.4
0,159.4
0,159.4
1,159.4
1,159.4
2,159.4
2,159.4
3,159.4
3,159.4
4,159.4
4,159.4
5,159.4
5,159.4
6,159.4
6,159.4
0,159.4
0,159.4
1,159.4
1,159.4
2,159.4
2,159.4
3,159.4
3,159.4
4,159.4
4,159.4
5,159.4
5,159.4
6,159.4
6,159.4
0,159.4
0,159.4
1,159.4
1,159.4
2,159.4
2,159.4
3,159.4
3,159.4
4,159.4
4,159.4
5,159.4
5,159.4
6,159.4
6,159.4
0,159.4
0,159.4
1,159.4
1,159.4
2,159.4
2,159.4
3,159.4
3,159.4
4,159.4
4,159.4
5,159.4
5,159.4
6,159.4
6,159.4
0,159.4
0,159.4
1,159.4
1,159.4
2,159.4
2,159.4
3,159.4
3,159.4
4,159.4
4,159.4
5,159.4
5,159.4
6,159.4
6,159.4
0,159.4
0,159.4
1,159.4
1,159.4
2,159.4
2,159.4
3,159.4
3,159.4
4,159.4
4,159.4
5,159.4
5,159.4
6,159.4
6,159.4
0,159.4
0,159.4
1,159.4
1,159.4
2,159.4
2,159.4
3,159.4
3,159.4
4,159.4
4,159.4
5,159.4
5,159.4
6,159.4
6,159.4
0,159.4
0,159.4
1,159.4
1,159.4
2,159.4
2,159.4
3,159.4
3,159.4
4,159.4
4,159.4
5,159.4
5,159.4
6,159.4
6,159.4
0,159.4
0,159.4
1,159.4
1,159.4
2,159.4
2,159.4
3,159.4
3,159.4
4,159.4
4,159.4
5,159.4
5,159.4
6,159.4
6,159.4
