0,130.4
0,130.4
1,130.4
1,128.65
2,128.65
2,122.9
3,122.9
3,122.9
4,120.89999999999999
4,120.89999999999999
5,120.89999999999999
5,120.89999999999999
6,118.9
6,118.9
0,118.9
0,118.9
1,117.9
1,117.3
2,114.4
2,114.4
3,114.4
3,114.4
4,113.9
4,113.9
5,113.9
5,113.9
6,113.9
6,113.9
0,112.65
0,112.65
1,112.65
1,112.65
2,143.65
2,143.65
3,142.9
3,142.9
4,142.9
4,142.9
5,142.9
5,142.9
6,142.9
6,142.9
0,142.2
0,142.2
1,141.4
1,140.9
2,138.9
2,138.9
3,137.15
3,131.9
4,131.4
4,131.4
5,131.4
5,131.4
6,131.4
6,130.9
0,128.025
0,128.025
1,125.9
1,124.9
2,124.9
2,124.9
3,124.9
3,124.9
4,124.9
4,124.9
5,124.9
5,124.9
6,124.9
6,124.9
0,117.9
0,117.9
1,117.9
1,117.9
2,143.9
2,145.9
3,145.9
3,143.9
4,143.9
4,143.9
5,142.4
5,142.4
6,140.9
6,139.9
0,139.9
0,139.9
1,138.4
1,138.4
2,138.4
2,135.9
3,134.9
3,133.9
4,132.9
4,132.9
5,132.9
5,132.9
6,131.4
6,131.4
0,129.4
0,127.9
1,124.9
1,123.4
2,122.4
2,122.4
3,121.9
3,121.9
4,147.9
4,147.9
5,147.9
5,147.9
6,147.9
6,147.4
0,145.9
0,145.9
1,145.9
1,145.9
2,145.9
2,145.9
3,145.9
3,145.9
4,145.9
4,145.9
5,145.9
5,145.9
6,145.9
6,145.9
0,145.9
0,145.9
1,145.9
1,145.9
2,145.9
2,145.9
3,145.9
3,145.9
4,145.9
4,145.9
5,145.9
5,145.9
6,145.9
6,145.9
0,145.9
0,145.9
1,145.9
1,145.9
2,145.9
2,145.9
3,145.9
3,145.9
4,145.9
4,145.9
5,145.9
5,145.9
6,145.9
6,145.9
0,145.9
0,145.9
1,145.9
1,145.9
2,145.9
2,145.9
3,145.9
3,145.9
4,145.9
4,145.9
5,145.9
5,145.9
6,145.9
6,145.9
0,145.9
0,145.9
1,145.9
1,145.9
2,145.9
2,145.9
3,145.9
3,145.9
4,145.9
4,145.9
5,145.9
5,145.9
6,145.9
6,145.9
0,145.9
0,145.9
1,145.9
1,145.9
2,145.9
2,145.9
3,145.9
3,145.9
4,145.9
4,145.9
5,145.9
5,145.9
6,145.9
6,145.9
0,145.9
0,145.9
1,145.9
1,145.9
2,145.9
2,145.9
3,145.9
3,145.9
4,145.9
4,145.9
5,145.9
5,145.9
6,145.9
6,145.9
0,145.9
0,145.9
1,145.9
1,145.9
2,145.9
2,145.9
3,145.9
3,145.9
4,145.9
4,145.9
5,145.9
5,145.9
6,145.9
6,145.9
0,145.9
0,145.9
1,145.9
1,145.9
2,145.9
2,145.9
3,145.9
3,145.9
4,145.9
4,145.9
5,145.9
5,145.9
6,145.9
6,145.9
0,145.9
0,145.9
1,145.9
1,145.9
2,145.9
2,145.9
3,145.9
3,145.9
4,145.9
4,145.9
5,145.9
5,149.9
6,149.9
6,149.9
0,149.9
0,149.9
1,149.9
1,149.9
2,149.9
2,149.9
3,149.9
3,149.9
4,149.9
4,149.4
5,149.4
5,149.4
6,149.4
6,149.4
0,149.4
0,147.4
1,147.4
1,147.4
2,147.4
2,147.4
3,147.4
3,147.4
4,147.4
4,147.4
5,147.4
5,147.4
6,147.4
6,147.4
0,147.4
0,147.4
1,145.9
1,145.9
2,145.9
2,145.9
3,143.9
3,143.7
4,143.7
4,142.9
5,142.7
5,142.7
6,140.4
6,138.4
0,138.4
0,138.4
1,136.15
1,136.15
2,135.4
2,135.4
3,135.4
3,134.9
4,134.9
4,134.9
5,134.9
5,134.9
6,133.9
6,133.9
0,133.9
0,133.9
1,133.9
1,133.9
2,133.9
2,160.9
3,160.9
3,160.9
4,160.9
4,160.9
5,160.9
5,160.9
6,160.9
6,160.9
0,160.9
0,160.9
1,160.4
1,160.4
2,160.4
2,160.4
3,159.9
3,159.9
4,159.9
4,159.9
5,159.9
5,158.9
6,158.9
6,157.9
0,157.9
0,157.9
1,157.9
1,157.9
2,155.7
2,154.4
3,149.9
3,146.4
4,146.4
4,146.4
5,146.4
5,146.4
6,146.4
6,144.9
0,144.9
0,141.4
1,141.4
1,139.9
2,139.4
2,138.9
3,137.9
3,137.9
4,137.9
4,134.4
5,134.4
5,134.4
6,134.4
6,134.4
0,134.4
0,133.9
1,133.9
1,132.9
2,132.9
2,132.9
3,132.9
3,132.9
4,132.9
4,132.9
5,132.9
5,132.9
6,131.9
6,131.9
0,131.9
0,131.9
1,131.9
1,131.9
2,131.9
2,131.9
3,131.9
3,131.9
4,131.9
4,131.9
5,131.9
5,131.9
6,131.9
6,131.9
0,131.9
0,131.9
1,131.9
1,131.9
2,131.9
2,160.9
3,160.9
3,160.9
4,160.9
4,160.9
5,160.9
5,160.9
6,160.9
6,160.9
0,160.9
0,160.9
1,160.9
1,160.9
2,160.9
2,160.9
3,160.9
3,157.9
4,157.9
4,157.9
5,157.9
5,152.9
6,152.9
6,152.9
0,152.9
0,152.9
1,144.9
1,144.9
2,144.9
2,144.4
3,144.4
3,144.4
4,144.4
4,144.4
5,144.4
5,144.4
6,144.4
6,144.4
0,144.4
0,144.4
1,144.4
1,143.4
2,141.9
2,141.4
3,141.4
3,141.4
4,141.4
4,140.9
5,140.9
5,140.9
6,140.9
6,139.9
0,139.9
0,139.9
1,139.9
1,139.9
2,139.9
2,139.9
3,139.9
3,139.9
4,139.9
4,139.9
5,139.9
5,138.9
6,138.9
6,138.9
0,138.9
0,136.4
1,136.4
1,135.4
2,134.4
2,134.4
3,133.9
3,133.9
4,133.9
4,133.9
5,133.9
5,133.9
6,133.9
6,133.9
0,133.9
0,132.4
1,131.9
1,131.9
2,131.9
2,131.9
3,131.9
3,129.65
4,129.65
4,129.65
5,128.9
5,128.9
6,128.9
6,127.9
0,127.9
0,127.9
1,127.9
1,127.9
2,127.9
2,127.9
3,127.9
3,127.9
4,155.9
4,155.9
5,155.9
5,155.9
6,155.9
6,155.9
0,155.4
0,155.4
1,155.4
1,155.4
2,155.4
2,154.9
3,154.9
3,154.9
4,154.9
4,152.9
5,152.9
5,152.9
6,149.9
6,149.9
0,148.4
0,148.4
1,145.4
1,145.4
2,145.4
2,145.4
3,145.4
3,145.4
4,145.4
4,145.4
5,145.4
5,145.4
6,145.4
6,145.4
0,141.9
0,141.9
1,141.9
1,141.9
2,141.9
2,141.9
3,141.9
3,141.9
4,141.9
4,141.9
5,141.9
5,141.9
6,141.9
6,141.9
0,141.9
0,141.9
1,141.9
1,141.9
2,155.9
2,155.9
3,155.9
3,155.9
4,155.9
4,155.9
5,155.9
5,155.9
6,155.9
6,155.9
0,155.4
0,155.4
1,155.4
1,155.4
2,153.9
2,153.9
3,153.46
3,153.46
4,153.46
4,153.46
5,153.46
5,153.46
6,143.9
6,143.9
0,139.9
0,136.9
1,136.9
1,134.4
2,134.4
2,134.4
3,134.4
3,134.4
4,134.4
4,133.9
5,133.9
5,133.9
6,133.9
6,133.9
0,130.9
0,129.9
1,129.9
1,129.9
2,129.9
2,129.9
3,129.9
3,128.9
4,128.9
4,128.9
5,128.9
5,128.9
6,128.9
6,128.9
0,128.9
0,157.9
1,157.9
1,157.9
2,157.9
2,157.9
3,157.9
3,157.9
4,157.9
4,157.9
5,157.9
5,157.9
6,157.9
6,157.9
0,154.9
0,154.9
1,152.4
1,152.4
2,152.4
2,151.9
3,148.9
3,147.9
4,147.9
4,147.9
5,147.9
5,146.3
6,145.9
6,145.9
0,145.9
0,145.4
1,142.9
1,140.9
2,140.9
2,140.9
3,140.9
3,140.9
4,140.9
4,140.9
5,140.9
5,140.9
6,140.9
6,140.9
0,138.9
0,138.9
1,136.9
1,136.9
2,136.9
2,136.9
3,132.9
3,129.9
4,129.9
4,129.9
5,128.4
5,127.9
6,127.9
6,127.4
0,127.4
0,126.9
1,126.9
1,126.9
2,126.9
2,126.4
3,125.9
3,123.9
4,123.9
4,123.9
5,123.9
5,123.9
6,123.9
6,123.9
0,123.9
0,122.9
1,122.9
1,122.9
2,122.9
2,120.9
3,120.9
3,147.9
4,147.9
4,147.9
5,147.9
5,147.9
6,147.9
6,147.9
0,147.9
0,147.9
1,147.9
1,147.9
2,147.9
2,147.9
3,145.9
3,145.9
4,145.9
4,142.9
5,142.9
5,142.9
6,136.9
6,136.9
0,136.9
0,136.9
1,136.9
1,136.9
2,136.9
2,134.9
3,134.9
3,134.9
4,133.9
4,132.9
5,132.9
5,132.9
6,132.9
6,131.9
0,131.9
0,130.9
1,130.9
1,130.9
2,129.9
2,129.9
3,128.9
3,127.9
4,127.9
4,127.9
5,127.9
5,126.9
6,126.9
6,125.9
0,125.9
0,124.9
1,124.9
1,124.9
2,124.4
2,124.4
3,123.9
3,123.9
4,123.9
4,123.9
5,137.4
5,137.4
6,150.9
6,150.9
0,150.9
0,150.9
1,150.9
1,150.9
2,150.9
2,150.9
3,149.4
3,149.4
4,147.9
4,147.9
5,147.9
5,147.9
6,146.9
6,146.9
0,145.9
0,145.9
1,145.4
1,145.4
2,144.9
2,144.9
3,144.9
3,140.9
4,140.9
4,140.9
5,140.15
5,140.15
6,138.4
6,136.9
0,134.9
0,134.9
1,133.4
1,133.4
2,133.4
2,132.9
3,132.9
3,131.9
4,131.9
4,131.65
5,131.65
5,131.65
6,131.65
6,131.65
0,131.65
0,128.7
1,128.7
1,128.7
2,128.7
2,128.7
3,128.7
3,128.7
4,128.7
4,128.7
5,128.7
5,127.9
6,144.4
6,144.4
0,160.4
0,160.4
1,159.9
1,159.9
2,158.9
2,156.2
3,155.7
3,155.7
4,155.7
4,155.7
5,155.3
5,155.3
6,154.9
6,150.4
0,149.9
0,149.9
1,149.9
1,147.9
2,147.9
2,147.9
3,146.9
3,146.9
4,145.4
4,142.8
5,142.55
5,138.9
6,137.9
6,136.9
0,136.65
0,136.65
1,136.15
1,136.15
2,136.15
2,136.15
3,136.15
3,134.9
4,134.9
4,133.9
5,133.9
5,133.9
6,133.3
6,133.3
0,133.3
0,132.9
1,132.9
1,132.9
2,132.9
2,132.9
3,132.9
3,132.9
4,160.9
4,158.9
5,158.9
5,158.9
6,158.9
6,158.9
0,158.9
0,158.9
1,158.9
1,157.9
2,155.9
2,155.9
3,155.9
3,155.9
4,151.4
4,150.65
5,149.4
5,149.4
6,149.4
6,149.4
0,148.4
0,148.4
1,148.4
1,147.4
2,147.4
2,146.4
3,146.4
3,145.4
4,142.9
4,141.9
5,140.9
5,140.9
6,140.9
6,140.9
0,139.4
0,139.4
1,139.4
1,139.4
2,139.4
2,139.4
3,139.4
3,150.35000000000002
4,162.9
4,162.9
5,162.9
5,162.9
6,162.9
6,162.9
0,160.9
0,160.9
1,160.9
1,160.9
2,157.9
2,157.9
3,157.9
3,157.9
4,157.9
4,157.9
5,156.9
5,155.9
6,155.9
6,155.9
0,155.9
0,155.9
1,155.9
1,153.9
2,152.9
2,152.9
3,150.9
3,149.9
4,149.9
4,148.9
5,148.9
5,148.9
6,148.9
6,147.9
0,146.9
0,144.4
1,144.4
1,141.9
2,141.9
2,141.9
3,141.9
3,141.9
4,141.9
4,141.9
5,141.9
5,167.9
6,167.9
6,167.9
0,167.9
0,167.9
1,167.9
1,165.9
2,165.9
2,165.9
3,165.9
3,165.9
4,165.9
4,165.9
5,162.9
5,162.9
6,160.9
6,160.9
0,159.9
0,158.9
1,158.9
1,157.9
2,157.9
2,156.9
3,155.9
3,154.9
4,154.9
4,154.9
5,154.9
5,154.9
6,154.9
6,154.9
0,154.9
0,152.3
1,152.3
1,152.3
2,152.3
2,149.3
3,149.3
3,148.9
4,147.9
4,147.3
5,144.7
5,144.7
6,143.9
6,143.9
0,143.3
0,142.3
1,142.3
1,142.3
2,142.3
2,167.9
3,167.9
3,167.9
4,167.9
4,167.9
5,167.9
5,167.9
6,167.9
6,167.9
0,167.9
0,165.9
1,165.9
1,165.9
2,165.9
2,165.9
3,165.9
3,163.9
4,163.9
4,161.9
5,160.9
5,160.9
6,160.9
6,160.9
0,160.9
0,159.9
1,158.9
1,157.9
2,155.9
2,155.9
3,154.9
3,154.9
4,152.9
4,152.7
5,152.7
5,152.7
6,150.9
6,150.9
0,150.9
0,149.9
1,149.9
1,149.9
2,149.9
2,149.9
3,149.9
3,148.9
4,148.9
4,148.9
5,148.9
5,148.9
6,148.9
6,148.9
0,148.9
0,146.3
1,146.3
1,146.3
2,146.3
2,146.3
3,145.9
3,145.9
4,167.9
4,167.9
5,167.9
5,167.9
6,167.9
6,167.9
0,166.9
0,166.9
1,166.7
1,165.4
2,165.4
2,165.4
3,165.4
3,163.9
4,162.9
4,162.7
5,162.7
5,162.7
6,162.7
6,159.9
0,159.9
0,159.5
1,159.5
1,157.4
2,157.4
2,157.3
3,157.3
3,157.3
4,157.3
4,157.3
5,157.3
5,157.3
6,157.3
6,157.3
0,155.9
0,153.2
1,153.2
1,152.9
2,151.60000000000002
2,151.60000000000002
3,150.9
3,149.5
4,146.2
4,146.2
5,145.9
5,145.7
6,145.3
6,144.9
0,144.3
0,143.3
1,143.3
1,142.3
2,142.3
2,141.7
3,141.3
3,141.3
4,140.9
4,140.9
5,140.9
5,140.9
6,140.9
6,140.9
0,140.7
0,140.7
1,140.7
1,140.7
2,140.5
2,140.5
3,140.5
3,140.5
4,140.5
4,140.5
5,140.5
5,140.5
6,139.9
6,139.9
0,139.9
0,139.9
1,139.9
1,139.9
2,139.9
2,167.9
3,167.9
3,167.9
4,166.7
4,166.7
5,166.7
5,166.7
6,166.7
6,164.9
0,163.8
0,163.8
1,163.8
1,163.5
2,163.5
2,163.5
3,161.9
3,161.9
4,159.9
4,158.9
5,158.9
5,158.9
6,158.9
6,158.9
0,157.9
0,157.9
1,157.9
1,157.7
2,149.7
2,149.7
3,149.7
3,146.9
4,146.9
4,144.9
5,144.9
5,144.9
6,143.9
6,143.9
0,142.9
0,142.9
1,142.9
1,142.9
2,141.9
2,141.9
3,141.9
3,141.9
4,141.9
4,140.9
5,140.9
5,167.9
6,167.9
6,167.7
0,167.4
0,167.4
1,167.4
1,167.4
2,167.4
2,165.9
3,165.9
3,165.9
4,161.9
4,161.9
5,161.9
5,159.9
6,159.9
6,159.9
0,159.9
0,157.9
1,157.9
1,155.9
2,153.9
2,153.9
3,149.9
3,147.9
4,145.9
4,145.9
5,145.9
5,145.9
6,145.9
6,145.9
0,145.9
0,145.9
1,145.9
1,144.9
2,143.9
2,143.9
3,143.9
3,143.9
4,143.9
4,143.9
5,143.9
5,143.9
6,143.9
6,143.9
0,143.9
0,143.9
1,142.9
1,142.5
2,142.5
2,142.5
3,142.5
3,169.9
4,169.9
4,169.9
5,169.9
5,169.9
6,169.5
6,169.5
0,168.5
0,168.5
1,168.5
1,168.5
2,166.5
2,166.5
3,166.5
3,165.5
4,165.5
4,165.5
5,164.5
5,163.5
6,163.5
6,162.9
0,160.7
0,157.5
1,156.5
1,156.5
2,155.5
2,155.5
3,154.5
3,153.5
4,152.5
4,149.5
5,147.5
5,147.5
6,147.5
6,146.8
0,146.8
0,146.8
1,146.8
1,146.8
2,146.8
2,146.8
3,174.9
3,174.9
4,174.9
4,174.9
5,174.9
5,174.9
6,174.5
6,174.5
