0,0
0,0
1,0
1,0
2,0
2,0
3,0
3,0
4,0
4,0
5,0
5,0
6,0
6,0
0,0
0,0
1,0
1,0
2,0
2,0
3,0
3,0
4,0
4,0
5,0
5,0
6,0
6,0
0,0
0,0
1,0
1,0
2,61.9
2,61.9
3,61.9
3,61.9
4,61.9
4,61.9
5,61.9
5,61.9
6,61.9
6,61.9
0,61.9
0,61.9
1,61.9
1,61.9
2,61.9
2,61.9
3,61.9
3,61.9
4,61.9
4,61.9
5,61.9
5,61.9
6,61.9
6,61.9
0,61.9
0,61.9
1,61.9
1,61.9
2,61.9
2,61.9
3,61.9
3,61.9
4,61.9
4,61.9
5,61.9
5,61.9
6,61.9
6,61.9
0,61.9
0,61.9
1,61.9
1,61.9
2,61.9
2,61.9
3,61.9
3,61.9
4,61.9
4,61.9
5,61.9
5,61.9
6,61.9
6,61.9
0,61.9
0,61.9
1,61.9
1,61.9
2,61.9
2,61.9
3,61.9
3,61.9
4,61.9
4,61.9
5,61.9
5,61.9
6,61.9
6,61.9
0,61.9
0,61.9
1,61.9
1,61.9
2,61.9
2,61.9
3,61.9
3,61.9
4,61.9
4,61.9
5,61.9
5,61.9
6,61.9
6,61.9
0,61.9
0,61.9
1,61.9
1,61.9
2,61.9
2,61.9
3,61.9
3,61.9
4,61.9
4,61.9
5,61.9
5,61.9
6,61.9
6,61.9
0,61.9
0,61.9
1,61.9
1,61.9
2,61.9
2,61.9
3,61.9
3,61.9
4,61.9
4,61.9
5,61.9
5,61.9
6,61.9
6,61.9
0,61.9
0,61.9
1,61.9
1,61.9
2,61.9
2,61.9
3,61.9
3,61.9
4,61.9
4,61.9
5,61.9
5,61.9
6,61.9
6,61.9
0,61.9
0,61.9
1,61.9
1,61.9
2,61.9
2,61.9
3,61.9
3,61.9
4,61.9
4,61.9
5,61.9
5,61.9
6,61.9
6,61.9
0,61.9
0,61.9
1,61.9
1,61.9
2,61.9
2,61.9
3,61.9
3,61.9
4,61.9
4,61.9
5,61.9
5,61.9
6,61.9
6,61.9
0,61.9
0,61.9
1,61.9
1,61.9
2,61.9
2,61.9
3,61.9
3,61.9
4,61.9
4,61.9
5,61.9
5,61.9
6,61.9
6,61.9
0,61.9
0,61.9
1,61.9
1,61.9
2,61.9
2,61.9
3,61.9
3,61.9
4,61.9
4,61.9
5,61.9
5,61.9
6,61.9
6,61.9
0,61.9
0,61.9
1,61.9
1,61.9
2,61.9
2,61.9
3,61.9
3,61.9
4,61.9
4,61.9
5,61.9
5,61.9
6,61.9
6,61.9
0,61.9
0,61.9
1,61.9
1,61.9
2,61.9
2,61.9
3,61.9
3,61.9
4,61.9
4,61.9
5,61.9
5,61.9
6,61.9
6,61.9
0,61.9
0,61.9
1,61.9
1,61.9
2,61.9
2,61.9
3,61.9
3,61.9
4,61.9
4,61.9
5,61.9
5,61.9
6,61.9
6,61.9
0,61.9
0,61.9
1,61.9
1,61.9
2,61.9
2,61.9
3,61.9
3,61.9
4,61.9
4,61.9
5,61.9
5,61.9
6,61.9
6,61.9
0,61.9
0,61.9
1,61.9
1,61.9
2,61.9
2,61.9
3,61.9
3,61.9
4,61.9
4,61.9
5,61.9
5,61.9
6,61.9
6,61.9
0,61.9
0,61.9
1,61.9
1,61.9
2,61.9
2,61.9
3,61.9
3,61.9
4,61.9
4,61.9
5,61.9
5,61.9
6,61.9
6,61.9
0,61.9
0,61.9
1,61.9
1,61.9
2,61.9
2,61.9
3,61.9
3,61.9
4,61.9
4,61.9
5,61.9
5,61.9
6,61.9
6,61.9
0,61.9
0,61.9
1,61.9
1,61.9
2,61.9
2,61.9
3,61.9
3,61.9
4,61.9
4,61.9
5,61.9
5,61.9
6,61.9
6,61.9
0,61.9
0,69.9
1,69.9
1,69.9
2,69.9
2,69.9
3,69.9
3,69.9
4,69.9
4,69.9
5,69.9
5,69.9
6,69.9
6,69.9
0,69.9
0,69.9
1,69.9
1,69.9
2,69.9
2,69.9
3,69.9
3,69.9
4,69.9
4,69.9
5,69.9
5,69.9
6,69.9
6,69.9
0,69.9
0,69.9
1,69.9
1,69.9
2,69.9
2,69.9
3,69.9
3,69.9
4,69.9
4,69.9
5,69.9
5,69.9
6,69.9
6,69.9
0,69.9
0,69.9
1,69.9
1,69.9
2,69.9
2,69.9
3,69.9
3,69.9
4,69.9
4,69.9
5,69.9
5,69.9
6,69.9
6,69.9
0,69.9
0,69.9
1,69.9
1,69.9
2,69.9
2,69.9
3,69.9
3,69.9
4,69.9
4,69.9
5,69.9
5,69.9
6,69.9
6,69.9
0,69.9
0,69.9
1,69.9
1,69.9
2,69.9
2,69.9
3,69.9
3,69.9
4,69.9
4,69.9
5,69.9
5,69.9
6,69.9
6,69.9
0,69.9
0,69.9
1,69.9
1,69.9
2,69.9
2,69.9
3,69.9
3,69.9
4,69.9
4,69.9
5,69.9
5,69.9
6,69.9
6,69.9
0,69.9
0,69.9
1,69.9
1,69.9
2,69.9
2,69.9
3,69.9
3,69.9
4,69.9
4,69.9
5,69.9
5,69.9
6,69.9
6,69.9
0,69.9
0,69.9
1,69.9
1,69.9
2,69.9
2,69.9
3,69.9
3,69.9
4,69.9
4,69.9
5,69.9
5,69.9
6,69.9
6,69.9
0,69.9
0,69.9
1,69.9
1,69.9
2,69.9
2,69.9
3,69.8
3,69.8
4,69.8
4,69.8
5,69.8
5,69.8
6,69.8
6,69.8
0,69.8
0,69.8
1,69.8
1,69.8
2,69.8
2,69.8
3,69.8
3,69.8
4,69.8
4,69.8
5,69.8
5,69.8
6,69.8
6,69.8
0,69.8
0,69.8
1,69.8
1,69.8
2,69.8
2,69.8
3,69.8
3,69.8
4,69.8
4,69.8
5,69.8
5,69.8
6,69.8
6,69.8
0,69.8
0,69.8
1,69.8
1,69.8
2,69.8
2,69.8
3,69.8
3,69.8
4,69.8
4,69.8
5,69.8
5,69.8
6,69.8
6,69.8
0,69.8
0,69.8
1,69.8
1,69.8
2,69.8
2,69.8
3,69.8
3,69.8
4,69.8
4,69.8
5,69.8
5,69.8
6,69.8
6,69.8
0,69.8
0,69.8
1,69.8
1,69.8
2,69.8
2,69.8
3,69.8
3,69.8
4,69.8
4,69.8
5,69.8
5,69.8
6,69.8
6,69.8
0,69.8
0,69.8
1,69.8
1,69.8
2,69.8
2,69.8
3,69.8
3,69.8
4,69.8
4,69.8
5,69.8
5,69.8
6,69.8
6,69.8
0,69.8
0,69.8
1,69.8
1,69.8
2,69.8
2,69.8
3,69.8
3,69.8
4,69.8
4,69.8
5,69.8
5,69.8
6,69.8
6,69.8
0,69.8
0,69.8
1,69.8
1,69.8
2,69.8
2,69.8
3,69.8
3,69.8
4,69.8
4,69.8
5,69.8
5,69.8
6,69.8
6,69.8
0,69.8
0,69.8
1,69.8
1,69.7
2,69.7
2,69.7
3,69.7
3,69.7
4,69.7
4,69.7
5,69.7
5,69.7
6,69.7
6,69.7
0,69.7
0,69.7
1,69.7
1,69.7
2,69.7
2,69.7
3,69.7
3,69.7
4,69.7
4,69.7
5,69.7
5,69.7
6,69.7
6,69.7
0,69.7
0,69.7
1,69.7
1,69.7
2,69.7
2,69.7
3,69.7
3,69.7
4,69.7
4,69.7
5,69.7
5,69.7
6,69.7
6,69.7
0,69.7
0,69.7
1,69.7
1,69.7
2,69.7
2,69.7
3,69.7
3,69.7
4,69.7
4,69.7
5,69.7
5,69.7
6,69.7
6,69.7
0,69.7
0,69.7
1,69.7
1,69.7
2,69.7
2,69.7
3,69.7
3,69.7
4,69.7
4,69.7
5,69.7
5,69.7
6,69.7
6,69.7
0,69.7
0,69.7
1,69.7
1,69.7
2,69.7
2,69.7
3,69.7
3,69.7
4,69.7
4,69.7
5,69.7
5,69.7
6,69.7
6,69.7
0,69.7
0,69.7
1,69.7
1,69.7
2,69.7
2,69.7
3,69.7
3,69.7
4,69.7
4,69.7
5,69.7
5,69.7
6,69.7
6,69.7
0,69.7
0,69.7
1,69.7
1,69.7
2,69.7
2,69.7
3,69.7
3,69.7
4,69.7
4,69.7
5,69.7
5,69.7
6,69.7
6,69.7
0,69.7
0,69.7
1,69.7
1,69.7
2,69.7
2,69.7
3,69.7
3,69.7
4,69.7
4,69.7
5,69.7
5,69.7
6,69.7
6,69.7
0,69.7
0,69.7
1,69.7
1,69.7
2,69.7
2,69.7
3,69.7
3,69.7
4,69.7
4,69.5
5,69.5
5,69.5
6,69.5
6,69.5
0,69.5
0,69.5
1,69.5
1,69.5
2,69.5
2,69.5
3,69.5
3,69.5
4,69.5
4,69.5
5,69.5
5,69.5
6,69.5
6,69.5
0,69.5
0,69.5
1,69.5
1,69.5
2,69.5
2,69.5
3,69.5
3,69.5
4,69.5
4,69.5
5,69.5
5,69.5
6,69.5
6,69.5
0,69.5
0,69.5
1,69.5
1,69.5
2,69.5
2,69.5
3,69.5
3,69.5
4,69.5
4,69.5
5,69.5
5,69.5
6,69.5
6,69.5
0,69.5
0,69.5
1,69.5
1,69.5
2,69.5
2,69.5
3,69.5
3,69.5
4,69.5
4,69.5
5,69.5
5,69.5
6,69.5
6,69.5
0,69.5
0,69.5
1,69.5
1,69.5
2,69.5
2,69.5
3,69.5
3,69.5
4,69.5
4,69.5
5,69.5
5,69.5
6,69.5
6,69.5
0,69.5
0,69.5
1,69.5
1,69.5
2,69.5
2,69.5
3,69.5
3,69.5
4,69.5
4,69.5
5,69.5
5,69.5
6,69.5
6,69.5
0,69.5
0,69.5
1,69.9
1,69.9
2,69.9
2,69.9
3,69.9
3,69.9
4,69.9
4,69.9
5,69.9
5,69.9
6,69.9
6,69.9
0,69.9
0,69.9
1,69.9
1,69.9
2,69.9
2,69.9
3,69.9
3,69.9
4,69.9
4,69.9
5,69.9
5,69.9
6,69.9
6,69.9
0,69.9
0,69.9
1,69.9
1,69.9
2,69.9
2,69.9
3,69.9
3,69.9
4,69.9
4,69.9
5,69.9
5,69.9
6,69.9
6,69.9
0,69.9
0,69.9
1,69.9
1,69.9
2,69.9
2,69.9
3,69.9
3,69.9
4,69.9
4,69.9
5,69.9
5,69.9
6,69.9
6,69.9
0,69.9
0,74.9
1,74.9
1,74.9
2,74.9
2,74.9
3,74.9
3,74.9
4,74.9
4,74.9
5,74.9
5,74.9
6,74.9
6,74.9
0,74.9
0,74.9
1,74.9
1,74.9
2,74.9
2,74.9
3,74.9
3,74.9
4,74.9
4,74.9
5,74.9
5,74.9
6,74.9
6,74.9
0,74.9
0,74.9
1,74.9
1,74.9
2,74.9
2,74.9
3,74.9
3,74.9
4,74.9
4,74.9
5,74.9
5,74.9
6,74.9
6,74.9
0,74.9
0,74.9
1,74.9
1,74.9
2,74.9
2,74.9
3,74.9
3,74.9
4,74.9
4,74.9
5,74.9
5,74.9
6,74.9
6,74.9
0,74.9
0,74.9
1,74.9
1,74.9
2,74.9
2,74.9
3,74.9
3,74.9
4,74.9
4,74.9
5,74.9
5,74.9
6,74.9
6,74.9
0,74.9
0,74.9
1,74.9
1,74.9
2,74.9
2,74.9
3,74.9
3,74.9
4,74.9
4,74.9
5,74.9
5,74.9
6,74.9
6,74.9
0,74.9
0,74.9
1,74.9
1,74.9
2,74.9
2,74.9
3,74.9
3,74.9
4,74.9
4,74.9
5,74.9
5,74.9
6,74.9
6,74.9
0,74.9
0,74.9
1,74.9
1,74.9
2,74.9
2,74.9
3,74.9
3,74.9
4,74.9
4,74.9
5,74.9
5,74.9
6,74.9
6,74.9
0,74.9
0,74.9
1,74.9
1,74.9
2,74.9
2,74.9
3,74.9
3,74.9
4,74.9
4,74.9
5,74.9
5,74.9
6,74.9
6,74.9
0,74.9
0,74.9
1,74.9
1,74.9
2,74.9
2,74.9
3,74.9
3,74.9
4,74.9
4,86.9
5,86.9
5,86.9
6,86.9
6,86.9
0,86.9
0,86.9
1,86.9
1,86.9
2,86.9
2,86.9
3,86.9
3,86.9
4,86.9
4,86.9
5,86.9
5,86.9
6,86.9
6,86.9
0,86.9
0,86.9
1,86.9
1,86.9
2,86.9
2,86.9
3,86.9
3,86.9
4,86.9
4,86.9
5,86.9
5,86.9
6,86.9
6,86.9
0,86.9
0,86.9
1,86.9
1,86.9
2,86.9
2,86.9
3,86.9
3,86.9
4,86.9
4,86.9
5,86.9
5,86.9
6,86.9
6,86.9
0,86.9
0,86.9
1,86.9
1,86.9
2,86.9
2,86.9
3,86.9
3,86.9
4,86.9
4,86.9
5,86.9
5,86.9
6,86.9
6,86.9
0,86.9
0,86.9
1,86.9
1,86.9
2,86.9
2,86.9
3,86.9
3,86.9
4,86.9
4,86.9
5,86.9
5,86.9
6,86.9
6,86.9
0,86.9
0,86.9
1,86.9
1,86.9
2,86.9
2,86.9
3,86.9
3,86.9
4,86.9
4,86.9
5,86.9
5,86.9
6,86.9
6,86.9
0,86.9
0,86.9
1,86.9
1,86.9
2,86.9
2,86.9
3,86.9
3,86.9
4,86.9
4,86.9
5,86.9
5,86.9
6,86.9
6,86.9
0,86.9
0,86.9
1,86.9
1,86.9
2,86.9
2,86.9
3,86.9
3,86.9
4,86.9
4,86.9
5,86.9
5,86.9
6,86.9
6,86.9
0,86.9
0,86.9
1,86.9
1,86.9
2,86.9
2,86.9
3,86.9
3,86.9
4,86.9
4,86.9
5,86.9
5,86.9
6,86.9
6,86.9
0,86.9
0,86.9
1,86.9
1,86.9
2,86.9
2,86.9
3,86.9
3,86.9
4,86.9
4,86.9
5,86.9
5,86.9
6,86.9
6,86.9
0,86.9
0,86.9
1,86.9
1,86.9
2,86.9
2,86.9
3,79.9
3,79.9
4,79.9
4,79.9
5,79.9
5,79.9
6,79.9
6,79.9
0,79.9
0,79.9
1,79.9
1,79.9
2,79.9
2,79.9
3,79.9
3,79.9
4,79.9
4,79.9
5,79.9
5,79.9
6,79.9
6,79.9
0,79.9
0,79.9
1,79.9
1,79.9
2,79.9
2,79.9
3,79.9
3,79.9
4,79.9
4,79.9
5,79.9
5,79.9
6,79.9
6,79.9
0,79.9
0,79.9
1,79.9
1,79.9
2,79.9
2,79.9
3,79.9
3,79.9
4,79.9
4,79.9
5,79.9
5,79.9
6,79.9
6,79.9
0,79.9
0,79.9
1,79.9
1,79.9
2,79.9
2,79.9
3,79.9
3,79.9
4,79.9
4,79.9
5,79.9
5,79.9
6,79.9
6,79.9
0,79.9
0,79.9
1,79.9
1,79.9
2,79.9
2,79.9
3,79.9
3,79.9
4,79.9
4,79.9
5,79.9
5,79.9
6,79.9
6,79.9
0,79.9
0,79.9
1,79.9
1,79.9
2,79.9
2,79.9
3,79.9
3,79.9
4,79.9
4,79.9
5,79.9
5,79.9
6,79.9
6,79.9
0,79.9
0,79.9
1,79.9
1,79.9
2,79.9
2,79.9
3,79.9
3,79.9
4,76.9
4,76.9
5,76.9
5,76.9
6,76.9
6,76.9
0,76.9
0,76.9
1,76.9
1,76.9
2,76.9
2,76.9
3,76.9
3,76.9
4,76.9
4,76.9
5,76.9
5,76.9
6,76.9
6,76.9
0,76.9
0,76.9
1,76.9
1,76.9
2,76.9
2,76.9
3,76.9
3,76.9
4,76.9
4,76.9
5,76.9
5,76.9
6,76.9
6,76.9
