0,126.9
0,126.9
1,124.9
1,124.9
2,122.9
2,122.9
3,121.9
3,121.9
4,120.4
4,120.4
5,118.9
5,118.9
6,118.9
6,118.9
0,118.9
0,117.9
1,117.9
1,116.9
2,116.9
2,115.4
3,113.9
3,113.9
4,113.9
4,113.9
5,113.9
5,113.9
6,113.9
6,113.9
0,112.65
0,112.65
1,112.65
1,112.65
2,143.4
2,143.4
3,143.4
3,143.4
4,143.4
4,143.4
5,143.4
5,142.9
6,142.9
6,142.9
0,142.9
0,142.4
1,141.9
1,140.9
2,140.9
2,140.9
3,137.3
3,137.3
4,135.9
4,135.9
5,135.9
5,133.9
6,132.9
6,129.4
0,129.4
0,125.9
1,124.9
1,123.9
2,123.9
2,123.9
3,121.9
3,120.9
4,119.9
4,119.9
5,119.9
5,119.9
6,119.9
6,119.4
0,119.4
0,119.4
1,119.4
1,117.9
2,117.9
2,145.9
3,143.9
3,143.9
4,143.9
4,143.4
5,142.9
5,141.9
6,141.9
6,140.9
0,140.9
0,140.9
1,137.9
1,137.9
2,137.9
2,136.9
3,133.9
3,133.9
4,132.9
4,132.9
5,132.9
5,131.9
6,131.9
6,131.9
0,130.9
0,129.9
1,129.9
1,128.9
2,127.9
2,127.9
3,127.9
3,126.9
4,147.9
4,147.9
5,147.9
5,147.9
6,147.9
6,145.9
0,145.9
0,145.9
1,145.9
1,145.9
2,145.9
2,145.9
3,145.9
3,139.9
4,139.9
4,139.7
5,139.7
5,139.7
6,139.7
6,139.7
0,139.7
0,139.7
1,139.7
1,139.7
2,139.7
2,139.7
3,139.7
3,139.7
4,139.7
4,139.7
5,139.7
5,139.7
6,139.7
6,139.7
0,139.7
0,139.7
1,139.7
1,139.7
2,139.7
2,139.7
3,139.7
3,139.7
4,139.7
4,139.7
5,139.7
5,139.7
6,139.7
6,139.7
0,139.7
0,139.7
1,139.7
1,139.7
2,139.7
2,139.7
3,139.7
3,139.7
4,139.7
4,139.7
5,139.7
5,139.7
6,139.7
6,139.7
0,139.7
0,139.7
1,139.7
1,139.7
2,139.7
2,139.7
3,139.7
3,139.7
4,139.7
4,139.7
5,139.7
5,139.7
6,139.7
6,139.7
0,139.7
0,139.7
1,139.7
1,139.7
2,139.7
2,139.7
3,139.7
3,139.7
4,139.7
4,139.7
5,139.7
5,139.7
6,139.7
6,139.7
0,139.7
0,139.7
1,139.7
1,139.7
2,139.7
2,139.7
3,139.7
3,139.7
4,139.7
4,139.7
5,139.7
5,139.7
6,139.7
6,139.7
0,139.7
0,139.7
1,139.7
1,139.7
2,139.7
2,139.7
3,139.7
3,139.7
4,139.7
4,139.7
5,139.7
5,139.7
6,139.7
6,139.7
0,139.7
0,139.7
1,139.7
1,139.7
2,139.7
2,139.7
3,139.7
3,139.7
4,139.7
4,139.7
5,139.7
5,139.7
6,139.7
6,139.7
0,139.7
0,139.7
1,139.7
1,139.7
2,139.7
2,139.7
3,139.7
3,139.7
4,139.7
4,139.7
5,139.7
5,139.7
6,139.7
6,149.9
0,149.9
0,149.9
1,149.9
1,149.4
2,149.4
2,149.4
3,149.4
3,149.4
4,149.4
4,149.4
5,149.4
5,149.4
6,149.4
6,149.4
0,147.4
0,147.4
1,147.4
1,147.4
2,147.4
2,147.4
3,147.4
3,147.4
4,145.9
4,145.9
5,145.9
5,145.9
6,145.9
6,145.9
0,145.9
0,145.9
1,145.9
1,145.9
2,145.9
2,143.9
3,143.9
3,143.9
4,143.9
4,142.9
5,142.9
5,142.9
6,142.9
6,142.9
0,142.9
0,138.9
1,136.9
1,136.9
2,136.9
2,136.9
3,134.9
3,134.9
4,133.9
4,133.9
5,133.9
5,133.9
6,133.9
6,133.9
0,133.9
0,133.9
1,133.9
1,133.9
2,160.9
2,160.9
3,160.9
3,160.9
4,160.9
4,160.9
5,160.9
5,160.9
6,160.9
6,160.9
0,160.9
0,160.9
1,160.9
1,160.9
2,160.9
2,157.9
3,157.9
3,157.9
4,157.9
4,157.9
5,157.9
5,157.9
6,157.9
6,157.9
0,155.9
0,155.9
1,155.9
1,153.9
2,149.9
2,149.9
3,147.4
3,145.9
4,143.9
4,143.9
5,143.9
5,142.9
6,141.9
6,141.9
0,140.9
0,140.9
1,139.9
1,139.9
2,138.9
2,137.9
3,137.9
3,137.9
4,136.9
4,136.9
5,136.9
5,136.9
6,136.9
6,136.9
0,134.4
0,134.4
1,132.9
1,132.9
2,132.9
2,132.9
3,131.9
3,131.9
4,131.9
4,131.9
5,131.9
5,131.9
6,131.9
6,131.9
0,131.9
0,131.9
1,131.9
1,131.9
2,131.9
2,131.9
3,131.9
3,131.9
4,131.9
4,131.9
5,131.9
5,131.9
6,131.9
6,131.9
0,131.9
0,131.9
1,131.9
1,131.9
2,131.9
2,160.9
3,160.9
3,160.9
4,160.9
4,160.9
5,160.9
5,160.9
6,160.9
6,160.9
0,160.9
0,160.9
1,160.9
1,159.9
2,159.9
2,157.9
3,157.3
3,157.3
4,157.3
4,157.3
5,157.3
5,157.3
6,157.3
6,157.3
0,156.9
0,156.9
1,156.9
1,156.9
2,155.9
2,155.9
3,155.3
3,153.9
4,153.9
4,153.9
5,153.9
5,153.9
6,153.9
6,153.9
0,152.9
0,151.9
1,147.9
1,147.9
2,147.9
2,147.9
3,147.9
3,147.9
4,147.9
4,140.9
5,140.9
5,140.9
6,140.9
6,140.9
0,140.9
0,140.9
1,140.9
1,140.9
2,140.9
2,140.9
3,140.9
3,140.9
4,140.9
4,140.9
5,140.9
5,140.9
6,140.9
6,140.9
0,140.9
0,133.9
1,133.9
1,133.9
2,132.9
2,132.9
3,131.9
3,131.9
4,131.9
4,131.9
5,130.9
5,130.9
6,130.9
6,130.9
0,130.9
0,130.9
1,130.9
1,130.9
2,130.9
2,130.9
3,130.9
3,130.9
4,130.9
4,130.9
5,128.9
5,128.9
6,128.9
6,127.9
0,127.9
0,127.9
1,127.9
1,126.9
2,126.9
2,126.9
3,125.9
3,155.9
4,155.9
4,155.9
5,155.9
5,153.9
6,153.9
6,153.9
0,153.9
0,153.9
1,152.9
1,152.9
2,152.9
2,152.9
3,152.9
3,152.9
4,152.9
4,152.9
5,152.9
5,152.9
6,149.9
6,149.9
0,148.9
0,148.9
1,147.9
1,144.9
2,144.9
2,144.9
3,144.9
3,144.9
4,144.9
4,144.9
5,144.9
5,144.9
6,144.9
6,144.9
0,142.9
0,142.9
1,142.9
1,142.9
2,140.9
2,140.9
3,140.9
3,140.9
4,140.9
4,140.9
5,140.9
5,140.9
6,140.9
6,140.9
0,140.9
0,140.9
1,140.9
1,140.9
2,140.9
2,140.9
3,155.9
3,155.9
4,155.9
4,155.9
5,155.9
5,155.9
6,155.9
6,155.9
0,155.4
0,155.4
1,153.9
1,153.9
2,153.9
2,153.9
3,152.9
3,152.9
4,151.9
4,151.9
5,151.9
5,151.9
6,150.9
6,150.9
0,149.9
0,143.4
1,136.9
1,135.4
2,135.4
2,133.9
3,133.9
3,133.9
4,132.4
4,132.4
5,130.9
5,130.9
6,130.9
6,130.9
0,129.9
0,129.9
1,129.9
1,129.9
2,129.9
2,129.9
3,128.9
3,128.9
4,128.9
4,128.9
5,128.9
5,128.9
6,128.9
6,128.9
0,128.9
0,157.9
1,157.9
1,157.9
2,157.9
2,155.9
3,155.9
3,154.9
4,154.9
4,154.9
5,154.9
5,154.9
6,154.9
6,154.9
0,154.9
0,154.9
1,153.9
1,153.9
2,153.9
2,153.9
3,153.9
3,153.9
4,153.9
4,153.9
5,153.9
5,153.9
6,153.9
6,153.9
0,153.9
0,153.9
1,153.9
1,149.9
2,149.9
2,149.9
3,147.9
3,147.9
4,142.9
4,142.9
5,142.9
5,142.9
6,140.8
6,140.8
0,139.9
0,139.9
1,139.9
1,139.9
2,139.9
2,139.9
3,139.7
3,139.7
4,135.9
4,135.9
5,135.9
5,135.9
6,135.9
6,135.9
0,135.9
0,131.9
1,131.9
1,129.9
2,129.9
2,125.4
3,125.4
3,125.4
4,125.4
4,125.4
5,125.4
5,125.4
6,125.4
6,125.4
0,125.4
0,122.9
1,122.9
1,122.9
2,122.9
2,122.9
3,122.9
3,122.9
4,122.9
4,122.9
5,122.9
5,147.4
6,147.4
6,147.4
0,147.4
0,147.4
1,147.4
1,147.4
2,145.9
2,145.9
3,145.9
3,145.9
4,145.9
4,145.9
5,145.9
5,145.9
6,145.9
6,145.9
0,142.9
0,142.9
1,139.9
1,139.9
2,135.4
2,135.4
3,135.4
3,133.9
4,132.9
4,132.9
5,132.9
5,132.9
6,132.9
6,131.9
0,131.4
0,131.4
1,129.9
1,129.9
2,128.9
2,128.9
3,128.9
3,127.9
4,127.9
4,127.9
5,127.4
5,127.4
6,126.4
6,126.4
0,125.4
0,125.4
1,124.4
1,124.4
2,123.9
2,123.9
3,123.9
3,123.9
4,123.9
4,150.9
5,150.9
5,150.9
6,150.9
6,150.9
0,150.9
0,150.9
1,150.9
1,150.9
2,150.9
2,150.9
3,149.9
3,149.9
4,148.9
4,148.9
5,148.9
5,148.9
6,148.9
6,148.9
0,148.9
0,148.9
1,147.4
1,147.4
2,145.9
2,145.9
3,145.9
3,145.9
4,145.9
4,145.9
5,145.9
5,145.9
6,145.9
6,141.9
0,141.9
0,141.9
1,140.55
1,138.9
2,138.9
2,138.9
3,138.9
3,137.9
4,139.9
4,139.9
5,139.9
5,139.9
6,139.9
6,139.9
0,139.9
0,139.9
1,139.9
1,139.9
2,139.9
2,139.9
3,139.9
3,137.9
4,137.9
4,137.9
5,149.4
5,149.4
6,160.9
6,160.9
0,160.4
0,157.9
1,157.9
1,157.9
2,157.9
2,157.9
3,157.9
3,157.9
4,156.9
4,156.9
5,155.9
5,155.9
6,155.9
6,155.9
0,154.9
0,152.9
1,151.9
1,151.9
2,149.4
2,149.4
3,143.33333333333334
3,143.33333333333334
4,140.4
4,140.4
5,139.9
5,139.9
6,138.9
6,138.9
0,137.9
0,136.4
1,136.4
1,136.4
2,136.4
2,136.4
3,134.9
3,134.9
4,133.9
4,133.9
5,133.9
5,133.9
6,133.9
6,133.9
0,132.9
0,132.9
1,132.9
1,132.9
2,132.9
2,132.9
3,132.9
3,132.9
4,160.9
4,160.9
5,159.9
5,159.9
6,146.4
6,146.4
0,146.4
0,146.4
1,156.9
1,156.9
2,156.9
2,155.9
3,155.9
3,155.9
4,155.9
4,155.9
5,155.9
5,155.9
6,155.9
6,155.9
0,155.9
0,155.9
1,153.9
1,153.9
2,148.9
2,147.9
3,145.4
3,145.4
4,145.4
4,141.9
5,141.9
5,141.9
6,141.9
6,141.9
0,141.9
0,141.9
1,138.9
1,137.9
2,137.9
2,137.9
3,137.9
3,137.9
4,162.9
4,162.9
5,159.9
5,159.9
6,159.9
6,159.9
0,159.9
0,159.9
1,159.9
1,157.9
2,157.9
2,157.9
3,157.9
3,157.9
4,157.9
4,156.9
5,156.9
5,156.9
6,156.9
6,156.9
0,156.9
0,156.9
1,154.9
1,154.9
2,154.9
2,154.9
3,152.9
3,152.9
4,151.9
4,151.9
5,151.9
5,151.9
6,151.9
6,151.9
0,148.9
0,148.9
1,148.9
1,147.9
2,145.9
2,145.9
3,145.9
3,143.9
4,141.9
4,141.9
5,141.9
5,141.9
6,141.9
6,166.9
0,166.9
0,166.9
1,166.9
1,166.9
2,166.9
2,166.9
3,164.9
3,164.9
4,164.9
4,164.9
5,164.9
5,164.9
6,164.9
6,164.9
0,162.9
0,162.9
1,162.9
1,162.9
2,162.9
2,160.9
3,159.9
3,159.9
4,159.9
4,158.9
5,158.9
5,158.9
6,158.9
6,157.9
0,153.4
0,153.4
1,149.9
1,149.9
2,148.9
2,148.9
3,147.9
3,146.9
4,145.9
4,143.9
5,142.9
5,142.9
6,142.9
6,141.9
0,141.9
0,141.9
1,141.9
1,141.9
2,141.9
2,141.9
3,141.9
3,141.9
4,167.9
4,167.9
5,167.9
5,167.9
6,167.9
6,167.9
0,167.9
0,167.9
1,165.9
1,165.9
2,165.9
2,165.9
3,165.9
3,165.9
4,165.9
4,164.9
5,164.9
5,164.9
6,161.9
6,161.9
0,161.9
0,161.9
1,158.9
1,158.9
2,157.9
2,154.9
3,154.9
3,153.9
4,153.9
4,153.9
5,152.9
5,152.9
6,150.9
6,150.9
0,150.9
0,150.9
1,150.9
1,147.9
2,147.9
2,147.9
3,147.9
3,147.9
4,147.9
4,147.9
5,147.9
5,147.9
6,145.9
6,145.9
0,145.9
0,145.9
1,145.9
1,145.9
2,145.9
2,145.9
3,144.4
3,144.4
4,144.4
4,144.4
5,167.9
5,165.9
6,165.9
6,165.9
0,165.9
0,165.9
1,165.9
1,165.9
2,165.9
2,165.9
3,165.9
3,165.9
4,165.9
4,165.9
5,165.9
5,165.9
6,159.9
6,159.9
0,159.9
0,159.9
1,159.9
1,159.9
2,159.9
2,159.9
3,159.9
3,159.9
4,157.9
4,157.9
5,157.9
5,157.9
6,157.9
6,157.9
0,153.9
0,153.9
1,153.9
1,150.9
2,147.9
2,147.9
3,145.9
3,145.9
4,144.9
4,144.9
5,144.9
5,144.9
6,143.9
6,143.9
0,142.9
0,142.9
1,141.9
1,141.9
2,140.9
2,140.9
3,140.9
3,140.9
4,140.9
4,140.9
5,140.9
5,140.9
6,140.9
6,140.9
0,140.9
0,140.9
1,140.9
1,140.9
2,140.9
2,140.9
3,140.9
3,167.9
4,167.9
4,167.9
5,167.9
5,167.9
6,167.9
6,167.9
0,141.3
0,141.3
1,141.3
1,141.3
2,141.3
2,165.9
3,165.9
3,165.9
4,165.9
4,165.9
5,164.9
5,164.9
6,164.9
6,164.9
0,164.9
0,164.9
1,164.9
1,164.9
2,162.9
2,161.9
3,159.9
3,159.9
4,158.9
4,158.9
5,158.9
5,158.9
6,158.9
6,158.9
0,157.9
0,157.9
1,157.9
1,157.9
2,149.9
2,149.9
3,145.9
3,145.9
4,144.9
4,144.9
5,143.9
5,143.9
6,142.9
6,142.9
0,142.9
0,142.9
1,141.9
1,141.9
2,140.9
2,139.9
3,138.9
3,138.9
4,138.9
4,138.9
5,167.9
5,167.9
6,165.9
6,165.9
0,165.9
0,165.9
1,165.9
1,165.9
2,165.9
2,165.9
3,165.9
3,161.9
4,159.9
4,159.9
5,159.9
5,159.9
6,159.9
6,159.9
0,157.9
0,157.9
1,155.9
1,153.9
2,149.9
2,149.9
3,145.9
3,145.9
4,145.9
4,145.9
5,145.9
5,145.9
6,145.9
6,145.9
0,145.9
0,143.9
1,142.9
1,142.9
2,142.9
2,142.9
3,142.9
3,142.9
4,142.9
4,142.9
5,142.9
5,142.9
6,142.9
6,142.9
0,142.9
0,142.9
1,142.9
1,142.5
2,142.5
2,142.5
3,142.5
3,142.5
4,169.9
4,168.9
5,168.9
5,168.9
6,168.9
6,168.9
0,168.5
0,166.9
1,165.5
1,162.5
2,159.5
2,159.5
3,159.5
3,159.5
4,155.5
4,155.5
5,149.7
5,149.7
6,149.7
6,149.7
0,149.7
0,149.7
1,149.7
1,149.7
2,149.7
2,149.7
3,149.7
3,148.5
4,147.9
4,147.9
5,147.5
5,147.5
6,146.5
6,146.5
0,145.5
0,145.5
1,145.5
1,145.5
2,145.5
2,145.5
3,145.5
3,173.9
4,170.9
4,170.9
5,169.7
5,169.7
6,169.7
6,169.7
