0,0
0,0
1,123.4
1,123.4
2,120.9
2,120.9
3,120.9
3,120.9
4,117.9
4,117.9
5,117.9
5,117.9
6,117.9
6,117.9
0,117.9
0,117.9
1,117.9
1,117.9
2,116.9
2,116.9
3,116.9
3,116.9
4,116.9
4,116.9
5,116.9
5,116.9
6,116.9
6,116.9
0,116.9
0,116.9
1,112.4
1,112.4
2,112.4
2,112.4
3,112.4
3,143.4
4,143.4
4,143.4
5,143.4
5,143.4
6,143.4
6,141.9
0,141.9
0,141.9
1,140.9
1,140.9
2,140.9
2,139.9
3,137.9
3,137.9
4,136.9
4,135.9
5,133.9
5,133.9
6,133.9
6,131.9
0,131.9
0,129.9
1,128.4
1,128.4
2,128.4
2,128.4
3,124.9
3,124.9
4,124.9
4,123.9
5,123.9
5,122.9
6,122.9
6,122.9
0,122.9
0,122.9
1,122.9
1,122.9
2,122.9
2,122.9
3,122.9
3,143.4
4,143.4
4,143.4
5,143.4
5,143.4
6,143.4
6,143.4
0,142.4
0,142.4
1,138.9
1,138.9
2,138.9
2,138.9
3,134.4
3,134.4
4,132.4
4,131.9
5,131.9
5,131.9
6,131.9
6,130.9
0,127.9
0,127.5
1,126.9
1,125.3
2,125.3
2,125.3
3,124.9
3,124.9
4,124.9
4,147.9
5,147.9
5,147.9
6,147.9
6,147.9
0,145.9
0,145.9
1,145.9
1,145.9
2,145.9
2,145.9
3,145.9
3,142.9
4,140.9
4,140.9
5,140.9
5,140.9
6,140.9
6,140.9
0,140.9
0,140.9
1,140.9
1,140.9
2,140.9
2,140.9
3,140.9
3,140.9
4,140.9
4,140.9
5,140.9
5,140.9
6,140.9
6,140.9
0,140.9
0,140.9
1,140.9
1,140.9
2,140.9
2,140.9
3,140.9
3,140.9
4,140.9
4,140.9
5,140.9
5,140.9
6,140.9
6,140.9
0,140.9
0,140.9
1,140.9
1,140.9
2,140.9
2,140.9
3,140.9
3,140.9
4,140.9
4,140.9
5,140.9
5,140.9
6,140.9
6,140.9
0,140.9
0,140.9
1,140.9
1,140.9
2,140.9
2,140.9
3,140.9
3,140.9
4,140.9
4,140.9
5,140.9
5,140.9
6,140.9
6,140.9
0,140.9
0,140.9
1,140.9
1,140.9
2,140.9
2,140.9
3,140.9
3,140.9
4,140.9
4,140.9
5,140.9
5,140.9
6,140.9
6,140.9
0,140.9
0,140.9
1,140.9
1,140.9
2,140.9
2,140.9
3,140.9
3,140.9
4,140.9
4,140.9
5,140.9
5,140.9
6,140.9
6,140.9
0,140.9
0,140.9
1,140.9
1,140.9
2,140.9
2,140.9
3,140.9
3,140.9
4,140.9
4,140.9
5,140.9
5,140.9
6,140.9
6,140.9
0,140.9
0,140.9
1,140.9
1,140.9
2,140.9
2,140.9
3,140.9
3,140.9
4,140.9
4,140.9
5,140.9
5,140.9
6,140.9
6,140.9
0,140.9
0,140.9
1,140.9
1,140.9
2,140.9
2,140.9
3,140.9
3,140.9
4,140.9
4,140.9
5,140.9
5,140.9
6,140.9
6,149.9
0,149.9
0,147.9
1,147.9
1,147.9
2,147.9
2,147.9
3,147.9
3,147.9
4,147.9
4,147.9
5,147.9
5,147.9
6,147.9
6,147.9
0,147.9
0,147.9
1,145.9
1,144.9
2,144.9
2,144.9
3,144.9
3,144.9
4,144.9
4,144.9
5,144.9
5,144.9
6,143.9
6,143.9
0,143.9
0,139.9
1,139.9
1,139.9
2,139.9
2,139.9
3,139.9
3,139.9
4,139.9
4,139.9
5,139.9
5,139.9
6,139.9
6,139.9
0,139.9
0,139.9
1,139.9
1,139.9
2,139.9
2,139.9
3,135.9
3,135.9
4,135.9
4,135.9
5,135.9
5,135.9
6,135.9
6,135.9
0,135.9
0,135.9
1,135.9
1,135.9
2,135.9
2,135.9
3,135.9
3,160.9
4,160.9
4,160.9
5,160.9
5,160.9
6,160.9
6,160.9
0,158.9
0,157.4
1,157.4
1,154.9
2,154.9
2,154.9
3,154.9
3,151.9
4,151.9
4,150.9
5,150.9
5,150.9
6,150.9
6,150.9
0,145.9
0,145.9
1,145.9
1,143.9
2,143.9
2,143.9
3,143.9
3,142.9
4,142.9
4,142.9
5,142.9
5,142.9
6,142.9
6,142.9
0,139.9
0,139.9
1,139.9
1,139.9
2,139.9
2,139.9
3,139.9
3,139.9
4,139.9
4,139.9
5,139.9
5,139.9
6,139.9
6,139.9
0,135.9
0,135.9
1,133.9
1,133.9
2,133.9
2,133.9
3,133.9
3,133.9
4,133.9
4,133.9
5,133.9
5,133.9
6,133.9
6,133.9
0,133.9
0,133.9
1,133.9
1,133.9
2,133.9
2,133.9
3,133.9
3,133.9
4,133.9
4,133.9
5,133.9
5,133.9
6,133.9
6,133.9
0,133.9
0,133.9
1,133.9
1,133.9
2,133.9
2,133.9
3,133.9
3,133.9
4,133.9
4,160.9
5,160.9
5,160.9
6,160.9
6,158.9
0,157.9
0,157.9
1,157.9
1,157.9
2,157.9
2,155.9
3,155.9
3,155.9
4,155.9
4,155.9
5,155.9
5,155.9
6,155.9
6,153.9
0,149.9
0,149.9
1,149.9
1,149.9
2,145.9
2,145.9
3,145.9
3,143.9
4,143.9
4,143.9
5,143.9
5,143.9
6,143.9
6,143.9
0,142.9
0,140.9
1,140.9
1,138.9
2,138.9
2,138.9
3,137.9
3,135.9
4,135.9
4,135.9
5,135.9
5,135.9
6,135.9
6,135.9
0,135.9
0,135.9
1,134.9
1,134.9
2,134.9
2,132.9
3,132.9
3,132.9
4,132.9
4,132.9
5,132.9
5,132.9
6,132.9
6,132.9
0,132.9
0,131.9
1,131.9
1,131.9
2,131.9
2,130.9
3,130.9
3,130.9
4,128.9
4,128.9
5,128.9
5,128.9
6,127.9
6,127.9
0,127.9
0,127.9
1,127.9
1,127.9
2,127.9
2,127.9
3,127.9
3,127.9
4,127.9
4,127.9
5,127.9
5,127.9
6,127.9
6,127.9
0,127.9
0,127.9
1,127.9
1,127.9
2,127.9
2,127.9
3,127.9
3,127.9
4,155.9
4,153.9
5,153.9
5,153.9
6,153.9
6,153.9
0,153.9
0,153.9
1,152.9
1,152.9
2,152.9
2,150.9
3,150.9
3,150.9
4,150.7
4,150.7
5,150.7
5,150.7
6,149.9
6,149.9
0,145.9
0,145.9
1,145.9
1,145.9
2,144.9
2,144.9
3,142.9
3,142.9
4,142.9
4,141.9
5,141.9
5,141.9
6,141.9
6,141.9
0,137.9
0,137.9
1,137.9
1,135.9
2,135.9
2,135.9
3,135.9
3,134.9
4,134.9
4,134.9
5,134.9
5,134.9
6,134.9
6,134.9
0,134.9
0,134.9
1,134.9
1,134.9
2,132.9
2,132.9
3,132.9
3,132.9
4,132.9
4,132.9
5,155.9
5,155.9
6,155.9
6,155.9
0,155.4
0,153.9
1,153.9
1,153.9
2,153.9
2,153.9
3,152.4
3,152.4
4,147.9
4,147.9
5,147.9
5,147.9
6,145.9
6,145.9
0,141.9
0,140.9
1,140.9
1,136.9
2,136.9
2,134.9
3,133.9
3,133.9
4,133.9
4,132.9
5,132.9
5,132.9
6,132.9
6,132.9
0,132.9
0,132.9
1,132.9
1,132.9
2,131.9
2,131.9
3,131.9
3,131.9
4,131.9
4,131.9
5,131.9
5,131.9
6,131.9
6,131.9
0,131.9
0,131.9
1,131.9
1,131.9
2,157.9
2,157.9
3,157.9
3,157.9
4,157.9
4,155.9
5,155.9
5,155.9
6,155.9
6,154.4
0,150.9
0,150.9
1,147.9
1,147.9
2,147.9
2,145.9
3,145.9
3,144.9
4,143.9
4,143.9
5,143.9
5,143.9
6,143.9
6,143.9
0,143.9
0,142.9
1,140.9
1,138.9
2,138.9
2,137.9
3,137.9
3,137.9
4,133.9
4,132.9
5,132.9
5,132.9
6,132.9
6,131.9
0,130.9
0,129.9
1,129.9
1,127.9
2,127.9
2,127.9
3,127.9
3,127.9
4,127.9
4,126.9
5,126.9
5,126.9
6,126.9
6,126.9
0,126.9
0,126.9
1,125.9
1,125.9
2,124.9
2,124.9
3,124.9
3,124.9
4,124.9
4,124.9
5,123.9
5,123.9
6,123.9
6,123.9
0,123.9
0,123.9
1,123.9
1,123.9
2,123.9
2,123.9
3,123.9
3,123.9
4,147.4
4,147.4
5,147.4
5,147.4
6,147.4
6,147.4
0,147.4
0,147.4
1,145.9
1,143.9
2,143.9
2,142.9
3,142.9
3,140.9
4,140.9
4,139.9
5,138.9
5,137.9
6,137.9
6,137.9
0,137.9
0,134.9
1,132.9
1,131.9
2,131.9
2,127.9
3,127.9
3,126.9
4,126.9
4,126.9
5,126.9
5,126.9
6,126.9
6,125.9
0,125.9
0,125.9
1,125.9
1,125.9
2,125.9
2,125.9
3,125.9
3,125.9
4,125.9
4,124.9
5,124.9
5,124.9
6,124.9
6,124.9
0,124.9
0,124.9
1,124.9
1,124.9
2,124.9
2,124.9
3,124.9
3,124.9
4,124.9
4,124.9
5,124.9
5,124.9
6,124.9
6,124.9
0,124.9
0,124.9
1,137.9
1,137.9
2,150.9
2,150.9
3,149.73333333333335
3,149.73333333333335
4,147.9
4,146.9
5,146.9
5,146.9
6,144.4
6,144.4
0,141.9
0,141.9
1,140.9
1,137.9
2,137.9
2,137.9
3,137.9
3,137.9
4,137.9
4,137.9
5,137.9
5,137.9
6,137.9
6,137.9
0,137.9
0,137.9
1,136.4
1,133.4
2,132.4
2,130.9
3,130.9
3,130.9
4,132.9
4,132.9
5,132.9
5,132.9
6,132.9
6,132.9
0,132.9
0,132.9
1,132.9
1,132.9
2,132.9
2,132.9
3,131.9
3,131.9
4,131.9
4,131.9
5,131.9
5,131.9
6,131.9
6,160.9
0,160.4
0,160.4
1,159.9
1,158.9
2,158.9
2,157.9
3,156.9
3,156.9
4,154.23333333333335
4,154.23333333333335
5,152.9
5,152.9
6,152.9
6,152.9
0,151.4
0,151.4
1,149.9
1,147.9
2,147.9
2,145.4
3,144.9
3,141.9
4,141.9
4,140.9
5,140.9
5,140.9
6,140.9
6,140.9
0,139.23333333333335
0,139.23333333333335
1,139.23333333333335
1,139.23333333333335
2,135.9
2,135.9
3,134.9
3,134.9
4,134.9
4,134.9
5,134.9
5,134.9
6,134.9
6,134.9
0,133.9
0,133.9
1,133.9
1,133.9
2,133.9
2,133.9
3,133.9
3,133.9
4,133.9
4,159.9
5,159.9
5,159.9
6,159.9
6,159.9
0,159.9
0,159.9
1,157.9
1,157.9
2,157.9
2,156.9
3,156.9
3,155.9
4,152.9
4,152.9
5,152.9
5,152.9
6,152.9
6,149.9
0,149.9
0,149.9
1,145.9
1,144.9
2,144.9
2,141.9
3,141.9
3,140.4
4,140.4
4,140.4
5,137.9
5,137.9
6,137.9
6,137.9
0,135.9
0,135.9
1,134.9
1,134.9
2,134.9
2,134.9
3,134.9
3,134.9
4,162.9
4,162.9
5,159.9
5,159.9
6,159.9
6,159.9
0,159.9
0,159.9
1,159.9
1,159.9
2,159.9
2,157.9
3,157.9
3,157.9
4,157.9
4,157.9
5,157.9
5,156.9
6,156.9
6,156.9
0,155.9
0,155.9
1,155.9
1,155.9
2,155.9
2,155.9
3,155.9
3,149.9
4,149.9
4,147.9
5,147.9
5,147.9
6,147.9
6,147.9
0,144.9
0,144.9
1,144.9
1,144.9
2,141.9
2,141.9
3,141.9
3,141.9
4,141.9
4,142.2
5,142.2
5,142.2
6,142.2
6,142.2
0,163.9
0,163.9
1,163.9
1,163.9
2,163.9
2,163.9
3,163.9
3,163.9
4,163.9
4,163.9
5,164.2
5,164.2
6,164.2
6,164.2
0,163.9
0,160.2
1,160.2
1,159.2
2,159.2
2,159.2
3,159.2
3,159.2
4,159.2
4,152.2
5,152.2
5,152.2
6,152.2
6,152.2
0,148.2
0,148.2
1,147.63333333333333
1,147.7
2,146.2
2,146.2
3,146.2
3,146.2
4,146.2
4,145.52499999999998
5,145.52499999999998
5,145.52499999999998
6,145.52499999999998
6,145.52499999999998
0,144.2
0,143.2
1,143.2
1,143.2
2,143.2
2,143.2
3,143.2
3,143.2
4,167.9
4,167.9
5,167.9
5,167.9
6,167.9
6,167.9
0,167.9
0,167.9
1,167.9
1,166.2
2,166.2
2,166.2
3,163.2
3,163.2
4,160.2
4,160.2
5,160.2
5,160.2
6,160.2
6,160.2
0,158.2
0,158.2
1,154.2
1,153.9
2,154.2
2,151.2
3,150.2
3,150.2
4,150.2
4,150.2
5,150.2
5,150.2
6,145.2
6,145.2
0,145.2
0,145.2
1,145.2
1,145.2
2,145.2
2,145.2
3,145.2
3,145.2
4,145.2
4,144.2
5,144.2
5,144.2
6,144.2
6,144.2
0,144.2
0,144.2
1,144.2
1,144.2
2,144.2
2,144.2
3,144.2
3,144.2
4,144.2
4,144.2
5,144.2
5,167.9
6,167.9
6,167.9
0,166.2
0,166.2
1,163.2
1,163.2
2,163.2
2,163.2
3,160.2
3,160.2
4,157.2
4,155.2
5,155.2
5,155.2
6,155.2
6,155.2
0,155.2
0,154.02499999999998
1,152.2
1,152.2
2,152.2
2,152.2
3,152.2
3,150.2
4,150.2
4,148.7
5,148.7
5,148.7
6,148.7
6,146.2
0,146.2
0,146.2
1,146.2
1,144.2
2,144.2
2,144.2
3,144.2
3,144.2
4,144.2
4,144.2
5,144.2
5,144.2
6,144.2
6,144.2
0,144.2
0,144.2
1,144.2
1,144.2
2,144.2
2,144.2
3,144.2
3,144.2
4,144.2
4,144.2
5,144.2
5,144.2
6,144.2
6,144.2
0,144.2
0,144.2
1,144.2
1,144.2
2,144.2
2,144.2
3,144.2
3,144.2
4,144.2
4,144.2
5,144.2
5,144.2
6,144.2
6,144.2
0,143.9
0,143.9
1,143.9
1,143.9
2,143.9
2,167.9
3,167.9
3,167.9
4,165.9
4,165.9
5,165.9
5,165.9
6,165.9
6,165.9
0,165.9
0,164.9
1,164.9
1,164.9
2,164.9
2,159.9
3,159.9
3,155.9
4,155.9
4,153.9
5,153.9
5,153.9
6,153.9
6,153.9
0,153.9
0,150.8
1,150.8
1,147.9
2,147.9
2,145.9
3,145.9
3,145.9
4,143.9
4,143.9
5,143.9
5,143.9
6,143.9
6,143.9
0,143.9
0,143.9
1,143.9
1,143.9
2,138.5
2,138.5
3,138.5
3,138.5
4,138.5
4,138.5
5,138.5
5,137.7
6,137.7
6,137.7
0,167.9
0,167.9
1,165.9
1,165.9
2,165.9
2,165.9
3,159.9
3,159.9
4,159.9
4,156.9
5,156.9
5,156.9
6,156.9
6,153.9
0,151.9
0,151.9
1,149.9
1,149.9
2,147.9
2,146.9
3,146.9
3,146.9
4,146.9
4,145.9
5,145.9
5,145.9
6,145.9
6,145.9
0,144.9
0,144.9
1,143.9
1,143.9
2,143.9
2,143.9
3,143.9
3,143.9
4,143.9
4,143.9
5,143.9
5,143.9
6,143.9
6,143.9
0,143.9
0,143.9
1,143.9
1,143.9
2,143.9
2,143.9
3,143.9
3,143.9
4,139.5
4,169.9
5,169.9
5,169.9
6,167.9
6,167.9
0,167.9
0,165.9
1,165.9
1,162.9
2,162.9
2,159.9
3,159.9
3,159.9
4,159.9
4,159.9
5,159.9
5,159.9
6,159.9
6,159.9
0,155.9
0,155.9
1,155.9
1,155.9
2,152.9
2,152.9
3,150.9
3,150.9
4,150.9
4,150.9
5,150.9
5,150.9
6,150.9
6,150.9
0,149.9
0,149.9
1,149.9
1,149.9
2,149.9
2,149.9
3,149.9
3,149.9
4,174.9
4,174.9
5,174.9
5,174.9
6,174.9
6,174.9
