0,0
0,0
1,124.9
1,124.9
2,122.9
2,121.9
3,121.9
3,121.9
4,121.9
4,121.9
5,120.9
5,120.5
6,120.5
6,120.5
0,120.4
0,120.4
1,120.4
1,120.4
2,120.4
2,120.4
3,120.4
3,117.9
4,117.9
4,117.9
5,117.9
5,117.9
6,115.9
6,115.9
0,115.9
0,115.9
1,113.4
1,113.4
2,112.4
2,112.4
3,143.4
3,143.4
4,143.4
4,143.4
5,143.4
5,143.4
6,143.4
6,142.9
0,142.9
0,142.9
1,142.9
1,142.9
2,141.29999999999998
2,141.29999999999998
3,137.9
3,137.7
4,137.7
4,137.7
5,136.7
5,136.7
6,135.2
6,135.2
0,133.7
0,133.7
1,133.7
1,132.7
2,132.7
2,132.7
3,128.63333333333335
3,124.4
4,122.3
4,122.3
5,122.3
5,122.3
6,121.9
6,121.9
0,121.7
0,121.7
1,121.3
1,120.9
2,120.6
2,145.9
3,145.9
3,145.9
4,144.8
4,144.8
5,144.8
5,144.8
6,143.3
6,143.3
0,143.3
0,143.3
1,142.9
1,142.9
2,142.9
2,137.5666666666667
3,135.3
3,133.9
4,133.3
4,133.3
5,133.3
5,132.9
6,131.60000000000002
6,131.60000000000002
0,130.8
0,125.4
1,125.4
1,125.3
2,124.80000000000001
2,124.3
3,123.80000000000001
3,123.80000000000001
4,147.4
4,147.3
5,147.3
5,147.3
6,147.3
6,147.3
0,147.3
0,147.3
1,147.3
1,147.3
2,147.3
2,147.3
3,147.3
3,147.3
4,141.10000000000002
4,140.7
5,140.7
5,140.7
6,140.7
6,140.7
0,140.7
0,140.7
1,140.7
1,140.7
2,140.7
2,140.7
3,140.7
3,140.7
4,140.7
4,140.7
5,140.7
5,140.7
6,140.7
6,140.7
0,140.7
0,140.7
1,140.7
1,140.7
2,140.7
2,140.7
3,140.7
3,140.7
4,140.7
4,140.7
5,140.7
5,140.7
6,140.7
6,140.7
0,140.7
0,140.7
1,140.7
1,140.7
2,140.7
2,140.7
3,140.7
3,140.7
4,140.7
4,140.7
5,140.7
5,140.7
6,140.7
6,140.7
0,140.7
0,140.7
1,140.7
1,140.7
2,140.7
2,140.7
3,140.7
3,140.7
4,140.7
4,140.7
5,140.7
5,140.7
6,140.7
6,140.7
0,140.7
0,140.7
1,140.7
1,140.7
2,140.7
2,140.7
3,140.7
3,140.7
4,140.7
4,140.7
5,140.7
5,140.7
6,140.7
6,140.7
0,140.7
0,140.7
1,140.7
1,140.7
2,140.7
2,140.7
3,140.7
3,140.7
4,140.7
4,140.7
5,140.7
5,140.7
6,140.7
6,140.7
0,140.7
0,140.7
1,140.7
1,140.7
2,140.7
2,140.7
3,140.7
3,140.7
4,140.7
4,140.7
5,140.7
5,140.7
6,140.7
6,140.7
0,140.7
0,140.7
1,140.7
1,140.7
2,140.7
2,140.7
3,140.7
3,140.7
4,140.7
4,140.7
5,140.7
5,140.7
6,140.7
6,140.7
0,140.7
0,140.7
1,140.7
1,140.7
2,140.7
2,140.7
3,124.9
3,124.9
4,124.9
4,149.9
5,149.9
5,149.9
6,149.9
6,149.9
0,149.9
0,149.9
1,149.9
1,149.9
2,149.9
2,149.9
3,149.9
3,149.9
4,149.9
4,149.4
5,149.4
5,149.4
6,149.4
6,148.9
0,147.9
0,147.4
1,147.3
1,147.3
2,147.3
2,147.3
3,147.3
3,147.3
4,146.9
4,146.9
5,146.9
5,146.9
6,146.9
6,146.9
0,146.9
0,146.7
1,146.7
1,146.7
2,146.5
2,145.60000000000002
3,145.60000000000002
3,145.60000000000002
4,144.9
4,144.3
5,144.3
5,144.3
6,144.3
6,143.9
0,143.9
0,143.9
1,142.9
1,142.9
2,142.9
2,142.9
3,142.9
3,142.3
4,140.9
4,139.9
5,139.9
5,139.9
6,139.9
6,139.9
0,139.9
0,139.9
1,139.9
1,139.7
2,139.7
2,160.9
3,160.9
3,160.9
4,160.9
4,160.7
5,160.7
5,160.7
6,160.7
6,160.7
0,157.9
0,157.9
1,157.9
1,157.9
2,157.7
2,157.7
3,157.5
3,157.5
4,157.3
4,157.3
5,156.9
5,156.9
6,156.9
6,156.9
0,156.9
0,155.9
1,153.6
1,153.6
2,151.9
2,151.9
3,149.9
3,149.7
4,149.7
4,147.8
5,147.5
5,146.7
6,146.7
6,146.7
0,145.9
0,144.8
1,144.8
1,144.4
2,143.8
2,143.5
3,143.5
3,143.5
4,143.5
4,143.3
5,143.3
5,143.3
6,143.3
6,143.3
0,142.9
0,142.3
1,140.8
1,136.8
2,135.4
2,135.4
3,134.7
3,134.7
4,134.7
4,133.7
5,133.7
5,132.7
6,132.7
6,132.7
0,131.7
0,131.4
1,131.4
1,131.4
2,131.4
2,131.4
3,131.4
3,131.4
4,131.4
4,131.4
5,131.4
5,131.4
6,131.4
6,131.4
0,131.4
0,130.9
1,130.9
1,130.9
2,130.9
2,160.9
3,160.9
3,160.9
4,160.9
4,160.5
5,160.5
5,160.5
6,160.5
6,160.5
0,160.5
0,160.5
1,160.5
1,160.5
2,158.4
2,158.10000000000002
3,158.10000000000002
3,156.7
4,156.5
4,156.3
5,156.3
5,156.3
6,156.3
6,156.3
0,156.3
0,155.9
1,152.4
1,152.4
2,152.4
2,147.9
3,146.66666666666666
3,146.3
4,145.9
4,145.9
5,145.9
5,145.9
6,145.9
6,145.9
0,145.9
0,137.9
1,137.9
1,137.9
2,137.9
2,137.9
3,137.9
3,137.7
4,137.7
4,135.7
5,135.7
5,135.7
6,133.7
6,132.7
0,132.7
0,132.7
1,132.7
1,132.7
2,132.7
2,132.7
3,132.7
3,132.7
4,132.7
4,132.7
5,132.7
5,132.7
6,132.7
6,132.7
0,132.5
0,131.9
1,131.9
1,131.9
2,131.9
2,131.9
3,131.9
3,131.9
4,131.9
4,130.9
5,130.9
5,130.9
6,130.9
6,130.9
0,130.9
0,129.9
1,128.9
1,128.4
2,127.9
2,127.9
3,127.9
3,127.9
4,127.9
4,127.9
5,127.9
5,127.9
6,127.9
6,127.9
0,127.9
0,127.9
1,127.9
1,127.9
2,127.9
2,127.9
3,127.9
3,127.9
4,127.9
4,127.9
5,127.9
5,155.55
6,155.55
6,155.55
0,155.55
0,155.55
1,155.55
1,155.55
2,155.55
2,155.55
3,155.3
3,155.3
4,155.3
4,154.4
5,154.4
5,154.4
6,149.7
6,147.9
0,147.9
0,147.9
1,146.8
1,146.5
2,146.3
2,146.3
3,145.9
3,145.9
4,145.9
4,145.9
5,145.9
5,145.7
6,145.7
6,145.7
0,145.7
0,145.7
1,145.7
1,145.7
2,145.7
2,145.7
3,145.7
3,144.8
4,144.8
4,142.8
5,142.8
5,139.7
6,139.7
6,139.7
0,138.9
0,137.9
1,137.4
1,137.10000000000002
2,136.35000000000002
2,135.9
3,135.9
3,133.4
4,133.3
4,155.9
5,155.9
5,155.9
6,155.9
6,155.9
0,155.4
0,155.3
1,154.9
1,154.5
2,153.9
2,152.9
3,151.1
3,151.1
4,141.7
4,141.7
5,141.7
5,141.7
6,141.7
6,141.7
0,141.7
0,136.5
1,136.5
1,136.5
2,136.5
2,134.4
3,134.4
3,132.3
4,132.3
4,132.3
5,132.3
5,132.3
6,132.3
6,132.3
0,132.3
0,132.3
1,131.9
1,131.9
2,131.6
2,131.6
3,131.6
3,130.5
4,130.3
4,130.3
5,130.3
5,130.3
6,130.3
6,130.3
0,130.3
0,157.9
1,157.9
1,130.3
2,157.9
2,157.9
3,157.3
3,157.3
4,156.9
4,156.7
5,156.7
5,156.7
6,156.7
6,156.7
0,156.7
0,156.7
1,156.7
1,155.7
2,151.9
2,151.7
3,151.7
3,151.3
4,151.3
4,150.9
5,150.9
5,150.9
6,150.9
6,150.4
0,149.9
0,149.9
1,146.8
1,146.5
2,145.8
2,145.5
3,144.5
3,144.5
4,143.9
4,143.9
5,142.8
5,142.8
6,140.6
6,140.6
0,140.6
0,139.7
1,139.5
1,138.5
2,138.5
2,135.5
3,131.4
3,131.4
4,131.4
4,129.4
5,127.86666666666667
5,125.9
6,125.9
6,125.9
0,125.9
0,125.4
1,125.3
1,124.9
2,124.9
2,124.35
3,124.35
3,123.80000000000001
4,123.80000000000001
4,122.9
5,122.9
5,122.9
6,122.9
6,122.4
0,122.4
0,122.1
1,122.1
1,120.9
2,120.7
2,120.7
3,120.7
3,147.8
4,147.8
4,147.8
5,147.3
5,147.3
6,147.3
6,146.9
0,146.9
0,146.7
1,146.5
1,146.5
2,146.5
2,146.5
3,146.5
3,145.9
4,141.9
4,141.9
5,141.9
5,141.9
6,141.9
6,141.7
0,141.7
0,141.5
1,139.4
1,139.4
2,139.4
2,139.4
3,139.4
3,137.3
4,136.9
4,136.9
5,136.9
5,136.9
6,135.4
6,135.4
0,133.8
0,131.8
1,130.43333333333334
1,127.7
2,127.5
2,126.9
3,126.9
3,126.9
4,126.9
4,126.4
5,126.4
5,126.4
6,126.4
6,126.4
0,125.65
0,124.4
1,124.4
1,124.4
2,124.4
2,124.4
3,124.15
3,123.4
4,123.4
4,123.4
5,123.4
5,123.4
6,123.4
6,123.4
0,132.4
0,132.4
1,122.9
1,150.9
2,150.9
2,150.9
3,150.60000000000002
3,150.60000000000002
4,150.3
4,150.3
5,149.10000000000002
5,147.7
6,146.4
6,144.9
0,143.4
0,140.9
1,140.9
1,140.9
2,140.9
2,140.9
3,140.9
3,140.7
4,140.5
4,140.3
5,140.3
5,140.3
6,140.3
6,140.3
0,139.7
0,139.5
1,139.5
1,139.5
2,139.5
2,139.3
3,139.3
3,138.63333333333335
4,138.9
4,138.075
5,134.7
5,134.5
6,134.5
6,134.5
0,134.5
0,133.5
1,132.7
1,132.5
2,132.1
2,131.2
3,130.9
3,130.4
4,130.4
4,159.9
5,159.9
5,159.9
6,159.8
6,159.8
0,159.7
0,159.7
1,159.7
1,159.5
2,159.4
2,158.9
3,158.8
3,158.8
4,158.6
4,158.10000000000002
5,157.2
5,153.8
6,153.7
6,152.7
0,152.6
0,149.9
1,149.8
1,149.5
2,148.9
2,145.9
3,145.9
3,145.9
4,144.9
4,142.8
5,141.8
5,141.8
6,141.7
6,141.5
0,141.5
0,141.5
1,141.5
1,137.9
2,135.3
2,134.5
3,134.5
3,134.10000000000002
4,134.10000000000002
4,132.9
5,132.7
5,132.7
6,132.7
6,132.7
0,132.7
0,132.2
1,132.2
1,132.2
2,132.2
2,132.2
3,160.9
3,160.9
4,160.9
4,160.9
5,160.9
5,160.9
6,140.9
6,140.9
0,160.9
0,160.9
1,155.9
1,155.7
2,155.7
2,155.7
3,155.5
3,155.3
4,153.9
4,153.9
5,153.7
5,153.7
6,152.7
6,152.7
0,150.9
0,150.7
1,150.7
1,148.86666666666667
2,146.3
2,145.4
3,142.9
3,141.60000000000002
4,141.60000000000002
4,138.9
5,137.9
5,137.5
6,137.5
6,137.5
0,137.5
0,137.5
1,137.3
1,136.4
2,135.5
2,135.5
3,135.5
3,162.9
4,162.9
4,162.9
5,162.9
5,158.9
6,158.9
6,158.9
0,158.9
0,158.9
1,158.7
1,158.7
2,158.5
2,158.5
3,158.3
3,158.3
4,158.3
4,158.3
5,158.3
5,157.9
6,157.9
6,157.9
0,155.8
0,155.8
1,155.8
1,155.8
2,155.8
2,155.8
3,155.5
3,155.5
4,155.5
4,155.3
5,155.3
5,154.5
6,154.5
6,154.5
0,154.5
0,154.5
1,154.5
1,154.5
2,154.5
2,150.8
3,150.8
3,145.9
4,151.5
4,146.7
5,145.7
5,167.9
6,167.9
6,167.3
0,167.3
0,167.3
1,167.3
1,167.3
2,166.1
2,165.9
3,163.9
3,163.7
4,163.7
4,163.0
5,163.0
5,163.0
6,163.7
6,163.7
0,163.3
0,163.3
1,163.1
1,163.1
2,162.3
2,162.3
3,162.89999999999998
3,162.89999999999998
4,162.89999999999998
4,162.89999999999998
5,162.89999999999998
5,162.89999999999998
6,162.89999999999998
6,162.5
0,162.5
0,152.7
1,160.5
1,160.5
2,160.5
2,160.3
3,160.3
3,158.7
4,158.5
4,156.93333333333334
5,156.93333333333334
5,156.1
6,156.1
6,153.7
0,153.7
0,150.6
1,150.6
1,150.6
2,150.6
2,167.9
3,167.9
3,167.9
4,167.9
4,167.9
5,167.9
5,167.9
6,167.9
6,166.7
0,166.7
0,166.7
1,166.7
1,166.7
2,166.7
2,166.7
3,166.7
3,166.7
4,166.7
4,166.3
5,166.3
5,166.3
6,166.3
6,166.3
0,166.1
0,166.1
1,165.7
1,160.7
2,163.7
2,162.7
3,163.5
3,163.5
4,162.3
4,162.3
5,162.3
5,162.3
6,160.7
6,160.7
0,160.7
0,158.5
1,158.5
1,158.5
2,158.5
2,158.5
3,158.5
3,157.2
4,156.0
4,154.7
5,154.5
5,154.5
6,154.5
6,154.5
0,154.5
0,154.5
1,153.6
1,153.6
2,153.3
2,153.3
3,152.6
3,151.6
4,151.6
4,167.9
5,167.9
5,167.7
6,167.7
6,167.7
0,167.7
0,167.7
1,166.7
1,166.7
2,166.7
2,165.9
3,164.7
3,163.43333333333334
4,162.9
4,162.9
5,162.9
5,161.5
6,161.5
6,161.5
0,161.3
0,160.7
1,160.7
1,160.7
2,160.7
2,160.7
3,160.7
3,160.5
4,160.5
4,160.5
5,160.5
5,160.5
6,160.5
6,160.5
0,158.5
0,157.7
1,155.29999999999998
1,152.6
2,152.6
2,150.5
3,150.3
3,149.7
4,149.7
4,149.3
5,149.3
5,149.3
6,149.3
6,149.3
0,149.1
0,148.7
1,148.3
1,147.89999999999998
2,147.5
2,147.2
3,146.7
3,146.5
4,146.5
4,144.5
5,144.5
5,141.3
6,139.3
6,139.3
0,139.3
0,139.3
1,139.3
1,137.1
2,137.1
2,137.1
3,137.1
3,137.1
4,137.1
4,137.1
5,137.1
5,137.1
6,137.1
6,137.1
0,137.1
0,137.1
1,137.1
1,137.1
2,137.1
2,167.9
3,167.9
3,167.9
4,164.36666666666665
4,161.7
5,159.7
5,157.5
6,155.5
6,153.5
0,161.5
0,161.5
1,161.5
1,158.5
2,155.5
2,152.5
3,149.5
3,146.5
4,143.5
4,139.63333333333333
5,137.5
5,137.5
6,137.5
6,137.5
0,136.9
0,136.9
1,136.9
1,136.9
2,136.9
2,143.5
3,141.3
3,139.3
4,139.3
4,137.10000000000002
5,137.10000000000002
5,137.10000000000002
6,137.10000000000002
6,137.10000000000002
0,137.10000000000002
0,137.10000000000002
1,137.10000000000002
1,137.10000000000002
2,137.10000000000002
2,137.10000000000002
3,137.10000000000002
3,137.10000000000002
4,137.10000000000002
4,137.10000000000002
5,137.10000000000002
5,167.9
6,167.9
6,167.9
0,167.9
0,167.9
1,167.9
1,163.9
2,163.9
2,161.7
3,161.7
3,158.7
4,154.7
4,150.7
5,147.7
5,147.7
6,144.7
6,144.7
0,142.7
0,142.7
1,140.9
1,140.7
2,140.7
2,140.7
3,140.7
3,140.7
4,140.7
4,140.7
5,140.7
5,140.7
6,140.7
6,140.7
0,140.7
0,140.7
1,140.7
1,140.7
2,140.7
2,140.7
3,140.7
3,140.7
4,140.7
4,140.7
5,140.7
5,140.7
6,140.7
6,140.7
0,140.7
0,140.7
1,140.7
1,140.7
2,140.7
2,140.7
3,140.7
3,140.7
4,169.9
4,169.9
5,169.9
5,169.9
6,169.9
6,169.9
0,165.9
0,161.9
1,161.9
1,158.9
2,158.9
2,155.9
3,153.9
3,153.9
4,151.4
4,149.7
5,148.7
5,147.7
6,146.7
6,146.7
0,146.7
0,146.7
1,146.7
1,146.7
2,146.7
2,146.7
3,146.7
3,146.7
4,146.7
4,146.7
5,146.7
5,146.7
6,146.7
6,146.7
0,146.7
0,146.7
1,146.7
1,146.7
2,146.7
2,174.9
3,174.9
3,174.9
4,174.9
4,174.9
5,172.65
5,169.9
6,169.9
6,169.9
