0,124.9
0,122.9
1,120.9
1,120.9
2,120.9
2,119.9
3,118.4
3,118.4
4,118.4
4,118.4
5,118.4
5,118.4
6,116.9
6,116.9
0,116.9
0,116.9
1,116.9
1,116.9
2,116.9
2,114.4
3,114.3
3,113.9
4,113.9
4,113.9
5,113.9
5,113.9
6,113.9
6,113.9
0,112.9
0,112.9
1,112.4
1,112.4
2,143.9
2,143.9
3,143.9
3,143.9
4,143.9
4,143.9
5,143.9
5,143.9
6,143.9
6,142.9
0,142.9
0,142.9
1,141.9
1,141.9
2,140.4
2,138.4
3,138.4
3,133.4
4,133.4
4,133.4
5,133.4
5,131.9
6,130.9
6,128.9
0,128.9
0,128.5
1,125.2
1,124.9
2,124.9
2,124.9
3,120.9
3,119.9
4,119.9
4,119.9
5,119.9
5,119.9
6,119.9
6,118.9
0,118.9
0,118.9
1,118.9
1,117.9
2,117.9
2,117.9
3,143.9
3,143.9
4,143.9
4,143.9
5,143.9
5,141.9
6,141.9
6,141.4
0,141.4
0,141.4
1,138.65
1,138.65
2,138.65
2,136.4
3,136.4
3,133.4
4,133.4
4,133.4
5,131.9
5,131.9
6,131.9
6,129.4
0,129.4
0,124.9
1,124.4
1,124.4
2,123.9
2,121.8
3,121.8
3,121.8
4,147.9
4,147.9
5,147.9
5,147.9
6,147.9
6,145.9
0,145.9
0,145.9
1,145.9
1,145.9
2,145.9
2,145.9
3,145.9
3,145.9
4,142.15
4,142.15
5,142.15
5,142.15
6,142.15
6,142.15
0,142.15
0,142.15
1,142.15
1,142.15
2,142.15
2,142.15
3,142.15
3,142.15
4,142.15
4,142.15
5,142.15
5,142.15
6,142.15
6,142.15
0,142.15
0,142.15
1,142.15
1,142.15
2,142.15
2,142.15
3,142.15
3,142.15
4,142.15
4,142.15
5,142.15
5,142.15
6,142.15
6,142.15
0,142.15
0,142.15
1,142.15
1,142.15
2,142.15
2,142.15
3,142.15
3,142.15
4,142.15
4,142.15
5,142.15
5,142.15
6,142.15
6,142.15
0,142.15
0,142.15
1,142.15
1,142.15
2,142.15
2,142.15
3,142.15
3,142.15
4,142.15
4,142.15
5,142.15
5,142.15
6,142.15
6,142.15
0,142.15
0,142.15
1,142.15
1,142.15
2,142.15
2,142.15
3,142.15
3,142.15
4,142.15
4,142.15
5,142.15
5,142.15
6,142.15
6,142.15
0,142.15
0,142.15
1,142.15
1,142.15
2,142.15
2,142.15
3,142.15
3,142.15
4,142.15
4,142.15
5,142.15
5,142.15
6,142.15
6,142.15
0,142.15
0,142.15
1,142.15
1,142.15
2,142.15
2,142.15
3,142.15
3,142.15
4,142.15
4,142.15
5,142.15
5,142.15
6,142.15
6,142.15
0,142.15
0,142.15
1,142.15
1,142.15
2,142.15
2,142.15
3,142.15
3,142.15
4,142.15
4,142.15
5,142.15
5,142.15
6,142.15
6,142.15
0,142.15
0,142.15
1,142.15
1,142.15
2,142.15
2,142.15
3,142.15
3,142.15
4,142.15
4,142.15
5,142.15
5,149.9
6,149.3
6,149.3
0,149.3
0,149.3
1,149.3
1,149.3
2,149.3
2,149.3
3,149.3
3,149.3
4,149.3
4,149.3
5,149.3
5,149.3
6,147.9
6,147.3
0,147.3
0,147.3
1,147.3
1,147.3
2,147.3
2,147.3
3,147.3
3,147.3
4,144.9
4,144.3
5,144.3
5,144.3
6,144.3
6,144.3
0,144.3
0,144.3
1,144.3
1,144.3
2,142.9
2,142.3
3,142.3
3,142.3
4,142.3
4,142.3
5,142.3
5,142.3
6,140.9
6,140.3
0,138.4
0,138.3
1,138.3
1,138.3
2,137.9
2,137.3
3,137.3
3,137.3
4,137.3
4,137.3
5,137.3
5,137.3
6,137.3
6,137.3
0,137.3
0,137.3
1,137.3
1,137.3
2,137.3
2,137.3
3,160.9
3,160.9
4,160.9
4,160.3
5,160.3
5,160.3
6,160.3
6,160.3
0,160.3
0,160.3
1,160.3
1,160.3
2,160.3
2,160.3
3,160.3
3,160.3
4,160.3
4,158.60000000000002
5,158.60000000000002
5,158.60000000000002
6,157.9
6,156.9
0,155.60000000000002
0,154.9
1,154.9
1,153.60000000000002
2,150.4
2,149.60000000000002
3,147.4
3,146.70000000000002
4,145.3
4,145.3
5,145.3
5,145.3
6,144.3
6,144.3
0,144.3
0,141.35000000000002
1,141.35000000000002
1,141.35000000000002
2,140.5
2,140.3
3,140.3
3,140.3
4,138.9
4,138.3
5,138.3
5,138.3
6,137.9
6,137.9
0,135.83333333333334
0,135.83333333333334
1,135.83333333333334
1,135.83333333333334
2,133.9
2,133.3
3,133.3
3,133.3
4,133.3
4,133.3
5,133.3
5,133.3
6,133.3
6,133.3
0,133.3
0,133.3
1,133.3
1,133.3
2,133.3
2,133.3
3,133.3
3,133.3
4,133.3
4,133.3
5,133.3
5,133.3
6,133.3
6,133.3
0,133.3
0,133.3
1,133.3
1,133.3
2,133.3
2,133.3
3,133.3
3,160.9
4,160.9
4,160.9
5,160.3
5,160.3
6,160.3
6,160.3
0,160.3
0,160.3
1,158.9
1,158.9
2,158.9
2,158.3
3,158.3
3,157.60000000000002
4,151.9
4,151.9
5,151.9
5,151.9
6,151.9
6,151.9
0,151.9
0,151.9
1,148.9
1,148.9
2,148.9
2,148.9
3,148.9
3,148.9
4,148.9
4,145.9
5,145.9
5,145.9
6,145.9
6,145.9
0,145.9
0,143.9
1,143.9
1,143.9
2,142.4
2,142.4
3,140.4
3,137.9
4,137.5
4,136.7
5,136.7
5,136.7
6,135.9
6,134.9
0,134.5
0,134.5
1,134.5
1,134.5
2,134.5
2,134.5
3,134.5
3,134.5
4,134.5
4,134.5
5,134.5
5,134.5
6,134.5
6,134.5
0,134.5
0,131.7
1,131.7
1,131.7
2,131.7
2,131.7
3,131.7
3,131.7
4,130.9
4,130.9
5,130.5
5,130.5
6,130.5
6,130.5
0,127.9
0,127.9
1,127.9
1,127.9
2,127.9
2,127.9
3,127.9
3,127.9
4,127.9
4,127.9
5,127.9
5,127.9
6,127.9
6,126.9
0,126.5
0,126.5
1,126.5
1,126.5
2,126.5
2,126.5
3,126.5
3,126.5
4,126.5
4,126.5
5,155.9
5,155.9
6,155.9
6,155.9
0,155.4
0,155.4
1,152.9
1,152.9
2,152.9
2,152.9
3,149.4333333333333
3,148.5
4,148.5
4,148.5
5,148.5
5,148.5
6,147.9
6,147.9
0,146.5
0,145.9
1,145.5
1,145.5
2,145.5
2,145.5
3,145.5
3,143.9
4,143.7
4,143.7
5,143.7
5,143.7
6,143.7
6,143.7
0,141.9
0,140.9
1,138.8
1,138.8
2,136.7
2,135.9
3,135.9
3,135.9
4,135.9
4,135.9
5,135.9
5,135.9
6,135.9
6,135.9
0,135.9
0,135.7
1,135.7
1,135.7
2,135.7
2,135.7
3,135.7
3,155.9
4,155.7
4,155.7
5,155.7
5,155.7
6,155.7
6,155.7
0,155.4
0,155.4
1,155.4
1,155.4
2,153.9
2,153.7
3,151.9
3,150.7
4,150.7
4,147.4
5,147.4
5,147.4
6,145.4
6,145.4
0,140.4
0,138.4
1,138.4
1,137.4
2,136.7
2,136.7
3,136.7
3,135.9
4,133.9
4,133.9
5,131.9
5,131.9
6,131.9
6,131.9
0,131.7
0,131.7
1,131.7
1,131.7
2,131.7
2,131.7
3,130.9
3,130.9
4,130.7
4,130.7
5,130.7
5,130.7
6,130.7
6,130.7
0,130.7
0,130.7
1,130.7
1,130.7
2,130.7
2,157.9
3,157.9
3,157.9
4,157.7
4,157.7
5,157.7
5,157.7
6,157.7
6,157.7
0,157.7
0,157.7
1,154.4
1,154.4
2,151.4
2,149.9
3,146.4
3,146.4
4,146.4
4,146.4
5,145.9
5,145.9
6,145.9
6,145.7
0,145.7
0,145.7
1,145.7
1,145.7
2,144.9
2,143.43333333333334
3,141.9
3,141.7
4,141.7
4,141.7
5,141.7
5,141.7
6,141.7
6,141.7
0,133.15
0,133.15
1,132.7
1,132.7
2,130.15
2,130.15
3,128.7
3,128.7
4,128.7
4,127.9
5,127.7
5,126.9
6,126.4
6,126.4
0,126.4
0,126.4
1,126.4
1,126.4
2,126.4
2,122.4
3,122.4
3,122.4
4,122.4
4,122.4
5,122.4
5,122.4
6,122.4
6,122.4
0,122.4
0,122.4
1,122.4
1,122.4
2,122.4
2,122.4
3,122.4
3,122.4
4,147.4
4,147.4
5,147.4
5,147.4
6,147.4
6,147.4
0,147.4
0,147.4
1,147.4
1,147.4
2,145.9
2,145.9
3,145.9
3,145.9
4,145.9
4,145.9
5,145.9
5,145.9
6,145.9
6,145.9
0,145.9
0,140.9
1,140.9
1,138.4
2,138.4
2,138.4
3,135.9
3,135.9
4,135.9
4,135.9
5,135.9
5,135.9
6,135.9
6,133.9
0,133.9
0,132.9
1,130.1
1,130.1
2,125.9
2,125.9
3,125.9
3,124.9
4,124.9
4,124.9
5,124.9
5,124.9
6,124.9
6,124.9
0,124.9
0,124.9
1,124.4
1,124.4
2,123.9
2,123.9
3,123.9
3,123.9
4,123.9
4,123.9
5,123.9
5,123.9
6,123.9
6,123.9
0,123.9
0,123.9
1,137.4
1,137.4
2,150.9
2,150.9
3,150.9
3,149.9
4,149.9
4,149.9
5,148.5666666666667
5,148.5666666666667
6,146.4
6,146.4
0,145.9
0,144.9
1,144.9
1,144.9
2,144.9
2,143.9
3,143.4
3,141.9
4,141.4
4,139.65
5,139.4
5,139.4
6,138.65
6,136.65
0,136.4
0,135.65
1,135.4
1,133.16666666666666
2,132.3
2,130.8
3,130.3
3,130.3
4,131.9
4,131.9
5,131.9
5,131.9
6,131.9
6,131.9
0,131.9
0,131.9
1,131.9
1,131.9
2,131.9
2,131.9
3,131.9
3,131.9
4,131.9
4,131.9
5,131.9
5,131.9
6,131.9
6,131.9
0,131.9
0,131.9
1,159.9
1,159.9
2,159.9
2,159.7
3,158.8
3,157.7
4,156.8
4,153.9
5,153.8
5,153.8
6,153.7
6,153.7
0,153.7
0,149.9
1,149.9
1,149.7
2,149.7
2,145.9
3,145.8
3,143.65
4,143.15
4,142.3
5,141.9
5,141.9
6,141.7
6,141.7
0,140.7
0,139.5
1,136.9
1,136.9
2,136.9
2,136.9
3,134.9
3,134.9
4,134.9
4,133.9
5,132.9
5,132.9
6,132.3
6,132.3
0,132.3
0,131.8
1,130.9
1,130.9
2,130.9
2,130.9
3,130.9
3,130.9
4,130.9
4,130.9
5,160.9
5,160.9
6,160.9
6,160.9
0,160.9
0,160.9
1,159.9
1,159.9
2,157.9
2,157.9
3,157.9
3,156.9
4,154.9
4,154.9
5,153.9
5,153.9
6,152.7
6,151.9
0,150.4
0,148.60000000000002
1,145.9
1,144.9
2,144.10000000000002
2,141.4
3,140.4
3,137.65
4,137.65
4,137.3
5,135.9
5,135.3
6,133.9
6,133.9
0,132.3
0,130.60000000000002
1,130.60000000000002
1,130.60000000000002
2,130.60000000000002
2,130.60000000000002
3,130.60000000000002
3,162.9
4,162.9
4,162.9
5,162.9
5,162.9
6,162.9
6,162.9
0,162.9
0,162.4
1,160.9
1,160.9
2,159.9
2,159.9
3,159.9
3,159.9
4,159.9
4,159.9
5,159.9
5,159.9
6,159.9
6,159.9
0,159.9
0,159.9
1,159.9
1,158.4
2,156.9
2,156.9
3,153.9
3,152.9
4,150.5
4,150.5
5,150.5
5,150.5
6,147.9
6,147.9
0,147.9
0,147.9
1,147.9
1,147.9
2,146.5
2,142.65
3,142.65
3,142.65
4,142.65
4,142.65
5,142.65
5,142.65
6,165.9
6,165.9
0,165.9
0,165.9
1,165.9
1,165.9
2,165.9
2,165.9
3,165.9
3,165.9
4,165.9
4,165.9
5,165.9
5,165.9
6,165.9
6,165.9
0,165.9
0,165.9
1,165.9
1,165.9
2,163.5
2,163.5
3,161.5
3,161.5
4,159.5
4,157.5
5,157.5
5,154.5
6,154.5
6,154.5
0,152.5
0,149.9
1,146.9
1,146.9
2,145.9
2,145.9
3,145.9
3,145.9
4,145.9
4,144.2
5,142.9
5,142.9
6,142.9
6,142.5
0,142.5
0,142.5
1,142.5
1,142.5
2,142.5
2,142.5
3,142.5
3,167.9
4,167.9
4,167.9
5,167.9
5,167.9
6,167.9
6,167.9
0,167.9
0,167.9
1,167.9
1,167.9
2,167.9
2,167.9
3,167.9
3,167.9
4,165.9
4,165.9
5,164.9
5,164.9
6,164.9
6,164.9
0,163.9
0,163.9
1,162.9
1,162.9
2,159.5
2,158.1
3,155.65
3,155.65
4,153.4
4,152.7
5,152.7
5,152.7
6,151.9
6,149.9
0,149.9
0,149.7
1,149.7
1,149.7
2,148.9
2,147.9
3,147.9
3,147.9
4,146.9
4,143.7
5,143.7
5,143.7
6,143.7
6,143.7
0,143.7
0,143.7
1,143.7
1,143.7
2,143.7
2,143.7
3,143.7
3,143.7
4,143.7
4,167.9
5,167.9
5,167.9
6,167.9
6,167.9
0,167.9
0,166.9
1,166.9
1,165.9
2,164.9
2,164.9
3,164.9
3,164.9
4,164.9
4,164.9
5,164.9
5,164.9
6,164.9
6,164.9
0,163.9
0,163.9
1,163.9
1,163.9
2,159.7
2,159.7
3,159.7
3,155.9
4,154.9
4,154.9
5,152.9
5,152.9
6,151.9
6,151.9
0,151.9
0,150.9
1,150.9
1,147.9
2,147.9
2,147.3
3,146.9
3,146.9
4,146.9
4,146.9
5,146.9
5,146.9
6,145.9
6,144.9
0,144.9
0,144.3
1,144.3
1,143.9
2,142.9
2,142.9
3,142.9
3,142.4
4,142.4
4,142.4
5,142.4
5,141.9
6,141.9
6,141.9
0,141.9
0,141.9
1,141.9
1,141.9
2,141.9
2,141.9
3,140.9
3,140.9
4,140.9
4,140.9
5,140.9
5,140.9
6,140.9
6,140.9
0,140.9
0,140.4
1,140.4
1,140.4
2,167.9
2,167.9
3,167.9
3,167.9
4,167.9
4,167.9
5,165.9
5,165.9
6,165.9
6,165.9
0,165.9
0,165.9
1,165.9
1,165.9
2,159.7
2,158.9
3,158.9
3,158.9
4,157.9
4,157.9
5,157.9
5,155.9
6,155.9
6,155.9
0,155.7
0,154.8
1,154.8
1,152.9
2,147.9
2,145.9
3,143.9
3,143.2
4,141.7
4,141.7
5,141.7
5,141.7
6,141.7
6,141.7
0,141.7
0,141.7
1,141.7
1,141.7
2,141.7
2,141.7
3,141.7
3,141.7
4,141.7
4,140.9
5,140.9
5,140.9
6,140.9
6,167.9
0,167.9
0,167.9
1,167.9
1,167.9
2,167.9
2,162.7
3,162.7
3,162.7
4,151.9
4,151.5
5,151.5
5,151.5
6,151.5
6,151.5
0,151.5
0,151.5
1,151.5
1,151.5
2,151.5
2,151.5
3,150.03333333333333
3,150.03333333333333
4,147.9
4,145.9
5,145.9
5,145.9
6,145.9
6,145.9
0,144.9
0,143.9
1,143.9
1,143.9
2,143.9
2,143.9
3,143.9
3,143.9
4,143.9
4,143.9
5,143.9
5,143.9
6,143.9
6,143.9
0,143.9
0,143.9
1,143.9
1,143.9
2,143.9
2,143.9
3,143.9
3,143.9
4,143.9
4,169.9
5,169.9
5,169.9
6,169.9
6,169.9
0,169.9
0,169.9
1,165.9
1,162.9
2,162.9
2,162.9
3,162.9
3,162.9
4,162.9
4,162.9
5,162.9
5,162.9
6,162.9
6,160.9
0,159.9
0,159.9
1,159.9
1,159.9
2,159.9
2,159.9
3,159.9
3,159.9
4,155.7
4,155.7
5,155.7
5,155.7
6,154.9
6,154.9
0,153.9
0,153.9
1,153.9
1,153.9
2,174.9
2,174.9
3,174.9
3,174.9
4,174.9
4,174.9
5,172.9
5,172.9
6,172.9
6,169.60000000000002
