0,122.89999999999999
0,122.89999999999999
1,119.9
1,119.9
2,117.9
2,117.9
3,117.9
3,117.9
4,117.9
4,116.9
5,116.9
5,115.9
6,115.9
6,115.9
0,115.9
0,115.9
1,114.9
1,114.14999999999999
2,114.14999999999999
2,114.14999999999999
3,114.14999999999999
3,114.14999999999999
4,114.14999999999999
4,114.14999999999999
5,114.14999999999999
5,114.14999999999999
6,114.14999999999999
6,114.14999999999999
0,112.4
0,112.4
1,112.4
1,112.4
2,143.4
2,143.4
3,143.4
3,143.4
4,143.4
4,143.4
5,142.9
5,142.9
6,142.9
6,142.9
0,141.9
0,141.9
1,139.6
1,138.9
2,137.9
2,135.9
3,133.9
3,133.9
4,132.9
4,132.9
5,130.9
5,130.9
6,129.9
6,127.9
0,127.9
0,125.9
1,124.9
1,124.9
2,123.9
2,123.9
3,123.9
3,119.9
4,119.9
4,119.9
5,119.9
5,119.9
6,119.9
6,119.7
0,117.9
0,117.9
1,117.9
1,117.9
2,117.9
2,145.9
3,145.9
3,143.4
4,143.4
4,143.4
5,142.9
5,142.9
6,142.9
6,140.9
0,139.65
0,137.9
1,133.9
1,133.9
2,133.9
2,133.9
3,132.9
3,132.9
4,132.9
4,132.9
5,131.9
5,131.9
6,131.4
6,129.9
0,129.9
0,125.9
1,124.9
1,124.9
2,123.89999999999998
2,122.3
3,147.9
3,147.9
4,147.9
4,147.9
5,146.9
5,146.9
6,145.9
6,145.9
0,145.9
0,145.9
1,145.9
1,145.9
2,145.9
2,145.9
3,145.9
3,145.9
4,145.9
4,142.9
5,142.9
5,142.9
6,142.9
6,142.9
0,142.9
0,142.9
1,142.9
1,142.9
2,142.9
2,142.9
3,142.9
3,142.9
4,142.9
4,142.9
5,142.9
5,142.9
6,142.9
6,142.9
0,142.9
0,142.9
1,142.9
1,142.9
2,142.9
2,142.9
3,142.9
3,142.9
4,142.9
4,142.9
5,142.9
5,142.9
6,142.9
6,142.9
0,142.9
0,142.9
1,142.9
1,142.9
2,142.9
2,142.9
3,142.9
3,142.9
4,142.9
4,142.9
5,142.9
5,142.9
6,142.9
6,142.9
0,142.9
0,142.9
1,142.9
1,142.9
2,142.9
2,142.9
3,142.9
3,142.9
4,142.9
4,142.9
5,142.9
5,142.9
6,142.9
6,142.9
0,142.9
0,142.9
1,142.9
1,142.9
2,142.9
2,142.9
3,142.9
3,142.9
4,142.9
4,142.9
5,142.9
5,142.9
6,142.9
6,142.9
0,142.9
0,142.9
1,142.9
1,142.9
2,142.9
2,142.9
3,142.9
3,142.9
4,142.9
4,142.9
5,142.9
5,142.9
6,142.9
6,142.9
0,142.9
0,142.9
1,142.9
1,142.9
2,142.9
2,142.9
3,142.9
3,142.9
4,142.9
4,142.9
5,142.9
5,142.9
6,142.9
6,142.9
0,142.9
0,142.9
1,142.9
1,142.9
2,142.9
2,142.9
3,142.9
3,142.9
4,142.9
4,142.9
5,142.9
5,142.9
6,142.9
6,142.9
0,142.9
0,142.9
1,142.9
1,142.9
2,142.9
2,142.9
3,142.9
3,142.9
4,142.9
4,142.9
5,142.9
5,142.9
6,149.9
6,149.9
0,148.5666666666667
0,148.5666666666667
1,148.5666666666667
1,148.5666666666667
2,148.5666666666667
2,148.5666666666667
3,148.5666666666667
3,148.5666666666667
4,148.5666666666667
4,148.5666666666667
5,148.5666666666667
5,148.5666666666667
6,148.5666666666667
6,148.5666666666667
0,145.9
0,145.9
1,145.9
1,145.9
2,145.9
2,145.9
3,145.9
3,145.7
4,145.7
4,145.7
5,145.7
5,145.7
6,145.7
6,145.7
0,145.7
0,145.7
1,145.7
1,145.7
2,145.7
2,145.7
3,145.7
3,141.4
4,141.4
4,140.9
5,140.9
5,140.9
6,139.9
6,139.9
0,139.9
0,138.4
1,135.9
1,135.2
2,135.2
2,135.2
3,135.2
3,135.2
4,135.2
4,135.2
5,135.2
5,135.2
6,135.2
6,135.2
0,135.2
0,135.2
1,135.2
1,135.2
2,135.2
2,135.2
3,160.9
3,160.9
4,160.9
4,160.9
5,160.9
5,160.9
6,160.9
6,160.9
0,154.9
0,154.9
1,154.9
1,154.9
2,154.9
2,154.9
3,154.9
3,152.9
4,152.9
4,152.9
5,152.9
5,152.9
6,152.9
6,152.9
0,150.9
0,150.9
1,150.9
1,149.5666666666667
2,147.7
2,146.6
3,145.29999999999998
3,143.9
4,143.9
4,143.9
5,142.9
5,142.9
6,142.9
6,142.9
0,141.9
0,141.9
1,141.9
1,141.9
2,141.9
2,138.42499999999998
3,138.42499999999998
3,138.42499999999998
4,136.9
4,135.9
5,135.9
5,134.9
6,134.9
6,133.9
0,133.9
0,133.9
1,132.9
1,131.5666666666667
2,131.5666666666667
2,131.5666666666667
3,131.5666666666667
3,131.5666666666667
4,131.5666666666667
4,131.5666666666667
5,131.5666666666667
5,130.9
6,130.9
6,130.9
0,130.9
0,130.4
1,130.4
1,130.4
2,130.4
2,130.4
3,130.4
3,130.4
4,130.4
4,130.4
5,130.4
5,130.4
6,130.4
6,130.4
0,130.9
0,130.9
1,128.9
1,128.9
2,128.9
2,128.9
3,128.8
3,160.9
4,160.9
4,160.9
5,160.9
5,160.9
6,160.9
6,160.9
0,157.9
0,157.9
1,157.9
1,157.9
2,157.9
2,156.9
3,156.9
3,156.9
4,155.9
4,155.9
5,155.9
5,154.9
6,154.9
6,154.9
0,150.9
0,150.9
1,150.9
1,149.9
2,149.9
2,147.9
3,145.9
3,145.9
4,145.9
4,145.9
5,145.9
5,145.9
6,145.9
6,145.9
0,143.5
0,141.9
1,137.9
1,137.9
2,136.4
2,136.4
3,136.4
3,136.4
4,134.9
4,134.9
5,133.9
5,133.9
6,133.9
6,133.9
0,132.9
0,132.9
1,132.9
1,132.9
2,131.9
2,131.9
3,131.9
3,131.9
4,131.9
4,130.9
5,130.9
5,130.9
6,130.9
6,130.9
0,130.9
0,129.9
1,129.9
1,129.9
2,129.9
2,129.4
3,128.9
3,128.9
4,128.7
4,127.9
5,127.9
5,127.9
6,126.9
6,126.9
0,126.9
0,126.9
1,125.9
1,125.9
2,125.9
2,125.9
3,125.9
3,125.9
4,125.9
4,125.9
5,125.9
5,125.9
6,125.9
6,125.9
0,124.9
0,124.9
1,124.9
1,124.9
2,124.9
2,124.9
3,124.9
3,124.9
4,124.9
4,124.9
5,124.9
5,155.9
6,154.9
6,154.9
0,154.9
0,152.9
1,150.9
1,150.9
2,150.9
2,148.9
3,148.9
3,148.9
4,148.9
4,148.9
5,148.9
5,148.9
6,148.9
6,148.9
0,146.9
0,146.9
1,145.9
1,142.9
2,142.9
2,141.9
3,141.9
3,140.7
4,140.7
4,139.5
5,138.9
5,138.9
6,137.9
6,137.9
0,137.9
0,137.9
1,137.9
1,136.9
2,136.9
2,136.9
3,134.95
3,134.5
4,133.4
4,133.4
5,133.4
5,133.4
6,133.4
6,133.4
0,131.9
0,131.9
1,131.4
1,131.4
2,131.4
2,131.4
3,131.4
3,155.9
4,155.9
4,155.9
5,155.9
5,155.9
6,155.9
6,155.9
0,155.4
0,153.9
1,153.9
1,153.9
2,153.9
2,153.9
3,151.4
3,151.4
4,151.4
4,147.4
5,145.9
5,144.9
6,144.9
6,144.9
0,142.7
0,139.9
1,137.9
1,137.9
2,136.9
2,134.9
3,133.9
3,132.9
4,131.9
4,131.9
5,130.9
5,130.9
6,130.9
6,130.9
0,130.9
0,130.9
1,130.5
1,129.9
2,129.9
2,129.9
3,129.9
3,129.9
4,129.9
4,128.9
5,128.9
5,128.9
6,128.9
6,128.9
0,128.9
0,128.9
1,128.9
1,128.9
2,128.9
2,157.9
3,157.9
3,157.9
4,157.9
4,155.9
5,155.9
5,155.9
6,155.9
6,155.9
0,151.9
0,151.9
1,151.9
1,151.9
2,151.9
2,151.9
3,148.65
3,148.65
4,145.9
4,145.9
5,145.9
5,145.9
6,145.9
6,145.9
0,145.9
0,145.9
1,143.9
1,141.4
2,141.4
2,137.65
3,136.4
3,136.4
4,134.4
4,134.4
5,134.4
5,134.4
6,131.8
6,131.8
0,130.4
0,130.4
1,130.4
1,129.9
2,128.9
2,127.9
3,125.9
3,125.15
4,125.15
4,123.9
5,123.9
5,123.7
6,123.7
6,123.7
0,123.7
0,122.95
1,122.95
1,121.9
2,121.9
2,121.9
3,121.9
3,121.9
4,121.9
4,121.7
5,120.9
5,119.9
6,119.9
6,119.9
0,119.9
0,119.9
1,119.9
1,119.9
2,119.9
2,119.9
3,119.9
3,147.9
4,146.9
4,146.9
5,146.9
5,146.9
6,146.9
6,146.9
0,146.9
0,146.9
1,145.9
1,145.9
2,145.9
2,143.9
3,141.9
3,141.9
4,141.9
4,141.9
5,141.9
5,141.9
6,141.9
6,141.9
0,137.9
0,137.9
1,137.9
1,135.9
2,133.9
2,133.9
3,129.7
3,129.7
4,129.7
4,129.7
5,129.7
5,129.7
6,128.79999999999998
6,128.79999999999998
0,127.9
0,126.7
1,125.30000000000001
1,125.30000000000001
2,123.9
2,122.9
3,122.9
3,122.9
4,122.9
4,121.9
5,121.9
5,121.9
6,121.9
6,121.9
0,121.9
0,121.9
1,121.9
1,121.9
2,121.9
2,121.9
3,121.9
3,121.9
4,121.9
4,121.9
5,136.4
5,136.4
6,150.9
6,150.9
0,150.9
0,150.9
1,150.9
1,150.9
2,150.9
2,150.9
3,149.4
3,149.4
4,146.9
4,144.7
5,144.7
5,143.9
6,143.9
6,143.9
0,142.56666666666666
0,142.56666666666666
1,138.56666666666666
1,138.56666666666666
2,135.9
2,135.9
3,135.4
3,133.9
4,133.9
4,133.9
5,133.4
5,131.9
6,131.9
6,131.9
0,131.4
0,131.4
1,130.4
1,128.9
2,128.9
2,128.9
3,128.4
3,128.4
4,129.9
4,128.9
5,128.9
5,128.9
6,128.9
6,128.9
0,128.9
0,128.9
1,128.9
1,127.9
2,127.9
2,127.9
3,127.9
3,127.7
4,127.7
4,127.7
5,127.7
5,127.7
6,127.7
6,127.7
0,143.8
0,143.8
1,159.9
1,155.7
2,155.7
2,155.7
3,155.7
3,154.9
4,154.9
4,154.9
5,153.9
5,153.9
6,151.4
6,151.4
0,149.9
0,149.9
1,149.4
1,145.9
2,145.9
2,143.9
3,143.4
3,141.9
4,141.9
4,140.3
5,139.2
5,137.4
6,136.4
6,134.9
0,134.4
0,132.9
1,132.9
1,132.9
2,132.9
2,132.9
3,131.9
3,131.9
4,131.9
4,130.9
5,129.9
5,129.9
6,129.9
6,129.9
0,129.9
0,129.9
1,129.9
1,129.9
2,129.9
2,129.9
3,129.9
3,160.9
4,160.9
4,160.9
5,160.9
5,160.9
6,160.9
6,160.9
0,160.9
0,160.9
1,160.9
1,160.9
2,157.9
2,156.9
3,155.9
3,154.9
4,154.9
4,153.9
5,153.9
5,151.9
6,145.9
6,144.9
0,144.9
0,144.9
1,143.9
1,141.9
2,141.9
2,141.9
3,141.9
3,139.4
4,136.4
4,134.9
5,134.9
5,134.9
6,133.9
6,132.9
0,132.9
0,131.9
1,131.9
1,131.9
2,131.9
2,131.9
3,131.9
3,131.9
4,162.9
4,162.9
5,162.9
5,162.9
6,162.9
6,160.9
0,160.9
0,162.9
1,160.9
1,160.9
2,158.9
2,156.9
3,156.9
3,156.9
4,156.9
4,156.9
5,156.9
5,156.9
6,156.9
6,156.9
0,156.9
0,155.9
1,155.9
1,155.9
2,155.9
2,155.9
3,153.9
3,153.9
4,153.9
4,153.9
5,153.9
5,151.83333333333331
6,151.83333333333331
6,151.83333333333331
0,151.83333333333331
0,151.83333333333331
1,151.83333333333331
1,151.83333333333331
2,151.83333333333331
2,148.4
3,144.9
3,144.9
4,144.9
4,144.9
5,144.9
5,144.9
6,144.9
6,167.9
0,167.9
0,167.9
1,167.9
1,167.9
2,167.9
2,167.9
3,163.9
3,163.9
4,159.9
4,159.9
5,159.9
5,159.9
6,159.9
6,159.9
0,159.9
0,159.9
1,159.5
1,159.5
2,159.5
2,157.9
3,157.9
3,155.9
4,155.9
4,151.7
5,151.7
5,151.7
6,151.7
6,147.7
0,146.5
0,145.5
1,144.9
1,143.9
2,143.9
2,142.9
3,142.7
3,142.7
4,142.7
4,142.7
5,142.7
5,142.7
6,142.7
6,141.9
0,141.5
0,139.9
1,139.9
1,138.9
2,137.9
2,137.9
3,137.9
3,137.9
4,167.9
4,167.9
5,167.9
5,167.9
6,167.9
6,165.9
0,165.9
0,165.9
1,163.9
1,163.9
2,163.9
2,163.9
3,163.9
3,163.9
4,163.9
4,161.7
5,161.7
5,161.7
6,159.9
6,159.9
0,156.7
0,154.16666666666666
1,154.16666666666666
1,151.7
2,150.9
2,150.9
3,149.7
3,149.1
4,148.3
4,147.7
5,146.7
5,146.7
6,146.7
6,146.7
0,146.7
0,145.9
1,143.7
1,143.7
2,143.7
2,142.9
3,142.9
3,142.7
4,142.7
4,142.7
5,142.7
5,142.7
6,142.7
6,142.7
0,142.7
0,141.9
1,141.5
1,141.0
2,140.5
2,140.5
3,140.5
3,139.9
4,139.9
4,167.9
5,167.9
5,167.9
6,167.9
6,167.9
0,165.9
0,165.9
1,165.9
1,165.9
2,161.9
2,161.9
3,161.9
3,161.9
4,161.9
4,160.9
5,160.9
5,158.9
6,158.9
6,156.9
0,156.7
0,155.9
1,153.7
1,150.7
2,149.9
2,148.7
3,147.8
3,146.9
4,146.7
4,145.9
5,145.9
5,145.7
6,145.7
6,145.7
0,144.9
0,144.9
1,143.76666666666665
1,141.9
2,141.7
2,141.7
3,141.7
3,141.7
4,141.7
4,140.7
5,140.7
5,140.7
6,140.7
6,140.7
0,139.9
0,139.9
1,139.9
1,139.9
2,139.9
2,139.9
3,139.9
3,139.9
4,139.9
4,139.9
5,139.9
5,139.9
6,139.9
6,139.9
0,139.9
0,139.9
1,139.9
1,139.9
2,139.9
2,139.9
3,138.9
3,138.9
4,138.9
4,138.9
5,138.9
5,138.9
6,138.9
6,138.9
0,138.9
0,138.9
1,138.9
1,138.9
2,138.9
2,167.9
3,167.9
3,167.9
4,166.9
4,166.9
5,166.9
5,166.9
6,166.9
6,166.9
0,165.9
0,165.9
1,165.9
1,165.9
2,161.8
2,158.4
3,158.4
3,158.4
4,158.4
4,151.9
5,151.9
5,151.9
6,151.9
6,150.9
0,150.9
0,150.9
1,150.9
1,150.9
2,148.9
2,146.9
3,140.9
3,140.9
4,140.9
4,140.9
5,138.9
5,138.9
6,138.9
6,138.9
0,138.9
0,138.9
1,138.9
1,138.9
2,138.9
2,138.9
3,138.9
3,138.9
4,138.9
4,138.9
5,138.9
5,138.9
6,138.9
6,138.9
0,138.9
0,167.9
1,167.9
1,167.9
2,167.9
2,167.9
3,167.9
3,165.9
4,157.9
4,157.9
5,157.9
5,157.9
6,157.9
6,155.9
0,151.9
0,151.9
1,146.4
1,146.4
2,146.4
2,144.9
3,144.9
3,144.9
4,143.9
4,142.9
5,142.9
5,142.9
6,142.9
6,142.9
0,141.9
0,141.9
1,141.9
1,141.9
2,141.9
2,141.9
3,141.9
3,141.9
4,141.9
4,141.9
5,141.9
5,141.9
6,141.9
6,141.9
0,140.9
0,140.9
1,140.9
1,140.5
2,140.5
2,140.5
3,140.5
3,140.5
4,140.5
4,140.5
5,169.9
5,169.9
6,169.9
6,169.9
0,165.9
0,165.9
1,165.5
1,165.5
2,165.5
2,165.5
3,165.5
3,165.5
4,165.5
4,165.5
5,155.5
5,155.5
6,155.5
6,155.5
0,153.9
0,152.5
1,151.9
1,151.9
2,150.5
2,150.5
3,149.5
3,149.5
4,148.5
4,148.5
5,148.5
5,148.5
6,148.5
6,148.5
0,147.5
0,147.5
1,146.9
1,146.5
2,146.5
2,146.5
3,174.9
3,174.9
4,169.9
4,169.9
5,169.5
5,169.5
6,169.5
6,169.5
