0,121.9
0,121.9
1,121.9
1,120.9
2,120.9
2,118.5
3,118.5
3,118.5
4,118.5
4,118.5
5,117.9
5,117.9
6,117.9
6,117.9
0,116.9
0,116.9
1,116.9
1,116.9
2,115.9
2,113.9
3,113.9
3,113.9
4,113.9
4,113.9
5,113.9
5,113.9
6,113.9
6,113.9
0,112.4
0,112.4
1,112.4
1,112.4
2,112.4
2,112.4
3,143.4
3,143.4
4,142.9
4,142.9
5,142.9
5,142.9
6,142.9
6,142.9
0,142.9
0,142.9
1,139.9
1,139.9
2,139.9
2,138.8
3,136.4
3,134.9
4,133.8
4,132.4
5,129.5666666666667
5,129.5666666666667
6,129.5666666666667
6,128.5
0,127.15
0,124.56666666666668
1,123.0
1,121.5
2,121.5
2,121.5
3,119.9
3,119.9
4,119.9
4,119.9
5,119.9
5,119.9
6,119.9
6,118.4
0,118.4
0,118.4
1,118.4
1,118.4
2,145.9
2,145.9
3,145.9
3,145.9
4,144.16666666666666
4,143.45
5,142.4
5,141.7
6,140.8
6,140.8
0,138.83333333333334
0,138.83333333333334
1,132.94
1,132.94
2,132.94
2,131.3
3,130.3
3,129.7
4,129.5
4,129.5
5,129.5
5,129.3
6,129.3
6,128.9
0,127.6
0,125.9
1,124.03333333333335
1,124.03333333333335
2,122.7
2,122.7
3,121.6
3,121.6
4,147.9
4,147.4
5,147.4
5,147.4
6,146.9
6,146.3
0,145.7
0,144.9
1,144.9
1,144.9
2,144.7
2,144.7
3,144.7
3,144.7
4,139.9
4,136.9
5,136.9
5,136.9
6,136.9
6,136.9
0,136.9
0,136.9
1,136.9
1,136.9
2,136.9
2,136.9
3,136.9
3,136.9
4,136.9
4,136.9
5,136.9
5,136.9
6,136.9
6,136.9
0,136.9
0,136.9
1,136.9
1,136.9
2,136.9
2,136.9
3,136.9
3,136.9
4,136.9
4,136.9
5,136.9
5,136.9
6,136.9
6,136.9
0,136.9
0,136.9
1,136.9
1,136.9
2,136.9
2,136.9
3,136.9
3,136.9
4,136.9
4,136.9
5,136.9
5,136.9
6,136.9
6,136.9
0,136.9
0,136.9
1,136.9
1,136.9
2,136.9
2,136.9
3,136.9
3,136.9
4,136.9
4,136.9
5,136.9
5,136.9
6,136.9
6,136.9
0,136.9
0,136.9
1,136.9
1,136.9
2,136.9
2,136.9
3,136.9
3,136.9
4,136.9
4,136.9
5,136.9
5,136.9
6,136.9
6,136.9
0,136.9
0,136.9
1,136.9
1,136.9
2,136.9
2,136.9
3,136.9
3,136.9
4,136.9
4,136.9
5,136.9
5,136.9
6,136.9
6,136.9
0,136.9
0,136.9
1,136.9
1,136.9
2,136.9
2,136.9
3,136.9
3,136.9
4,136.9
4,136.9
5,136.9
5,136.9
6,136.9
6,136.9
0,136.9
0,136.9
1,136.9
1,136.9
2,136.9
2,136.9
3,136.9
3,136.9
4,136.9
4,136.9
5,136.9
5,136.9
6,136.9
6,136.9
0,136.9
0,136.9
1,136.9
1,136.9
2,136.9
2,136.9
3,136.9
3,136.9
4,136.9
4,136.9
5,136.9
5,149.9
6,149.9
6,149.9
0,149.9
0,148.9
1,148.9
1,148.9
2,148.9
2,148.9
3,148.9
3,148.9
4,148.9
4,147.35000000000002
5,147.35000000000002
5,146.4
6,146.4
6,146.4
0,146.4
0,146.4
1,146.4
1,144.4
2,144.4
2,144.4
3,144.4
3,141.9
4,141.9
4,141.9
5,141.9
5,141.9
6,141.9
6,141.9
0,141.9
0,141.9
1,141.9
1,141.9
2,141.7
2,141.7
3,140.4
3,140.4
4,138.8
4,137.9
5,137.7
5,136.9
6,136.9
6,136.9
0,136.9
0,136.9
1,136.9
1,136.7
2,136.7
2,135.7
3,135.7
3,135.7
4,135.7
4,135.7
5,135.7
5,135.7
6,135.7
6,135.7
0,135.7
0,135.7
1,135.7
1,135.7
2,135.7
2,135.7
3,160.9
3,160.9
4,160.9
4,160.7
5,160.7
5,160.7
6,160.7
6,160.7
0,160.4
0,160.4
1,157.9
1,157.9
2,157.7
2,157.5
3,156.60000000000002
3,155.7
4,155.5
4,155.3
5,154.9
5,153.9
6,153.7
6,153.5
0,153.3
0,152.9
1,152.9
1,152.7
2,150.5
2,149.7
3,146.8
3,145.76666666666665
4,144.7
4,144.5
5,143.9
5,143.1
6,141.4
6,141.4
0,140.7
0,139.8
1,139.5
1,138.8
2,138.5
2,138.3
3,138.3
3,138.3
4,137.9
4,137.9
5,137.9
5,137.9
6,137.9
6,137.9
0,137.7
0,136.9
1,135.8
1,134.8
2,134.5
2,134.5
3,134.5
3,134.5
4,134.5
4,133.9
5,133.7
5,133.7
6,133.7
6,133.7
0,132.8
0,132.4
1,132.4
1,132.4
2,132.4
2,132.4
3,132.4
3,131.9
4,131.9
4,131.9
5,131.9
5,131.9
6,131.9
6,131.9
0,131.5
0,130.9
1,130.9
1,130.4
2,130.4
2,130.4
3,130.4
3,130.4
4,130.4
4,160.9
5,160.9
5,160.9
6,160.9
6,160.7
0,160.7
0,158.9
1,158.7
1,157.9
2,157.7
2,157.7
3,157.5
3,155.8
4,153.4
4,151.7
5,151.7
5,151.7
6,151.7
6,151.7
0,148.4
0,148.3
1,147.8
1,147.8
2,147.5
2,147.5
3,145.8
3,144.9
4,144.9
4,144.9
5,144.9
5,144.9
6,144.9
6,144.9
0,137.4
0,137.3
1,136.8
1,134.8
2,134.5
2,134.5
3,134.3
3,134.3
4,134.3
4,132.9
5,132.9
5,131.7
6,131.7
6,131.7
0,131.7
0,131.7
1,131.7
1,131.7
2,131.7
2,131.7
3,131.7
3,131.5
4,131.5
4,131.5
5,131.5
5,131.5
6,131.5
6,131.5
0,131.3
0,131.3
1,127.9
1,127.9
2,127.9
2,127.9
3,127.5
3,127.5
4,126.9
4,126.5
5,126.5
5,126.5
6,126.5
6,126.5
0,126.5
0,126.5
1,126.5
1,126.5
2,125.9
2,125.9
3,125.9
3,125.9
4,125.9
4,125.9
5,125.9
5,125.9
6,125.9
6,125.9
0,125.9
0,125.9
1,125.9
1,125.9
2,125.9
2,125.9
3,125.9
3,155.9
4,155.9
4,155.9
5,155.9
5,155.9
6,155.9
6,155.9
0,155.9
0,155.9
1,153.8
1,152.8
2,152.8
2,152.8
3,152.8
3,150.9
4,150.9
4,150.9
5,150.9
5,150.9
6,150.1
6,148.9
0,147.9
0,147.7
1,147.7
1,147.5
2,147.3
2,145.9
3,145.7
3,145.7
4,145.7
4,145.7
5,145.7
5,145.7
6,145.7
6,143.9
0,143.7
0,143.7
1,142.8
1,142.8
2,140.9
2,140.7
3,140.7
3,139.7
4,139.7
4,136.9
5,136.9
5,135.7
6,135.7
6,135.7
0,134.9
0,134.7
1,133.4
1,132.7
2,131.9
2,131.7
3,131.7
3,130.9
4,130.7
4,130.7
5,130.5
5,130.5
6,130.5
6,130.5
0,130.5
0,146.9
1,146.9
1,146.9
2,146.7
2,146.5
3,146.3
3,146.3
4,145.9
4,145.9
5,145.9
5,145.9
6,143.9
6,143.9
0,137.2
0,135.9
1,135.7
1,135.7
2,135.5
2,134.8
3,134.5
3,133.83333333333334
4,133.10000000000002
4,132.6
5,132.6
5,132.3
6,132.3
6,132.3
0,132.3
0,132.3
1,131.9
1,131.9
2,131.6
2,131.6
3,131.6
3,130.9
4,129.9
4,129.7
5,129.7
5,129.7
6,157.9
6,157.9
0,157.9
0,157.9
1,157.9
1,157.9
2,157.9
2,157.9
3,157.9
3,157.7
4,156.3
4,156.3
5,155.7
5,155.7
6,155.7
6,155.7
0,155.7
0,154.8
1,154.5
1,152.5
2,151.85000000000002
2,150.4
3,150.4
3,147.9
4,146.9
4,146.5
5,146.5
5,146.5
6,145.7
6,145.5
0,145.3
0,144.7
1,143.1
1,141.6
2,140.8
2,140.10000000000002
3,138.1
3,138.1
4,136.2
4,133.9
5,133.7
5,133.7
6,133.7
6,133.7
0,131.36666666666667
0,130.5
1,130.10000000000002
1,128.98000000000002
2,127.9
2,127.7
3,127.2
3,126.5
4,126.5
4,125.03333333333335
5,125.03333333333335
5,125.03333333333335
6,125.03333333333335
6,125.03333333333335
0,125.03333333333335
0,125.03333333333335
1,125.03333333333335
1,123.2
2,123.2
2,122.35
3,122.35
3,121.9
4,121.9
4,121.9
5,121.9
5,121.9
6,121.9
6,121.9
0,120.6
0,120.6
1,120.6
1,120.6
2,120.6
2,120.6
3,120.6
3,147.9
4,145.9
4,145.9
5,145.7
5,145.5
6,145.3
6,145.3
0,143.9
0,143.7
1,143.5
1,143.5
2,143.3
2,142.9
3,142.6
3,141.4
4,141.4
4,141.4
5,140.7
5,140.5
6,139.0
6,137.5
0,136.5
0,134.8
1,133.6
1,132.60000000000002
2,131.7
2,130.9
3,130.9
3,130.9
4,130.9
4,130.9
5,130.3
5,129.3
6,128.9
6,128.9
0,128.9
0,127.83333333333333
1,126.7
1,126.3
2,126.19999999999999
2,126.19999999999999
3,126.1
3,125.9
4,125.9
4,125.9
5,125.9
5,125.9
6,125.9
6,125.9
0,125.9
0,124.65
1,123.9
1,123.9
2,123.9
2,123.9
3,123.9
3,123.9
4,123.9
4,123.9
5,123.9
5,123.9
6,123.9
6,123.9
0,123.9
0,123.9
1,137.4
1,137.4
2,150.9
2,149.9
3,148.9
3,148.9
4,146.5
4,146.5
5,145.7
5,144.4
6,143.9
6,143.9
0,143.9
0,143.3
1,142.4
1,139.9
2,139.9
2,138.9
3,138.9
3,137.9
4,137.9
4,137.7
5,137.7
5,135.9
6,135.9
6,135.03333333333333
0,134.5
0,133.16666666666666
1,132.6
1,132.3
2,132.10000000000002
2,131.5
3,131.5
3,131.3
4,133.10000000000002
4,132.7
5,132.7
5,132.5
6,131.5
6,131.5
0,131.5
0,130.70000000000002
1,129.9
1,129.9
2,129.9
2,129.9
3,129.9
3,127.9
4,127.9
4,127.9
5,127.9
5,127.9
6,127.9
6,160.9
0,160.4
0,160.4
1,159.9
1,157.2
2,156.9
2,155.5
3,154.76666666666665
3,153.7
4,153.6
4,153.3
5,152.3
5,152.3
6,151.7
6,149.70000000000002
0,148.2
0,145.8
1,145.26000000000002
1,143.96666666666667
2,143.6
2,142.7
3,142.7
3,141.8
4,141.3
4,140.3
5,139.7
5,138.5666666666667
6,137.35000000000002
6,136.8
0,136.7
0,135.8
1,135.8
1,134.5
2,133.7
2,132.8
3,132.8
3,131.7
4,131.7
4,131.7
5,131.7
5,131.7
6,131.7
6,131.7
0,131.7
0,131.10000000000002
1,131.10000000000002
1,129.4
2,129.4
2,129.4
3,129.4
3,129.4
4,160.9
4,158.9
5,158.9
5,158.9
6,158.9
6,158.9
0,158.7
0,156.9
1,156.7
1,156.5
2,156.3
2,155.9
3,154.9
3,153.8
4,153.03333333333333
4,150.9
5,149.7
5,147.70000000000002
6,147.3
6,147.3
0,147.3
0,147.3
1,145.8
1,145.5
2,145.3
2,142.8
3,142.8
3,139.5
4,139.5
4,139.5
5,139.5
5,139.5
6,139.5
6,139.5
0,139.5
0,135.8
1,134.9
1,134.9
2,134.9
2,134.9
3,134.9
3,134.9
4,134.9
4,162.9
5,162.9
5,162.9
6,162.9
6,162.9
0,162.6
0,159.8
1,159.8
1,159.8
2,159.5
2,157.8
3,157.5
3,157.5
4,157.5
4,157.5
5,157.5
5,157.5
6,157.5
6,156.8
0,156.8
0,156.8
1,156.5
1,156.5
2,156.5
2,156.5
3,156.5
3,156.5
4,156.5
4,156.5
5,156.5
5,156.5
6,156.5
6,156.5
0,156.5
0,156.5
1,156.5
1,156.5
2,156.5
2,156.5
3,156.5
3,156.5
4,156.5
4,156.5
5,156.5
5,156.5
6,156.5
6,156.5
0,156.5
0,156.5
1,156.5
1,156.5
2,156.5
2,156.5
3,156.5
3,156.5
4,156.5
4,156.5
5,156.5
5,156.5
6,156.5
6,156.5
0,156.5
0,156.5
1,156.5
1,156.5
2,156.5
2,156.5
3,156.5
3,156.5
4,156.5
4,156.5
5,156.5
5,156.5
6,156.5
6,156.5
0,156.5
0,156.5
1,156.5
1,156.5
2,156.5
2,156.5
3,156.5
3,156.5
4,156.5
4,156.5
5,156.5
5,156.5
6,156.5
6,156.5
0,156.5
0,156.5
1,156.5
1,156.5
2,156.5
2,156.5
3,156.5
3,156.5
4,156.5
4,156.5
5,156.5
5,156.5
6,156.5
6,156.5
0,156.5
0,156.5
1,156.5
1,156.5
2,156.5
2,156.5
3,156.5
3,156.5
4,156.5
4,156.5
5,156.5
5,156.5
6,156.5
6,156.5
0,156.5
0,156.5
1,156.5
1,156.5
2,156.5
2,156.5
3,156.5
3,156.5
4,156.5
4,156.5
5,156.5
5,156.5
6,156.5
6,156.5
0,156.5
0,156.5
1,156.5
1,156.5
2,156.5
2,156.5
3,156.5
3,156.5
4,156.5
4,156.5
5,156.5
5,156.5
6,156.5
6,156.5
0,156.5
0,156.5
1,156.5
1,156.5
2,156.5
2,156.5
3,156.5
3,156.5
4,156.5
4,156.5
5,156.5
5,156.5
6,156.5
6,156.5
0,156.5
0,156.5
1,156.5
1,156.5
2,156.5
2,156.5
3,156.5
3,156.5
4,156.5
4,156.5
5,156.5
5,156.5
6,156.5
6,156.5
0,156.5
0,156.5
1,156.5
1,156.5
2,156.5
2,156.5
3,156.5
3,156.5
4,156.5
4,156.5
5,156.5
5,156.5
6,156.5
6,156.5
0,156.5
0,156.5
1,156.5
1,156.5
2,156.5
2,156.5
3,156.5
3,156.5
4,156.5
4,156.5
5,156.5
5,156.5
6,156.5
6,156.5
0,156.5
0,156.5
1,156.5
1,156.5
2,156.5
2,156.5
3,156.5
3,156.5
4,156.5
4,156.5
5,156.5
5,156.5
6,156.5
6,156.5
0,156.5
0,156.5
1,156.5
1,156.5
2,156.5
2,156.5
3,156.5
3,156.5
4,156.5
4,156.5
5,156.5
5,156.5
6,156.5
6,156.5
0,156.5
0,156.5
1,156.5
1,156.5
2,156.5
2,156.5
3,156.5
3,156.5
4,156.5
4,156.5
5,156.5
5,156.5
6,156.5
6,156.5
0,156.5
0,156.5
1,156.5
1,156.5
2,156.5
2,156.5
3,156.5
3,156.5
4,156.5
4,156.5
5,156.5
5,156.5
6,156.5
6,156.5
0,156.5
0,156.5
1,156.5
1,156.5
2,156.5
2,156.5
3,156.5
3,156.5
4,156.5
4,156.5
5,156.5
5,156.5
6,156.5
6,156.5
0,156.5
0,156.5
1,156.5
1,156.5
2,156.5
2,156.5
3,156.5
3,156.5
4,156.5
4,156.5
5,156.5
5,156.5
6,156.5
6,156.5
0,156.5
0,156.5
1,156.5
1,156.5
2,156.5
2,156.5
3,156.5
3,156.5
4,156.5
4,156.5
5,156.5
5,156.5
6,156.5
6,156.5
0,156.5
0,156.5
1,156.5
1,156.5
2,156.5
2,156.5
3,156.5
3,156.5
4,156.5
4,156.5
5,156.5
5,156.5
6,156.5
6,156.5
0,156.5
0,156.5
1,156.5
1,156.5
2,156.5
2,156.5
3,156.5
3,156.5
4,156.5
4,156.5
5,156.5
5,156.5
6,156.5
6,156.5
0,156.5
0,156.5
1,156.5
1,156.5
2,156.5
2,156.5
3,156.5
3,156.5
4,156.5
4,156.5
5,156.5
5,156.5
6,156.5
6,156.5
0,156.5
0,156.5
1,156.5
1,156.5
2,156.5
2,156.5
3,156.5
3,156.5
4,156.5
4,156.5
5,156.5
5,156.5
6,156.5
6,156.5
0,156.5
0,156.5
1,156.5
1,156.5
2,156.5
2,156.5
3,156.5
3,156.5
4,156.5
4,156.5
5,156.5
5,156.5
6,156.5
6,156.5
0,156.5
0,156.5
1,156.5
1,156.5
2,156.5
2,156.5
3,156.5
3,156.5
4,156.5
4,156.5
5,156.5
5,156.5
6,156.5
6,156.5
