0,0
0,119.9
1,117.9
1,117.9
2,117.9
2,117.9
3,117.8
3,117.8
4,117.8
4,117.8
5,117.8
5,117.8
6,117.8
6,115.9
0,115.9
0,115.9
1,114.65
1,113.9
2,113.9
2,113.9
3,113.9
3,113.9
4,113.9
4,113.9
5,113.9
5,113.9
6,113.9
6,113.9
0,112.4
0,112.4
1,112.4
1,112.4
2,143.65
2,143.65
3,143.65
3,143.65
4,142.9
4,142.9
5,141.9
5,141.9
6,141.9
6,141.9
0,141.9
0,141.9
1,141.4
1,139.9
2,139.9
2,139.9
3,137.9
3,135.4
4,134.5
4,133.9
5,133.9
5,133.5
6,132.9
6,130.9
0,128.50000000000003
0,121.6
1,120.9
1,120.9
2,120.9
2,120.9
3,120.5
3,120.5
4,119.9
4,119.9
5,119.9
5,119.9
6,119.9
6,119.9
0,119.4
0,119.4
1,118.7
1,117.9
2,117.9
2,117.9
3,145.9
3,145.9
4,143.9
4,143.9
5,142.65
5,142.65
6,142.65
6,142.65
0,141.6
0,139.9
1,137.9
1,135.9
2,135.9
2,134.9
3,130.9
3,130.9
4,130.9
4,130.9
5,130.9
5,130.9
6,130.9
6,126.4
0,126.4
0,124.9
1,123.9
1,123.0
2,123.0
2,123.0
3,122.4
3,122.4
4,147.9
4,147.9
5,147.9
5,147.9
6,147.9
6,147.4
0,147.4
0,147.4
1,147.4
1,147.4
2,147.4
2,147.4
3,147.4
3,144.9
4,142.9
4,137.9
5,137.9
5,137.9
6,137.9
6,137.9
0,137.9
0,137.9
1,137.9
1,137.9
2,137.9
2,137.9
3,137.9
3,137.9
4,137.9
4,137.9
5,137.9
5,137.9
6,137.9
6,137.9
0,137.9
0,137.9
1,137.9
1,137.9
2,137.9
2,137.9
3,137.9
3,137.9
4,137.9
4,137.9
5,137.9
5,137.9
6,137.9
6,137.9
0,137.9
0,137.9
1,137.9
1,137.9
2,137.9
2,137.9
3,137.9
3,137.9
4,137.9
4,137.9
5,137.9
5,137.9
6,137.9
6,137.9
0,137.9
0,137.9
1,137.9
1,137.9
2,137.9
2,137.9
3,137.9
3,137.9
4,137.9
4,137.9
5,137.9
5,137.9
6,137.9
6,137.9
0,137.9
0,137.9
1,137.9
1,137.9
2,137.9
2,137.9
3,137.9
3,137.9
4,137.9
4,137.9
5,137.9
5,137.9
6,137.9
6,137.9
0,137.9
0,137.9
1,137.9
1,137.9
2,137.9
2,137.9
3,137.9
3,137.9
4,137.9
4,137.9
5,137.9
5,137.9
6,137.9
6,137.9
0,137.9
0,137.9
1,137.9
1,137.9
2,137.9
2,137.9
3,137.9
3,137.9
4,137.9
4,137.9
5,137.9
5,137.9
6,137.9
6,137.9
0,137.9
0,137.9
1,137.9
1,137.9
2,137.9
2,137.9
3,137.9
3,137.9
4,137.9
4,137.9
5,137.9
5,137.9
6,137.9
6,137.9
0,137.9
0,137.9
1,137.9
1,137.9
2,137.9
2,137.9
3,137.9
3,137.9
4,137.9
4,137.9
5,137.9
5,149.9
6,149.9
6,149.9
0,149.9
0,149.9
1,147.9
1,147.9
2,147.9
2,147.9
3,147.9
3,147.9
4,147.9
4,146.9
5,146.9
5,146.9
6,146.9
6,146.9
0,144.2
0,144.2
1,144.2
1,144.2
2,144.2
2,144.2
3,144.2
3,141.9
4,141.9
4,141.9
5,141.9
5,141.9
6,141.9
6,141.9
0,141.9
0,141.9
1,141.9
1,141.9
2,141.9
2,139.9
3,139.9
3,139.9
4,137.9
4,137.9
5,137.9
5,137.9
6,137.9
6,137.9
0,135.9
0,135.9
1,135.9
1,135.9
2,135.9
2,135.9
3,133.9
3,133.9
4,133.9
4,133.9
5,133.9
5,133.9
6,133.9
6,133.9
0,133.9
0,133.9
1,133.9
1,133.7
2,132.9
2,132.9
3,160.9
3,160.9
4,160.9
4,160.9
5,160.9
5,160.9
6,160.9
6,160.9
0,157.9
0,157.8
1,157.8
1,157.7
2,157.7
2,155.9
3,155.9
3,155.9
4,155.9
4,155.9
5,155.9
5,155.9
6,155.9
6,155.9
0,151.9
0,151.9
1,149.9
1,149.9
2,147.4
2,147.4
3,145.9
3,143.9
4,143.9
4,143.9
5,143.9
5,143.9
6,141.9
6,141.9
0,137.8
0,137.8
1,137.8
1,137.8
2,135.9
2,135.9
3,135.9
3,135.9
4,135.9
4,135.7
5,135.7
5,135.7
6,135.7
6,135.7
0,135.7
0,134.9
1,133.9
1,132.9
2,131.9
2,131.9
3,131.9
3,131.9
4,131.9
4,131.4
5,131.4
5,131.4
6,131.4
6,131.4
0,130.9
0,130.4
1,130.4
1,130.4
2,130.4
2,130.4
3,130.4
3,130.4
4,130.4
4,129.9
5,129.9
5,129.9
6,129.9
6,129.9
0,129.9
0,129.9
1,129.4
1,128.9
2,128.9
2,128.9
3,128.9
3,128.9
4,128.9
4,160.9
5,160.9
5,160.9
6,160.9
6,160.9
0,160.9
0,157.9
1,157.9
1,157.9
2,157.9
2,157.9
3,157.9
3,157.9
4,157.9
4,157.9
5,157.9
5,157.9
6,157.9
6,157.9
0,157.9
0,151.9
1,151.9
1,151.9
2,143.9
2,143.9
3,143.9
3,143.9
4,143.9
4,143.9
5,143.9
5,143.9
6,143.9
6,143.9
0,137.9
0,137.9
1,135.9
1,135.9
2,135.9
2,135.9
3,134.9
3,134.9
4,133.9
4,133.7
5,133.7
5,133.7
6,132.9
6,132.9
0,131.9
0,131.9
1,130.9
1,130.9
2,130.9
2,130.9
3,130.9
3,130.9
4,130.9
4,130.2
5,130.2
5,130.2
6,130.2
6,128.7
0,128.7
0,128.7
1,127.9
1,127.9
2,127.9
2,127.9
3,127.7
3,127.7
4,126.7
4,126.5
5,126.5
5,125.9
6,125.9
6,125.9
0,125.9
0,125.9
1,125.9
1,125.9
2,125.9
2,125.9
3,125.9
3,123.9
4,123.9
4,123.9
5,123.7
5,123.7
6,123.7
6,123.7
0,123.7
0,123.7
1,123.7
1,123.7
2,123.7
2,123.7
3,123.7
3,123.7
4,123.7
4,123.7
5,123.7
5,155.9
6,155.9
6,155.9
0,155.4
0,150.9
1,150.9
1,147.9
2,147.9
2,147.9
3,147.9
3,145.8
4,145.8
4,145.8
5,145.8
5,145.8
6,145.8
6,145.8
0,142.7
0,142.7
1,141.5
1,141.5
2,140.5
2,138.63333333333333
3,137.5
3,136.5
4,135.5
4,135.5
5,134.5
5,134.5
6,134.3
6,134.3
0,132.9
0,132.9
1,131.5
1,131.5
2,131.5
2,131.5
3,131.5
3,131.5
4,131.5
4,131.5
5,131.5
5,131.5
6,131.5
6,131.5
0,130.9
0,130.4
1,130.4
1,129.9
2,129.9
2,129.9
3,129.9
3,129.9
4,129.9
4,129.9
5,129.9
5,129.9
6,129.9
6,129.9
0,126.92500000000001
0,139.9
1,139.9
1,139.9
2,139.9
2,139.9
3,139.9
3,139.9
4,139.9
4,139.9
5,139.9
5,139.9
6,139.9
6,139.9
0,135.4
0,135.4
1,135.4
1,134.3
2,132.7
2,132.7
3,132.7
3,131.7
4,130.6
4,129.2
5,129.2
5,129.2
6,129.2
6,129.2
0,129.2
0,129.2
1,127.9
1,125.5
2,124.5
2,124.5
3,124.5
3,124.5
4,124.5
4,124.5
5,124.5
5,124.5
6,124.5
6,124.5
0,124.5
0,124.5
1,124.3
1,124.3
2,124.3
2,157.9
3,157.9
3,157.9
4,157.9
4,157.9
5,157.9
5,155.9
6,155.9
6,155.9
0,152.9
0,152.9
1,149.9
1,149.3
2,147.3
2,145.9
3,143.9
3,141.9
4,141.3
4,139.9
5,139.9
5,139.9
6,139.9
6,139.9
0,139.9
0,139.9
1,135.3
1,133.3
2,132.2
2,130.4
3,130.4
3,130.4
4,127.80000000000001
4,127.80000000000001
5,127.80000000000001
5,127.80000000000001
6,127.80000000000001
6,127.80000000000001
0,127.80000000000001
0,127.80000000000001
1,127.80000000000001
1,127.80000000000001
2,125.5
2,125.3
3,125.3
3,124.9
4,124.9
4,124.7
5,124.7
5,124.5
6,123.7
6,123.7
0,121.9
0,121.9
1,121.9
1,121.9
2,121.9
2,121.8
3,121.8
3,121.8
4,121.8
4,121.8
5,121.8
5,121.8
6,121.8
6,121.8
0,121.7
0,121.7
1,121.7
1,121.7
2,120.4
2,120.4
3,120.4
3,147.4
4,147.4
4,147.4
5,147.4
5,147.4
6,147.4
6,147.4
0,147.4
0,145.9
1,145.9
1,143.7
2,141.7
2,140.7
3,134.9
3,134.9
4,134.9
4,133.9
5,133.9
5,132.9
6,132.9
6,132.9
0,132.9
0,131.7
1,129.7
1,129.1
2,127.7
2,126.9
3,125.7
3,125.7
4,125.7
4,125.7
5,125.7
5,125.7
6,124.7
6,123.9
0,123.9
0,123.9
1,123.9
1,123.9
2,123.4
2,123.4
3,122.9
3,121.9
4,121.9
4,121.9
5,121.9
5,121.9
6,121.9
6,121.9
0,121.9
0,121.9
1,121.9
1,121.9
2,121.9
2,121.9
3,121.9
3,121.9
4,121.9
4,121.9
5,121.9
5,121.9
6,121.9
6,121.9
0,121.9
0,121.9
1,121.9
1,150.9
2,150.9
2,150.4
3,148.65
3,148.65
4,146.9
4,146.4
5,144.8
5,142.9
6,142.9
6,140.9
0,140.3
0,140.3
1,139.7
1,138.9
2,138.9
2,138.9
3,138.9
3,138.9
4,138.9
4,138.9
5,137.4
5,137.4
6,135.9
6,135.9
0,135.4
0,135.4
1,134.9
1,134.9
2,134.9
2,134.4
3,132.15
3,132.15
4,129.7
4,129.7
5,129.7
5,129.7
6,129.7
6,128.9
0,127.7
0,126.30000000000001
1,125.9
1,125.9
2,125.9
2,126.9
3,126.9
3,126.9
4,126.9
4,126.9
5,126.9
5,126.9
6,126.9
6,126.9
0,143.4
0,143.4
1,159.9
1,159.9
2,159.9
2,159.9
3,158.9
3,158.9
4,157.9
4,157.9
5,157.9
5,157.9
6,155.9
6,155.9
0,153.9
0,153.9
1,153.9
1,153.9
2,153.9
2,149.9
3,148.9
3,144.9
4,144.9
4,144.9
5,144.9
5,144.9
6,144.9
6,144.9
0,144.9
0,144.9
1,143.9
1,135.65
2,134.7
2,134.7
3,132.9
3,132.9
4,132.9
4,132.9
5,131.7
5,131.7
6,130.7
6,130.7
0,129.9
0,129.9
1,129.9
1,128.9
2,128.4
2,128.4
3,128.4
3,128.4
4,128.4
4,128.4
5,160.9
5,159.9
6,159.9
6,159.9
0,159.9
0,159.9
1,159.9
1,159.9
2,159.9
2,157.9
3,157.9
3,157.9
4,155.5
4,151.5
5,151.5
5,149.9
6,146.5
6,145.5
0,145.5
0,145.5
1,142.9
1,142.9
2,142.9
2,140.9
3,140.9
3,140.9
4,140.9
4,140.9
5,140.9
5,140.9
6,140.9
6,140.9
0,140.9
0,140.9
1,140.9
1,140.9
2,139.9
2,138.9
3,137.65
3,137.65
4,162.9
4,162.9
5,162.9
5,162.9
6,162.9
6,162.9
0,162.9
0,162.9
1,162.9
1,162.9
2,162.9
2,162.9
3,144.9
3,144.9
4,144.9
4,144.9
5,144.9
5,144.9
6,144.9
6,144.9
0,144.9
0,144.9
1,144.9
1,144.9
2,144.9
2,144.9
3,144.9
3,144.9
4,144.9
4,144.9
5,144.9
5,144.9
6,144.9
6,144.9
0,144.9
0,144.9
1,144.9
1,144.9
2,144.9
2,139.9
3,139.9
3,139.9
4,139.9
4,139.9
5,139.9
5,138.9
6,167.9
6,167.9
0,167.9
0,167.9
1,167.9
1,167.4
2,167.4
2,167.4
3,167.4
3,167.4
4,167.4
4,167.4
5,167.4
5,167.4
6,167.4
6,167.4
0,167.4
0,167.4
1,167.4
1,165.9
2,165.9
2,165.9
3,165.9
3,165.9
4,165.9
4,165.9
5,165.9
5,153.9
6,153.9
6,151.9
0,149.9
0,149.9
1,148.7
1,148.7
2,148.7
2,148.7
3,148.7
3,148.7
4,148.7
4,148.7
5,146.7
5,144.9
6,143.9
6,143.9
0,143.9
0,143.9
1,143.9
1,143.9
2,143.9
2,143.9
3,141.9
3,167.9
4,167.9
4,165.9
5,165.9
5,165.9
6,165.9
6,165.9
0,165.9
0,163.9
1,163.9
1,163.9
2,163.9
2,161.9
3,161.9
3,161.9
4,161.9
4,161.9
5,161.9
5,161.9
6,161.9
6,161.9
0,161.9
0,161.9
1,160.9
1,159.9
2,157.15
2,154.4
3,154.4
3,153.7
4,150.9
4,150.9
5,150.9
5,150.9
6,150.9
6,150.9
0,147.9
0,147.9
1,144.9
1,144.9
2,141.9
2,141.7
3,141.7
3,141.7
4,141.7
4,141.7
5,141.7
5,141.7
6,139.7
6,139.7
0,139.7
0,139.7
1,139.7
1,139.7
2,139.7
2,139.7
3,139.7
3,139.7
4,139.7
4,167.9
5,167.9
5,167.9
6,167.9
6,167.9
0,167.9
0,167.9
1,167.9
1,167.9
2,166.9
2,166.9
3,166.9
3,166.9
4,166.9
4,159.9
5,159.9
5,159.9
6,159.9
6,159.9
0,159.9
0,159.9
1,159.9
1,159.9
2,155.9
2,155.9
3,149.9
3,147.9
4,145.8
4,144.9
5,144.9
5,144.9
6,144.9
6,144.9
0,143.9
0,143.9
1,142.9
1,142.9
2,142.9
2,142.9
3,142.9
3,142.9
4,142.9
4,141.2
5,140.1
5,140.1
6,140.1
6,140.1
0,138.7
0,138.7
1,138.7
1,138.7
2,138.7
2,138.7
3,138.7
3,138.7
4,137.9
4,137.9
5,137.9
5,137.9
6,137.9
6,137.9
0,137.9
0,137.9
1,137.9
1,137.9
2,137.9
2,137.9
3,137.9
3,137.9
4,137.9
4,137.9
5,137.9
5,137.9
6,137.9
6,137.9
0,137.9
0,137.9
1,137.9
1,137.9
2,137.9
2,167.9
3,167.9
3,167.9
4,165.9
4,165.9
5,165.9
5,165.9
6,165.9
6,165.9
0,165.9
0,165.9
1,164.9
1,164.9
2,164.9
2,164.9
3,164.9
3,159.9
4,159.9
4,156.9
5,154.9
5,154.9
6,154.9
6,154.9
0,151.9
0,149.73333333333335
1,144.9
1,144.9
2,143.9
2,143.9
3,143.9
3,143.9
4,143.9
4,141.7
5,140.7
5,139.7
6,139.7
6,139.7
0,139.7
0,138.9
1,138.9
1,138.9
2,137.9
2,137.9
3,137.9
3,137.9
4,137.9
4,137.9
5,137.9
5,137.9
6,137.9
6,167.9
0,167.9
0,167.9
1,167.9
1,164.9
2,164.9
2,164.9
3,161.5
3,159.7
4,157.9
4,155.9
5,155.9
5,155.9
6,155.9
6,155.9
0,155.9
0,155.9
1,155.9
1,155.9
2,151.8
2,151.8
3,144.7
3,143.7
4,143.7
4,143.7
5,141.7
5,141.7
6,141.1
6,141.1
0,141.1
0,137.7
1,137.7
1,137.7
2,137.7
2,137.7
3,137.7
3,138.9
4,138.9
4,138.9
5,138.9
5,138.9
6,138.9
6,138.9
0,138.9
0,138.9
1,138.9
1,138.9
2,138.9
2,138.9
3,138.9
3,138.9
4,138.9
4,169.9
5,169.9
5,169.9
6,169.9
6,169.9
0,168.9
0,168.9
1,165.9
1,165.9
2,165.9
2,165.9
3,165.9
3,165.9
4,165.9
4,165.9
5,159.9
5,159.9
6,157.9
6,157.9
0,155.9
0,149.9
1,147.9
1,147.9
2,147.9
2,147.9
3,147.9
3,147.9
4,147.9
4,147.9
5,147.9
5,147.9
6,145.9
6,145.9
0,145.9
0,145.9
1,144.9
1,144.9
2,144.9
2,144.9
3,174.9
3,174.9
4,174.9
4,173.9
5,173.9
5,172.9
6,172.9
6,172.9
