0,0
0,0
1,0
1,0
2,114.9
2,114.9
3,114.9
3,114.9
4,114.9
4,114.9
5,114.9
5,114.9
6,114.9
6,114.9
0,114.9
0,114.9
1,114.9
1,114.9
2,114.9
2,114.9
3,114.9
3,114.9
4,114.9
4,114.9
5,114.9
5,114.9
6,114.9
6,114.9
0,114.9
0,114.9
1,114.9
1,114.9
2,114.9
2,114.9
3,114.9
3,114.9
4,114.9
4,114.9
5,114.9
5,114.9
6,114.9
6,114.9
0,114.9
0,114.9
1,113.9
1,113.9
2,113.9
2,113.9
3,113.9
3,113.9
4,113.9
4,113.9
5,113.9
5,113.9
6,113.9
6,113.9
0,113.9
0,113.9
1,112.9
1,112.9
2,112.9
2,112.9
3,112.9
3,112.9
4,112.9
4,112.9
5,112.9
5,112.9
6,112.9
6,112.9
0,112.9
0,112.9
1,112.9
1,112.9
2,112.9
2,112.9
3,112.9
3,112.9
4,112.9
4,112.9
5,112.9
5,112.9
6,112.9
6,112.9
0,112.9
0,112.9
1,112.9
1,112.9
2,112.9
2,112.9
3,112.9
3,112.9
4,112.9
4,112.9
5,112.9
5,112.9
6,112.9
6,112.9
0,112.9
0,112.9
1,112.9
1,112.9
2,112.9
2,112.9
3,112.9
3,112.9
4,112.9
4,112.9
5,112.9
5,112.9
6,112.9
6,112.9
0,112.9
0,112.9
1,112.9
1,112.9
2,112.9
2,112.9
3,112.9
3,112.9
4,112.9
4,112.9
5,112.9
5,112.9
6,112.9
6,112.9
0,112.9
0,112.9
1,112.9
1,112.9
2,112.9
2,112.9
3,112.9
3,112.9
4,112.9
4,112.9
5,112.9
5,112.9
6,112.9
6,112.9
0,112.9
0,112.9
1,112.9
1,112.9
2,112.9
2,112.9
3,112.9
3,112.9
4,112.9
4,112.9
5,112.9
5,112.9
6,112.9
6,112.9
0,112.9
0,112.9
1,112.9
1,112.9
2,112.9
2,112.9
3,112.9
3,112.9
4,112.9
4,112.9
5,112.9
5,112.9
6,112.9
6,112.9
0,112.9
0,112.9
1,112.9
1,112.9
2,112.9
2,112.9
3,112.9
3,112.9
4,112.9
4,112.9
5,112.9
5,112.9
6,112.9
6,112.9
0,112.9
0,112.9
1,112.9
1,112.9
2,112.9
2,112.9
3,112.9
3,112.9
4,112.9
4,112.9
5,112.9
5,112.9
6,112.9
6,112.9
0,112.9
0,112.9
1,112.9
1,112.9
2,112.9
2,112.9
3,112.9
3,112.9
4,112.9
4,112.9
5,112.9
5,112.9
6,112.9
6,112.9
0,112.9
0,112.9
1,112.9
1,112.9
2,112.9
2,112.9
3,112.9
3,112.9
4,112.9
4,112.9
5,112.9
5,112.9
6,112.9
6,112.9
0,112.9
0,112.9
1,112.9
1,112.9
2,112.9
2,112.9
3,112.9
3,112.9
4,112.9
4,112.9
5,112.9
5,112.9
6,112.9
6,112.9
0,112.9
0,112.9
1,112.9
1,112.9
2,112.9
2,112.9
3,112.9
3,112.9
4,112.9
4,112.9
5,112.9
5,112.9
6,112.9
6,112.9
0,112.9
0,112.9
1,112.9
1,112.9
2,112.9
2,112.9
3,112.9
3,112.9
4,112.9
4,112.9
5,112.9
5,112.9
6,112.9
6,112.9
0,112.9
0,112.9
1,119.9
1,119.9
2,119.9
2,129.9
3,129.9
3,129.9
4,129.9
4,129.9
5,129.9
5,129.9
6,129.9
6,129.9
0,129.9
0,129.9
1,129.9
1,129.9
2,129.9
2,129.9
3,129.9
3,129.9
4,129.9
4,129.9
5,129.9
5,129.9
6,129.9
6,129.9
0,129.9
0,129.9
1,129.9
1,129.9
2,129.9
2,129.9
3,129.9
3,129.9
4,129.9
4,129.9
5,129.9
5,129.9
6,129.9
6,129.9
0,129.9
0,129.9
1,129.9
1,129.9
2,129.9
2,129.9
3,129.9
3,129.9
4,129.9
4,129.9
5,129.9
5,129.9
6,129.9
6,129.9
0,129.9
0,129.9
1,129.9
1,129.9
2,129.9
2,129.9
3,129.9
3,129.9
4,129.9
4,129.9
5,129.9
5,129.9
6,129.9
6,129.9
0,129.9
0,129.9
1,129.9
1,129.9
2,129.9
2,127.9
3,127.9
3,127.9
4,127.9
4,127.9
5,127.9
5,127.9
6,127.9
6,127.9
0,127.9
0,127.9
1,127.9
1,127.9
2,127.9
2,127.9
3,127.9
3,127.9
4,127.9
4,127.9
5,127.9
5,127.9
6,127.9
6,127.9
0,127.9
0,127.9
1,127.9
1,127.9
2,127.9
2,127.9
3,127.9
3,127.9
4,127.9
4,127.9
5,127.9
5,127.9
6,127.9
6,127.9
0,127.9
0,127.9
1,127.9
1,127.9
2,127.9
2,127.9
3,127.9
3,127.9
4,127.9
4,127.9
5,127.9
5,127.9
6,127.9
6,127.9
0,127.9
0,127.9
1,127.9
1,127.9
2,127.9
2,127.9
3,127.9
3,127.9
4,127.9
4,127.9
5,127.9
5,127.9
6,127.9
6,127.9
0,127.9
0,127.9
1,127.9
1,127.9
2,127.9
2,127.9
3,127.9
3,127.9
4,127.9
4,127.9
5,127.9
5,127.9
6,127.9
6,127.9
0,127.9
0,127.9
1,127.9
1,127.9
2,127.9
2,127.9
3,127.9
3,127.9
4,127.9
4,127.9
5,127.9
5,127.9
6,127.9
6,127.9
0,127.9
0,127.9
1,127.9
1,127.9
2,127.9
2,127.9
3,127.9
3,127.9
4,127.9
4,127.9
5,127.9
5,127.9
6,127.9
6,127.9
0,127.9
0,127.9
1,127.9
1,127.9
2,127.9
2,127.9
3,127.9
3,125.9
4,125.9
4,125.9
5,125.9
5,125.9
6,125.9
6,125.9
0,125.9
0,125.9
1,125.9
1,125.9
2,125.9
2,125.9
3,125.9
3,125.9
4,125.9
4,125.9
5,125.9
5,125.9
6,125.9
6,125.9
0,125.9
0,125.9
1,123.9
1,123.9
2,123.9
2,123.9
3,123.9
3,123.9
4,123.9
4,123.9
5,123.9
5,123.9
6,123.9
6,123.9
0,123.9
0,123.9
1,123.9
1,123.9
2,123.9
2,123.9
3,123.9
3,123.9
4,123.9
4,123.9
5,123.9
5,123.9
6,123.9
6,123.9
0,123.9
0,123.9
1,123.9
1,123.9
2,123.9
2,123.9
3,123.9
3,123.9
4,123.9
4,123.9
5,123.9
5,123.9
6,123.9
6,123.9
0,123.9
0,123.9
1,123.9
1,123.9
2,123.9
2,126.9
3,126.9
3,126.9
4,126.9
4,126.9
5,126.9
5,126.9
6,126.9
6,126.9
0,126.9
0,126.9
1,126.9
1,126.9
2,126.9
2,126.9
3,126.9
3,126.9
4,126.9
4,126.9
5,126.9
5,126.9
6,126.9
6,126.9
0,126.9
0,126.9
1,126.9
1,126.9
2,126.9
2,126.9
3,126.9
3,126.9
4,126.9
4,126.9
5,126.9
5,126.9
6,126.9
6,126.9
0,126.9
0,126.9
1,126.9
1,126.9
2,126.9
2,126.9
3,126.9
3,126.9
4,126.9
4,126.9
5,126.9
5,126.9
6,126.9
6,126.9
0,126.9
0,126.9
1,126.9
1,126.9
2,126.9
2,126.9
3,126.9
3,126.9
4,126.9
4,126.9
5,126.9
5,126.9
6,126.9
6,126.9
0,126.9
0,126.9
1,126.9
1,126.9
2,126.9
2,126.9
3,126.9
3,126.9
4,126.9
4,126.9
5,126.9
5,126.9
6,126.9
6,126.9
0,126.9
0,126.9
1,126.9
1,126.9
2,126.9
2,126.9
3,126.9
3,126.9
4,126.9
4,126.9
5,126.9
5,126.9
6,126.9
6,126.9
0,126.9
0,126.9
1,126.9
1,126.9
2,126.9
2,126.9
3,126.9
3,126.9
4,126.9
4,126.9
5,126.9
5,126.9
6,126.9
6,126.9
0,126.9
0,126.9
1,126.9
1,126.9
2,126.9
2,126.9
3,126.9
3,126.9
4,126.9
4,126.9
5,126.9
5,126.9
6,126.9
6,126.9
0,126.9
0,126.9
1,126.9
1,126.9
2,126.9
2,125.4
3,125.4
3,125.4
4,125.4
4,125.4
5,125.4
5,125.4
6,125.4
6,125.4
0,125.4
0,125.4
1,125.4
1,125.4
2,125.4
2,125.4
3,125.4
3,125.4
4,125.4
4,125.4
5,125.4
5,125.4
6,125.4
6,125.4
0,125.4
0,125.4
1,125.4
1,125.4
2,125.4
2,125.4
3,125.4
3,125.4
4,125.4
4,125.4
5,125.4
5,125.4
6,125.4
6,125.4
0,125.4
0,125.4
1,125.4
1,125.4
2,125.4
2,125.4
3,125.4
3,125.4
4,125.4
4,125.4
5,125.4
5,125.4
6,125.4
6,125.4
0,125.4
0,125.4
1,125.4
1,125.4
2,125.4
2,125.4
3,125.4
3,125.4
4,125.4
4,125.4
5,125.4
5,125.4
6,124.9
6,124.9
0,124.9
0,124.9
1,124.9
1,124.9
2,124.9
2,124.9
3,124.9
3,124.9
4,124.9
4,124.9
5,124.9
5,124.9
6,124.9
6,124.9
0,124.9
0,124.9
1,124.9
1,122.9
2,122.9
2,122.9
3,122.9
3,122.9
4,122.9
4,122.9
5,122.9
5,122.9
6,122.9
6,122.9
0,122.9
0,122.9
1,122.9
1,122.9
2,122.9
2,122.9
3,122.9
3,122.9
4,122.9
4,122.9
5,122.9
5,122.9
6,122.9
6,122.9
0,122.9
0,122.9
1,122.9
1,127.9
2,127.9
2,127.9
3,127.9
3,127.9
4,127.9
4,127.9
5,127.9
5,127.9
6,127.9
6,127.9
0,127.9
0,127.9
1,127.9
1,127.9
2,127.9
2,127.9
3,127.9
3,127.9
4,127.9
4,127.9
5,127.9
5,127.9
6,127.9
6,127.9
0,127.9
0,127.9
1,127.9
1,127.9
2,127.9
2,127.9
3,127.9
3,127.9
4,127.9
4,127.9
5,127.9
5,127.9
6,127.9
6,127.9
0,127.9
0,127.9
1,127.9
1,127.9
2,127.9
2,127.9
3,127.9
3,127.9
4,127.9
4,127.9
5,127.9
5,127.9
6,127.9
6,127.9
0,127.9
0,127.9
1,127.9
1,127.9
2,127.9
2,127.9
3,127.9
3,127.9
4,127.9
4,127.9
5,127.9
5,127.9
6,127.9
6,127.9
0,127.9
0,127.9
1,127.9
1,127.9
2,127.9
2,127.9
3,127.9
3,127.9
4,127.9
4,127.9
5,127.9
5,127.9
6,127.9
6,127.9
0,127.9
0,127.9
1,127.9
1,127.9
2,127.9
2,127.9
3,127.9
3,127.9
4,127.9
4,127.9
5,127.9
5,127.9
6,127.9
6,127.9
0,127.9
0,127.9
1,127.9
1,127.9
2,127.9
2,127.9
3,127.9
3,127.9
4,127.9
4,127.9
5,127.9
5,127.9
6,127.9
6,127.9
0,127.9
0,127.9
1,127.9
1,127.9
2,127.9
2,127.9
3,127.9
3,127.9
4,127.9
4,127.9
5,127.9
5,127.9
6,127.9
6,127.9
0,127.9
0,127.9
1,127.9
1,127.9
2,127.9
2,127.9
3,127.9
3,127.9
4,127.9
4,127.9
5,127.9
5,127.9
6,127.9
6,127.9
0,127.9
0,131.9
1,131.23333333333335
1,131.23333333333335
2,131.23333333333335
2,131.23333333333335
3,131.23333333333335
3,131.23333333333335
4,131.23333333333335
4,131.23333333333335
5,131.23333333333335
5,131.23333333333335
6,131.23333333333335
6,131.23333333333335
0,131.23333333333335
0,131.23333333333335
1,131.23333333333335
1,131.23333333333335
2,131.23333333333335
2,131.23333333333335
3,131.23333333333335
3,131.23333333333335
4,131.23333333333335
4,131.23333333333335
5,131.23333333333335
5,131.23333333333335
6,131.23333333333335
6,131.23333333333335
0,131.23333333333335
0,131.23333333333335
1,131.23333333333335
1,131.23333333333335
2,131.23333333333335
2,131.23333333333335
3,131.23333333333335
3,131.23333333333335
4,131.23333333333335
4,131.23333333333335
5,131.23333333333335
5,131.23333333333335
6,131.23333333333335
6,131.23333333333335
0,131.23333333333335
0,131.23333333333335
1,131.23333333333335
1,131.23333333333335
2,131.23333333333335
2,131.23333333333335
3,131.23333333333335
3,131.23333333333335
4,131.23333333333335
4,131.23333333333335
5,131.23333333333335
5,131.23333333333335
6,131.23333333333335
6,131.23333333333335
0,131.23333333333335
0,131.23333333333335
1,131.23333333333335
1,131.23333333333335
2,131.23333333333335
2,131.23333333333335
3,131.23333333333335
3,131.23333333333335
4,131.23333333333335
4,131.23333333333335
5,131.23333333333335
5,131.23333333333335
6,131.23333333333335
6,131.23333333333335
0,131.23333333333335
0,131.23333333333335
1,131.23333333333335
1,131.23333333333335
2,131.23333333333335
2,131.23333333333335
3,131.23333333333335
3,131.23333333333335
4,131.23333333333335
4,131.23333333333335
5,131.23333333333335
5,131.23333333333335
6,131.23333333333335
6,131.23333333333335
0,131.23333333333335
0,131.23333333333335
1,131.23333333333335
1,131.23333333333335
2,131.23333333333335
2,131.23333333333335
3,131.23333333333335
3,131.23333333333335
4,131.23333333333335
4,131.23333333333335
5,131.23333333333335
5,131.23333333333335
6,131.23333333333335
6,131.23333333333335
0,131.23333333333335
0,131.23333333333335
1,131.23333333333335
1,131.23333333333335
2,131.23333333333335
2,131.23333333333335
3,131.23333333333335
3,131.23333333333335
4,131.23333333333335
4,131.23333333333335
5,131.23333333333335
5,131.23333333333335
6,131.23333333333335
6,131.23333333333335
0,131.23333333333335
0,131.23333333333335
1,131.23333333333335
1,131.23333333333335
2,131.23333333333335
2,131.23333333333335
3,131.23333333333335
3,131.23333333333335
4,131.23333333333335
4,131.23333333333335
5,131.23333333333335
5,131.23333333333335
6,131.23333333333335
6,131.23333333333335
0,131.23333333333335
0,131.23333333333335
1,131.23333333333335
1,131.23333333333335
2,131.23333333333335
2,131.23333333333335
3,131.23333333333335
3,131.23333333333335
4,131.23333333333335
4,131.23333333333335
5,131.23333333333335
5,131.23333333333335
6,131.23333333333335
6,131.23333333333335
0,131.23333333333335
0,131.23333333333335
1,131.23333333333335
1,131.23333333333335
2,131.23333333333335
2,131.23333333333335
3,131.23333333333335
3,131.23333333333335
4,131.23333333333335
4,131.23333333333335
5,131.23333333333335
5,131.23333333333335
6,131.23333333333335
6,131.23333333333335
0,131.23333333333335
0,131.23333333333335
1,131.23333333333335
1,131.23333333333335
2,131.23333333333335
2,131.23333333333335
3,131.23333333333335
3,131.23333333333335
4,131.23333333333335
4,131.23333333333335
5,131.23333333333335
5,131.23333333333335
6,131.23333333333335
6,131.23333333333335
0,131.23333333333335
0,131.23333333333335
1,131.23333333333335
1,131.23333333333335
2,135.9
2,135.9
3,135.9
3,135.9
4,135.9
4,135.9
5,135.9
5,135.9
6,135.9
6,135.9
0,135.9
0,135.9
1,135.9
1,135.9
2,135.9
2,135.9
3,135.9
3,135.9
4,135.9
4,135.9
5,135.9
5,135.9
6,135.9
6,135.9
0,135.9
0,135.9
1,135.9
1,135.9
2,135.9
2,135.9
3,135.9
3,135.9
4,135.9
4,135.9
5,135.9
5,135.9
6,135.9
6,135.9
0,135.9
0,135.9
1,135.9
1,135.9
2,135.9
2,135.9
3,135.9
3,135.9
4,135.9
4,135.9
5,135.9
5,135.9
6,135.9
6,135.9
0,135.9
0,135.9
1,135.9
1,135.9
2,135.9
2,135.9
3,135.9
3,135.9
4,135.9
4,135.9
5,135.9
5,135.9
6,135.9
6,135.9
0,135.9
0,135.9
1,135.9
1,135.9
2,135.9
2,135.9
3,135.9
3,135.9
4,135.9
4,135.9
5,135.9
5,135.9
6,135.9
6,135.9
0,135.9
0,135.9
1,135.9
1,135.9
2,135.9
2,135.9
3,135.9
3,135.9
4,135.9
4,135.9
5,135.9
5,135.9
6,135.9
6,135.9
0,135.9
0,135.9
1,135.9
1,135.9
2,135.9
2,135.9
3,135.9
3,135.9
4,135.9
4,135.9
5,135.9
5,135.9
6,135.9
6,135.9
0,135.9
0,135.9
1,135.9
1,135.9
2,135.9
2,135.9
3,135.9
3,135.9
4,135.9
4,135.9
5,135.9
5,135.9
6,135.9
6,135.9
0,135.9
0,135.9
1,135.9
1,135.9
2,135.9
2,135.9
3,135.9
3,135.9
4,135.9
4,135.9
5,135.9
5,135.9
6,135.9
6,135.9
0,135.9
0,135.9
1,135.9
1,135.9
2,135.9
2,135.9
3,135.9
3,135.9
4,135.9
4,135.9
5,135.9
5,135.9
6,135.9
6,135.9
0,135.9
0,135.9
1,135.9
1,135.9
2,135.9
2,135.9
3,135.9
3,135.9
4,135.9
4,135.9
5,135.9
5,135.9
6,135.9
6,135.9
0,139.9
0,139.9
1,139.9
1,139.9
2,139.9
2,139.9
3,139.9
3,139.9
4,139.9
4,139.9
5,139.9
5,139.9
6,139.9
6,139.9
0,139.9
0,139.9
1,139.9
1,139.9
2,139.9
2,139.9
3,139.9
3,139.9
4,139.9
4,139.9
5,139.9
5,139.9
6,139.9
6,139.9
0,139.9
0,142.9
1,142.9
1,142.9
2,142.9
2,142.9
3,142.9
3,142.9
4,142.9
4,142.9
5,142.9
5,142.9
6,142.9
6,142.9
