0,121.8
0,121.8
1,120.9
1,117.9
2,117.9
2,117.9
3,117.4
3,117.4
4,115.9
4,115.9
5,115.9
5,115.9
6,115.9
6,115.9
0,115.9
0,115.15
1,115.15
1,113.9
2,113.9
2,112.9
3,112.9
3,112.9
4,112.9
4,112.9
5,112.9
5,112.9
6,112.9
6,112.9
0,112.4
0,112.4
1,112.4
1,112.4
2,112.4
2,112.4
3,143.65
3,141.9
4,141.5
4,141.5
5,141.5
5,141.5
6,141.5
6,141.5
0,140.9
0,140.9
1,139.9
1,139.9
2,137.9
2,137.9
3,136.4
3,132.4
4,130.9
4,130.9
5,130.9
5,130.9
6,129.9
6,129.9
0,128.55
0,125.4
1,122.9
1,122.9
2,122.9
2,122.9
3,122.9
3,122.9
4,122.9
4,122.9
5,122.9
5,122.9
6,122.9
6,117.9
0,117.9
0,117.9
1,117.9
1,116.9
2,116.9
2,116.9
3,145.9
3,144.4
4,144.4
4,142.9
5,142.9
5,141.9
6,141.9
6,140.9
0,139.9
0,132.9
1,131.9
1,131.9
2,131.9
2,130.9
3,129.9
3,129.9
4,129.9
4,129.9
5,127.9
5,127.9
6,127.9
6,126.4
0,125.53333333333335
0,124.9
1,124.9
1,123.3
2,122.75
2,122.5
3,121.9
3,121.9
4,121.9
4,147.9
5,147.9
5,147.9
6,147.9
6,147.4
0,146.3
0,146.3
1,146.3
1,146.3
2,146.3
2,146.3
3,146.3
3,137.9
4,137.9
4,137.8
5,137.8
5,137.8
6,137.8
6,137.8
0,137.8
0,137.8
1,137.8
1,137.8
2,137.8
2,137.8
3,137.8
3,137.8
4,137.8
4,137.8
5,137.8
5,137.8
6,137.8
6,137.8
0,137.8
0,137.8
1,137.8
1,137.8
2,137.8
2,137.8
3,137.8
3,137.8
4,137.8
4,137.8
5,137.8
5,137.8
6,137.8
6,137.8
0,137.8
0,137.8
1,137.8
1,137.8
2,137.8
2,137.8
3,137.8
3,137.8
4,137.8
4,137.8
5,137.8
5,137.8
6,137.8
6,137.8
0,137.8
0,137.8
1,137.8
1,137.8
2,137.8
2,137.8
3,137.8
3,137.8
4,137.8
4,137.8
5,137.8
5,137.8
6,137.8
6,137.8
0,137.8
0,137.8
1,137.8
1,137.8
2,137.8
2,137.8
3,137.8
3,137.8
4,137.8
4,137.8
5,137.8
5,137.8
6,137.8
6,137.8
0,137.8
0,137.8
1,137.8
1,137.8
2,137.8
2,137.8
3,137.8
3,137.8
4,137.8
4,137.8
5,137.8
5,137.8
6,137.8
6,137.8
0,137.8
0,137.8
1,137.8
1,137.8
2,137.8
2,137.8
3,137.8
3,137.8
4,137.8
4,137.8
5,137.8
5,137.8
6,137.8
6,137.8
0,137.8
0,137.8
1,137.8
1,137.8
2,137.8
2,137.8
3,137.8
3,137.8
4,137.8
4,137.8
5,137.8
5,137.8
6,137.8
6,137.8
0,137.8
0,137.8
1,137.8
1,137.8
2,137.8
2,137.8
3,118.4
3,118.4
4,118.4
4,118.4
5,118.4
5,118.4
6,147.9
6,147.9
0,147.9
0,147.9
1,147.9
1,145.9
2,145.9
2,145.9
3,145.9
3,145.9
4,145.9
4,145.9
5,145.9
5,145.9
6,145.9
6,145.9
0,144.5
0,144.5
1,144.5
1,144.5
2,141.9
2,141.9
3,141.9
3,137.9
4,137.9
4,137.9
5,137.9
5,137.9
6,137.9
6,137.9
0,137.9
0,135.9
1,135.9
1,135.9
2,135.9
2,135.9
3,135.9
3,135.9
4,135.9
4,135.9
5,135.9
5,135.9
6,135.9
6,135.9
0,133.9
0,133.5
1,132.9
1,132.9
2,132.9
2,132.9
3,132.9
3,132.9
4,132.9
4,132.9
5,132.9
5,132.9
6,132.9
6,132.9
0,132.9
0,132.9
1,132.9
1,132.9
2,132.9
2,132.9
3,132.9
3,160.9
4,160.9
4,160.4
5,160.4
5,160.4
6,160.4
6,158.9
0,158.9
0,156.9
1,156.9
1,152.9
2,150.9
2,147.9
3,147.9
3,147.9
4,145.9
4,145.9
5,145.9
5,145.9
6,145.9
6,145.9
0,145.9
0,145.9
1,143.9
1,143.9
2,142.9
2,142.9
3,141.9
3,141.9
4,141.9
4,141.9
5,141.9
5,141.9
6,141.9
6,141.9
0,137.9
0,137.9
1,137.9
1,135.9
2,135.9
2,135.9
3,135.9
3,135.9
4,135.9
4,135.9
5,135.9
5,135.9
6,135.9
6,135.2
0,135.2
0,135.2
1,133.9
1,132.4
2,132.4
2,132.4
3,132.4
3,132.4
4,132.4
4,131.4
5,131.4
5,130.9
6,130.9
6,130.9
0,130.9
0,130.4
1,130.4
1,130.4
2,130.4
2,130.4
3,130.4
3,130.4
4,130.4
4,130.4
5,130.4
5,130.4
6,129.9
6,129.9
0,129.9
0,129.5
1,128.9
1,128.9
2,128.9
2,128.9
3,128.9
3,128.9
4,128.9
4,157.9
5,157.9
5,157.9
6,157.9
6,157.9
0,157.9
0,157.9
1,157.9
1,157.9
2,157.9
2,156.7
3,155.9
3,154.9
4,154.9
4,153.9
5,153.9
5,153.9
6,153.9
6,153.9
0,153.15
0,153.15
1,151.4
1,149.9
2,149.4
2,147.85000000000002
3,145.9
3,142.9
4,142.9
4,142.9
5,140.9
5,140.9
6,140.9
6,139.9
0,139.9
0,139.9
1,137.9
1,137.9
2,135.9
2,135.9
3,135.9
3,135.9
4,135.9
4,133.9
5,133.7
5,133.7
6,133.7
6,133.7
0,132.9
0,132.9
1,132.9
1,131.9
2,131.7
2,131.4
3,130.9
3,130.9
4,130.9
4,130.9
5,130.9
5,130.9
6,130.9
6,130.9
0,129.9
0,129.9
1,129.9
1,128.5
2,128.5
2,128.5
3,127.9
3,127.9
4,127.9
4,126.6
5,125.9
5,125.9
6,125.9
6,125.9
0,125.9
0,125.9
1,125.9
1,125.9
2,125.9
2,125.9
3,125.9
3,125.9
4,125.9
4,125.9
5,125.9
5,125.9
6,125.9
6,125.9
0,125.9
0,124.9
1,124.9
1,124.9
2,123.9
2,123.9
3,123.9
3,123.9
4,123.9
4,123.9
5,123.9
5,153.9
6,153.9
6,153.9
0,153.7
0,153.7
1,152.9
1,149.4
2,149.4
2,149.4
3,149.4
3,149.4
4,149.4
4,149.4
5,149.4
5,149.4
6,149.4
6,149.4
0,144.4
0,144.4
1,144.4
1,142.7
2,140.9
2,140.9
3,138.9
3,137.9
4,137.9
4,137.9
5,137.9
5,137.9
6,137.9
6,137.9
0,134.9
0,133.7
1,133.7
1,133.7
2,133.7
2,133.7
3,133.7
3,132.9
4,132.9
4,132.9
5,132.9
5,132.9
6,131.9
6,131.9
0,131.4
0,129.9
1,129.9
1,129.9
2,129.9
2,129.9
3,129.9
3,129.9
4,129.4
4,129.4
5,128.9
5,128.9
6,128.9
6,155.9
0,155.4
0,155.4
1,155.4
1,153.9
2,153.9
2,153.9
3,151.9
3,151.9
4,147.9
4,145.9
5,145.9
5,143.9
6,143.9
6,143.9
0,139.9
0,135.15
1,133.9
1,133.9
2,133.9
2,133.9
3,132.4
3,132.4
4,132.4
4,130.9
5,130.9
5,130.9
6,130.9
6,130.9
0,130.5
0,130.5
1,129.9
1,129.9
2,129.9
2,129.9
3,129.9
3,128.9
4,128.9
4,128.9
5,128.9
5,128.9
6,128.9
6,128.9
0,128.9
0,128.9
1,128.9
1,128.9
2,128.9
2,157.4
3,157.4
3,155.9
4,155.9
4,155.9
5,155.9
5,155.9
6,155.9
6,155.9
0,152.9
0,152.9
1,152.9
1,149.65
2,147.9
2,145.9
3,145.9
3,143.9
4,143.9
4,143.4
5,143.4
5,142.9
6,142.9
6,141.4
0,141.4
0,140.4
1,137.9
1,137.4
2,137.4
2,135.9
3,131.9
3,131.9
4,131.15
4,130.4
5,130.4
5,130.4
6,130.4
6,129.4
0,129.4
0,128.15
1,127.5
1,126.4
2,126.4
2,125.4
3,125.4
3,124.9
4,124.9
4,124.55000000000001
5,123.9
5,123.4
6,123.4
6,123.4
0,122.9
0,122.5
1,122.5
1,122.5
2,122.5
2,121.9
3,121.9
3,121.9
4,121.9
4,121.9
5,121.9
5,121.9
6,121.9
6,121.9
0,119.7
0,119.7
1,119.7
1,119.7
2,119.7
2,119.7
3,119.7
3,147.4
4,147.4
4,145.9
5,145.9
5,145.9
6,145.9
6,145.9
0,145.9
0,145.9
1,145.9
1,143.9
2,143.2
2,142.5
3,119.9
3,119.9
4,137.9
4,137.9
5,137.9
5,137.9
6,137.9
6,137.9
0,134.8
0,134.8
1,133.1
1,127.9
2,127.5
2,127.5
3,127.5
3,127.5
4,126.5
4,124.9
5,124.9
5,124.9
6,124.9
6,123.9
0,123.9
0,123.9
1,123.30000000000001
1,123.30000000000001
2,122.7
2,122.7
3,122.7
3,121.9
4,121.9
4,121.9
5,121.9
5,121.9
6,121.30000000000001
6,121.30000000000001
0,120.7
0,120.7
1,120.7
1,120.7
2,120.7
2,120.7
3,120.7
3,120.7
4,120.7
4,120.7
5,120.7
5,119.9
6,119.9
6,119.9
0,119.9
0,119.9
1,119.9
1,147.9
2,147.9
2,147.9
3,147.9
3,144.9
4,144.9
4,143.9
5,143.9
5,143.9
6,142.4
6,138.9
0,138.1
0,138.1
1,137.2
1,135.9
2,135.9
2,134.9
3,134.9
3,133.9
4,133.4
4,131.9
5,131.9
5,130.9
6,130.9
6,130.9
0,130.4
0,128.9
1,128.9
1,127.4
2,126.9
2,126.9
3,126.9
3,126.9
4,128.9
4,128.9
5,128.9
5,128.9
6,128.9
6,128.9
0,128.9
0,127.9
1,127.9
1,127.9
2,127.9
2,127.9
3,127.7
3,126.9
4,126.9
4,126.9
5,126.9
5,126.9
6,126.9
6,126.9
0,126.9
0,158.9
1,157.9
1,155.9
2,155.9
2,155.5
3,155.5
3,153.9
4,153.4
4,151.9
5,151.9
5,151.9
6,150.9
6,150.9
0,149.4
0,146.9
1,145.23333333333335
1,145.23333333333335
2,143.4
2,141.9
3,141.9
3,141.9
4,140.23333333333335
4,138.3
5,137.9
5,136.5
6,135.9
6,134.5
0,133.9
0,133.9
1,133.4
1,133.4
2,131.9
2,131.9
3,131.9
3,131.9
4,130.9
4,129.9
5,129.9
5,129.9
6,129.9
6,129.9
0,129.9
0,129.9
1,129.9
1,128.9
2,128.9
2,128.9
3,128.9
3,128.9
4,128.5
4,128.5
5,158.9
5,158.9
6,158.9
6,158.9
0,156.9
0,156.9
1,156.9
1,156.9
2,156.9
2,155.9
3,155.9
3,154.4
4,154.4
4,150.9
5,150.9
5,147.8
6,147.8
6,141.9
0,141.9
0,141.9
1,137.9
1,136.9
2,136.9
2,136.9
3,136.9
3,135.9
4,135.9
4,134.9
5,134.9
5,133.4
6,133.4
6,131.9
0,131.9
0,131.9
1,131.9
1,131.9
2,131.9
2,131.9
3,131.9
3,131.5
4,131.5
4,159.9
5,159.9
5,159.9
6,157.9
6,157.9
0,157.9
0,157.9
1,155.9
1,155.9
2,155.9
2,155.9
3,155.9
3,155.9
4,155.9
4,155.9
5,155.9
5,155.9
6,155.9
6,155.9
0,155.9
0,155.9
1,155.9
1,155.9
2,155.9
2,155.9
3,151.9
3,146.1
4,146.1
4,146.1
5,143.4
5,141.4333333333333
6,141.4333333333333
6,140.3
0,140.3
0,138.9
1,138.9
1,137.9
2,137.9
2,137.9
3,137.5
3,137.5
4,137.5
4,137.5
5,137.5
5,137.5
6,137.5
6,167.9
0,167.9
0,165.7
1,165.7
1,165.7
2,164.2
2,162.9
3,159.9
3,159.9
4,159.9
4,159.9
5,159.9
5,159.9
6,159.9
6,159.9
0,159.9
0,159.9
1,159.9
1,155.9
2,152.9
2,152.9
3,152.9
3,149.4
4,149.4
4,149.4
5,149.4
5,149.4
6,147.7
6,146.9
0,146.9
0,145.4
1,145.4
1,143.4
2,141.9
2,141.9
3,141.9
3,141.9
4,141.9
4,141.9
5,141.9
5,141.9
6,141.9
6,139.6
0,139.6
0,139.6
1,138.5
1,137.9
2,137.9
2,137.9
3,137.9
3,137.9
4,137.4
4,167.9
5,167.9
5,167.9
6,167.9
6,167.9
0,165.7
0,165.7
1,165.7
1,164.9
2,164.9
2,164.7
3,159.7
3,159.7
4,159.7
4,159.7
5,156.9
5,153.9
6,153.9
6,151.4
0,151.4
0,149.9
1,149.9
1,148.9
2,148.9
2,147.9
3,147.5
3,146.9
4,145.9
4,144.9
5,144.9
5,142.9
6,142.9
6,140.4
0,140.4
0,140.4
1,138.4
1,136.9
2,136.9
2,136.9
3,136.9
3,136.9
4,136.9
4,136.9
5,136.9
5,136.9
6,136.9
6,136.9
0,136.9
0,136.9
1,136.9
1,136.9
2,136.9
2,136.9
3,136.9
3,136.9
4,136.9
4,167.9
5,167.9
5,167.9
6,165.9
6,165.9
0,163.7
0,163.7
1,163.7
1,163.7
2,163.7
2,161.3
3,161.3
3,156.9
4,155.9
4,155.9
5,155.9
5,150.9
6,150.9
6,150.9
0,150.9
0,150.9
1,147.9
1,147.9
2,146.9
2,146.9
3,145.9
3,145.9
4,145.9
4,144.9
5,143.9
5,143.9
6,143.9
6,143.9
0,142.4
0,139.9
1,139.9
1,139.9
2,139.9
2,139.9
3,139.9
3,139.9
4,139.9
4,139.9
5,139.9
5,139.9
6,139.9
6,139.9
0,139.9
0,139.9
1,139.9
1,139.9
2,139.9
2,139.9
3,139.9
3,139.9
4,139.9
4,139.9
5,139.9
5,139.9
6,139.9
6,139.9
0,139.9
0,139.9
1,139.9
1,137.9
2,137.9
2,137.9
3,137.9
3,137.9
4,137.9
4,137.9
5,137.9
5,137.9
6,137.9
6,137.9
0,137.9
0,137.9
1,137.9
1,137.9
2,137.9
2,167.9
3,167.9
3,167.9
4,165.9
4,165.9
5,165.9
5,165.9
6,165.9
6,165.9
0,165.9
0,165.9
1,165.9
1,165.9
2,159.8
2,159.8
3,154.70000000000002
3,154.70000000000002
4,152.9
4,152.7
5,150.7
5,150.5
6,150.10000000000002
6,149.7
0,148.76666666666665
0,145.9
1,145.9
1,144.3
2,144.3
2,142.5
3,142.5
3,140.70000000000002
4,140.70000000000002
4,139.6
5,139.6
5,139.6
6,139.6
6,139.10000000000002
0,137.9
0,137.7
1,137.5
1,137.3
2,137.3
2,136.9
3,136.7
3,136.7
4,136.7
4,136.3
5,136.3
5,136.3
6,136.3
6,135.9
0,135.9
0,165.9
1,165.9
1,159.9
2,159.9
2,159.9
3,159.9
3,156.5666666666667
4,153.3
4,150.7
5,149.9
5,147.9
6,147.7
6,147.1
0,145.9
0,145.2
1,145.2
1,143.4
2,143.4
2,141.4
3,139.9
3,138.9
4,138.9
4,137.9
5,137.9
5,137.9
6,137.9
6,137.9
0,137.9
0,137.9
1,137.9
1,137.9
2,137.9
2,137.9
3,137.9
3,138.9
4,138.9
4,138.9
5,138.9
5,138.9
6,138.9
6,138.9
0,138.9
0,138.9
1,138.9
1,138.9
2,138.9
2,138.9
3,138.9
3,138.9
4,139.9
4,139.9
5,169.9
5,169.9
6,169.9
6,169.9
0,168.9
0,168.9
1,165.9
1,163.5
2,162.9
2,159.9
3,159.9
3,156.8
4,149.9
4,149.9
5,149.9
5,149.9
6,149.9
6,149.9
0,149.9
0,149.9
1,148.9
1,148.9
2,148.9
2,148.9
3,148.9
3,146.9
4,146.9
4,146.9
5,146.9
5,146.9
6,146.9
6,146.9
0,146.9
0,146.9
1,146.9
1,146.9
2,146.9
2,146.9
3,146.9
3,146.9
4,174.9
4,168.9
5,168.9
5,168.9
6,168.9
6,168.9
