0,0
0,121.9
1,121.9
1,120.65
2,119.9
2,119.4
3,119.4
3,118.9
4,118.9
4,117.9
5,117.9
5,117.9
6,117.9
6,116.4
0,116.4
0,115.4
1,115.4
1,115.4
2,115.4
2,113.9
3,113.9
3,113.4
4,113.4
4,113.4
5,113.4
5,113.4
6,113.4
6,113.4
0,112.65
0,112.65
1,112.65
1,112.65
2,143.4
2,143.4
3,143.4
3,143.4
4,143.4
4,143.4
5,141.9
5,141.9
6,141.9
6,141.9
0,141.9
0,141.9
1,138.56666666666666
1,135.4
2,135.4
2,135.4
3,135.4
3,132.4
4,130.9
4,130.9
5,130.9
5,130.9
6,129.9
6,129.9
0,127.65
0,127.65
1,127.65
1,127.65
2,123.4
2,123.4
3,120.65
3,119.9
4,119.9
4,119.9
5,119.9
5,119.9
6,119.9
6,118.9
0,118.9
0,118.9
1,117.9
1,117.9
2,145.9
2,145.9
3,145.9
3,143.65
4,143.65
4,143.65
5,143.65
5,141.4
6,141.4
6,140.9
0,139.15
0,139.15
1,137.4
1,137.4
2,137.4
2,135.4
3,135.4
3,133.4
4,131.9
4,131.9
5,131.9
5,131.9
6,131.9
6,131.9
0,131.4
0,125.4
1,125.4
1,124.9
2,124.9
2,121.9
3,121.9
3,121.9
4,147.9
4,147.9
5,147.9
5,147.9
6,147.9
6,145.9
0,145.9
0,145.9
1,145.9
1,145.9
2,145.9
2,145.9
3,145.9
3,141.4
4,141.4
4,140.15
5,140.15
5,140.15
6,140.15
6,140.15
0,140.15
0,140.15
1,140.15
1,140.15
2,140.15
2,140.15
3,140.15
3,140.15
4,140.15
4,140.15
5,140.15
5,140.15
6,140.15
6,140.15
0,140.15
0,140.15
1,140.15
1,140.15
2,140.15
2,140.15
3,140.15
3,140.15
4,140.15
4,140.15
5,140.15
5,140.15
6,140.15
6,140.15
0,140.15
0,140.15
1,140.15
1,140.15
2,140.15
2,140.15
3,140.15
3,140.15
4,140.15
4,140.15
5,140.15
5,140.15
6,140.15
6,140.15
0,140.15
0,140.15
1,140.15
1,140.15
2,140.15
2,140.15
3,140.15
3,140.15
4,140.15
4,140.15
5,140.15
5,140.15
6,140.15
6,140.15
0,140.15
0,140.15
1,140.15
1,140.15
2,140.15
2,140.15
3,140.15
3,140.15
4,140.15
4,140.15
5,140.15
5,140.15
6,140.15
6,140.15
0,140.15
0,140.15
1,140.15
1,140.15
2,140.15
2,140.15
3,140.15
3,140.15
4,140.15
4,140.15
5,140.15
5,140.15
6,140.15
6,140.15
0,140.15
0,140.15
1,140.15
1,140.15
2,140.15
2,140.15
3,140.15
3,140.15
4,140.15
4,140.15
5,140.15
5,140.15
6,140.15
6,140.15
0,140.15
0,140.15
1,140.15
1,140.15
2,140.15
2,140.15
3,140.15
3,140.15
4,140.15
4,140.15
5,140.15
5,140.15
6,140.15
6,140.15
0,140.15
0,140.15
1,140.15
1,140.15
2,140.15
2,140.15
3,140.15
3,140.15
4,140.15
4,140.15
5,140.15
5,149.9
6,149.9
6,149.9
0,147.9
0,147.9
1,147.9
1,147.9
2,147.9
2,147.9
3,147.9
3,147.9
4,147.9
4,147.9
5,147.9
5,147.9
6,147.9
6,147.9
0,147.9
0,147.9
1,147.4
1,147.4
2,147.4
2,147.4
3,147.4
3,147.4
4,147.4
4,147.4
5,147.4
5,147.4
6,147.4
6,147.4
0,147.4
0,147.4
1,147.4
1,147.4
2,147.4
2,145.4
3,145.4
3,145.4
4,143.9
4,143.9
5,143.9
5,143.7
6,143.7
6,143.7
0,141.4
0,141.4
1,139.4
1,138.9
2,138.9
2,138.9
3,137.9
3,137.9
4,137.9
4,137.9
5,137.9
5,137.9
6,137.9
6,137.9
0,137.9
0,137.9
1,137.9
1,137.9
2,137.9
2,137.9
3,160.9
3,160.9
4,160.9
4,160.9
5,160.9
5,160.4
6,160.4
6,160.4
0,159.9
0,159.9
1,159.9
1,159.3
2,159.3
2,159.3
3,158.7
3,158.7
4,158.7
4,157.9
5,157.9
5,157.9
6,157.9
6,157.9
0,157.9
0,157.9
1,157.9
1,157.9
2,153.4
2,151.7
3,149.66666666666666
3,148.4
4,147.4
4,145.4
5,145.4
5,145.4
6,143.9
6,143.9
0,143.9
0,143.9
1,143.9
1,143.9
2,141.7
2,141.7
3,140.9
3,140.9
4,140.4
4,140.4
5,138.4
5,137.4
6,136.9
6,136.9
0,136.15
0,134.4
1,132.9
1,131.9
2,131.9
2,131.9
3,131.9
3,131.9
4,131.9
4,131.4
5,131.4
5,131.4
6,131.4
6,131.4
0,131.4
0,130.9
1,130.9
1,130.9
2,130.9
2,130.9
3,130.9
3,130.7
4,130.7
4,130.7
5,130.7
5,130.7
6,129.9
6,129.9
0,129.9
0,129.5
1,129.5
1,128.9
2,128.9
2,160.9
3,160.9
3,160.9
4,160.9
4,160.9
5,160.9
5,160.9
6,160.9
6,160.9
0,160.9
0,158.9
1,158.9
1,158.9
2,158.9
2,158.9
3,158.9
3,158.9
4,158.9
4,158.9
5,158.9
5,158.9
6,157.9
6,157.9
0,157.9
0,155.9
1,151.4
1,150.9
2,150.9
2,150.9
3,147.9
3,147.9
4,147.9
4,147.9
5,147.9
5,147.9
6,147.9
6,147.9
0,145.9
0,145.9
1,143.9
1,143.9
2,143.9
2,143.9
3,139.9
3,139.9
4,139.9
4,139.9
5,139.9
5,137.9
6,137.9
6,137.9
0,137.9
0,137.9
1,137.9
1,137.9
2,137.9
2,137.9
3,137.9
3,135.9
4,135.9
4,135.9
5,135.9
5,135.9
6,134.9
6,134.9
0,134.9
0,134.9
1,134.9
1,130.4
2,128.9
2,128.9
3,128.9
3,128.9
4,128.9
4,128.9
5,128.9
5,128.9
6,128.9
6,128.9
0,128.9
0,127.9
1,126.9
1,126.9
2,126.2
2,126.2
3,126.2
3,126.2
4,126.2
4,126.2
5,126.2
5,126.2
6,126.2
6,126.2
0,126.2
0,126.2
1,126.2
1,126.2
2,126.2
2,126.2
3,124.9
3,155.9
4,155.9
4,155.9
5,155.9
5,155.9
6,155.9
6,155.9
0,153.9
0,153.9
1,153.9
1,153.9
2,153.9
2,153.9
3,153.9
3,153.9
4,153.9
4,151.9
5,151.9
5,151.9
6,147.4
6,147.4
0,147.4
0,147.4
1,146.9
1,145.9
2,145.9
2,145.9
3,145.9
3,145.9
4,145.9
4,145.9
5,145.9
5,145.9
6,145.9
6,145.9
0,142.15
0,142.15
1,142.15
1,142.15
2,142.15
2,142.15
3,142.15
3,142.15
4,142.15
4,142.15
5,142.15
5,142.15
6,142.15
6,142.15
0,140.9
0,139.9
1,138.9
1,155.9
2,155.9
2,155.9
3,155.9
3,155.9
4,155.9
4,155.9
5,155.9
5,155.9
6,155.9
6,155.9
0,155.4
0,155.4
1,153.9
1,153.9
2,153.9
2,153.9
3,151.9
3,145.4
4,145.4
4,145.4
5,145.4
5,143.9
6,143.9
6,143.9
0,143.9
0,138.9333333333333
1,137.65
1,136.9
2,136.9
2,136.9
3,136.9
3,135.9
4,132.9
4,132.15
5,132.15
5,132.15
6,132.15
6,132.15
0,132.15
0,132.15
1,132.15
1,132.15
2,132.15
2,132.15
3,132.15
3,132.15
4,132.15
4,132.15
5,132.15
5,128.9
6,128.9
6,128.9
0,128.9
0,157.9
1,157.9
1,157.9
2,157.9
2,157.4
3,157.4
3,157.4
4,157.4
4,157.4
5,157.4
5,157.4
6,157.4
6,157.4
0,155.9
0,155.9
1,155.4
1,154.9
2,154.9
2,151.4
3,149.9
3,148.9
4,148.9
4,148.9
5,148.9
5,148.4
6,148.4
6,148.4
0,148.4
0,148.4
1,148.4
1,148.4
2,143.9
2,143.9
3,143.9
3,143.9
4,142.4
4,142.4
5,142.4
5,142.4
6,142.4
6,142.4
0,136.9
0,136.9
1,136.9
1,136.9
2,130.4
2,130.4
3,129.9
3,127.15
4,127.15
4,127.15
5,127.15
5,127.15
6,126.7
6,126.7
0,125.9
0,125.15
1,125.15
1,124.4
2,124.4
2,122.9
3,122.9
3,122.15
4,122.15
4,122.15
5,122.15
5,122.15
6,122.15
6,122.15
0,122.15
0,122.15
1,122.15
1,120.9
2,120.9
2,147.9
3,147.9
3,147.9
4,147.4
4,147.4
5,147.4
5,147.4
6,147.4
6,147.4
0,147.4
0,147.4
1,147.4
1,147.4
2,145.9
2,145.9
3,145.9
3,145.9
4,145.9
4,145.9
5,141.9
5,141.9
6,141.9
6,141.9
0,141.9
0,141.15
1,137.9
1,136.9
2,136.9
2,134.9
3,133.9
3,133.9
4,133.9
4,133.9
5,133.9
5,133.4
6,133.15
6,133.15
0,132.9
0,131.4
1,130.15
1,129.4
2,128.525
2,126.4
3,125.9
3,125.15
4,124.9
4,124.9
5,124.9
5,124.9
6,124.9
6,124.9
0,124.4
0,124.4
1,123.4
1,123.4
2,122.9
2,122.9
3,122.9
3,122.9
4,122.9
4,150.9
5,150.9
5,150.9
6,150.9
6,150.9
0,150.9
0,150.9
1,150.9
1,150.9
2,150.65
2,150.65
3,149.65
3,147.4
4,147.15
4,147.15
5,146.4
5,145.4
6,145.15
6,145.15
0,144.9
0,144.9
1,144.0666666666667
1,144.0666666666667
2,142.9
2,142.9
3,141.65
3,137.9
4,137.9
4,137.9
5,137.65
5,135.9
6,135.65
6,135.65
0,135.15
0,133.9
1,133.4
1,131.9
2,131.9
2,129.05
3,128.9
3,128.9
4,129.4
4,129.4
5,129.9
5,129.9
6,128.65
6,128.65
0,128.65
0,128.65
1,128.4
1,128.4
2,128.4
2,128.4
3,128.4
3,128.4
4,128.4
4,128.4
5,143.9
5,143.9
6,160.9
6,160.9
0,160.4
0,160.4
1,159.9
1,159.9
2,159.9
2,158.9
3,158.4
3,155.4
4,155.4
4,154.9
5,154.9
5,154.9
6,152.9
6,150.4
0,150.15
0,150.15
1,149.9
1,149.9
2,149.9
2,149.9
3,149.9
3,143.4
4,142.9
4,142.9
5,140.4
5,135.65
6,135.4
6,135.4
0,135.15
0,134.45
1,134.45
1,132.9
2,132.9
2,131.4
3,131.4
3,131.4
4,131.4
4,129.9
5,129.9
5,129.9
6,129.9
6,129.9
0,129.9
0,129.9
1,129.9
1,128.9
2,128.9
2,128.4
3,160.9
3,160.9
4,160.9
4,160.9
5,160.9
5,160.9
6,160.9
6,160.9
0,160.9
0,160.9
1,159.4
1,159.4
2,157.9
2,157.9
3,157.9
3,157.9
4,157.4
4,155.65
5,155.65
5,155.65
6,155.65
6,150.65
0,148.9
0,148.15
1,145.9
1,144.65
2,144.65
2,139.0666666666667
3,139.0666666666667
3,139.0666666666667
4,136.9
4,135.4
5,135.4
5,135.4
6,135.4
6,135.4
0,135.4
0,135.4
1,133.5
1,133.5
2,133.5
2,162.9
3,162.9
3,162.9
4,162.9
4,162.9
5,162.9
5,162.9
6,162.9
6,162.9
0,162.9
0,162.9
1,162.9
1,160.9
2,159.4
2,159.4
3,159.4
3,159.4
4,159.4
4,159.4
5,159.4
5,159.4
6,159.4
6,159.4
0,159.4
0,159.4
1,159.4
1,159.4
2,159.4
2,159.4
3,159.4
3,158.9
4,158.9
4,158.9
5,158.9
5,155.65
6,155.65
6,155.65
0,154.9
0,152.9
1,152.4
1,151.9
2,151.9
2,146.4
3,145.9
3,145.9
4,143.4
4,143.4
5,143.4
5,143.4
6,143.4
6,143.4
0,143.4
0,143.4
1,143.4
1,143.4
2,143.4
2,143.4
3,143.4
3,143.4
4,143.4
4,143.4
5,143.4
5,143.4
6,143.4
6,143.4
0,143.4
0,143.4
1,159.9
1,159.9
2,159.9
2,159.9
3,159.9
3,159.9
4,159.9
4,159.9
5,159.9
5,159.9
6,159.9
6,159.9
0,159.9
0,159.9
1,159.9
1,159.9
2,159.9
2,159.9
3,159.9
3,159.9
4,159.9
4,159.9
5,159.9
5,159.9
6,159.9
6,159.9
0,145.45
0,143.85
1,143.85
1,142.5
2,142.5
2,142.5
3,167.9
3,167.9
4,167.9
4,167.9
5,167.9
5,167.9
6,167.9
6,167.9
0,167.9
0,167.9
1,167.9
1,167.9
2,166.5
2,166.5
3,166.5
3,166.5
4,166.5
4,166.5
5,166.5
5,166.5
6,166.5
6,166.5
0,166.5
0,166.5
1,162.2
1,161.7
2,161.7
2,161.7
3,157.85
3,153.7
4,153.7
4,153.7
5,153.7
5,153.7
6,153.7
6,152.5
0,152.5
0,152.5
1,152.5
1,152.5
2,152.2
2,151.7
3,149.2
3,149.2
4,149.2
4,149.2
5,149.2
5,149.2
6,149.2
6,149.2
0,149.2
0,149.2
1,149.2
1,149.2
2,149.2
2,149.2
3,149.2
3,148.7
4,167.9
4,167.9
5,167.9
5,167.9
6,167.9
6,167.9
0,167.9
0,167.9
1,167.9
1,167.9
2,167.9
2,167.9
3,167.9
3,167.9
4,166.5
4,166.5
5,166.5
5,166.5
6,166.5
6,166.5
0,166.5
0,166.5
1,166.5
1,166.5
2,166.5
2,166.5
3,166.5
3,166.5
4,163.2
4,162.7
5,162.7
5,162.7
6,162.7
6,162.2
0,162.2
0,160.2
1,160.2
1,157.2
2,157.2
2,157.2
3,157.2
3,156.7
4,155.2
4,155.2
5,152.2
5,152.2
6,152.2
6,150.2
0,149.7
0,149.7
1,149.5
1,149.5
2,148.85
2,147.95
3,147.95
3,146.5
4,146.5
4,146.2
5,146.2
5,146.2
6,146.2
6,146.2
0,146.2
0,144.5
1,143.55
1,143.55
2,143.55
2,143.55
3,143.55
3,167.9
4,167.9
4,167.9
5,167.9
5,167.9
6,167.9
6,167.9
0,144.03333333333333
0,144.03333333333333
1,142.5
1,140.4
2,140.4
2,140.4
3,167.9
3,166.9
4,166.9
4,166.9
5,166.9
5,166.9
6,166.9
6,166.9
0,166.9
0,166.9
1,166.9
1,166.9
2,165.9
2,165.9
3,161.15
3,161.15
4,161.15
4,160.4
5,159.4
5,158.4
6,158.4
6,158.4
0,158.4
0,153.15
1,149.9
1,149.9
2,148.4
2,147.9
3,147.9
3,144.9
4,144.9
4,142.9
5,142.9
5,142.9
6,141.9
6,141.9
0,141.9
0,141.9
1,141.9
1,141.9
2,141.9
2,141.9
3,141.9
3,141.9
4,141.9
4,141.9
5,167.9
5,167.9
6,167.9
6,167.9
0,167.4
0,167.4
1,167.4
1,165.9
2,165.9
2,165.9
3,165.9
3,165.9
4,165.9
4,165.9
5,165.9
5,165.9
6,161.4
6,160.9
0,160.9
0,160.9
1,160.9
1,160.9
2,160.9
2,160.9
3,153.4
3,153.4
4,152.4
4,152.4
5,152.4
5,152.4
6,152.4
6,152.4
0,152.4
0,152.4
1,152.4
1,149.9
2,143.65
2,142.9
3,142.9
3,142.9
4,142.9
4,142.9
5,142.9
5,142.9
6,141.9
6,141.9
0,141.9
0,141.9
1,141.9
1,141.9
2,141.9
2,169.9
3,169.9
3,169.9
4,169.9
4,169.9
5,169.9
5,169.9
6,169.9
6,169.9
0,169.9
0,169.9
1,165.9
1,165.9
2,165.9
2,165.9
3,165.9
3,157.9
4,155.5
4,154.9
5,154.9
5,154.9
6,154.9
6,154.9
0,153.5
0,153.5
1,153.5
1,151.5
2,150.7
2,149.9
3,148.9
3,148.5
4,148.5
4,148.5
5,148.5
5,147.9
6,147.9
6,147.9
0,147.9
0,147.9
1,147.9
1,147.9
2,174.9
2,174.9
3,174.9
3,174.9
4,174.9
4,174.4
5,174.4
5,174.4
6,174.4
6,174.4
