0,126.9
0,126.9
1,126.9
1,126.9
2,126.9
2,125.9
3,123.9
3,122.9
4,122.9
4,122.9
5,121.9
5,120.9
6,120.9
6,120.9
0,119.9
0,119.9
1,119.55000000000001
1,117.9
2,117.9
2,117.9
3,117.4
3,117.4
4,115.4
4,115.4
5,115.4
5,115.4
6,114.4
6,113.9
0,113.9
0,113.9
1,113.4
1,113.4
2,143.65
2,143.65
3,143.65
3,143.65
4,143.65
4,143.65
5,143.65
5,143.65
6,143.65
6,141.9
0,141.9
0,141.9
1,141.9
1,141.9
2,141.9
2,141.9
3,137.8
3,135.9
4,132.9
4,132.4
5,131.65
5,130.9
6,130.9
6,130.9
0,129.9
0,129.9
1,126.9
1,126.9
2,126.9
2,126.9
3,125.15
3,125.15
4,123.06666666666668
4,123.06666666666668
5,119.9
5,119.9
6,119.9
6,119.9
0,119.9
0,119.9
1,119.15
1,118.4
2,144.9
2,144.9
3,143.9
3,143.9
4,143.9
4,143.4
5,143.4
5,143.4
6,143.4
6,142.9
0,142.9
0,141.9
1,139.4
1,139.4
2,139.4
2,137.65
3,136.9
3,135.9
4,134.9
4,134.9
5,133.9
5,133.9
6,133.9
6,131.9
0,130.9
0,130.3
1,130.3
1,126.9
2,126.9
2,124.7
3,123.9
3,123.9
4,147.4
4,147.4
5,147.4
5,147.4
6,147.4
6,147.4
0,145.9
0,145.9
1,145.9
1,145.9
2,145.9
2,145.9
3,145.9
3,143.9
4,143.9
4,143.4
5,143.4
5,143.4
6,143.4
6,143.4
0,143.4
0,143.4
1,143.4
1,143.4
2,143.4
2,143.4
3,143.4
3,143.4
4,143.4
4,143.4
5,143.4
5,143.4
6,143.4
6,143.4
0,143.4
0,143.4
1,143.4
1,143.4
2,143.4
2,143.4
3,143.4
3,143.4
4,143.4
4,143.4
5,143.4
5,143.4
6,143.4
6,143.4
0,143.4
0,143.4
1,143.4
1,143.4
2,143.4
2,143.4
3,143.4
3,143.4
4,143.4
4,143.4
5,143.4
5,143.4
6,143.4
6,143.4
0,143.4
0,143.4
1,143.4
1,143.4
2,143.4
2,143.4
3,143.4
3,143.4
4,143.4
4,143.4
5,143.4
5,143.4
6,143.4
6,143.4
0,143.4
0,143.4
1,143.4
1,143.4
2,143.4
2,143.4
3,143.4
3,143.4
4,143.4
4,143.4
5,143.4
5,143.4
6,143.4
6,143.4
0,143.4
0,143.4
1,143.4
1,143.4
2,143.4
2,143.4
3,143.4
3,143.4
4,143.4
4,143.4
5,143.4
5,143.4
6,143.4
6,143.4
0,143.4
0,143.4
1,143.4
1,143.4
2,143.4
2,143.4
3,143.4
3,143.4
4,143.4
4,143.4
5,143.4
5,143.4
6,143.4
6,143.4
0,143.4
0,143.4
1,143.4
1,143.4
2,143.4
2,143.4
3,143.4
3,143.4
4,143.4
4,143.4
5,143.4
5,143.4
6,143.4
6,143.4
0,143.4
0,143.4
1,143.4
1,143.4
2,143.4
2,143.4
3,143.4
3,143.4
4,149.9
4,149.9
5,149.9
5,149.9
6,149.9
6,149.9
0,149.9
0,149.9
1,149.9
1,149.9
2,149.9
2,149.9
3,149.9
3,149.9
4,149.9
4,149.9
5,149.9
5,149.9
6,149.9
6,149.9
0,149.9
0,147.9
1,147.9
1,145.9
2,145.9
2,145.9
3,145.9
3,145.9
4,145.9
4,145.9
5,145.9
5,145.9
6,145.9
6,145.9
0,145.9
0,145.9
1,145.9
1,145.9
2,145.9
2,145.9
3,145.4
3,145.4
4,144.9
4,143.9
5,143.9
5,143.9
6,143.9
6,143.9
0,143.9
0,141.9
1,141.9
1,141.9
2,141.9
2,141.9
3,141.9
3,141.9
4,141.9
4,141.9
5,141.9
5,141.9
6,141.9
6,140.9
0,140.9
0,140.9
1,140.9
1,138.9
2,160.9
2,160.9
3,160.9
3,160.9
4,160.9
4,160.9
5,160.9
5,160.9
6,160.9
6,160.9
0,160.9
0,160.9
1,160.9
1,157.9
2,157.9
2,157.9
3,157.9
3,155.9
4,155.9
4,155.9
5,155.9
5,155.9
6,155.9
6,155.9
0,155.9
0,155.9
1,155.9
1,155.9
2,155.9
2,155.9
3,155.9
3,154.15
4,154.15
4,154.15
5,154.15
5,154.15
6,154.15
6,154.15
0,143.9
0,142.9
1,142.9
1,142.9
2,142.9
2,142.9
3,142.9
3,140.9
4,140.9
4,139.15
5,139.15
5,139.15
6,139.15
6,139.15
0,139.15
0,139.15
1,139.15
1,139.15
2,139.15
2,139.15
3,139.15
3,139.15
4,139.15
4,139.15
5,139.15
5,139.15
6,136.9
6,136.9
0,136.9
0,136.9
1,135.4
1,134.9
2,134.9
2,134.9
3,134.9
3,134.9
4,134.9
4,134.9
5,134.9
5,134.9
6,134.9
6,134.9
0,134.9
0,134.9
1,134.9
1,134.9
2,134.9
2,160.9
3,160.9
3,160.9
4,160.9
4,160.9
5,160.9
5,160.9
6,160.9
6,160.9
0,160.9
0,160.9
1,160.9
1,160.9
2,159.9
2,159.9
3,159.9
3,156.9
4,156.9
4,156.9
5,156.9
5,156.9
6,156.4
6,156.4
0,156.4
0,156.4
1,155.9
1,153.4
2,153.4
2,153.4
3,153.4
3,153.4
4,153.4
4,152.4
5,152.4
5,152.4
6,152.4
6,152.4
0,146.9
0,146.9
1,146.9
1,146.9
2,146.9
2,146.9
3,146.9
3,146.9
4,146.9
4,145.9
5,144.9
5,144.9
6,144.9
6,144.9
0,144.9
0,144.9
1,140.4
1,140.4
2,137.9
2,137.9
3,137.9
3,137.9
4,137.9
4,137.9
5,137.9
5,137.9
6,137.9
6,137.9
0,137.9
0,137.9
1,137.9
1,137.9
2,135.9
2,135.9
3,135.9
3,133.9
4,133.9
4,132.9
5,132.9
5,131.9
6,131.9
6,131.9
0,131.9
0,130.9
1,130.9
1,130.9
2,129.9
2,129.9
3,129.9
3,129.9
4,129.9
4,129.9
5,129.9
5,129.9
6,129.9
6,129.2
0,129.2
0,129.2
1,129.2
1,129.2
2,129.2
2,129.2
3,129.2
3,155.9
4,155.9
4,155.9
5,155.9
5,155.9
6,155.9
6,155.9
0,155.9
0,155.9
1,155.9
1,155.9
2,155.9
2,155.9
3,155.9
3,155.9
4,155.9
4,153.9
5,153.9
5,153.9
6,151.9
6,150.9
0,149.9
0,149.9
1,148.9
1,148.9
2,148.9
2,147.9
3,146.9
3,146.9
4,146.9
4,146.9
5,146.9
5,146.9
6,146.9
6,146.9
0,146.9
0,146.9
1,146.9
1,146.9
2,146.9
2,143.9
3,143.9
3,143.9
4,143.9
4,143.9
5,143.9
5,143.9
6,143.9
6,143.9
0,142.9
0,141.9
1,141.9
1,141.9
2,139.4
2,138.9
3,138.9
3,138.9
4,155.95
4,155.95
5,155.95
5,155.95
6,155.95
6,155.95
0,155.4
0,155.4
1,155.4
1,155.4
2,153.9
2,153.9
3,152.9
3,152.9
4,151.9
4,147.4
5,147.4
5,147.4
6,147.4
6,147.4
0,140.5
0,139.2
1,137.9
1,137.4
2,137.4
2,137.4
3,137.4
3,137.4
4,137.4
4,135.5
5,134.9
5,134.9
6,134.9
6,134.9
0,134.9
0,134.9
1,134.9
1,134.9
2,134.9
2,134.9
3,134.9
3,134.9
4,134.9
4,134.9
5,134.9
5,134.9
6,134.9
6,134.9
0,134.9
0,134.9
1,134.9
1,134.9
2,134.9
2,155.9
3,155.9
3,155.9
4,155.9
4,155.9
5,155.9
5,155.9
6,155.9
6,155.9
0,152.9
0,152.9
1,152.9
1,152.9
2,145.9
2,145.9
3,145.9
3,145.9
4,145.9
4,145.9
5,145.9
5,145.9
6,145.9
6,145.9
0,145.9
0,145.9
1,145.9
1,143.9
2,143.9
2,143.9
3,143.9
3,142.9
4,142.9
4,142.9
5,142.9
5,142.9
6,142.9
6,142.9
0,138.9
0,138.9
1,137.9
1,137.9
2,137.9
2,135.9
3,135.9
3,135.9
4,135.9
4,135.9
5,135.9
5,135.9
6,135.9
6,134.3
0,133.7
0,133.3
1,133.3
1,133.3
2,133.3
2,132.9
3,131.4
3,128.9
4,126.9
4,126.9
5,126.9
5,126.9
6,126.9
6,126.9
0,122.9
0,122.9
1,122.9
1,122.9
2,122.9
2,122.9
3,122.9
3,147.4
4,147.4
4,147.4
5,147.4
5,147.4
6,147.4
6,147.4
0,147.4
0,147.4
1,147.4
1,147.4
2,147.4
2,147.4
3,147.4
3,147.4
4,147.4
4,147.4
5,147.4
5,147.4
6,147.4
6,147.4
0,147.4
0,147.4
1,145.9
1,144.9
2,144.9
2,144.9
3,144.9
3,144.9
4,144.9
4,144.9
5,144.9
5,144.9
6,143.9
6,143.9
0,141.9
0,139.9
1,139.4
1,139.4
2,138.4
2,135.9
3,135.9
3,135.4
4,135.4
4,135.4
5,135.15
5,135.15
6,134.9
6,134.9
0,133.9
0,133.9
1,131.9
1,129.4
2,129.4
2,127.4
3,127.4
3,127.4
4,127.4
4,127.4
5,127.4
5,127.4
6,127.4
6,127.4
0,127.4
0,127.4
1,137.15
1,137.15
2,146.9
2,146.9
3,146.9
3,146.9
4,146.9
4,146.9
5,146.9
5,146.9
6,146.9
6,146.9
0,146.9
0,146.9
1,146.9
1,146.9
2,146.9
2,146.9
3,146.9
3,146.9
4,146.9
4,145.9
5,145.15
5,145.15
6,144.4
6,144.4
0,143.9
0,141.4
1,140.65
1,138.9
2,138.9
2,135.4
3,133.9
3,133.9
4,134.4
4,134.4
5,134.4
5,134.4
6,134.4
6,134.4
0,134.4
0,133.9
1,133.9
1,133.4
2,133.4
2,132.9
3,132.9
3,131.9
4,131.9
4,131.9
5,131.9
5,157.9
6,157.9
6,157.9
0,157.9
0,157.9
1,157.9
1,157.9
2,157.9
2,157.9
3,157.9
3,157.9
4,157.9
4,157.9
5,157.4
5,157.4
6,156.9
6,156.9
0,156.9
0,153.15
1,151.4
1,151.4
2,150.9
2,150.9
3,150.15
3,147.4
4,145.4
4,143.65
5,143.15
5,143.15
6,142.9
6,141.9
0,141.4
0,141.4
1,141.4
1,141.4
2,139.4
2,137.15
3,137.15
3,136.4
4,136.4
4,136.4
5,135.9
5,135.9
6,135.9
6,134.9
0,134.9
0,134.9
1,134.9
1,134.9
2,134.9
2,134.9
3,134.9
3,134.9
4,134.9
4,134.9
5,134.9
5,134.9
6,160.9
6,160.9
0,160.9
0,160.9
1,159.4
1,159.4
2,159.4
2,157.9
3,157.9
3,157.9
4,155.9
4,155.9
5,155.9
5,155.9
6,153.9
6,153.9
0,153.9
0,151.65
1,151.65
1,148.9
2,148.9
2,148.9
3,147.9
3,147.9
4,146.9
4,145.4
5,143.65
5,142.9
6,142.9
6,142.9
0,142.9
0,142.9
1,142.9
1,141.9
2,141.9
2,141.9
3,141.9
3,141.9
4,162.9
4,162.9
5,162.9
5,162.9
6,162.9
6,162.9
0,162.9
0,162.4
1,162.4
1,159.9
2,159.9
2,159.4
3,157.9
3,157.9
4,157.9
4,157.9
5,157.9
5,157.9
6,157.9
6,157.9
0,157.9
0,153.9
1,153.9
1,153.9
2,152.9
2,152.9
3,152.9
3,152.9
4,151.9
4,151.9
5,148.9
5,148.9
6,148.9
6,148.9
0,148.9
0,146.9
1,146.9
1,145.9
2,144.9
2,144.9
3,144.9
3,144.9
4,142.9
4,142.9
5,142.9
5,167.9
6,167.9
6,167.9
0,167.9
0,165.9
1,165.9
1,165.9
2,165.9
2,165.9
3,165.9
3,165.9
4,165.9
4,165.9
5,165.9
5,165.9
6,165.9
6,165.9
0,165.9
0,165.9
1,164.8
1,163.9
2,163.9
2,163.9
3,163.9
3,163.9
4,163.9
4,163.9
5,163.9
5,163.9
6,161.9
6,161.9
0,161.9
0,161.9
1,161.9
1,161.9
2,158.8
2,158.3
3,158.3
3,158.3
4,156.9
4,153.9
5,152.5
5,152.10000000000002
6,149.9
6,149.9
0,149.9
0,148.9
1,148.7
1,147.9
2,147.9
2,147.9
3,167.9
3,167.9
4,167.9
4,167.9
5,167.9
5,167.9
6,167.9
6,167.9
0,165.9
0,165.9
1,165.9
1,165.9
2,165.9
2,165.9
3,165.9
3,165.9
4,165.9
4,165.9
5,165.9
5,165.9
6,165.9
6,165.9
0,165.9
0,162.9
1,162.9
1,160.4
2,160.4
2,160.4
3,160.4
3,160.4
4,160.4
4,160.4
5,160.4
5,160.4
6,157.9
6,157.9
0,156.9
0,154.9
1,152.9
1,152.9
2,152.9
2,152.9
3,152.9
3,152.9
4,152.9
4,152.9
5,152.9
5,152.9
6,152.9
6,152.9
0,152.9
0,152.9
1,152.9
1,151.9
2,151.9
2,150.9
3,150.9
3,150.9
4,167.9
4,167.9
5,167.9
5,167.9
6,167.9
6,167.9
0,167.9
0,166.9
1,166.9
1,166.9
2,165.9
2,165.9
3,165.9
3,162.9
4,162.9
4,162.9
5,162.9
5,162.9
6,162.9
6,162.9
0,162.9
0,162.9
1,162.9
1,162.9
2,159.9
2,157.9
3,153.9
3,153.9
4,153.9
4,153.9
5,153.9
5,153.9
6,153.9
6,153.9
0,153.9
0,153.9
1,153.9
1,152.9
2,152.9
2,152.9
3,152.9
3,152.9
4,152.9
4,152.9
5,152.9
5,152.9
6,152.9
6,152.9
0,148.9
0,148.9
1,148.9
1,148.9
2,148.9
2,148.9
3,148.9
3,148.9
4,148.9
4,148.9
5,148.9
5,148.9
6,148.9
6,146.9
0,146.9
0,146.9
1,146.9
1,146.9
2,145.9
2,145.9
3,145.9
3,145.9
4,145.9
4,145.9
5,145.9
5,145.9
6,145.9
6,145.9
0,145.9
0,145.9
1,145.9
1,145.9
2,145.9
2,167.9
3,167.9
3,165.9
4,165.9
4,165.9
5,165.9
5,165.9
6,162.9
6,162.9
0,162.9
0,162.9
1,162.9
1,162.9
2,162.9
2,162.9
3,162.9
3,162.9
4,162.9
4,157.9
5,157.9
5,157.9
6,157.9
6,157.9
0,157.9
0,157.4
1,156.9
1,156.9
2,156.4
2,152.4
3,149.9
3,149.9
4,149.9
4,149.9
5,149.9
5,149.9
6,149.9
6,149.9
0,146.9
0,146.9
1,146.9
1,146.9
2,146.9
2,146.9
3,145.9
3,145.9
4,145.9
4,145.9
5,145.9
5,167.9
6,167.9
6,167.9
0,167.9
0,167.9
1,167.9
1,167.9
2,167.9
2,162.9
3,162.9
3,162.9
4,162.9
4,162.9
5,162.9
5,162.9
6,162.9
6,160.9
0,160.9
0,160.9
1,160.9
1,159.9
2,159.9
2,159.9
3,159.9
3,156.9
4,156.9
4,156.9
5,153.9
5,152.9
6,152.9
6,152.9
0,152.9
0,152.9
1,150.9
1,150.9
2,150.9
2,150.9
3,150.9
3,150.9
4,150.9
4,150.9
5,146.9
5,146.9
6,146.9
6,146.9
0,146.9
0,146.9
1,146.9
1,146.9
2,146.9
2,146.9
3,146.9
3,146.9
4,169.9
4,169.9
5,169.9
5,169.9
6,169.9
6,169.9
0,169.9
0,169.9
1,169.9
1,168.4
2,168.4
2,168.4
3,166.9
3,166.9
4,166.9
4,166.9
5,166.9
5,165.9
6,165.9
6,165.9
0,164.9
0,164.9
1,163.9
1,162.9
2,162.9
2,162.9
3,162.9
3,161.9
4,161.9
4,156.9
5,156.9
5,156.9
6,156.9
6,156.9
0,156.9
0,156.9
1,156.9
1,156.9
2,156.9
2,156.9
3,174.9
3,174.9
4,174.9
4,174.9
5,174.9
5,174.4
6,174.4
6,174.4
