0,0
0,0
1,120.9
1,120.9
2,117.9
2,117.9
3,117.9
3,116.4
4,116.4
4,116.4
5,116.4
5,116.4
6,116.4
6,116.4
0,116.4
0,114.9
1,114.4
1,113.9
2,113.9
2,113.9
3,113.9
3,113.9
4,113.9
4,113.9
5,113.9
5,113.9
6,113.9
6,113.9
0,113.9
0,112.65
1,112.65
1,112.65
2,112.65
2,112.65
3,143.4
3,141.9
4,141.5
4,141.5
5,141.5
5,141.5
6,141.5
6,141.5
0,140.4
0,139.3
1,139.3
1,137.8
2,137.8
2,135.9
3,133.9
3,130.9
4,130.9
4,130.9
5,130.9
5,130.9
6,129.9
6,129.9
0,129.9
0,127.4
1,125.32000000000002
1,125.32000000000002
2,125.32000000000002
2,125.32000000000002
3,119.9
3,119.9
4,119.9
4,119.9
5,119.9
5,119.9
6,119.9
6,119.6
0,117.9
0,117.9
1,117.9
1,117.9
2,117.9
2,117.9
3,117.9
3,143.9
4,143.9
4,143.9
5,143.4
5,142.9
6,141.9
6,141.4
0,140.0666666666667
0,137.9
1,137.4
1,136.9
2,136.9
2,135.9
3,132.9
3,131.10000000000002
4,130.4
4,130.4
5,130.4
5,130.4
6,130.4
6,130.4
0,127.06666666666668
0,125.4
1,124.9
1,124.9
2,122.9
2,122.3
3,119.4
3,119.4
4,119.4
4,147.9
5,146.9
5,146.9
6,145.8
6,145.8
0,145.8
0,145.8
1,145.8
1,145.8
2,145.8
2,145.8
3,145.8
3,145.8
4,143.4
4,141.9
5,141.9
5,141.9
6,141.9
6,141.9
0,141.9
0,141.9
1,141.9
1,141.9
2,141.9
2,141.9
3,141.9
3,141.9
4,141.9
4,141.9
5,141.9
5,141.9
6,141.9
6,141.9
0,141.9
0,141.9
1,141.9
1,141.9
2,141.9
2,141.9
3,141.9
3,141.9
4,141.9
4,141.9
5,141.9
5,141.9
6,141.9
6,141.9
0,141.9
0,141.9
1,141.9
1,141.9
2,141.9
2,141.9
3,141.9
3,141.9
4,141.9
4,141.9
5,141.9
5,141.9
6,141.9
6,141.9
0,141.9
0,141.9
1,141.9
1,141.9
2,141.9
2,141.9
3,141.9
3,141.9
4,141.9
4,141.9
5,141.9
5,141.9
6,141.9
6,141.9
0,141.9
0,141.9
1,141.9
1,141.9
2,141.9
2,141.9
3,141.9
3,141.9
4,141.9
4,141.9
5,141.9
5,141.9
6,141.9
6,141.9
0,141.9
0,141.9
1,141.9
1,141.9
2,141.9
2,141.9
3,141.9
3,141.9
4,141.9
4,141.9
5,141.9
5,141.9
6,141.9
6,141.9
0,141.9
0,141.9
1,141.9
1,141.9
2,141.9
2,141.9
3,141.9
3,141.9
4,141.9
4,141.9
5,141.9
5,141.9
6,141.9
6,141.9
0,141.9
0,141.9
1,141.9
1,141.9
2,141.9
2,141.9
3,141.9
3,141.9
4,141.9
4,141.9
5,141.9
5,141.9
6,141.9
6,141.9
0,141.9
0,141.9
1,141.9
1,141.9
2,141.9
2,141.9
3,141.9
3,141.9
4,141.9
4,141.9
5,141.9
5,149.9
6,149.9
6,149.8
0,149.8
0,149.8
1,149.8
1,149.4
2,149.4
2,149.4
3,149.4
3,149.4
4,149.4
4,147.9
5,147.9
5,147.9
6,147.9
6,147.9
0,147.3
0,145.9
1,145.9
1,145.9
2,145.9
2,145.7
3,145.7
3,145.7
4,145.7
4,145.7
5,145.7
5,145.7
6,145.7
6,145.7
0,145.7
0,145.7
1,145.7
1,141.4
2,142.8
2,142.8
3,142.8
3,142.8
4,142.8
4,137.9
5,137.9
5,137.9
6,135.7
6,135.7
0,135.7
0,135.7
1,134.9
1,134.9
2,134.9
2,134.9
3,134.9
3,134.9
4,134.9
4,134.9
5,134.9
5,134.9
6,134.9
6,134.9
0,134.9
0,134.9
1,134.9
1,134.9
2,134.9
2,134.9
3,134.9
3,160.9
4,160.9
4,160.9
5,160.9
5,160.9
6,160.9
6,160.9
0,160.9
0,158.9
1,158.9
1,157.9
2,157.9
2,157.9
3,157.9
3,157.9
4,155.9
4,155.9
5,155.9
5,155.9
6,155.9
6,155.9
0,151.9
0,151.9
1,147.75
1,145.7
2,144.7
2,143.7
3,142.7
3,142.7
4,142.7
4,141.2
5,141.2
5,141.2
6,139.7
6,139.7
0,139.7
0,139.7
1,139.7
1,139.3
2,137.7
2,137.7
3,136.7
3,135.7
4,135.7
4,135.7
5,135.7
5,134.7
6,133.9
6,133.9
0,133.9
0,133.9
1,132.7
1,131.65
2,131.65
2,131.65
3,131.65
3,131.65
4,130.7
4,130.7
5,130.7
5,130.7
6,130.7
6,130.7
0,130.7
0,130.4
1,130.4
1,130.4
2,130.4
2,130.4
3,130.4
3,130.4
4,130.4
4,129.9
5,129.9
5,129.9
6,129.9
6,129.9
0,129.9
0,129.9
1,129.4
1,128.7
2,128.7
2,128.7
3,128.7
3,160.9
4,160.9
4,160.9
5,160.9
5,160.9
6,160.9
6,157.9
0,157.9
0,157.9
1,157.9
1,157.9
2,157.9
2,156.9
3,156.9
3,156.9
4,156.9
4,155.9
5,154.9
5,154.9
6,154.9
6,152.9
0,150.9
0,150.9
1,150.9
1,146.3
2,146.3
2,146.3
3,146.3
3,142.7
4,142.7
4,142.7
5,141.7
5,140.7
6,140.7
6,140.7
0,140.7
0,139.7
1,139.7
1,139.7
2,137.7
2,136.7
3,135.7
3,134.7
4,134.7
4,133.7
5,132.7
5,132.7
6,132.7
6,132.7
0,132.7
0,132.7
1,132.7
1,132.7
2,132.7
2,132.7
3,130.7
3,130.7
4,130.7
4,130.7
5,130.7
5,130.7
6,130.7
6,130.7
0,130.7
0,128.7
1,128.7
1,128.7
2,128.7
2,128.7
3,128.7
3,127.7
4,127.7
4,127.7
5,127.7
5,127.3
6,126.7
6,126.7
0,126.7
0,125.9
1,125.9
1,125.9
2,125.9
2,125.9
3,125.9
3,125.9
4,125.7
4,125.7
5,125.7
5,125.7
6,125.7
6,125.7
0,125.7
0,124.9
1,124.9
1,124.9
2,124.9
2,124.9
3,123.7
3,123.7
4,123.7
4,123.7
5,123.7
5,155.9
6,154.9
6,153.9
0,153.9
0,152.9
1,152.9
1,152.9
2,152.10000000000002
2,150.3
3,147.9
3,147.9
4,147.9
4,147.9
5,147.9
5,147.9
6,147.9
6,147.9
0,145.9
0,145.9
1,145.7
1,143.7
2,143.7
2,143.7
3,143.7
3,140.7
4,140.1
4,139.3
5,138.9
5,138.9
6,138.9
6,138.2
0,138.2
0,138.2
1,137.3
1,135.7
2,135.7
2,135.3
3,134.9
3,134.1
4,134.1
4,134.1
5,132.7
5,132.7
6,131.7
6,131.7
0,131.7
0,131.7
1,130.9
1,130.4
2,129.9
2,129.7
3,129.7
3,129.7
4,129.4
4,155.9
5,155.9
5,155.9
6,155.9
6,155.9
0,155.4
0,155.4
1,155.4
1,155.4
2,153.9
2,152.9
3,152.9
3,152.9
4,151.4
4,146.9
5,146.9
5,143.4
6,143.4
6,143.4
0,141.3
0,139.9
1,137.7
1,136.7
2,135.7
2,134.4
3,133.7
3,132.3
4,131.7
4,130.7
5,129.7
5,129.7
6,129.7
6,129.7
0,129.7
0,129.7
1,129.7
1,129.7
2,129.7
2,129.7
3,129.7
3,129.7
4,129.7
4,129.7
5,128.9
5,128.9
6,128.9
6,128.9
0,128.9
0,128.9
1,128.9
1,128.9
2,157.9
2,157.9
3,157.4
3,157.4
4,157.4
4,155.9
5,155.9
5,155.9
6,153.9
6,153.9
0,153.9
0,152.8
1,152.8
1,152.8
2,152.8
2,151.4
3,147.9
3,147.9
4,145.9
4,143.9
5,143.9
5,143.9
6,143.9
6,143.9
0,143.9
0,143.9
1,143.9
1,140.05
2,137.8
2,137.4
3,135.3
3,133.7
4,131.65
4,130.2
5,130.2
5,130.2
6,130.2
6,130.2
0,130.2
0,130.2
1,130.2
1,128.9
2,128.9
2,128.9
3,128.9
3,128.9
4,128.9
4,128.9
5,128.9
5,128.9
6,128.9
6,128.9
0,128.9
0,128.9
1,128.9
1,128.9
2,128.9
2,128.9
3,128.9
3,128.9
4,128.9
4,128.9
5,128.9
5,128.9
6,128.9
6,128.9
0,128.9
0,119.9
1,119.9
1,119.9
2,119.9
2,119.9
3,119.9
3,119.9
4,147.4
4,147.4
5,147.4
5,147.4
6,147.4
6,147.4
0,147.4
0,144.9
1,144.9
1,144.9
2,144.9
2,142.7
3,142.7
3,141.9
4,138.3
4,138.3
5,138.3
5,136.7
6,135.7
6,135.7
0,135.7
0,135.7
1,135.7
1,135.7
2,135.7
2,135.7
3,135.7
3,135.7
4,135.7
4,135.7
5,135.7
5,135.7
6,135.7
6,135.7
0,130.8
0,130.8
1,124.9
1,124.9
2,123.9
2,123.9
3,123.7
3,122.4
4,121.9
4,121.9
5,121.9
5,121.9
6,121.9
6,121.9
0,121.9
0,121.9
1,121.9
1,121.9
2,121.9
2,121.9
3,121.9
3,121.9
4,121.9
4,121.9
5,121.9
5,121.9
6,136.4
6,136.4
0,150.9
0,150.9
1,150.9
1,148.9
2,148.9
2,148.9
3,148.9
3,148.9
4,148.9
4,148.9
5,146.85
5,146.85
6,143.9
6,140.7
0,140.7
0,138.8
1,138.1
1,136.9
2,136.8
2,135.4
3,134.8
3,134.8
4,134.3
4,134.3
5,132.4
5,132.4
6,131.9
6,130.9
0,130.9
0,130.3
1,129.4
1,128.7
2,128.7
2,128.7
3,128.7
3,127.4
4,128.9
4,128.9
5,128.9
5,128.9
6,128.9
6,128.9
0,128.9
0,128.9
1,128.9
1,127.9
2,127.9
2,127.9
3,127.9
3,127.7
4,127.7
4,126.9
5,126.9
5,126.9
6,143.9
6,143.9
0,160.4
0,158.9
1,157.4
1,157.4
2,155.9
2,155.9
3,155.9
3,154.4
4,153.9
4,153.9
5,152.9
5,152.9
6,151.9
6,149.9
0,149.3
0,147.7
1,146.7
1,146.7
2,145.3
2,142.76666666666668
3,141.7
3,141.7
4,141.7
4,139.2
5,138.7
5,137.5
6,136.8
6,135.5
0,134.5
0,133.7
1,132.9
1,132.9
2,132.9
2,131.9
3,131.9
3,131.9
4,131.7
4,130.4
5,130.4
5,130.4
6,130.4
6,130.4
0,130.4
0,130.4
1,130.4
1,128.9
2,128.9
2,128.9
3,128.9
3,160.9
4,160.9
4,160.9
5,160.9
5,160.9
6,160.9
6,160.9
0,160.9
0,160.9
1,160.9
1,160.9
2,157.4
2,157.4
3,157.4
3,154.9
4,154.9
4,151.9
5,151.9
5,149.4
6,147.7
6,147.7
0,145.7
0,145.7
1,143.3
1,143.3
2,141.7
2,141.7
3,139.7
3,136.9
4,135.8
4,134.9
5,134.9
5,134.7
6,132.9
6,132.9
0,131.9
0,131.9
1,131.9
1,131.9
2,131.9
2,131.9
3,131.9
3,131.9
4,162.9
4,162.9
5,162.9
5,162.9
6,162.9
6,162.9
0,162.9
0,162.9
1,162.9
1,162.9
2,159.9
2,159.9
3,159.9
3,159.9
4,159.9
4,159.9
5,159.9
5,156.9
6,155.9
6,155.9
0,155.9
0,155.9
1,155.9
1,155.9
2,155.9
2,155.9
3,153.9
3,153.9
4,149.7
4,147.7
5,147.7
5,147.7
6,146.7
6,146.7
0,146.7
0,144.7
1,144.7
1,144.7
2,144.7
2,142.7
3,142.7
3,140.7
4,139.9
4,139.9
5,138.2
5,138.2
6,138.2
6,167.9
0,165.9
0,165.9
1,165.9
1,165.9
2,165.9
2,165.9
3,164.9
3,162.9
4,162.9
4,160.2
5,160.2
5,160.2
6,157.7
6,157.7
0,157.7
0,157.7
1,157.7
1,157.7
2,157.7
2,157.7
3,155.95
3,153.3
4,153.3
4,149.8
5,149.8
5,149.8
6,149.8
6,147.75
0,146.9
0,145.7
1,144.7
1,144.3
2,143.7
2,142.3
3,141.7
3,141.7
4,141.7
4,141.7
5,140.9
5,140.7
6,140.7
6,140.7
0,139.9
0,139.9
1,139.7
1,138.9
2,137.9
2,137.9
3,137.9
3,167.9
4,167.9
4,167.9
5,167.9
5,167.9
6,167.9
6,167.9
0,166.2
0,165.9
1,165.9
1,164.2
2,164.2
2,164.2
3,164.2
3,163.2
4,161.2
4,161.2
5,159.9
5,159.9
6,158.2
6,156.2
0,154.7
0,154.7
1,152.7
1,152.7
2,152.7
2,150.0
3,149.2
3,149.2
4,147.5
4,146.3
5,145.3
5,145.3
6,145.3
6,143.8
0,143.8
0,143.8
1,142.7
1,142.7
2,142.7
2,142.7
3,142.7
3,142.7
4,142.7
4,142.7
5,142.7
5,142.7
6,142.7
6,142.7
0,142.7
0,142.7
1,142.7
1,142.7
2,142.7
2,142.7
3,142.7
3,142.2
4,167.9
4,167.9
5,167.9
5,167.9
6,167.9
6,167.9
0,167.9
0,167.9
1,167.2
1,166.2
2,166.2
2,164.7
3,159.7
3,157.7
4,155.7
4,155.7
5,155.7
5,153.7
6,153.7
6,153.7
0,153.7
0,153.3
1,150.95
1,149.9
2,148.95
2,147.60000000000002
3,147.60000000000002
3,146.3
4,145.7
4,145.7
5,145.3
5,145.3
6,145.3
6,144.3
0,144.3
0,142.2
1,142.2
1,141.9
2,141.9
2,141.9
3,141.9
3,141.3
4,140.3
4,140.3
5,140.3
5,140.3
6,140.3
6,140.3
0,140.3
0,140.3
1,140.3
1,140.3
2,140.3
2,140.3
3,140.3
3,140.3
4,140.3
4,140.3
5,140.3
5,139.7
6,139.7
6,139.7
0,139.7
0,139.7
1,139.7
1,139.7
2,139.7
2,139.7
3,139.7
3,139.7
4,139.7
4,139.7
5,139.7
5,139.7
6,139.7
6,139.7
0,139.7
0,139.7
1,139.7
1,139.7
2,139.7
2,167.9
3,167.9
3,167.9
4,165.9
4,165.9
5,165.9
5,165.9
6,165.9
6,165.9
0,165.9
0,165.9
1,165.9
1,165.9
2,165.9
2,161.9
3,155.9
3,154.7
4,153.9
4,151.9
5,151.7
5,150.8
6,150.8
6,150.3
0,147.9
0,147.9
1,147.9
1,147.7
2,142.9
2,142.9
3,141.7
3,140.7
4,140.7
4,139.7
5,139.7
5,139.7
6,139.7
6,139.7
0,139.7
0,138.9
1,138.9
1,138.9
2,138.9
2,138.9
3,138.9
3,138.9
4,138.9
4,137.7
5,137.7
5,167.9
6,167.9
6,167.9
0,167.9
0,167.9
1,167.9
1,167.9
2,167.9
2,167.9
3,159.7
3,159.7
4,156.7
4,154.7
5,151.7
5,151.7
6,149.7
6,149.7
0,148.3
0,148.3
1,148.3
1,148.3
2,146.7
2,145.7
3,145.7
3,145.7
4,145.7
4,145.7
5,143.7
5,143.7
6,142.9
6,142.9
0,141.9
0,141.9
1,140.7
1,140.7
2,140.7
2,139.7
3,139.7
3,139.7
4,139.7
4,139.7
5,139.7
5,139.7
6,139.7
6,139.7
0,139.7
0,139.7
1,139.7
1,139.7
2,139.7
2,139.7
3,139.7
3,139.7
4,139.7
4,169.9
5,169.9
5,169.9
6,169.9
6,169.9
0,159.7
0,159.7
1,159.7
1,159.7
2,159.7
2,159.7
3,157.7
3,157.7
4,157.7
4,155.7
5,154.7
5,154.7
6,153.7
6,153.7
0,151.7
0,151.7
1,148.9
1,148.9
2,148.7
2,148.7
3,147.7
3,147.7
4,147.7
4,147.7
5,147.7
5,147.7
6,147.7
6,147.7
0,147.7
0,147.7
1,147.7
1,147.7
2,146.7
2,174.9
3,174.9
3,174.9
4,174.9
4,174.9
5,173.9
5,172.9
6,172.9
6,172.9
