0,124.9
0,124.9
1,122.9
1,122.9
2,120.9
2,120.9
3,118.89999999999999
3,118.89999999999999
4,116.9
4,116.3
5,115.9
5,115.9
6,115.9
6,115.9
0,115.9
0,115.9
1,115.3
1,115.3
2,114.5
2,114.5
3,114.14999999999999
3,114.14999999999999
4,114.14999999999999
4,114.14999999999999
5,114.14999999999999
5,114.14999999999999
6,114.14999999999999
6,114.14999999999999
0,113.5
0,113.5
1,113.5
1,113.5
2,128.15
2,128.15
3,128.15
3,128.15
4,142.9
4,142.9
5,142.9
5,142.9
6,142.9
6,141.9
0,141.5
0,141.5
1,138.43333333333334
1,138.43333333333334
2,137.4
2,136.9
3,134.9
3,133.4
4,133.4
4,133.4
5,133.4
5,132.9
6,131.9
6,131.9
0,129.9
0,125.64999999999999
1,125.64999999999999
1,124.9
2,124.9
2,124.9
3,124.9
3,124.9
4,121.39999999999999
4,121.39999999999999
5,121.39999999999999
5,121.39999999999999
6,121.39999999999999
6,121.39999999999999
0,117.9
0,117.9
1,117.9
1,117.9
2,117.9
2,117.9
3,143.9
3,143.9
4,143.9
4,143.9
5,142.9
5,142.9
6,141.9
6,140.9
0,140.9
0,140.9
1,138.4
1,138.4
2,138.4
2,138.4
3,135.9
3,133.9
4,133.4
4,133.4
5,132.9
5,132.9
6,132.9
6,132.9
0,131.9
0,128.4
1,128.4
1,124.4
2,122.9
2,122.9
3,120.9
3,120.9
4,120.9
4,147.4
5,147.4
5,147.4
6,147.4
6,147.4
0,147.4
0,145.9
1,144.9
1,144.9
2,144.9
2,144.9
3,144.9
3,144.9
4,142.9
4,142.9
5,142.9
5,142.9
6,142.9
6,142.9
0,142.9
0,142.9
1,142.9
1,142.9
2,142.9
2,142.9
3,142.9
3,142.9
4,142.9
4,142.9
5,142.9
5,142.9
6,142.9
6,142.9
0,142.9
0,142.9
1,142.9
1,142.9
2,142.9
2,142.9
3,142.9
3,142.9
4,142.9
4,142.9
5,142.9
5,142.9
6,142.9
6,142.9
0,142.9
0,142.9
1,142.9
1,142.9
2,142.9
2,142.9
3,142.9
3,142.9
4,142.9
4,142.9
5,142.9
5,142.9
6,142.9
6,142.9
0,142.9
0,142.9
1,142.9
1,142.9
2,142.9
2,142.9
3,142.9
3,142.9
4,142.9
4,142.9
5,142.9
5,142.9
6,142.9
6,142.9
0,142.9
0,142.9
1,142.9
1,142.9
2,142.9
2,142.9
3,142.9
3,142.9
4,142.9
4,142.9
5,142.9
5,142.9
6,142.9
6,142.9
0,142.9
0,142.9
1,142.9
1,142.9
2,142.9
2,142.9
3,142.9
3,142.9
4,142.9
4,142.9
5,142.9
5,142.9
6,142.9
6,142.9
0,142.9
0,142.9
1,142.9
1,142.9
2,142.9
2,142.9
3,142.9
3,142.9
4,142.9
4,142.9
5,142.9
5,142.9
6,142.9
6,142.9
0,142.9
0,142.9
1,142.9
1,142.9
2,142.9
2,142.9
3,142.9
3,142.9
4,142.9
4,142.9
5,142.9
5,142.9
6,142.9
6,142.9
0,142.9
0,142.9
1,142.9
1,142.9
2,142.9
2,142.9
3,121.5
3,121.5
4,121.5
4,121.5
5,121.5
5,149.9
6,149.9
6,149.9
0,149.9
0,149.9
1,149.9
1,149.9
2,149.9
2,145.4
3,145.4
3,145.4
4,145.4
4,147.9
5,147.9
5,147.9
6,147.9
6,147.9
0,147.9
0,147.9
1,147.9
1,147.4
2,147.4
2,147.4
3,147.4
3,147.4
4,145.9
4,145.9
5,145.9
5,145.9
6,145.9
6,145.9
0,145.9
0,145.9
1,145.9
1,145.9
2,145.9
2,145.9
3,145.4
3,145.4
4,144.9
4,142.9
5,142.9
5,142.9
6,139.9
6,139.9
0,139.9
0,139.9
1,139.9
1,139.9
2,139.9
2,139.9
3,139.9
3,136.9
4,136.9
4,136.9
5,136.9
5,136.9
6,136.9
6,136.9
0,136.9
0,136.9
1,136.9
1,136.9
2,136.9
2,136.9
3,136.9
3,160.9
4,160.9
4,160.9
5,160.9
5,160.9
6,160.9
6,160.9
0,160.9
0,160.9
1,160.4
1,160.3
2,160.3
2,160.3
3,160.3
3,160.3
4,160.3
4,160.3
5,160.3
5,160.3
6,159.9
6,159.9
0,157.9
0,155.23333333333335
1,153.9
1,151.4
2,151.4
2,146.9
3,146.9
3,145.9
4,145.9
4,144.9
5,144.9
5,144.9
6,143.4
6,143.4
0,142.7
0,142.5
1,142.5
1,141.9
2,141.9
2,141.4
3,140.9
3,140.9
4,140.9
4,138.9
5,138.9
5,138.9
6,136.9
6,136.9
0,134.1
0,133.9
1,133.9
1,132.4
2,132.4
2,131.7
3,131.7
3,131.7
4,131.7
4,131.4
5,131.4
5,131.4
6,131.4
6,130.4
0,130.4
0,130.4
1,130.4
1,130.4
2,130.4
2,130.4
3,130.4
3,130.4
4,130.4
4,130.4
5,128.9
5,129.9
6,129.9
6,129.9
0,129.9
0,129.9
1,128.9
1,128.9
2,128.9
2,128.9
3,128.9
3,160.9
4,160.9
4,160.9
5,160.9
5,160.9
6,160.9
6,160.9
0,160.9
0,159.9
1,159.9
1,159.9
2,159.9
2,159.9
3,159.9
3,159.9
4,159.9
4,159.9
5,157.9
5,157.9
6,157.9
6,157.9
0,155.9
0,155.9
1,155.9
1,154.9
2,154.9
2,154.9
3,154.9
3,154.9
4,154.9
4,154.9
5,154.9
5,154.9
6,154.9
6,150.9
0,146.9
0,146.9
1,146.9
1,146.9
2,146.9
2,146.9
3,146.9
3,146.9
4,146.9
4,140.9
5,140.9
5,140.9
6,140.9
6,140.9
0,140.9
0,140.9
1,140.9
1,140.9
2,140.9
2,140.9
3,140.9
3,140.9
4,140.9
4,140.9
5,140.9
5,140.9
6,140.9
6,140.9
0,140.9
0,135.9
1,132.5
1,132.5
2,132.5
2,132.5
3,132.5
3,130.9
4,130.9
4,130.9
5,130.9
5,130.9
6,130.9
6,130.9
0,130.9
0,129.9
1,128.9
1,128.4
2,127.9
2,127.9
3,127.9
3,127.9
4,127.9
4,127.9
5,127.9
5,127.9
6,127.9
6,127.9
0,127.9
0,127.9
1,127.9
1,126.4
2,126.4
2,126.4
3,126.4
3,126.4
4,155.9
4,155.9
5,155.9
5,155.9
6,155.9
6,155.9
0,155.9
0,155.9
1,152.9
1,152.9
2,152.9
2,150.9
3,150.9
3,150.9
4,150.9
4,150.9
5,150.9
5,150.9
6,150.9
6,149.4
0,149.4
0,146.9
1,146.9
1,146.9
2,146.9
2,146.9
3,146.9
3,143.9
4,143.9
4,143.9
5,142.9
5,142.9
6,141.9
6,141.9
0,140.9
0,140.9
1,139.9
1,139.9
2,137.9
2,137.9
3,137.9
3,135.9
4,135.9
4,135.9
5,135.9
5,135.9
6,135.9
6,135.9
0,135.4
0,134.9
1,134.4
1,133.9
2,133.4
2,144.4
3,144.4
3,144.4
4,144.4
4,144.4
5,144.4
5,144.4
6,144.4
6,144.4
0,155.4
0,155.4
1,153.9
1,153.9
2,153.9
2,153.9
3,152.4
3,152.4
4,152.4
4,152.4
5,147.9
5,147.9
6,145.9
6,145.9
0,142.9
0,139.9
1,139.9
1,139.9
2,139.9
2,139.9
3,139.9
3,139.9
4,136.9
4,136.4
5,133.4
5,133.4
6,133.4
6,133.4
0,133.4
0,132.4
1,132.4
1,131.9
2,131.9
2,131.9
3,131.9
3,131.9
4,131.9
4,131.9
5,131.9
5,131.9
6,131.9
6,131.9
0,131.9
0,131.9
1,157.9
1,157.9
2,157.9
2,157.9
3,157.9
3,157.9
4,157.9
4,155.9
5,155.9
5,155.9
6,155.9
6,155.9
0,155.9
0,155.9
1,155.9
1,154.9
2,154.9
2,154.9
3,149.4
3,149.4
4,147.9
4,147.9
5,147.9
5,147.9
6,147.9
6,147.9
0,147.9
0,141.9
1,148.4
1,148.4
2,144.9
2,144.9
3,135.9
3,135.9
4,133.9
4,133.9
5,132.9
5,132.9
6,132.9
6,132.9
0,132.9
0,132.9
1,132.9
1,132.9
2,131.9
2,131.9
3,128.9
3,128.9
4,128.9
4,128.9
5,127.9
5,127.9
6,127.9
6,127.9
0,127.9
0,127.4
1,126.9
1,126.4
2,126.4
2,125.9
3,125.9
3,125.4
4,125.4
4,124.9
5,124.9
5,124.9
6,123.9
6,123.4
0,123.4
0,122.9
1,122.9
1,121.9
2,121.9
2,121.9
3,121.9
3,147.9
4,147.5666666666667
4,147.5666666666667
5,147.5666666666667
5,147.5666666666667
6,147.5666666666667
6,147.5666666666667
0,147.5666666666667
0,147.5666666666667
1,145.9
1,145.9
2,145.9
2,145.9
3,145.9
3,144.9
4,142.9
4,142.9
5,141.9
5,141.9
6,141.9
6,139.9
0,139.9
0,139.9
1,139.9
1,134.9
2,134.9
2,134.9
3,135.0
3,134.9
4,134.9
4,134.4
5,134.4
5,132.65
6,132.15
6,132.15
0,131.9
0,129.60000000000002
1,129.23333333333335
1,129.23333333333335
2,127.9
2,127.4
3,127.4
3,126.9
4,126.9
4,125.9
5,125.9
5,125.9
6,125.9
6,125.9
0,125.9
0,125.15
1,124.9
1,124.9
2,124.9
2,124.9
3,124.9
3,124.9
4,124.65
4,123.9
5,123.9
5,123.9
6,123.9
6,150.9
0,150.9
0,150.9
1,150.9
1,150.9
2,150.9
2,150.9
3,150.9
3,150.9
4,149.4
4,149.4
5,147.4
5,145.4
6,145.4
6,145.4
0,145.4
0,143.9
1,143.4
1,141.4
2,141.4
2,141.4
3,141.4
3,141.4
4,141.15
4,139.4
5,138.4
5,136.9
6,136.9
6,136.9
0,136.15
0,136.15
1,135.4
1,134.4
2,133.4
2,131.9
3,131.4
3,130.4
4,130.9
4,130.9
5,130.9
5,130.9
6,130.9
6,130.9
0,130.9
0,130.9
1,130.9
1,130.9
2,130.9
2,130.9
3,130.9
3,130.4
4,130.4
4,129.9
5,145.4
5,145.4
6,160.9
6,160.9
0,160.4
0,160.4
1,159.9
1,159.9
2,159.9
2,157.9
3,157.4
3,157.4
4,156.4
4,154.4
5,153.9
5,153.9
6,153.9
6,153.9
0,152.9
0,148.4
1,145.9
1,144.9
2,144.9
2,142.9
3,142.9
3,141.9
4,141.9
4,138.4
5,138.9
5,136.65
6,136.4
6,136.4
0,136.4
0,136.4
1,136.4
1,135.9
2,134.9
2,134.9
3,134.9
3,134.9
4,134.9
4,132.4
5,132.4
5,132.4
6,131.9
6,131.9
0,131.9
0,131.9
1,131.9
1,130.4
2,130.4
2,130.4
3,130.4
3,160.9
4,160.9
4,160.9
5,160.9
5,160.9
6,160.9
6,160.9
0,160.9
0,159.9
1,159.9
1,159.9
2,159.9
2,159.4
3,158.9
3,157.3
4,155.9
4,152.4
5,152.4
5,149.9
6,149.9
6,149.9
0,149.9
0,149.9
1,149.9
1,147.9
2,147.9
2,147.4
3,146.9
3,144.9
4,143.23333333333335
4,143.23333333333335
5,140.9
5,140.4
6,140.4
6,140.4
0,140.4
0,140.4
1,139.9
1,139.9
2,137.9
2,137.9
3,137.4
3,137.4
4,137.4
4,162.9
5,162.9
5,162.9
6,162.9
6,162.9
0,161.9
0,160.9
1,159.9
1,158.9
2,157.9
2,157.9
3,157.9
3,157.9
4,157.9
4,157.9
5,157.9
5,157.9
6,157.9
6,156.9
0,156.9
0,155.9
1,155.9
1,155.9
2,155.9
2,155.9
3,155.9
3,155.9
4,155.9
4,155.9
5,155.4
5,155.4
6,154.9
6,154.9
0,154.9
0,152.9
1,151.9
1,150.9
2,150.9
2,150.9
3,150.9
3,148.23333333333335
4,147.4
4,144.2
5,144.2
5,144.2
6,144.2
6,167.9
0,167.9
0,167.9
1,167.9
1,167.9
2,167.9
2,167.9
3,167.9
3,167.9
4,167.9
4,164.9
5,164.9
5,164.9
6,164.9
6,164.9
0,164.9
0,164.9
1,164.05
1,163.9
2,163.9
2,163.9
3,163.9
3,162.55
4,162.55
4,162.2
5,162.2
5,162.2
6,162.2
6,162.2
0,161.5
0,161.5
1,162.0
1,160.2
2,160.2
2,160.7
3,159.2
3,159.2
4,156.2
4,152.2
5,152.2
5,150.2
6,149.8
6,148.2
0,147.76666666666665
0,146.85
1,146.6
1,144.9
2,144.9
2,167.9
3,167.9
3,167.9
4,167.9
4,167.9
5,167.9
5,167.9
6,167.9
6,167.9
0,167.2
0,167.2
1,167.2
1,167.2
2,167.2
2,167.2
3,167.2
3,167.2
4,166.8
4,166.8
5,166.8
5,166.8
6,166.8
6,166.8
0,166.8
0,166.45
1,166.45
1,166.45
2,164.2
2,162.2
3,162.5
3,162.2
4,160.2
4,160.35
5,159.35
5,159.35
6,158.35
6,158.35
0,156.63333333333333
0,155.5
1,155.5
1,152.35
2,150.96666666666667
2,150.96666666666667
3,150.96666666666667
3,150.96666666666667
4,149.7
4,149.35
5,149.35
5,149.35
6,148.2
6,148.2
0,147.7
0,147.9
1,147.9
1,147.7
2,147.7
2,147.7
3,147.7
3,167.9
4,167.9
4,167.9
5,167.9
5,167.9
6,167.9
6,167.9
0,167.9
0,167.9
1,167.9
1,167.9
2,167.9
2,167.2
3,166.65
3,166.2
4,166.2
4,166.2
5,166.2
5,166.2
6,165.9
6,165.9
0,165.9
0,165.9
1,165.9
1,164.2
2,164.2
2,161.63333333333333
3,160.2
3,158.27499999999998
4,156.35
4,155.52499999999998
5,154.35
5,154.35
6,153.35
6,153.2
0,149.96666666666667
0,148.02499999999998
1,147.2
1,147.2
2,146.2
2,146.5
3,146.5
3,145.95
4,145.9
4,145.9
5,145.35
5,145.35
6,145.35
6,145.35
0,145.35
0,145.35
1,144.2
1,144.2
2,144.2
2,143.9
3,143.7
3,143.7
4,143.7
4,143.7
5,143.7
5,143.7
6,143.7
6,143.7
0,142.7
0,141.9
1,141.36666666666665
1,140.2
2,140.2
2,140.2
3,140.2
3,140.2
4,140.2
4,140.2
5,140.2
5,140.2
6,140.2
6,140.2
0,140.2
0,140.2
1,140.2
1,139.9
2,139.9
2,167.9
3,167.9
3,166.9
4,165.9
4,165.9
5,165.9
5,165.9
6,165.9
6,165.9
0,163.9
0,161.23333333333335
1,159.9
1,159.9
2,159.1
2,159.1
3,159.1
3,159.1
4,159.1
4,157.9
5,157.9
5,157.9
6,157.9
6,157.9
0,157.9
0,156.9
1,156.9
1,152.5
2,152.5
2,152.5
3,151.4
3,151.4
4,148.4
4,147.4
5,147.4
5,147.4
6,147.4
6,147.4
0,143.5
0,139.9
1,139.9
1,139.9
2,139.9
2,138.9
3,138.9
3,138.9
4,138.9
4,138.9
5,138.9
5,167.9
6,167.9
6,167.9
0,167.9
0,167.9
1,167.9
1,167.9
2,166.9
2,165.4
3,165.4
3,165.4
4,165.4
4,163.9
5,163.9
5,163.9
6,163.9
6,163.9
0,161.7
0,161.7
1,160.23333333333335
1,159.7
2,159.7
2,159.7
3,159.7
3,159.7
4,149.7
4,149.7
5,149.7
5,149.7
6,149.7
6,149.7
0,149.7
0,149.7
1,149.7
1,149.7
2,149.7
2,149.23333333333335
3,142.9
3,142.9
4,142.9
4,142.9
5,142.9
5,142.9
6,141.4
6,141.4
0,141.4
0,141.4
1,141.4
1,141.4
2,141.4
2,141.4
3,141.4
3,169.9
4,169.9
4,169.9
5,169.9
5,169.9
6,169.9
6,169.9
0,169.9
0,169.9
1,169.9
1,167.9
2,166.5666666666667
2,166.5666666666667
3,166.5666666666667
3,166.5666666666667
4,164.9
4,163.9
5,163.9
5,163.9
6,159.9
6,159.9
0,159.9
0,159.9
1,159.9
1,159.9
2,159.9
2,158.9
3,156.9
3,156.9
4,156.9
4,156.9
5,156.9
5,156.9
6,155.9
6,155.9
0,153.9
0,151.9
1,151.9
1,151.9
2,151.9
2,151.9
3,174.9
3,174.9
4,174.9
4,174.9
5,174.4
5,174.4
6,174.4
6,174.4
