0,0
0,123.9
1,117.9
1,117.9
2,117.9
2,116.9
3,116.9
3,115.9
4,115.9
4,115.9
5,115.9
5,115.9
6,115.9
6,115.9
0,115.9
0,114.9
1,114.4
1,113.9
2,113.9
2,112.9
3,112.9
3,112.9
4,112.9
4,112.9
5,112.9
5,112.9
6,112.9
6,112.9
0,112.9
0,112.9
1,112.4
1,112.4
2,112.4
2,112.4
3,143.9
3,143.9
4,143.9
4,143.9
5,142.9
5,142.9
6,141.9
6,141.9
0,141.9
0,141.9
1,141.9
1,141.4
2,140.9
2,139.4
3,136.56666666666666
3,131.9
4,131.9
4,131.9
5,131.9
5,130.9
6,130.9
6,128.9
0,126.9
0,125.9
1,125.15
1,120.9
2,120.9
2,120.9
3,120.9
3,120.9
4,120.9
4,120.9
5,120.9
5,120.9
6,120.9
6,118.9
0,118.9
0,118.9
1,118.4
1,117.9
2,117.9
2,117.9
3,145.9
3,143.65
4,143.65
4,142.9
5,142.9
5,142.4
6,142.4
6,140.9
0,135.5
0,132.5
1,132.15
1,132.15
2,132.15
2,130.9
3,129.9
3,128.9
4,127.9
4,127.9
5,127.9
5,127.9
6,127.9
6,126.15
0,125.53333333333335
0,124.65
1,123.35
1,123.35
2,122.9
2,121.9
3,121.9
3,121.9
4,121.9
4,147.65
5,147.65
5,147.65
6,147.65
6,147.65
0,147.65
0,147.65
1,147.65
1,147.65
2,147.65
2,147.65
3,147.65
3,143.9
4,143.9
4,143.9
5,143.9
5,143.9
6,143.9
6,143.9
0,143.9
0,143.9
1,143.9
1,143.9
2,143.9
2,143.9
3,143.9
3,143.9
4,143.9
4,143.9
5,143.9
5,143.9
6,143.9
6,143.9
0,143.9
0,143.9
1,143.9
1,143.9
2,143.9
2,143.9
3,143.9
3,143.9
4,143.9
4,143.9
5,143.9
5,143.9
6,143.9
6,143.9
0,143.9
0,143.9
1,143.9
1,143.9
2,143.9
2,143.9
3,143.9
3,143.9
4,143.9
4,143.9
5,143.9
5,143.9
6,143.9
6,143.9
0,143.9
0,143.9
1,143.9
1,143.9
2,143.9
2,143.9
3,143.9
3,143.9
4,143.9
4,143.9
5,143.9
5,143.9
6,143.9
6,143.9
0,143.9
0,143.9
1,143.9
1,143.9
2,143.9
2,143.9
3,143.9
3,143.9
4,143.9
4,143.9
5,143.9
5,143.9
6,143.9
6,143.9
0,143.9
0,143.9
1,143.9
1,143.9
2,143.9
2,143.9
3,143.9
3,143.9
4,143.9
4,143.9
5,143.9
5,143.9
6,143.9
6,143.9
0,143.9
0,143.9
1,143.9
1,143.9
2,143.9
2,143.9
3,143.9
3,143.9
4,143.9
4,143.9
5,143.9
5,143.9
6,143.9
6,143.9
0,143.9
0,143.9
1,143.9
1,143.9
2,143.9
2,143.9
3,143.9
3,143.9
4,143.9
4,143.9
5,143.9
5,143.9
6,143.9
6,143.9
0,143.9
0,143.9
1,143.9
1,143.9
2,143.9
2,143.9
3,143.9
3,143.9
4,143.9
4,143.9
5,143.9
5,143.9
6,147.9
6,147.9
0,147.9
0,147.9
1,147.9
1,145.9
2,145.9
2,145.9
3,145.9
3,145.9
4,145.9
4,145.9
5,145.9
5,145.9
6,144.9
6,144.9
0,144.5
0,144.5
1,143.9
1,143.9
2,141.9
2,141.9
3,141.9
3,140.9
4,140.9
4,140.9
5,140.9
5,140.9
6,140.9
6,137.9
0,137.9
0,136.5
1,136.5
1,136.5
2,136.5
2,136.5
3,136.5
3,135.9
4,135.9
4,135.9
5,135.9
5,135.9
6,135.9
6,135.9
0,133.9
0,133.9
1,132.9
1,132.9
2,132.9
2,132.9
3,132.9
3,132.9
4,132.9
4,132.9
5,132.9
5,132.9
6,132.9
6,132.9
0,132.9
0,132.9
1,132.9
1,132.9
2,132.9
2,132.9
3,132.9
3,160.9
4,160.9
4,160.4
5,160.4
5,160.4
6,158.9
6,158.9
0,156.9
0,155.9
1,155.9
1,155.9
2,155.9
2,154.20000000000002
3,150.9
3,149.9
4,147.9
4,147.9
5,147.9
5,147.9
6,147.9
6,147.9
0,145.9
0,145.9
1,144.4
1,144.4
2,142.9
2,142.9
3,142.9
3,141.9
4,141.9
4,141.9
5,141.9
5,141.9
6,140.9
6,140.9
0,136.5
0,138.9
1,138.9
1,138.9
2,137.5
2,135.9
3,135.9
3,135.9
4,135.9
4,135.9
5,135.9
5,135.9
6,135.9
6,135.9
0,135.9
0,134.4
1,134.4
1,132.4
2,132.4
2,132.4
3,132.4
3,132.4
4,132.4
4,131.4
5,131.4
5,131.4
6,131.4
6,131.4
0,130.9
0,130.4
1,130.4
1,130.4
2,130.4
2,130.4
3,130.4
3,130.4
4,130.4
4,130.4
5,130.4
5,130.4
6,130.4
6,130.4
0,130.4
0,130.4
1,128.9
1,128.9
2,128.9
2,128.9
3,128.9
3,160.9
4,160.9
4,160.9
5,160.9
5,160.9
6,160.9
6,160.9
0,157.9
0,157.9
1,157.9
1,157.9
2,157.9
2,154.9
3,154.9
3,153.9
4,153.9
4,153.9
5,153.9
5,153.9
6,153.9
6,153.9
0,151.9
0,151.9
1,148.4
1,144.9
2,144.9
2,144.9
3,144.9
3,144.9
4,142.9
4,142.9
5,142.9
5,142.9
6,142.9
6,142.9
0,139.5
0,139.5
1,139.5
1,136.9
2,135.9
2,135.9
3,135.9
3,134.9
4,134.9
4,134.2
5,134.2
5,134.2
6,134.2
6,134.2
0,132.9
0,132.9
1,132.9
1,131.9
2,131.7
2,131.4
3,130.9
3,130.9
4,130.9
4,130.9
5,130.7
5,130.7
6,130.7
6,130.7
0,129.9
0,128.8
1,128.5
1,128.5
2,128.5
2,128.5
3,126.7
3,126.7
4,126.5
4,125.9
5,125.9
5,125.9
6,125.9
6,125.9
0,125.9
0,125.9
1,125.9
1,125.9
2,125.9
2,125.9
3,125.9
3,125.9
4,125.9
4,125.9
5,125.9
5,125.9
6,125.9
6,125.9
0,124.9
0,124.5
1,124.5
1,124.5
2,123.9
2,123.9
3,123.9
3,123.9
4,123.9
4,123.9
5,123.9
5,123.9
6,153.9
6,153.9
0,153.9
0,153.9
1,151.9
1,151.9
2,150.9
2,150.9
3,147.9
3,147.9
4,147.9
4,147.9
5,147.9
5,147.9
6,147.9
6,147.9
0,147.9
0,145.9
1,143.9
1,142.9
2,140.5
2,139.5
3,139.5
3,138.9
4,138.9
4,138.9
5,137.9
5,137.9
6,137.9
6,137.9
0,135.9
0,135.9
1,135.9
1,135.9
2,135.9
2,135.9
3,132.9
3,132.5
4,131.9
4,130.9
5,130.9
5,130.5
6,130.10000000000002
6,130.10000000000002
0,130.10000000000002
0,130.10000000000002
1,130.10000000000002
1,130.10000000000002
2,130.10000000000002
2,130.10000000000002
3,129.7
3,129.7
4,129.4
4,129.4
5,128.9
5,128.9
6,128.9
6,155.9
0,154.65
0,154.65
1,139.4
1,139.4
2,138.9
2,138.9
3,138.9
3,138.9
4,138.9
4,138.9
5,138.9
5,138.9
6,138.9
6,138.9
0,135.4
0,135.4
1,135.4
1,133.9
2,133.9
2,133.9
3,133.9
3,131.7
4,130.9
4,130.9
5,130.7
5,130.7
6,130.7
6,130.7
0,130.5
0,129.95
1,129.9
1,129.9
2,129.9
2,129.9
3,129.9
3,129.9
4,127.7
4,126.9
5,126.7
5,126.7
6,126.7
6,126.7
0,126.7
0,126.7
1,126.7
1,126.7
2,126.7
2,157.4
3,157.4
3,157.4
4,157.4
4,155.9
5,155.9
5,155.9
6,155.9
6,155.9
0,152.9
0,152.9
1,150.9
1,150.9
2,149.5
2,149.5
3,145.9
3,145.9
4,144.15
4,144.15
5,141.9
5,141.9
6,141.9
6,140.9
0,139.4
0,139.4
1,137.9
1,135.5
2,133.9
2,132.5
3,131.9
3,131.9
4,131.55
4,129.9
5,129.5
5,129.5
6,129.5
6,128.9
0,128.5
0,128.5
1,127.7
1,125.9
2,125.9
2,125.3
3,124.9
3,124.9
4,123.9
4,123.9
5,123.9
5,123.9
6,123.9
6,123.9
0,122.9
0,122.9
1,122.9
1,122.9
2,122.5
2,121.9
3,121.7
3,121.7
4,121.7
4,121.7
5,121.7
5,120.9
6,120.9
6,120.9
0,120.9
0,120.9
1,120.9
1,120.9
2,120.5
2,120.5
3,120.5
3,147.4
4,147.4
4,147.4
5,147.4
5,147.4
6,147.4
6,147.4
0,147.4
0,145.9
1,145.9
1,145.9
2,142.9
2,142.5
3,140.6
3,139.7
4,134.9
4,134.9
5,134.5
5,134.5
6,133.9
6,133.9
0,132.9
0,132.9
1,130.7
1,130.5
2,126.96666666666665
2,125.7
3,125.7
3,125.7
4,124.9
4,124.9
5,124.9
5,124.9
6,124.9
6,124.9
0,124.9
0,124.9
1,124.9
1,124.9
2,124.30000000000001
2,124.30000000000001
3,123.7
3,123.7
4,123.7
4,122.7
5,122.7
5,122.7
6,122.7
6,122.7
0,122.30000000000001
0,122.30000000000001
1,121.9
1,121.9
2,121.9
2,121.7
3,121.7
3,121.7
4,121.7
4,121.7
5,121.7
5,121.7
6,121.7
6,121.7
0,121.7
0,121.7
1,121.7
1,148.9
2,148.9
2,148.9
3,147.73333333333335
3,147.73333333333335
4,146.15
4,146.15
5,145.9
5,145.9
6,145.9
6,143.4
0,142.9
0,142.9
1,142.4
1,140.15
2,138.9
2,138.9
3,138.9
3,136.9
4,136.9
4,133.3
5,132.4
5,132.4
6,131.9
6,131.9
0,131.9
0,131.9
1,131.9
1,131.9
2,131.4
2,131.4
3,129.9
3,129.9
4,128.9
4,128.9
5,128.9
5,128.9
6,128.9
6,128.9
0,128.9
0,128.9
1,127.9
1,127.9
2,128.4333333333333
2,128.4333333333333
3,127.9
3,127.9
4,127.9
4,127.9
5,127.9
5,127.9
6,127.9
6,127.9
0,127.9
0,127.9
1,143.9
1,143.9
2,158.9
2,158.9
3,156.4
3,156.4
4,153.9
4,153.9
5,152.9
5,152.9
6,152.9
6,152.9
0,152.9
0,152.9
1,152.9
1,149.9
2,149.9
2,143.9
3,142.9
3,140.9
4,140.9
4,140.9
5,140.9
5,140.9
6,140.9
6,140.9
0,140.9
0,140.9
1,140.9
1,136.9
2,135.4
2,135.4
3,132.9
3,131.9
4,131.9
4,131.9
5,131.9
5,131.7
6,131.7
6,131.7
0,130.9
0,130.9
1,129.9
1,129.9
2,129.7
2,129.7
3,129.7
3,129.7
4,129.7
4,129.7
5,129.7
5,129.7
6,129.7
6,160.9
0,160.9
0,130.9
1,159.65
1,159.65
2,156.9
2,156.9
3,153.9
3,153.9
4,150.9
4,150.9
5,150.9
5,150.9
6,150.9
6,147.9
0,147.9
0,147.9
1,147.9
1,145.9
2,145.9
2,143.65
3,141.9
3,140.9
4,137.9
4,137.9
5,137.9
5,137.9
6,136.9
6,136.9
0,136.9
0,136.9
1,134.7
1,134.7
2,133.2
2,131.9
3,131.7
3,131.5
4,162.9
4,162.9
5,162.9
5,162.9
6,162.9
6,162.9
0,162.9
0,158.9
1,158.9
1,158.9
2,158.9
2,158.9
3,158.9
3,158.9
4,158.9
4,158.9
5,158.9
5,144.9
6,143.9
6,143.9
0,155.9
0,155.9
1,155.9
1,155.9
2,155.9
2,155.9
3,155.9
3,155.9
4,155.9
4,155.9
5,155.9
5,155.9
6,155.9
6,155.9
0,155.9
0,155.9
1,155.9
1,155.9
2,155.9
2,155.9
3,155.9
3,155.9
4,155.9
4,155.9
5,155.9
5,155.9
6,155.9
6,155.9
0,155.9
0,155.9
1,155.9
1,155.9
2,155.9
2,155.9
3,155.9
3,155.9
4,155.9
4,155.9
5,155.9
5,155.9
6,155.9
6,155.9
0,155.9
0,155.9
1,155.9
1,155.9
2,155.9
2,155.9
3,155.9
3,155.9
4,155.9
4,155.9
5,155.9
5,155.9
6,155.9
6,155.9
0,155.9
0,155.9
1,155.9
1,155.9
2,155.9
2,155.9
3,155.9
3,155.9
4,155.9
4,155.9
5,155.9
5,155.9
6,155.9
6,155.9
0,155.9
0,155.9
1,155.9
1,155.9
2,155.9
2,155.9
3,155.9
3,155.9
4,155.9
4,155.9
5,155.9
5,155.9
6,155.9
6,155.9
0,155.9
0,155.9
1,155.9
1,155.9
2,155.9
2,155.9
3,155.9
3,155.9
4,155.9
4,155.9
5,155.9
5,155.9
6,155.9
6,155.9
0,155.9
0,155.9
1,155.9
1,155.9
2,155.9
2,155.9
3,155.9
3,155.9
4,155.9
4,155.9
5,155.9
5,155.9
6,155.9
6,155.9
0,155.9
0,155.9
1,155.9
1,155.9
2,155.9
2,155.9
3,155.9
3,155.9
4,155.9
4,155.9
5,155.9
5,155.9
6,155.9
6,155.9
0,155.9
0,155.9
1,155.9
1,155.9
2,155.9
2,155.9
3,155.9
3,155.9
4,155.9
4,155.9
5,155.9
5,155.9
6,155.9
6,155.9
0,155.9
0,155.9
1,155.9
1,155.9
2,155.9
2,155.9
3,155.9
3,155.9
4,155.9
4,155.9
5,155.9
5,155.9
6,155.9
6,155.9
0,155.9
0,155.9
1,155.9
1,155.9
2,155.9
2,155.9
3,155.9
3,155.9
4,155.9
4,155.9
5,155.9
5,155.9
6,155.9
6,155.9
0,155.9
0,155.9
1,155.9
1,155.9
2,155.9
2,155.9
3,155.9
3,155.9
4,155.9
4,155.9
5,155.9
5,155.9
6,155.9
6,155.9
0,155.9
0,155.9
1,155.9
1,155.9
2,155.9
2,155.9
3,155.9
3,155.9
4,155.9
4,155.9
5,155.9
5,155.9
6,155.9
6,155.9
0,155.9
0,155.9
1,155.9
1,155.9
2,155.9
2,155.9
3,155.9
3,155.9
4,155.9
4,155.9
5,155.9
5,155.9
6,155.9
6,155.9
0,155.9
0,155.9
1,155.9
1,155.9
2,155.9
2,155.9
3,155.9
3,155.9
4,155.9
4,155.9
5,155.9
5,155.9
6,155.9
6,155.9
0,155.9
0,155.9
1,155.9
1,155.9
2,155.9
2,155.9
3,155.9
3,155.9
4,155.9
4,155.9
5,155.9
5,155.9
6,155.9
6,155.9
0,155.9
0,155.9
1,155.9
1,155.9
2,155.9
2,155.9
3,155.9
3,155.9
4,155.9
4,155.9
5,155.9
5,155.9
6,155.9
6,155.9
0,155.9
0,155.9
1,155.9
1,155.9
2,155.9
2,155.9
3,155.9
3,155.9
4,155.9
4,155.9
5,155.9
5,155.9
6,155.9
6,155.9
0,155.9
0,155.9
1,155.9
1,155.9
2,155.9
2,155.9
3,155.9
3,155.9
4,155.9
4,155.9
5,155.9
5,155.9
6,155.9
6,155.9
0,155.9
0,155.9
1,155.9
1,155.9
2,155.9
2,155.9
3,155.9
3,155.9
4,155.9
4,155.9
5,155.9
5,155.9
6,155.9
6,155.9
0,155.9
0,155.9
1,155.9
1,155.9
2,155.9
2,155.9
3,155.9
3,155.9
4,155.9
4,155.9
5,155.9
5,155.9
6,155.9
6,155.9
0,155.9
0,155.9
1,155.9
1,155.9
2,155.9
2,138.9
3,138.9
3,138.9
4,169.9
4,169.9
5,169.9
5,169.9
6,169.9
6,169.9
0,169.9
0,169.9
1,165.9
1,165.9
2,165.9
2,165.9
3,165.9
3,165.9
4,165.9
4,165.9
5,158.9
5,158.9
6,151.9
6,149.9
0,149.9
0,148.9
1,148.9
1,148.9
2,147.5
2,147.5
3,144.9
3,143.9
4,143.9
4,143.9
5,143.9
5,143.9
6,143.9
6,143.9
0,143.9
0,143.9
1,143.9
1,143.9
2,143.9
2,143.9
3,143.9
3,174.9
4,174.9
4,174.9
5,174.4
5,174.4
6,174.4
6,174.4
