0,0
0,0
1,0
1,0
2,0
2,0
3,0
3,0
4,0
4,0
5,0
5,0
6,0
6,0
0,0
0,0
1,0
1,0
2,0
2,0
3,0
3,0
4,0
4,0
5,0
5,0
6,0
6,0
0,0
0,0
1,0
1,55.9
2,55.9
2,55.9
3,55.9
3,55.9
4,55.9
4,55.9
5,55.9
5,55.9
6,55.9
6,55.9
0,55.9
0,55.9
1,55.9
1,55.9
2,55.9
2,55.9
3,55.9
3,55.9
4,55.9
4,55.9
5,55.9
5,55.9
6,55.9
6,55.9
0,55.9
0,55.9
1,55.9
1,55.9
2,55.9
2,55.9
3,55.9
3,55.9
4,55.9
4,55.9
5,55.9
5,55.9
6,55.9
6,55.9
0,55.9
0,55.9
1,55.9
1,55.9
2,55.9
2,55.9
3,55.9
3,55.9
4,55.9
4,55.9
5,55.9
5,55.9
6,55.9
6,55.9
0,55.9
0,55.9
1,55.9
1,55.9
2,55.9
2,55.9
3,55.9
3,55.9
4,55.9
4,55.9
5,55.9
5,55.9
6,55.9
6,55.9
0,55.9
0,55.9
1,55.9
1,55.9
2,55.9
2,55.9
3,55.9
3,55.9
4,55.9
4,55.9
5,55.9
5,55.9
6,55.9
6,55.9
0,55.9
0,55.9
1,55.9
1,55.9
2,55.9
2,55.9
3,55.9
3,55.9
4,55.9
4,55.9
5,55.9
5,55.9
6,55.9
6,55.9
0,55.9
0,55.9
1,55.9
1,55.9
2,55.9
2,55.9
3,55.9
3,55.9
4,55.9
4,55.9
5,55.9
5,55.9
6,55.9
6,55.9
0,55.9
0,55.9
1,55.9
1,55.9
2,55.9
2,55.9
3,55.9
3,55.9
4,55.9
4,55.9
5,55.9
5,55.9
6,55.9
6,55.9
0,55.9
0,55.9
1,55.9
1,55.9
2,55.9
2,55.9
3,55.9
3,55.9
4,55.9
4,55.9
5,55.9
5,55.9
6,55.9
6,55.9
0,55.9
0,55.9
1,55.9
1,55.9
2,55.9
2,55.9
3,55.9
3,55.9
4,55.9
4,55.9
5,55.9
5,55.9
6,55.9
6,55.9
0,55.9
0,55.9
1,55.9
1,55.9
2,55.9
2,55.9
3,55.9
3,55.9
4,55.9
4,55.9
5,55.9
5,55.9
6,55.9
6,55.9
0,55.9
0,55.9
1,55.9
1,55.9
2,55.9
2,55.9
3,55.9
3,55.9
4,55.9
4,55.9
5,55.9
5,55.9
6,55.9
6,55.9
0,55.9
0,55.9
1,55.9
1,55.9
2,55.9
2,55.9
3,55.9
3,55.9
4,55.9
4,55.9
5,55.9
5,55.9
6,55.9
6,55.9
0,55.9
0,55.9
1,55.9
1,55.9
2,55.9
2,55.9
3,55.9
3,55.9
4,55.9
4,55.9
5,55.9
5,55.9
6,55.9
6,55.9
0,55.9
0,55.9
1,55.9
1,55.9
2,55.9
2,55.9
3,55.9
3,55.9
4,55.9
4,55.9
5,55.9
5,55.9
6,55.9
6,55.9
0,55.9
0,55.9
1,55.9
1,55.9
2,55.9
2,55.9
3,55.9
3,55.9
4,55.9
4,55.9
5,55.9
5,55.9
6,55.9
6,55.9
0,55.9
0,55.9
1,55.9
1,55.9
2,55.9
2,55.9
3,55.9
3,55.9
4,55.9
4,55.9
5,55.9
5,55.9
6,55.9
6,55.9
0,55.9
0,55.9
1,55.9
1,55.9
2,55.9
2,55.9
3,55.9
3,55.9
4,55.9
4,55.9
5,55.9
5,55.9
6,55.9
6,55.9
0,55.9
0,55.9
1,55.9
1,55.9
2,55.9
2,55.9
3,55.9
3,55.9
4,55.9
4,55.9
5,55.9
5,55.9
6,55.9
6,55.9
0,55.9
0,55.9
1,55.9
1,55.9
2,75.9
2,75.9
3,75.9
3,75.9
4,75.9
4,75.9
5,75.9
5,75.9
6,75.9
6,75.9
0,75.9
0,75.9
1,75.9
1,75.9
2,75.9
2,75.9
3,75.9
3,75.9
4,75.9
4,75.9
5,75.9
5,75.9
6,75.9
6,75.9
0,75.9
0,75.9
1,75.9
1,75.9
2,75.9
2,75.9
3,75.9
3,75.9
4,75.9
4,75.9
5,75.9
5,75.9
6,75.9
6,75.9
0,75.9
0,75.9
1,75.9
1,75.9
2,75.9
2,75.9
3,75.9
3,75.9
4,75.9
4,75.9
5,75.9
5,75.9
6,75.9
6,75.9
0,72.9
0,72.9
1,72.9
1,72.9
2,72.9
2,72.9
3,72.9
3,72.9
4,72.9
4,72.9
5,72.9
5,72.9
6,72.9
6,72.9
0,72.9
0,72.9
1,72.9
1,72.9
2,72.9
2,72.9
3,72.9
3,72.9
4,72.9
4,72.9
5,72.9
5,72.9
6,72.9
6,72.9
0,72.9
0,72.9
1,72.9
1,72.9
2,72.9
2,72.9
3,72.9
3,72.9
4,72.9
4,72.9
5,72.9
5,72.9
6,72.9
6,72.9
0,72.9
0,72.9
1,72.9
1,72.9
2,72.9
2,72.9
3,72.9
3,72.9
4,72.9
4,72.9
5,72.9
5,72.9
6,72.9
6,72.9
0,72.9
0,72.9
1,72.9
1,72.9
2,72.9
2,72.9
3,72.9
3,72.9
4,72.9
4,72.9
5,72.9
5,72.9
6,72.9
6,72.9
0,72.9
0,72.9
1,72.9
1,72.9
2,72.9
2,72.9
3,72.9
3,72.9
4,72.9
4,72.9
5,72.9
5,72.9
6,72.9
6,72.9
0,72.9
0,72.9
1,72.9
1,72.9
2,72.9
2,72.9
3,72.9
3,72.9
4,69.9
4,69.9
5,69.9
5,69.9
6,69.9
6,69.9
0,69.9
0,69.9
1,69.9
1,69.9
2,69.9
2,69.9
3,69.9
3,69.9
4,69.9
4,69.9
5,69.9
5,69.9
6,69.9
6,69.9
0,69.9
0,69.9
1,69.9
1,69.9
2,69.9
2,69.9
3,69.9
3,69.9
4,69.9
4,69.9
5,69.9
5,69.9
6,69.9
6,69.9
0,69.9
0,69.9
1,69.9
1,69.9
2,69.9
2,69.9
3,69.9
3,69.9
4,69.9
4,69.9
5,69.9
5,69.9
6,69.9
6,69.9
0,69.9
0,69.9
1,69.9
1,69.9
2,69.9
2,69.9
3,69.9
3,69.9
4,69.9
4,69.9
5,69.9
5,69.9
6,69.9
6,69.9
0,69.9
0,69.9
1,69.9
1,69.9
2,69.9
2,69.9
3,69.9
3,69.9
4,69.9
4,69.9
5,69.9
5,69.9
6,69.9
6,69.9
0,69.9
0,69.9
1,69.9
1,69.9
2,69.9
2,69.9
3,69.9
3,69.9
4,69.9
4,69.9
5,69.9
5,69.9
6,69.9
6,69.9
0,69.9
0,69.9
1,69.9
1,69.9
2,69.9
2,69.9
3,69.9
3,69.9
4,69.9
4,69.9
5,69.9
5,69.9
6,69.9
6,69.9
0,69.9
0,69.9
1,69.9
1,69.9
2,69.9
2,69.9
3,69.9
3,69.9
4,69.9
4,69.9
5,69.9
5,69.9
6,69.9
6,69.9
0,69.9
0,69.9
1,69.9
1,69.9
2,69.9
2,69.9
3,69.9
3,68.9
4,68.9
4,68.9
5,68.9
5,68.9
6,68.9
6,68.9
0,68.9
0,68.9
1,68.9
1,68.9
2,68.9
2,68.9
3,68.9
3,68.9
4,68.9
4,67.9
5,67.9
5,67.9
6,67.9
6,67.9
0,67.9
0,67.9
1,67.9
1,67.9
2,67.9
2,66.9
3,66.9
3,65.9
4,65.9
4,65.9
5,65.9
5,65.9
6,65.9
6,65.9
0,65.9
0,65.9
1,65.9
1,64.9
2,64.9
2,64.9
3,64.9
3,64.9
4,64.9
4,64.9
5,64.9
5,64.9
6,64.9
6,64.9
0,64.9
0,64.9
1,64.9
1,64.9
2,64.9
2,64.9
3,64.9
3,64.9
4,64.9
4,64.9
5,64.9
5,64.9
6,64.9
6,64.9
0,64.9
0,64.9
1,64.9
1,64.9
2,64.9
2,64.9
3,64.9
3,64.9
4,64.9
4,64.9
5,64.9
5,64.9
6,64.9
6,64.9
0,64.9
0,64.9
1,64.9
1,64.9
2,64.9
2,64.9
3,64.9
3,64.9
4,64.9
4,64.9
5,64.9
5,64.9
6,64.9
6,64.9
0,64.9
0,64.9
1,64.9
1,64.9
2,64.9
2,64.9
3,64.9
3,64.9
4,64.9
4,64.9
5,64.9
5,64.9
6,64.9
6,64.9
0,64.9
0,64.9
1,64.9
1,64.9
2,64.9
2,64.9
3,64.9
3,64.9
4,64.9
4,64.9
5,64.9
5,64.9
6,64.9
6,64.9
0,64.9
0,64.9
1,64.9
1,64.9
2,64.9
2,64.9
3,64.9
3,64.9
4,64.9
4,64.9
5,64.9
5,63.9
6,63.9
6,63.9
0,63.9
0,63.9
1,63.9
1,63.9
2,63.9
2,63.9
3,63.9
3,63.9
4,63.9
4,63.9
5,63.9
5,63.9
6,63.9
6,63.9
0,63.9
0,63.9
1,63.9
1,63.9
2,63.9
2,63.9
3,63.9
3,63.9
4,63.9
4,63.9
5,63.9
5,63.9
6,63.9
6,63.9
0,63.9
0,63.9
1,63.9
1,63.9
2,63.9
2,63.9
3,63.9
3,63.9
4,63.9
4,63.9
5,63.9
5,63.9
6,63.9
6,63.9
0,63.9
0,63.9
1,63.9
1,63.9
2,63.9
2,63.9
3,63.9
3,63.9
4,63.9
4,63.9
5,63.9
5,63.9
6,63.9
6,63.9
0,63.9
0,63.9
1,63.9
1,63.9
2,63.9
2,63.9
3,61.9
3,61.9
4,61.9
4,61.9
5,61.9
5,61.9
6,61.9
6,61.9
0,61.9
0,61.9
1,59.9
1,59.9
2,59.9
2,59.9
3,59.9
3,59.9
4,59.9
4,59.9
5,59.9
5,59.9
6,59.9
6,59.9
0,59.9
0,59.9
1,69.9
1,69.9
2,69.9
2,69.9
3,69.9
3,69.9
4,69.9
4,69.9
5,69.9
5,69.9
6,69.9
6,69.9
0,69.9
0,69.9
1,69.9
1,69.9
2,69.9
2,69.9
3,69.9
3,69.9
4,69.9
4,69.9
5,69.9
5,69.9
6,69.9
6,69.9
0,69.9
0,69.9
1,69.9
1,69.9
2,69.9
2,69.9
3,69.9
3,69.9
4,69.9
4,69.9
5,69.9
5,69.9
6,69.9
6,69.9
0,69.9
0,69.9
1,69.9
1,69.9
2,69.9
2,69.9
3,69.9
3,69.9
4,69.9
4,69.9
5,69.9
5,69.9
6,69.9
6,69.9
0,69.9
0,74.9
1,74.9
1,74.9
2,74.9
2,74.9
3,74.9
3,74.9
4,74.9
4,74.9
5,74.9
5,74.9
6,74.9
6,74.9
0,74.9
0,74.9
1,74.9
1,73.9
2,73.9
2,73.9
3,73.9
3,73.9
4,73.9
4,73.9
5,73.9
5,73.9
6,73.9
6,73.9
0,73.9
0,73.9
1,73.9
1,73.9
2,73.9
2,73.9
3,73.9
3,73.9
4,73.9
4,73.9
5,73.9
5,73.9
6,73.9
6,73.9
0,73.9
0,73.9
1,73.9
1,73.9
2,73.9
2,73.9
3,73.9
3,73.9
4,73.9
4,73.9
5,73.9
5,73.9
6,73.9
6,73.9
0,73.9
0,73.9
1,73.9
1,73.9
2,73.9
2,73.9
3,73.9
3,73.9
4,73.9
4,73.9
5,73.9
5,73.9
6,73.9
6,73.9
0,73.9
0,74.9
1,74.9
1,74.9
2,74.9
2,74.9
3,74.9
3,74.9
4,74.9
4,74.9
5,74.9
5,74.9
6,74.9
6,74.9
0,74.9
0,74.9
1,74.9
1,74.9
2,74.9
2,74.9
3,74.9
3,74.9
4,74.9
4,74.9
5,74.9
5,74.9
6,74.9
6,74.9
0,74.9
0,74.9
1,74.9
1,74.9
2,74.9
2,74.9
3,74.9
3,74.9
4,74.9
4,74.9
5,74.9
5,74.9
6,74.9
6,74.9
0,74.9
0,74.9
1,74.9
1,74.9
2,74.9
2,74.9
3,74.9
3,74.9
4,74.9
4,74.9
5,74.9
5,74.9
6,74.9
6,74.9
0,74.9
0,74.9
1,74.9
1,74.9
2,74.9
2,74.9
3,74.9
3,74.9
4,74.9
4,86.9
5,86.9
5,86.9
6,86.9
6,86.9
0,86.9
0,86.9
1,86.9
1,86.9
2,86.9
2,86.9
3,86.9
3,86.9
4,86.9
4,86.9
5,86.9
5,86.9
6,86.9
6,86.9
0,86.9
0,86.9
1,86.9
1,86.9
2,86.9
2,86.9
3,86.9
3,86.9
4,86.9
4,86.9
5,86.9
5,86.9
6,86.9
6,86.9
0,86.9
0,86.9
1,86.9
1,86.9
2,86.9
2,86.9
3,86.9
3,86.9
4,86.9
4,86.9
5,86.9
5,86.9
6,86.9
6,86.9
0,86.9
0,86.9
1,86.9
1,86.9
2,86.9
2,86.9
3,86.9
3,86.9
4,86.9
4,86.9
5,86.9
5,86.9
6,86.9
6,86.9
0,86.9
0,86.9
1,86.9
1,86.9
2,86.9
2,86.9
3,86.9
3,86.9
4,86.9
4,86.9
5,86.9
5,86.9
6,86.9
6,86.9
0,86.9
0,86.9
1,86.9
1,86.9
2,86.9
2,86.9
3,86.9
3,86.9
4,86.9
4,86.9
5,86.9
5,86.9
6,86.9
6,86.9
0,86.9
0,86.9
1,86.9
1,86.9
2,86.9
2,86.9
3,86.9
3,86.9
4,86.9
4,86.9
5,86.9
5,86.9
6,86.9
6,86.9
0,86.9
0,86.9
1,86.9
1,86.9
2,86.9
2,86.9
3,86.9
3,86.9
4,86.9
4,86.9
5,86.9
5,86.9
6,86.9
6,86.9
0,86.9
0,86.9
1,86.9
1,86.9
2,86.9
2,86.9
3,86.9
3,86.9
4,86.9
4,86.9
5,86.9
5,86.9
6,86.9
6,86.9
0,86.9
0,86.9
1,86.9
1,86.9
2,86.9
2,86.9
3,86.9
3,86.9
4,86.9
4,86.9
5,86.9
5,86.9
6,86.9
6,86.9
0,86.9
0,86.9
1,86.9
1,86.9
2,86.9
2,86.9
3,86.9
3,86.9
4,86.9
4,86.9
5,86.9
5,86.9
6,86.9
6,86.9
0,86.9
0,86.9
1,86.9
1,86.9
2,86.9
2,86.9
3,86.9
3,86.9
4,86.9
4,86.9
5,86.9
5,86.9
6,86.9
6,86.9
0,86.9
0,86.9
1,86.9
1,86.9
2,86.9
2,86.9
3,86.9
3,86.9
4,86.9
4,86.9
5,86.9
5,86.9
6,86.9
6,86.9
0,86.9
0,86.9
1,86.9
1,86.9
2,86.9
2,79.9
3,79.9
3,79.9
4,79.9
4,79.9
5,79.9
5,79.9
6,79.9
6,79.9
0,79.9
0,79.9
1,79.9
1,79.9
2,79.9
2,79.9
3,79.9
3,79.9
4,79.9
4,79.9
5,79.9
5,79.9
6,79.9
6,79.9
0,79.9
0,79.9
1,79.9
1,79.9
2,79.9
2,79.9
3,79.9
3,79.9
4,79.9
4,79.9
5,79.9
5,79.9
6,79.9
6,79.9
0,79.9
0,79.9
1,79.9
1,79.9
2,79.9
2,79.9
3,79.9
3,79.9
4,79.9
4,79.9
5,79.9
5,79.9
6,79.9
6,79.9
0,79.9
0,79.9
1,79.9
1,79.9
2,79.9
2,79.9
3,79.9
3,79.9
4,79.9
4,79.9
5,79.9
5,79.9
6,79.9
6,79.9
0,79.9
0,79.9
1,79.9
1,79.9
2,79.9
2,79.9
3,79.9
3,79.9
4,79.9
4,79.9
5,79.9
5,79.9
6,79.9
6,79.9
0,79.9
0,79.9
1,79.9
1,79.9
2,79.9
2,79.9
3,79.9
3,79.9
4,79.9
4,79.9
5,79.9
5,79.9
6,79.9
6,79.9
