0,126.80000000000001
0,124.80000000000001
1,124.80000000000001
1,123.9
2,121.80000000000001
2,121.80000000000001
3,121.80000000000001
3,121.80000000000001
4,120.9
4,119.9
5,119.9
5,119.9
6,119.9
6,117.9
0,117.9
0,115.9
1,115.60000000000001
1,115.60000000000001
2,115.60000000000001
2,115.60000000000001
3,114.80000000000001
3,114.80000000000001
4,113.9
4,113.9
5,113.9
5,113.9
6,113.9
6,113.9
0,113.9
0,112.9
1,112.9
1,112.9
2,112.9
2,112.9
3,143.65
3,142.7
4,142.5
4,142.5
5,142.5
5,142.5
6,141.4
6,141.9
0,141.9
0,141.9
1,139.8
1,139.8
2,139.8
2,137.9
3,135.65
3,135.65
4,133.9
4,131.9
5,131.9
5,131.9
6,130.9
6,128.9
0,127.90000000000002
0,126.9
1,125.5
1,124.9
2,124.9
2,124.9
3,121.3
3,121.3
4,119.9
4,119.9
5,119.9
5,119.9
6,119.9
6,119.9
0,118.65
0,118.65
1,118.65
1,118.65
2,118.65
2,118.65
3,143.9
3,143.4
4,143.4
4,143.4
5,142.9
5,142.9
6,142.9
6,137.9
0,137.9
0,136.9
1,136.9
1,136.9
2,136.9
2,135.8
3,135.8
3,130.9
4,130.9
4,130.9
5,130.9
5,130.9
6,130.9
6,130.9
0,127.9
0,127.7
1,125.15
1,123.9
2,123.9
2,123.9
3,122.15
3,122.15
4,122.15
4,147.9
5,147.9
5,147.9
6,147.9
6,147.4
0,147.4
0,147.4
1,147.4
1,147.4
2,147.4
2,147.4
3,147.4
3,142.9
4,142.9
4,141.9
5,141.9
5,141.9
6,141.9
6,141.9
0,141.9
0,141.9
1,141.9
1,141.9
2,141.9
2,141.9
3,141.9
3,141.9
4,141.9
4,141.9
5,141.9
5,141.9
6,141.9
6,141.9
0,141.9
0,141.9
1,141.9
1,141.9
2,141.9
2,141.9
3,141.9
3,141.9
4,141.9
4,141.9
5,141.9
5,141.9
6,141.9
6,141.9
0,141.9
0,141.9
1,141.9
1,141.9
2,141.9
2,141.9
3,141.9
3,141.9
4,141.9
4,141.9
5,141.9
5,141.9
6,141.9
6,141.9
0,141.9
0,141.9
1,141.9
1,141.9
2,141.9
2,141.9
3,141.9
3,141.9
4,141.9
4,141.9
5,141.9
5,141.9
6,141.9
6,141.9
0,141.9
0,141.9
1,141.9
1,141.9
2,141.9
2,141.9
3,141.9
3,141.9
4,141.9
4,141.9
5,141.9
5,141.9
6,141.9
6,141.9
0,141.9
0,141.9
1,141.9
1,141.9
2,141.9
2,141.9
3,141.9
3,141.9
4,141.9
4,141.9
5,141.9
5,141.9
6,141.9
6,141.9
0,141.9
0,141.9
1,141.9
1,141.9
2,141.9
2,141.9
3,141.9
3,141.9
4,141.9
4,141.9
5,141.9
5,141.9
6,141.9
6,141.9
0,141.9
0,141.9
1,141.9
1,141.9
2,141.9
2,141.9
3,141.9
3,141.9
4,141.9
4,141.9
5,141.9
5,141.9
6,141.9
6,141.9
0,141.9
0,141.9
1,141.9
1,141.9
2,141.9
2,141.9
3,141.9
3,120.7
4,120.7
4,120.7
5,120.7
5,149.9
6,149.9
6,149.9
0,149.9
0,149.9
1,149.9
1,149.4
2,147.9
2,147.9
3,147.9
3,147.9
4,147.9
4,147.9
5,147.9
5,147.9
6,147.9
6,147.9
0,147.9
0,146.9
1,146.9
1,144.9
2,144.9
2,141.9
3,141.9
3,137.9
4,137.9
4,137.9
5,137.9
5,137.9
6,137.9
6,137.9
0,135.9
0,135.9
1,135.9
1,135.9
2,135.9
2,135.9
3,135.9
3,135.9
4,135.9
4,135.9
5,135.9
5,135.9
6,135.9
6,135.9
0,135.9
0,135.9
1,135.9
1,135.9
2,135.9
2,135.9
3,135.9
3,135.9
4,135.9
4,135.9
5,135.9
5,135.9
6,135.9
6,135.9
0,135.9
0,135.9
1,135.9
1,135.9
2,135.9
2,135.9
3,135.9
3,160.9
4,160.9
4,160.9
5,160.9
5,160.9
6,160.9
6,160.9
0,160.9
0,160.9
1,157.9
1,157.9
2,157.9
2,157.9
3,155.9
3,155.9
4,155.9
4,155.9
5,155.9
5,155.9
6,155.9
6,155.9
0,155.29999999999998
0,155.29999999999998
1,155.29999999999998
1,155.29999999999998
2,155.29999999999998
2,150.9
3,147.9
3,146.9
4,146.9
4,146.9
5,146.9
5,146.9
6,146.9
6,146.9
0,140.4
0,140.4
1,140.4
1,140.4
2,140.4
2,140.4
3,140.4
3,140.4
4,140.4
4,140.4
5,135.9
5,135.8
6,134.9
6,134.9
0,134.9
0,134.9
1,134.9
1,134.9
2,134.9
2,132.9
3,132.7
3,132.7
4,132.7
4,132.7
5,132.7
5,132.7
6,132.7
6,132.7
0,131.29999999999998
0,130.7
1,130.7
1,130.7
2,130.7
2,130.7
3,130.7
3,130.7
4,130.7
4,130.7
5,130.7
5,130.7
6,129.9
6,129.9
0,129.9
0,129.9
1,128.9
1,128.9
2,128.9
2,128.9
3,128.9
3,128.9
4,128.9
4,160.9
5,160.9
5,160.9
6,160.9
6,160.9
0,160.9
0,160.9
1,157.9
1,157.9
2,157.9
2,157.9
3,155.9
3,155.7
4,155.7
4,155.7
5,155.7
5,155.7
6,155.7
6,155.7
0,149.5
0,149.5
1,146.5
1,145.9
2,145.7
2,142.8
3,141.9
3,141.9
4,141.9
4,141.9
5,141.9
5,141.9
6,141.9
6,141.9
0,137.9
0,137.9
1,137.9
1,137.9
2,137.9
2,137.9
3,135.9
3,135.9
4,135.29999999999998
4,133.7
5,133.7
5,133.7
6,133.7
6,133.7
0,133.7
0,133.7
1,132.9
1,132.9
2,132.9
2,132.9
3,132.7
3,131.7
4,131.7
4,130.7
5,130.7
5,130.7
6,130.7
6,130.7
0,130.7
0,128.7
1,128.16666666666666
1,127.7
2,127.7
2,127.7
3,127.7
3,127.7
4,127.7
4,127.7
5,127.7
5,126.9
6,126.9
6,126.9
0,126.7
0,126.7
1,125.9
1,125.9
2,124.7
2,124.7
3,124.7
3,123.7
4,123.7
4,123.7
5,123.7
5,123.7
6,123.7
6,123.7
0,123.7
0,123.7
1,123.7
1,123.7
2,123.7
2,123.7
3,123.7
3,123.7
4,123.7
4,123.7
5,123.7
5,154.9
6,154.9
6,154.9
0,154.9
0,154.9
1,154.9
1,153.9
2,152.9
2,147.9
3,147.9
3,145.83333333333334
4,145.83333333333334
4,145.83333333333334
5,145.83333333333334
5,145.83333333333334
6,145.83333333333334
6,145.83333333333334
0,142.6
0,141.5
1,141.5
1,140.5
2,139.5
2,138.5
3,137.7
3,137.0
4,135.5
4,135.5
5,134.5
5,134.5
6,134.5
6,134.5
0,131.5
0,131.5
1,131.5
1,131.5
2,131.5
2,131.5
3,128.0
3,128.0
4,128.0
4,128.0
5,128.0
5,128.0
6,128.0
6,128.0
0,128.0
0,126.5
1,126.5
1,126.5
2,126.5
2,126.5
3,126.5
3,155.9
4,155.9
4,155.9
5,155.9
5,155.9
6,155.9
6,155.9
0,155.4
0,155.4
1,141.9
1,141.9
2,141.9
2,141.9
3,141.9
3,141.9
4,141.9
4,141.9
5,141.9
5,141.9
6,141.9
6,141.9
0,141.9
0,138.4
1,135.3
1,133.5
2,132.5
2,132.5
3,131.7
3,131.7
4,130.75
4,129.45
5,129.5
5,129.5
6,129.5
6,129.5
0,127.9
0,127.9
1,127.9
1,125.5
2,125.5
2,125.5
3,125.5
3,125.5
4,125.5
4,125.5
5,125.5
5,125.5
6,125.5
6,125.5
0,125.5
0,125.5
1,125.5
1,124.5
2,157.9
2,157.9
3,157.9
3,157.9
4,157.9
4,157.9
5,157.9
5,157.9
6,157.9
6,157.9
0,155.9
0,155.9
1,153.9
1,150.60000000000002
2,146.9
2,145.9
3,145.9
3,141.96666666666667
4,141.3
4,139.9
5,139.9
5,139.9
6,139.9
6,139.9
0,139.9
0,138.4
1,138.4
1,133.3
2,132.1
2,132.1
3,130.3
3,129.9
4,127.80000000000001
4,127.80000000000001
5,127.80000000000001
5,127.80000000000001
6,126.3
6,126.06000000000002
0,126.06000000000002
0,126.06000000000002
1,126.06000000000002
1,125.5
2,125.5
2,125.5
3,125.5
3,125.4
4,125.4
4,125.4
5,125.4
5,125.4
6,125.4
6,121.9
0,121.9
0,121.9
1,121.9
1,121.9
2,120.7
2,120.7
3,120.5
3,119.96666666666665
4,119.96666666666665
4,119.96666666666665
5,119.96666666666665
5,119.96666666666665
6,119.96666666666665
6,119.96666666666665
0,119.96666666666665
0,118.7
1,118.7
1,118.7
2,118.7
2,118.7
3,118.7
3,147.4
4,147.4
4,147.4
5,147.4
5,147.4
6,147.4
6,147.4
0,147.4
0,147.4
1,147.4
1,147.4
2,143.6
2,140.7
3,136.9
3,136.9
4,135.9
4,135.9
5,135.9
5,135.9
6,135.9
6,135.7
0,135.5
0,133.10000000000002
1,131.1
1,129.1
2,127.7
2,127.7
3,125.7
3,124.7
4,123.7
4,124.7
5,124.7
5,124.7
6,124.7
6,124.7
0,124.2
0,124.2
1,123.2
1,123.2
2,122.7
2,122.7
3,122.7
3,122.7
4,122.7
4,122.7
5,122.7
5,122.7
6,122.2
6,122.2
0,121.7
0,121.7
1,121.6
1,121.6
2,121.5
2,121.5
3,121.5
3,121.5
4,121.5
4,121.5
5,121.44999999999999
5,121.44999999999999
6,121.4
6,121.4
0,136.15
0,136.15
1,150.9
1,150.9
2,150.9
2,150.9
3,150.65
3,150.65
4,149.15
4,146.4
5,145.06666666666666
5,142.9
6,142.9
6,140.9
0,140.3
0,140.3
1,139.7
1,139.7
2,139.7
2,136.7
3,136.2
3,136.2
4,135.7
4,135.7
5,135.7
5,135.7
6,135.7
6,135.7
0,133.70000000000002
0,133.70000000000002
1,131.1
1,131.1
2,130.2
2,128.9
3,128.9
3,128.7
4,130.7
4,130.7
5,130.7
5,129.5
6,129.5
6,128.9
0,127.5
0,126.7
1,126.7
1,126.7
2,126.7
2,126.55
3,126.7
3,126.7
4,126.7
4,126.7
5,126.7
5,126.7
6,126.7
6,126.7
0,143.3
0,143.3
1,159.9
1,159.9
2,159.9
2,159.9
3,158.9
3,158.9
4,155.83333333333334
4,155.83333333333334
5,154.7
5,154.7
6,154.6
6,153.9
0,151.16666666666666
0,149.4
1,147.6777777777778
1,145.7
2,145.7
2,144.5
3,143.76666666666665
3,142.7
4,142.04999999999998
4,140.8
5,140.26666666666665
5,137.73333333333335
6,136.9
6,135.4
0,135.4
0,135.4
1,135.4
1,135.4
2,134.7
2,134.7
3,133.7
3,133.7
4,133.7
4,131.8
5,131.8
5,131.8
6,130.7
6,130.7
0,129.9
0,129.9
1,129.7
1,129.7
2,129.7
2,129.7
3,129.7
3,129.7
4,128.5
4,160.9
5,160.9
5,160.9
6,160.9
6,160.9
0,160.9
0,160.9
1,159.9
1,156.9
2,155.7
2,155.7
3,155.7
3,155.7
4,153.7
4,151.26
5,151.26
5,151.26
6,151.26
6,148.5
0,146.5
0,145.29999999999998
1,143.5
1,142.9
2,142.4
2,141.4
3,141.4
3,141.4
4,136.9
4,136.9
5,136.5
5,135.5
6,135.5
6,134.5
0,134.83333333333334
0,134.83333333333334
1,134.83333333333334
1,133.5
2,133.5
2,133.5
3,133.5
3,133.5
4,133.5
4,162.9
5,162.9
5,162.9
6,162.9
6,162.9
0,161.15
0,159.3
1,159.3
1,159.3
2,155.9
2,155.9
3,155.9
3,155.9
4,155.9
4,153.9
5,153.9
5,153.9
6,153.9
6,153.9
0,153.9
0,153.9
1,153.9
1,153.9
2,153.9
2,153.9
3,153.9
3,153.9
4,153.9
4,153.9
5,153.9
5,153.7
6,152.4
6,152.4
0,152.4
0,149.4
1,149.4
1,145.9
2,145.9
2,141.9
3,138.9
3,138.9
4,138.9
4,136.0
5,136.0
5,136.0
6,136.0
6,167.9
0,167.9
0,167.9
1,167.9
1,167.4
2,167.4
2,167.4
3,167.4
3,164.9
4,164.9
4,160.04999999999998
5,160.04999999999998
5,160.04999999999998
6,159.2
6,159.2
0,157.9
0,155.05
1,155.05
1,155.05
2,151.5
2,151.5
3,151.5
3,147.9
4,147.9
4,145.05
5,143.9
5,143.9
6,140.9
6,140.7
0,140.5
0,140.5
1,139.7
1,139.7
2,139.7
2,139.7
3,139.7
3,139.7
4,139.7
4,139.7
5,139.7
5,139.7
6,139.7
6,139.7
0,138.7
0,138.7
1,138.7
1,137.7
2,137.7
2,137.7
3,137.7
3,137.7
4,167.7
4,167.7
5,167.7
5,167.7
6,167.7
6,167.7
0,167.7
0,167.7
1,167.7
1,165.9
2,162.9
2,162.9
3,162.9
3,162.9
4,162.9
4,162.9
5,162.9
5,162.9
6,162.9
6,162.9
0,162.9
0,162.9
1,162.9
1,156.8
2,156.8
2,156.8
3,156.8
3,156.8
4,156.8
4,156.8
5,149.8
5,149.8
6,149.8
6,149.8
0,149.8
0,149.8
1,146.7
1,146.7
2,146.7
2,146.7
3,146.7
3,146.7
4,146.7
4,146.7
5,146.7
5,146.7
6,144.7
6,141.7
0,141.7
0,141.7
1,141.7
1,141.7
2,141.7
2,141.7
3,141.7
3,139.7
4,139.7
4,167.9
5,167.9
5,167.9
6,167.9
6,167.9
0,167.9
0,167.9
1,167.9
1,166.9
2,166.9
2,166.9
3,166.9
3,166.9
4,166.7
4,162.6
5,162.6
5,162.6
6,162.6
6,162.6
0,162.6
0,162.6
1,162.6
1,162.6
2,162.6
2,162.6
3,158.4333333333333
3,158.4333333333333
4,158.4333333333333
4,154.8
5,154.8
5,154.8
6,154.8
6,154.8
0,154.8
0,154.3
1,154.3
1,152.4
2,145.7
2,145.7
3,143.7
3,143.7
4,143.7
4,141.2
5,141.2
5,139.7
6,139.7
6,139.7
0,139.7
0,139.7
1,139.7
1,139.7
2,138.7
2,138.7
3,138.7
3,138.7
4,138.7
4,138.7
5,138.7
5,138.7
6,138.7
6,138.7
0,138.7
0,138.7
1,138.7
1,138.7
2,138.7
2,138.7
3,138.7
3,138.7
4,138.7
4,138.7
5,138.7
5,138.7
6,138.7
6,138.7
0,138.7
0,138.7
1,138.7
1,138.7
2,138.7
2,167.9
3,167.9
3,166.9
4,166.9
4,166.9
5,166.9
5,166.9
6,166.9
6,166.9
0,166.9
0,166.9
1,166.9
1,166.9
2,165.9
2,165.9
3,164.4
3,164.4
4,161.4
4,161.4
5,161.4
5,161.4
6,159.4
6,159.4
0,154.35000000000002
0,149.7
1,149.7
1,149.7
2,148.9
2,147.7
3,145.7
3,145.7
4,141.16666666666666
4,141.16666666666666
5,138.9
5,138.9
6,136.4
6,136.4
0,138.9
0,138.9
1,138.9
1,138.7
2,137.4
2,137.4
3,137.4
3,137.4
4,137.4
4,137.4
5,137.4
5,137.4
6,167.9
6,167.9
0,167.9
0,167.9
1,167.9
1,167.9
2,165.9
2,159.7
3,158.7
3,157.7
4,157.7
4,157.7
5,157.7
5,157.7
6,157.7
6,152.7
0,149.7
0,149.7
1,149.7
1,149.7
2,149.7
2,149.7
3,144.7
3,144.7
4,142.7
4,142.7
5,141.7
5,141.5
6,140.7
6,140.7
0,140.7
0,140.7
1,140.7
1,139.7
2,139.7
2,139.7
3,139.7
3,139.7
4,139.7
4,139.7
5,139.7
5,139.7
6,139.7
6,139.7
0,139.7
0,139.7
1,139.7
1,139.7
2,139.7
2,139.7
3,139.7
3,140.7
4,139.89999999999998
4,151.61999999999998
5,151.61999999999998
5,151.61999999999998
6,151.61999999999998
6,151.61999999999998
0,159.9
0,159.9
1,159.9
1,159.9
2,159.9
2,159.9
3,159.9
3,158.9
4,158.9
4,158.9
5,158.9
5,157.9
6,152.7
6,150.7
0,150.7
0,150.7
1,150.7
1,150.7
2,150.7
2,150.7
3,150.7
3,148.7
4,148.7
4,148.7
5,148.7
5,148.7
6,147.9
6,146.9
0,146.9
0,145.7
1,145.7
1,145.7
2,145.7
2,145.7
3,145.7
3,174.9
4,174.9
4,174.9
5,174.4
5,172.9
6,172.9
6,172.9
