0,0
0,0
1,107.69999999999999
1,102.4
2,102.4
2,102.4
3,102.4
3,102.4
4,102.4
4,102.4
5,102.4
5,102.4
6,102.4
6,102.4
0,102.4
0,102.4
1,101.10000000000001
1,100.3
2,100.3
2,99.1
3,98.4
3,98.4
4,98.4
4,98.4
5,98.4
5,98.4
6,98.4
6,98.4
0,96.65
0,96.4
1,96.4
1,96.4
2,96.4
2,96.4
3,127.4
3,127.4
4,127.4
4,127.4
5,127.4
5,127.4
6,125.9
6,125.9
0,125.9
0,125.9
1,123.9
1,121.4
2,121.4
2,117.9
3,116.65
3,114.9
4,113.9
4,112.9
5,112.9
5,112.9
6,111.9
6,111.30000000000001
0,109.4
0,107.9
1,105.89999999999999
1,103.9
2,103.9
2,103.9
3,103.9
3,103.9
4,103.9
4,103.9
5,103.9
5,103.9
6,103.9
6,101.9
0,101.9
0,101.9
1,101.9
1,101.9
2,101.9
2,101.9
3,129.9
3,128.4
4,128.4
4,128.4
5,126.9
5,125.9
6,125.9
6,125.9
0,121.9
0,119.4
1,117.9
1,115.9
2,115.9
2,115.9
3,114.4
3,112.9
4,112.9
4,112.9
5,112.9
5,112.9
6,111.9
6,110.9
0,110.9
0,109.9
1,108.73333333333335
1,107.4
2,106.9
2,113.56666666666668
3,105.4
3,103.9
4,117.4
4,117.4
5,117.4
5,117.4
6,117.4
6,131.4
0,129.9
0,129.9
1,129.9
1,129.9
2,129.9
2,129.9
3,129.9
3,129.9
4,129.9
4,120.9
5,120.9
5,120.9
6,120.9
6,120.9
0,120.9
0,120.9
1,120.9
1,120.9
2,120.9
2,120.9
3,120.9
3,120.9
4,120.9
4,120.9
5,120.9
5,120.9
6,120.9
6,120.9
0,120.9
0,120.9
1,120.9
1,120.9
2,120.9
2,120.9
3,120.9
3,120.9
4,120.9
4,120.9
5,120.9
5,120.9
6,120.9
6,120.9
0,120.9
0,120.9
1,120.9
1,120.9
2,120.9
2,120.9
3,120.9
3,120.9
4,120.9
4,120.9
5,120.9
5,120.9
6,120.9
6,120.9
0,120.9
0,120.9
1,120.9
1,120.9
2,120.9
2,120.9
3,120.9
3,120.9
4,120.9
4,120.9
5,120.9
5,120.9
6,120.9
6,120.9
0,120.9
0,120.9
1,120.9
1,120.9
2,120.9
2,120.9
3,120.9
3,120.9
4,120.9
4,120.9
5,120.9
5,120.9
6,120.9
6,120.9
0,120.9
0,120.9
1,120.9
1,120.9
2,120.9
2,120.9
3,120.9
3,120.9
4,120.9
4,120.9
5,120.9
5,120.9
6,120.9
6,120.9
0,120.9
0,120.9
1,120.9
1,120.9
2,120.9
2,120.9
3,120.9
3,120.9
4,120.9
4,120.9
5,120.9
5,120.9
6,120.9
6,120.9
0,120.9
0,120.9
1,120.9
1,120.9
2,120.9
2,120.9
3,120.9
3,120.9
4,120.9
4,120.9
5,120.9
5,120.9
6,120.9
6,120.9
0,120.9
0,120.9
1,120.9
1,120.9
2,120.9
2,120.9
3,103.7
3,103.5
4,103.5
4,103.5
5,103.5
5,103.5
6,133.9
6,133.9
0,118.7
0,118.7
1,118.7
1,118.7
2,118.7
2,118.7
3,118.7
3,118.7
4,118.7
4,118.7
5,118.7
5,118.7
6,118.7
6,118.7
0,133.4
0,131.9
1,131.9
1,131.9
2,131.4
2,131.4
3,131.4
3,131.4
4,131.4
4,131.4
5,131.4
5,131.4
6,131.4
6,131.4
0,131.4
0,129.9
1,129.9
1,129.9
2,129.9
2,127.8
3,127.8
3,125.9
4,125.9
4,125.9
5,125.9
5,125.9
6,122.3
6,122.3
0,122.3
0,120.4
1,120.4
1,120.4
2,120.4
2,120.4
3,120.4
3,120.4
4,120.4
4,120.4
5,120.4
5,120.4
6,120.4
6,120.4
0,120.4
0,120.4
1,120.4
1,117.9
2,117.9
2,117.9
3,144.9
3,144.9
4,144.9
4,144.9
5,144.9
5,144.9
6,144.9
6,144.9
0,144.4
0,144.4
1,144.4
1,144.4
2,144.4
2,139.9
3,139.9
3,139.9
4,139.9
4,139.9
5,139.9
5,139.9
6,139.9
6,139.9
0,139.9
0,137.9
1,137.9
1,133.9
2,130.9
2,129.9
3,128.9
3,127.4
4,127.4
4,125.9
5,125.9
5,124.9
6,124.9
6,123.9
0,123.9
0,122.4
1,120.9
1,120.9
2,121.4
2,121.4
3,119.9
3,119.9
4,118.9
4,118.9
5,118.9
5,118.9
6,118.9
6,118.9
0,118.9
0,117.9
1,116.9
1,115.80000000000001
2,115.80000000000001
2,115.80000000000001
3,115.80000000000001
3,115.80000000000001
4,115.80000000000001
4,115.15
5,113.9
5,113.9
6,113.9
6,113.9
0,113.9
0,113.9
1,113.9
1,113.9
2,113.9
2,113.9
3,113.9
3,113.9
4,113.9
4,113.9
5,113.9
5,113.9
6,113.9
6,113.9
0,112.9
0,112.9
1,112.5
1,112.5
2,111.9
2,111.9
3,111.9
3,111.9
4,144.9
4,144.9
5,144.9
5,144.9
6,144.9
6,144.9
0,144.9
0,144.9
1,144.9
1,139.9
2,139.9
2,135.9
3,135.9
3,133.9
4,133.9
4,133.9
5,132.9
5,132.9
6,132.9
6,132.9
0,131.9
0,131.9
1,130.9
1,129.9
2,129.3
2,129.3
3,127.9
3,125.9
4,124.9
4,124.9
5,123.9
5,123.9
6,123.9
6,123.9
0,122.9
0,122.9
1,122.9
1,121.9
2,121.9
2,121.9
3,121.9
3,120.9
4,120.9
4,119.9
5,119.9
5,118.9
6,117.9
6,117.9
0,117.9
0,117.9
1,116.9
1,116.9
2,116.9
2,116.9
3,116.9
3,115.9
4,115.9
4,115.9
5,115.9
5,115.9
6,115.9
6,115.9
0,115.9
0,115.9
1,115.9
1,114.9
2,113.9
2,113.9
3,113.9
3,113.9
4,113.9
4,113.5
5,113.5
5,113.5
6,113.5
6,112.9
0,112.9
0,111.9
1,111.9
1,111.4
2,110.9
2,110.9
3,110.9
3,110.9
4,110.9
4,110.9
5,110.9
5,110.9
6,110.9
6,110.9
0,109.9
0,109.9
1,109.9
1,109.9
2,109.9
2,109.9
3,107.9
3,107.9
4,107.9
4,107.9
5,107.9
5,139.9
6,139.9
6,139.9
0,139.9
0,139.9
1,136.9
1,136.9
2,134.9
2,134.9
3,134.9
3,134.9
4,134.9
4,134.9
5,134.9
5,134.9
6,130.4
6,129.9
0,127.7
0,126.9
1,125.9
1,125.9
2,125.9
2,124.9
3,124.9
3,123.9
4,121.9
4,120.9
5,120.7
5,120.7
6,120.7
6,120.7
0,119.9
0,119.7
1,119.7
1,119.7
2,118.7
2,118.7
3,119.2
3,117.7
4,117.7
4,117.7
5,116.9
5,116.9
6,116.9
6,115.80000000000001
0,115.15
0,114.4
1,113.9
1,139.9
2,139.9
2,139.9
3,139.9
3,139.9
4,139.9
4,139.9
5,139.9
5,139.9
6,139.9
6,139.9
0,139.4
0,139.4
1,139.4
1,139.4
2,137.9
2,137.9
3,135.4
3,128.4
4,128.4
4,126.9
5,128.4
5,128.4
6,128.4
6,128.4
0,123.4
0,118.9
1,115.9
1,114.4
2,114.4
2,112.9
3,111.9
3,110.9
4,110.9
4,109.9
5,109.9
5,109.9
6,109.9
6,108.9
0,108.9
0,108.9
1,108.9
1,108.9
2,108.9
2,108.9
3,108.9
3,108.9
4,108.9
4,108.9
5,108.9
5,108.9
6,108.9
6,108.9
0,108.9
0,141.9
1,141.9
1,141.9
2,141.9
2,141.9
3,141.9
3,141.9
4,141.4
4,141.4
5,139.9
5,139.9
6,139.9
6,139.9
0,139.9
0,139.9
1,136.9
1,136.5
2,133.9
2,132.9
3,130.9
3,130.9
4,129.0
4,126.7
5,125.7
5,125.5
6,125.5
6,124.9
0,124.7
0,123.80000000000001
1,123.5
1,123.5
2,122.4
2,121.7
3,120.7
3,120.7
4,120.2
4,119.5
5,119.5
5,119.5
6,119.5
6,118.9
0,118.9
0,116.7
1,116.1
1,116.1
2,115.5
2,114.9
3,114.7
3,114.35
4,114.35
4,111.9
5,111.9
5,111.9
6,111.9
6,111.9
0,110.9
0,109.9
1,109.9
1,109.05000000000001
2,107.9
2,107.4
3,107.4
3,106.9
4,106.9
4,106.4
5,106.4
5,106.4
6,106.4
6,105.4
0,105.4
0,105.4
1,105.4
1,105.4
2,105.4
2,131.9
3,131.9
3,131.9
4,131.4
4,131.4
5,131.4
5,131.4
6,131.4
6,131.4
0,131.4
0,131.4
1,129.9
1,128.9
2,126.9
2,126.9
3,123.9
3,123.9
4,123.9
4,121.9
5,121.9
5,121.9
6,120.9
6,120.9
0,116.9
0,114.25
1,114.25
1,111.7
2,110.2
2,107.4
3,107.4
3,107.4
4,107.0
4,106.7
5,107.0
5,107.0
6,107.0
6,108.4
0,107.9
0,107.9
1,107.9
1,107.9
2,107.4
2,107.4
3,106.9
3,106.9
4,106.9
4,105.9
5,105.9
5,105.9
6,105.9
6,105.9
0,105.9
0,105.9
1,105.9
1,105.9
2,105.9
2,105.9
3,105.9
3,105.9
4,105.9
4,105.9
5,105.9
5,105.9
6,105.9
6,105.9
0,105.9
0,105.9
1,105.9
1,134.9
2,134.9
2,134.9
3,134.9
3,134.9
4,132.73333333333335
4,127.30000000000001
5,125.7
5,125.7
6,125.7
6,125.7
0,124.80000000000001
0,124.80000000000001
1,123.9
1,123.9
2,123.9
2,123.9
3,123.9
3,121.4
4,121.4
4,121.4
5,121.4
5,114.8
6,114.8
6,114.8
0,114.8
0,114.8
1,114.8
1,113.9
2,113.9
2,113.9
3,113.9
3,113.9
4,109.30000000000001
4,108.5
5,107.9
5,107.9
6,107.9
6,107.9
0,107.9
0,107.9
1,107.9
1,107.9
2,107.9
2,107.9
3,107.9
3,107.9
4,107.9
4,107.9
5,107.9
5,107.9
6,107.9
6,107.9
0,141.9
0,141.9
1,141.9
1,141.9
2,141.4
2,141.4
3,140.9
3,136.23333333333335
4,133.9
4,131.9
5,131.4
5,129.9
6,128.9
6,128.9
0,127.4
0,125.9
1,125.4
1,123.4
2,122.4
2,120.9
3,120.4
3,118.9
4,118.9
4,117.9
5,117.9
5,117.9
6,117.9
6,117.9
0,117.9
0,116.9
1,116.9
1,116.9
2,116.9
2,115.9
3,115.9
3,114.30000000000003
4,113.5
4,113.5
5,113.5
5,113.5
6,113.5
6,113.5
0,113.5
0,113.5
1,112.9
1,112.9
2,112.9
2,112.9
3,112.9
3,127.4
4,127.4
4,127.4
5,127.4
5,127.4
6,127.4
6,127.4
0,127.4
0,127.4
1,127.4
1,127.4
2,136.9
2,133.4
3,133.4
3,131.9
4,131.9
4,131.9
5,131.9
5,131.9
6,131.9
6,131.9
0,131.9
0,128.9
1,126.9
1,125.9
2,124.4
2,124.4
3,124.4
3,124.4
4,121.9
4,121.9
5,121.9
5,121.9
6,121.9
6,120.9
0,119.9
0,118.4
1,118.4
1,118.4
2,118.4
2,118.4
3,116.9
3,116.9
4,116.9
4,144.9
5,144.9
5,144.9
6,144.9
6,144.9
0,140.7
0,140.7
1,140.7
1,139.9
2,139.9
2,139.9
3,138.9
3,138.9
4,137.9
4,137.9
5,137.9
5,137.9
6,137.9
6,137.9
0,137.9
0,137.9
1,137.9
1,137.9
2,135.9
2,133.9
3,133.9
3,133.9
4,130.9
4,130.9
5,130.9
5,130.9
6,130.9
6,130.9
0,130.9
0,129.9
1,129.9
1,127.4
2,125.4
2,123.4
3,121.9
3,121.9
4,121.9
4,149.9
5,149.9
5,149.9
6,149.9
6,149.9
0,149.9
0,149.9
1,149.9
1,149.9
2,149.9
2,149.9
3,147.9
3,147.9
4,147.9
4,147.9
5,147.9
5,147.9
6,147.9
6,147.9
0,147.9
0,147.9
1,147.9
1,147.9
2,147.9
2,143.9
3,143.9
3,142.9
4,141.9
4,141.9
5,141.9
5,141.9
6,141.9
6,141.9
0,141.9
0,141.9
1,134.9
1,134.9
2,130.5
2,130.5
3,130.5
3,130.5
4,130.5
4,130.5
5,130.5
5,130.5
6,130.5
6,130.5
0,127.9
0,125.9
1,124.9
1,123.4
2,121.9
2,121.9
3,121.9
3,121.9
4,121.9
4,149.9
5,149.9
5,149.9
6,149.9
6,149.9
0,149.9
0,149.9
1,149.9
1,144.9
2,144.9
2,144.9
3,144.9
3,143.9
4,143.9
4,143.9
5,143.9
5,143.9
6,143.9
6,143.9
0,143.9
0,143.9
1,142.9
1,142.9
2,139.9
2,139.9
3,135.9
3,135.9
4,135.9
4,132.4
5,129.9
5,129.9
6,128.4
6,128.4
0,126.9
0,126.9
1,126.9
1,126.9
2,126.9
2,124.9
3,124.9
3,124.9
4,123.4
4,123.4
5,121.4
5,121.4
6,121.4
6,121.4
0,121.4
0,121.4
1,121.4
1,121.4
2,118.9
2,118.9
3,118.9
3,118.9
4,118.9
4,149.9
5,149.9
5,149.9
6,149.9
6,149.9
0,149.9
0,149.9
1,149.9
1,149.9
2,149.9
2,149.9
3,146.9
3,146.9
4,146.9
4,146.9
5,146.9
5,146.9
6,146.9
6,146.9
0,146.9
0,141.9
1,139.9
1,139.9
2,136.9
2,136.9
3,134.4
3,132.9
4,131.9
4,129.9
5,127.4
5,125.9
6,124.9
6,123.9
0,123.9
0,122.9
1,121.9
1,120.9
2,119.9
2,119.9
3,118.9
3,118.9
4,118.9
4,118.9
5,118.9
5,118.9
6,118.9
6,118.9
0,118.9
0,118.9
1,121.9
1,121.9
2,121.9
2,121.9
3,121.9
3,121.9
4,121.9
4,120.9
5,120.9
5,120.9
6,119.9
6,118.9
0,120.7
0,120.7
1,118.9
1,118.9
2,118.9
2,118.9
3,118.9
3,118.9
4,118.9
4,118.9
5,118.9
5,118.9
6,118.9
6,118.9
0,118.9
0,118.9
1,118.9
1,150.9
2,150.9
2,150.9
3,150.9
3,150.9
4,150.9
4,148.4
5,148.4
5,148.4
6,148.4
6,148.4
0,148.4
0,148.4
1,148.4
1,148.4
2,145.9
2,145.9
3,145.9
3,145.9
4,145.9
4,144.65
5,141.9
5,141.9
6,141.9
6,141.9
0,140.4
0,138.9
1,136.9
1,133.4
2,130.9
2,126.9
3,126.9
3,126.9
4,125.4
4,123.4
5,123.4
5,121.9
6,121.9
6,120.9
0,119.9
0,118.9
1,118.9
1,118.9
2,118.9
2,118.9
3,118.9
3,118.9
4,118.9
4,118.9
5,118.9
5,117.9
6,117.9
6,149.9
0,149.9
0,149.9
1,149.9
1,149.9
2,149.9
2,149.9
3,149.9
3,149.9
4,148.9
4,144.9
5,144.9
5,144.9
6,144.9
6,144.9
0,144.9
0,134.9
1,129.9
1,129.9
2,129.9
2,128.9
3,127.9
3,125.4
4,123.9
4,123.9
5,122.9
5,122.9
6,122.9
6,121.9
0,121.9
0,120.9
1,120.9
1,121.9
2,121.9
2,121.9
3,121.9
3,120.4
4,120.4
4,120.4
5,120.4
5,120.4
6,120.4
6,120.4
0,120.4
0,120.4
1,120.4
1,120.4
2,120.4
2,120.4
3,151.9
3,151.9
4,151.9
4,151.9
5,151.9
5,151.9
6,151.9
6,151.9
0,151.9
0,151.9
1,151.9
1,151.9
2,144.9
2,141.4
3,138.9
3,137.9
4,136.9
4,135.9
5,135.9
5,135.9
6,135.9
6,135.9
0,135.9
0,134.9
1,134.9
1,134.9
2,134.9
2,134.9
3,134.9
3,133.9
4,132.9
4,132.9
5,131.9
5,131.9
6,131.9
6,131.9
0,130.9
0,130.9
1,130.9
1,129.9
2,129.7
2,156.9
3,156.9
3,156.9
4,156.9
4,156.9
5,154.9
5,154.9
6,154.9
6,154.9
