0,121.9
0,120.9
1,120.9
1,120.9
2,119.9
2,119.9
3,117.9
3,117.7
4,117.7
4,116.9
5,115.9
5,115.9
6,115.9
6,115.9
0,115.9
0,115.9
1,114.9
1,114.15
2,114.15
2,112.9
3,112.9
3,112.9
4,112.9
4,112.9
5,112.9
5,112.9
6,112.9
6,112.9
0,112.4
0,112.4
1,112.4
1,112.4
2,112.4
2,112.4
3,112.4
3,143.4
4,142.9
4,142.9
5,142.9
5,142.5
6,142.5
6,141.9
0,139.9
0,135.9
1,135.9
1,134.9
2,134.9
2,134.9
3,133.9
3,132.3
4,132.3
4,132.3
5,132.3
5,132.3
6,129.9
6,128.9
0,127.9
0,126.9
1,125.30000000000001
1,121.9
2,121.9
2,121.9
3,119.9
3,119.9
4,119.9
4,119.9
5,119.9
5,119.9
6,119.9
6,117.9
0,117.9
0,117.9
1,117.9
1,117.9
2,117.9
2,117.9
3,145.23333333333335
3,143.65
4,143.65
4,143.65
5,142.9
5,142.9
6,141.9
6,139.9
0,138.9
0,136.9
1,136.9
1,136.9
2,136.9
2,135.9
3,133.03333333333333
3,133.03333333333333
4,133.03333333333333
4,133.03333333333333
5,133.03333333333333
5,131.4
6,131.4
6,129.9
0,129.9
0,126.9
1,124.9
1,124.5
2,123.56666666666666
2,122.56666666666666
3,121.9
3,121.9
4,121.9
4,147.65
5,145.9
5,145.9
6,145.9
6,145.9
0,145.9
0,145.9
1,145.9
1,145.9
2,145.9
2,145.9
3,145.9
3,141.9
4,141.9
4,137.9
5,137.9
5,137.9
6,137.9
6,137.9
0,137.9
0,137.9
1,137.9
1,137.9
2,137.9
2,137.9
3,137.9
3,137.9
4,137.9
4,137.9
5,137.9
5,137.9
6,137.9
6,137.9
0,137.9
0,137.9
1,137.9
1,137.9
2,137.9
2,137.9
3,137.9
3,137.9
4,137.9
4,137.9
5,137.9
5,137.9
6,137.9
6,137.9
0,137.9
0,137.9
1,137.9
1,137.9
2,137.9
2,137.9
3,137.9
3,137.9
4,137.9
4,137.9
5,137.9
5,137.9
6,137.9
6,137.9
0,137.9
0,137.9
1,137.9
1,137.9
2,137.9
2,137.9
3,137.9
3,137.9
4,137.9
4,137.9
5,137.9
5,137.9
6,137.9
6,137.9
0,137.9
0,137.9
1,137.9
1,137.9
2,137.9
2,137.9
3,137.9
3,137.9
4,137.9
4,137.9
5,137.9
5,137.9
6,137.9
6,137.9
0,137.9
0,137.9
1,137.9
1,137.9
2,137.9
2,137.9
3,137.9
3,137.9
4,137.9
4,137.9
5,137.9
5,137.9
6,137.9
6,137.9
0,137.9
0,137.9
1,137.9
1,137.9
2,137.9
2,137.9
3,137.9
3,137.9
4,137.9
4,137.9
5,137.9
5,137.9
6,137.9
6,137.9
0,137.9
0,137.9
1,137.9
1,137.9
2,137.9
2,137.9
3,137.9
3,137.9
4,137.9
4,137.9
5,137.9
5,137.9
6,137.9
6,137.9
0,137.9
0,137.9
1,137.9
1,137.9
2,137.9
2,137.9
3,137.9
3,137.9
4,137.9
4,137.9
5,137.9
5,137.9
6,149.9
6,149.9
0,149.9
0,149.9
1,149.9
1,149.4
2,149.4
2,149.4
3,147.9
3,147.9
4,147.9
4,147.9
5,147.9
5,145.9
6,145.9
6,145.9
0,145.9
0,145.9
1,145.9
1,145.9
2,145.9
2,145.9
3,145.9
3,145.9
4,145.9
4,145.9
5,145.9
5,145.9
6,145.9
6,145.9
0,145.9
0,145.9
1,139.9
1,139.9
2,139.9
2,137.9
3,137.9
3,137.9
4,137.9
4,137.9
5,137.9
5,137.9
6,135.9
6,135.9
0,135.9
0,134.9
1,134.9
1,134.9
2,134.9
2,134.9
3,134.9
3,134.9
4,134.9
4,134.9
5,134.9
5,134.9
6,134.9
6,134.9
0,134.9
0,134.9
1,134.9
1,134.9
2,134.9
2,134.9
3,134.9
3,160.9
4,158.9
4,158.9
5,158.9
5,158.9
6,158.9
6,158.9
0,158.9
0,158.9
1,156.9
1,155.9
2,152.9
2,152.9
3,150.9
3,148.9
4,148.9
4,148.9
5,148.9
5,148.9
6,148.9
6,148.9
0,146.9
0,146.9
1,146.9
1,146.9
2,146.9
2,145.9
3,145.3
3,143.9
4,141.9
4,141.9
5,141.9
5,141.9
6,141.9
6,141.9
0,137.9
0,137.9
1,137.9
1,135.9
2,134.9
2,133.9
3,133.9
3,133.9
4,133.9
4,133.9
5,133.9
5,133.9
6,133.9
6,133.9
0,133.9
0,133.9
1,132.9
1,131.4
2,131.4
2,131.4
3,131.4
3,131.4
4,131.4
4,130.4
5,130.4
5,130.4
6,130.4
6,130.4
0,130.4
0,130.4
1,130.4
1,129.9
2,129.9
2,129.9
3,129.9
3,129.9
4,129.9
4,129.9
5,129.9
5,128.9
6,128.9
6,128.9
0,128.9
0,128.9
1,128.5
1,128.5
2,128.33333333333334
2,128.33333333333334
3,128.33333333333334
3,160.9
4,160.9
4,160.9
5,160.9
5,160.9
6,160.9
6,157.9
0,157.9
0,157.9
1,157.9
1,157.9
2,155.9
2,154.9
3,152.9
3,151.9
4,151.9
4,147.9
5,147.9
5,147.9
6,147.9
6,147.9
0,145.9
0,143.9
1,143.9
1,143.9
2,143.9
2,143.9
3,143.9
3,143.9
4,142.9
4,142.9
5,142.9
5,142.9
6,142.9
6,142.9
0,140.9
0,140.9
1,140.9
1,137.9
2,137.9
2,136.4
3,133.9
3,133.9
4,133.9
4,133.9
5,133.9
5,133.9
6,133.9
6,133.9
0,133.9
0,133.9
1,132.9
1,132.9
2,132.9
2,132.9
3,132.9
3,131.9
4,130.9
4,130.9
5,130.9
5,130.9
6,130.9
6,130.9
0,130.9
0,130.9
1,130.9
1,128.9
2,128.9
2,128.9
3,127.9
3,127.9
4,127.9
4,127.5
5,127.5
5,127.5
6,127.5
6,126.9
0,125.9
0,125.9
1,125.9
1,125.9
2,125.9
2,125.9
3,125.9
3,125.9
4,125.9
4,125.9
5,125.9
5,125.9
6,125.9
6,125.9
0,125.9
0,124.9
1,124.9
1,124.9
2,124.9
2,123.7
3,123.7
3,123.7
4,123.7
4,123.7
5,123.7
5,155.9
6,155.9
6,155.9
0,154.9
0,152.9
1,152.9
1,152.9
2,151.9
2,151.9
3,149.8
3,148.4
4,148.4
4,148.4
5,148.4
5,148.4
6,146.9
6,146.9
0,146.9
0,146.9
1,145.9
1,144.4
2,144.4
2,144.4
3,144.4
3,141.8
4,141.8
4,139.7
5,138.9
5,137.9
6,137.9
6,137.9
0,137.9
0,137.9
1,137.9
1,135.9
2,135.9
2,134.9
3,133.9
3,131.9
4,130.9
4,130.7
5,130.7
5,130.7
6,130.7
6,130.7
0,130.4
0,129.9
1,129.9
1,129.9
2,129.9
2,129.9
3,129.9
3,128.9
4,128.9
4,127.4
5,127.4
5,127.4
6,155.9
6,155.9
0,155.4
0,155.4
1,155.4
1,155.4
2,153.9
2,153.9
3,151.4
3,151.4
4,151.4
4,147.4
5,147.4
5,145.9
6,144.9
6,144.9
0,143.1
0,140.65
1,136.9
1,136.9
2,136.9
2,133.9
3,130.9
3,128.9
4,128.9
4,128.9
5,128.9
5,128.9
6,128.9
6,128.9
0,128.9
0,128.9
1,128.9
1,128.9
2,128.9
2,127.9
3,127.7
3,127.7
4,127.7
4,127.7
5,127.7
5,127.7
6,127.7
6,127.7
0,127.7
0,126.9
1,126.7
1,126.7
2,126.7
2,157.65
3,157.65
3,157.65
4,157.65
4,155.9
5,155.9
5,155.9
6,155.9
6,155.9
0,153.7
0,151.9
1,151.9
1,151.4
2,151.4
2,150.9
3,147.9
3,147.4
4,145.9
4,145.4
5,145.4
5,144.9
6,144.9
6,144.9
0,144.9
0,144.4
1,143.9
1,142.4
2,140.4
2,137.9
3,136.9
3,135.9
4,135.9
4,133.65
5,133.65
5,133.65
6,130.9
6,130.7
0,130.5
0,129.9
1,129.0
1,127.9
2,127.9
2,127.15
3,124.9
3,124.45
4,123.9
4,123.7
5,123.7
5,123.7
6,122.9
6,122.9
0,122.9
0,122.5
1,121.9
1,121.9
2,120.5
2,119.9
3,119.9
3,119.9
4,119.9
4,119.5
5,119.5
5,119.5
6,119.5
6,119.5
0,119.5
0,119.5
1,119.5
1,119.5
2,119.5
2,119.5
3,119.5
3,147.9
4,147.4
4,146.9
5,146.9
5,146.9
6,146.9
6,146.9
0,146.9
0,146.7
1,145.9
1,145.9
2,143.9
2,143.9
3,141.9
3,141.9
4,141.9
4,141.9
5,141.9
5,141.9
6,139.9
6,139.9
0,137.9
0,137.9
1,136.9
1,134.23333333333335
2,134.23333333333335
2,130.9
3,130.9
3,130.9
4,130.9
4,130.9
5,129.9
5,129.9
6,128.9
6,128.9
0,127.9
0,127.9
1,126.16666666666667
1,126.16666666666667
2,123.4
2,123.4
3,122.9
3,122.7
4,122.7
4,121.9
5,121.9
5,121.9
6,121.9
6,121.9
0,121.9
0,121.9
1,121.9
1,121.9
2,121.9
2,121.9
3,121.9
3,121.9
4,121.9
4,121.9
5,121.9
5,121.9
6,121.9
6,121.9
0,121.9
0,121.9
1,121.9
1,150.9
2,150.9
2,150.9
3,150.65
3,149.9
4,149.9
4,147.4
5,145.65
5,143.9
6,143.9
6,143.9
0,142.5666666666667
0,142.5666666666667
1,140.9
1,140.9
2,140.9
2,140.8
3,140.8
3,136.9
4,136.9
4,135.9
5,135.9
5,132.3
6,131.9
6,131.9
0,131.9
0,130.9
1,129.5
1,129.5
2,128.7
2,128.7
3,128.3
3,128.3
4,129.9
4,129.9
5,128.4
5,128.4
6,128.4
6,128.4
0,128.4
0,126.9
1,126.9
1,125.9
2,125.9
2,125.9
3,125.9
3,125.9
4,125.9
4,125.9
5,125.9
5,125.9
6,125.9
6,125.9
0,142.9
0,142.9
1,159.9
1,159.9
2,158.9
2,158.9
3,156.5
3,156.5
4,155.3
4,155.3
5,154.4
5,154.4
6,153.4
6,149.9
0,149.9
0,149.9
1,149.9
1,145.9
2,143.9
2,143.9
3,143.4
3,141.9
4,141.9
4,140.3
5,139.2
5,135.4
6,134.9
6,134.9
0,134.4
0,134.4
1,133.4
1,132.5
2,132.5
2,132.5
3,131.9
3,131.9
4,131.9
4,130.9
5,129.9
5,129.9
6,129.9
6,129.9
0,129.9
0,129.9
1,129.9
1,129.5
2,129.5
2,129.5
3,129.5
3,129.5
4,160.9
4,160.9
5,160.9
5,160.9
6,160.9
6,160.9
0,160.9
0,160.9
1,160.9
1,158.9
2,157.9
2,157.9
3,156.9
3,156.9
4,155.3
4,155.3
5,155.3
5,155.3
6,148.9
6,147.7
0,145.9
0,144.9
1,141.9
1,139.9
2,139.9
2,137.8
3,137.8
3,136.4
4,134.9
4,133.9
5,133.9
5,132.9
6,132.9
6,132.9
0,132.9
0,130.9
1,130.9
1,130.9
2,130.9
2,130.9
3,130.9
3,130.9
4,162.9
4,162.9
5,162.9
5,162.9
6,162.9
6,162.9
0,162.9
0,162.9
1,162.9
1,160.9
2,159.9
2,159.9
3,159.9
3,159.4
4,159.4
4,159.4
5,159.4
5,159.4
6,159.4
6,159.4
0,157.4
0,155.9
1,155.9
1,155.9
2,155.9
2,155.9
3,153.9
3,153.9
4,147.9
4,147.9
5,145.9
5,145.9
6,145.9
6,145.9
0,145.9
0,145.9
1,145.9
1,145.9
2,144.9
2,144.9
3,144.9
3,144.9
4,144.4
4,167.9
5,167.9
5,167.9
6,167.9
6,167.9
0,167.9
0,167.9
1,167.9
1,167.9
2,167.9
2,167.9
3,163.9
3,163.9
4,163.9
4,163.9
5,159.9
5,159.9
6,159.9
6,159.9
0,159.9
0,159.9
1,159.5
1,159.5
2,159.5
2,159.5
3,157.9
3,155.9
4,155.9
4,154.9
5,154.9
5,152.9
6,152.9
6,147.4
0,145.2
0,145.2
1,145.2
1,143.4
2,143.4
2,143.4
3,142.7
3,142.7
4,142.7
4,142.7
5,139.9
5,139.9
6,139.9
6,139.9
0,139.9
0,139.9
1,139.7
1,138.2
2,138.2
2,138.2
3,138.2
3,138.2
4,138.2
4,167.9
5,167.9
5,167.9
6,167.9
6,167.9
0,167.9
0,165.9
1,165.9
1,165.9
2,165.9
2,165.9
3,165.9
3,165.9
4,163.9
4,163.9
5,163.9
5,163.9
6,160.7
6,160.7
0,160.7
0,156.7
1,156.2
1,156.2
2,152.9
2,149.4
3,149.4
3,149.4
4,148.3
4,147.29999999999998
5,147.29999999999998
5,144.9
6,144.9
6,144.7
0,144.7
0,144.7
1,144.7
1,144.7
2,144.7
2,144.7
3,144.7
3,144.7
4,144.7
4,144.7
5,142.7
5,142.7
6,142.7
6,142.7
0,142.7
0,142.7
1,142.7
1,141.9
2,141.5
2,141.5
3,141.5
3,141.5
4,137.9
4,167.9
5,167.7
5,167.7
6,167.7
6,167.7
0,167.7
0,166.9
1,166.9
1,165.9
2,165.9
2,163.9
3,163.9
3,163.9
4,163.9
4,162.1
5,162.1
5,159.9
6,156.9
6,156.9
0,154.9
0,154.9
1,153.8
1,149.9
2,149.9
2,149.9
3,147.76666666666665
3,147.76666666666665
4,146.7
4,146.7
5,146.7
5,146.7
6,146.7
6,146.7
0,144.2
0,144.2
1,142.1
1,142.1
2,142.1
2,142.1
3,142.1
3,142.1
4,142.1
4,140.7
5,140.10000000000002
5,140.10000000000002
6,140.10000000000002
6,140.10000000000002
0,140.10000000000002
0,140.10000000000002
1,140.10000000000002
1,140.10000000000002
2,140.10000000000002
2,140.10000000000002
3,140.10000000000002
3,140.10000000000002
4,140.10000000000002
4,140.10000000000002
5,140.10000000000002
5,140.10000000000002
6,140.10000000000002
6,140.10000000000002
0,140.10000000000002
0,140.10000000000002
1,140.10000000000002
1,140.10000000000002
2,140.10000000000002
2,140.10000000000002
3,140.10000000000002
3,140.10000000000002
4,140.10000000000002
4,140.10000000000002
5,140.10000000000002
5,140.10000000000002
6,140.10000000000002
6,140.10000000000002
0,140.10000000000002
0,140.10000000000002
1,140.10000000000002
1,140.10000000000002
2,140.10000000000002
2,140.10000000000002
3,167.9
3,167.9
4,166.9
4,166.9
5,165.9
5,165.9
6,165.9
6,165.9
0,165.9
0,165.9
1,165.9
1,165.9
2,165.9
2,159.9
3,159.9
3,159.9
4,159.9
4,151.9
5,150.4
5,150.4
6,150.4
6,147.9
0,146.83333333333334
0,146.83333333333334
1,146.83333333333334
1,141.9
2,141.9
2,141.9
3,139.9
3,139.9
4,139.9
4,139.9
5,139.9
5,139.9
6,139.9
6,139.9
0,139.9
0,138.9
1,138.9
1,138.9
2,138.9
2,138.9
3,138.9
3,138.9
4,138.9
4,138.9
5,138.9
5,138.9
6,138.9
6,138.9
0,138.9
0,167.9
1,167.9
1,167.9
2,167.9
2,165.9
3,165.9
3,159.9
4,159.9
4,155.9
5,155.9
5,155.9
6,155.9
6,155.9
0,155.9
0,155.9
1,149.9
1,149.9
2,149.9
2,149.9
3,149.9
3,146.9
4,144.7
4,144.5
5,144.5
5,143.4
6,143.4
6,143.4
0,141.9
0,141.9
1,141.9
1,141.9
2,141.9
2,141.9
3,141.9
3,141.9
4,141.9
4,141.9
5,141.2
5,141.2
6,141.2
6,141.2
0,141.2
0,141.2
1,141.2
1,141.2
2,141.2
2,141.2
3,141.2
3,141.2
4,141.2
4,169.9
5,169.9
5,169.9
6,169.9
6,169.9
0,169.9
0,169.9
1,165.9
1,165.9
2,165.9
2,165.9
3,165.9
3,165.9
4,165.9
4,158.8
5,158.8
5,158.8
6,158.8
6,158.8
0,155.4
0,155.4
1,152.9
1,152.9
2,149.9
2,149.9
3,149.9
3,148.9
4,148.9
4,148.9
5,148.9
5,148.9
6,148.9
6,148.9
0,148.9
0,148.9
1,148.9
1,148.9
2,174.9
2,174.9
3,153.9
3,174.9
4,174.9
4,174.9
5,172.9
5,172.9
6,172.9
6,172.9
