0,0
0,0
1,0
1,0
2,126.9
2,126.9
3,126.30000000000001
3,126.30000000000001
4,126.30000000000001
4,126.30000000000001
5,126.30000000000001
5,126.30000000000001
6,126.30000000000001
6,124.9
0,122.5
0,121.9
1,119.15
1,117.9
2,117.9
2,117.9
3,116.9
3,116.9
4,116.9
4,116.9
5,115.9
5,115.9
6,115.9
6,115.9
0,114.80000000000001
0,114.80000000000001
1,113.4
1,113.4
2,113.4
2,113.4
3,143.4
3,143.4
4,143.4
4,143.4
5,143.4
5,143.4
6,143.4
6,141.80000000000004
0,141.80000000000004
0,141.80000000000004
1,141.80000000000004
1,141.80000000000004
2,141.80000000000004
2,139.5
3,136.3
3,135.4
4,135.4
4,134.9
5,134.9
5,134.9
6,134.9
6,134.9
0,132.15
0,132.15
1,127.9
1,127.9
2,127.9
2,127.9
3,125.15
3,125.15
4,125.15
4,123.9
5,123.9
5,122.9
6,122.9
6,120.4
0,120.4
0,119.9
1,119.9
1,118.4
2,145.9
2,145.9
3,145.9
3,143.4
4,143.4
4,143.4
5,143.4
5,142.9
6,142.9
6,142.9
0,142.4
0,142.4
1,140.23333333333335
1,140.23333333333335
2,140.23333333333335
2,136.9
3,136.9
3,136.4
4,135.9
4,135.9
5,135.9
5,135.9
6,135.15
6,130.8
0,130.7
0,127.9
1,127.9
1,125.9
2,125.9
2,124.4
3,122.4
3,122.4
4,147.4
4,147.4
5,147.4
5,147.4
6,147.4
6,145.9
0,145.9
0,145.9
1,145.9
1,145.9
2,145.9
2,145.9
3,145.9
3,143.9
4,143.9
4,143.4
5,143.4
5,143.4
6,143.4
6,143.4
0,143.4
0,143.4
1,143.4
1,143.4
2,143.4
2,143.4
3,143.4
3,143.4
4,143.4
4,143.4
5,143.4
5,143.4
6,143.4
6,143.4
0,143.4
0,143.4
1,143.4
1,143.4
2,143.4
2,143.4
3,143.4
3,143.4
4,143.4
4,143.4
5,143.4
5,143.4
6,143.4
6,143.4
0,143.4
0,143.4
1,143.4
1,143.4
2,143.4
2,143.4
3,143.4
3,143.4
4,143.4
4,143.4
5,143.4
5,143.4
6,143.4
6,143.4
0,143.4
0,143.4
1,143.4
1,143.4
2,143.4
2,143.4
3,143.4
3,143.4
4,143.4
4,143.4
5,143.4
5,143.4
6,143.4
6,143.4
0,143.4
0,143.4
1,143.4
1,143.4
2,143.4
2,143.4
3,143.4
3,143.4
4,143.4
4,143.4
5,143.4
5,143.4
6,143.4
6,143.4
0,143.4
0,143.4
1,143.4
1,143.4
2,143.4
2,143.4
3,143.4
3,143.4
4,143.4
4,143.4
5,143.4
5,143.4
6,143.4
6,143.4
0,143.4
0,143.4
1,143.4
1,143.4
2,143.4
2,143.4
3,143.4
3,143.4
4,143.4
4,143.4
5,143.4
5,143.4
6,143.4
6,143.4
0,143.4
0,143.4
1,143.4
1,143.4
2,143.4
2,143.4
3,143.4
3,143.4
4,143.4
4,143.4
5,143.4
5,143.4
6,143.4
6,143.4
0,143.4
0,143.4
1,143.4
1,143.4
2,143.4
2,143.4
3,143.4
3,143.4
4,123.9
4,123.9
5,123.9
5,149.9
6,149.9
6,149.9
0,149.9
0,149.4
1,149.4
1,149.4
2,149.4
2,149.4
3,149.4
3,149.4
4,149.4
4,147.9
5,147.9
5,147.9
6,147.9
6,147.9
0,147.9
0,147.9
1,147.4
1,147.4
2,147.4
2,147.4
3,147.4
3,147.4
4,147.4
4,147.4
5,147.4
5,147.4
6,147.4
6,147.4
0,147.4
0,147.4
1,147.4
1,147.4
2,147.4
2,145.4
3,145.4
3,145.4
4,144.4
4,144.4
5,144.4
5,144.4
6,142.9
6,142.9
0,142.4
0,139.4
1,139.4
1,138.9
2,138.9
2,138.9
3,138.9
3,138.9
4,138.9
4,138.9
5,138.9
5,138.9
6,138.9
6,138.9
0,138.9
0,138.9
1,138.9
1,138.9
2,138.9
2,160.9
3,160.9
3,160.9
4,160.9
4,160.4
5,160.4
5,160.4
6,160.4
6,160.4
0,160.4
0,160.4
1,160.4
1,160.4
2,160.4
2,160.4
3,160.4
3,157.9
4,157.9
4,157.9
5,157.9
5,157.9
6,157.9
6,157.9
0,157.9
0,157.9
1,157.9
1,157.9
2,157.9
2,157.9
3,155.9
3,155.9
4,155.9
4,155.9
5,155.9
5,155.9
6,155.9
6,155.9
0,147.4
0,147.4
1,147.4
1,147.4
2,147.4
2,144.4
3,144.4
3,144.4
4,144.4
4,144.4
5,144.4
5,144.4
6,144.4
6,144.4
0,144.4
0,141.9
1,139.9
1,137.9
2,137.9
2,137.9
3,135.4
3,135.4
4,135.4
4,133.9
5,133.9
5,133.9
6,133.9
6,133.9
0,132.9
0,132.4
1,132.4
1,132.4
2,131.4
2,131.4
3,131.4
3,131.4
4,131.4
4,129.1
5,129.1
5,129.1
6,128.9
6,128.9
0,128.9
0,128.9
1,128.5
1,128.5
2,128.5
2,128.5
3,128.5
3,160.9
4,160.9
4,160.9
5,160.9
5,160.9
6,160.4
6,160.4
0,160.4
0,160.4
1,160.4
1,160.4
2,159.4
2,159.4
3,159.4
3,157.4
4,157.4
4,157.4
5,157.4
5,157.4
6,157.4
6,157.4
0,157.4
0,157.4
1,157.4
1,144.4
2,144.4
2,144.4
3,144.4
3,144.4
4,144.4
4,144.4
5,144.4
5,144.4
6,144.4
6,144.4
0,144.4
0,144.4
1,144.4
1,144.4
2,144.4
2,144.4
3,144.4
3,144.4
4,144.4
4,144.4
5,144.4
5,144.4
6,144.4
6,144.4
0,144.4
0,144.4
1,143.9
1,143.9
2,143.9
2,143.9
3,143.9
3,143.9
4,143.9
4,143.9
5,143.9
5,143.9
6,143.9
6,143.9
0,143.9
0,143.9
1,143.9
1,137.9
2,137.9
2,137.9
3,137.9
3,137.9
4,137.9
4,135.9
5,135.9
5,135.9
6,135.9
6,135.9
0,135.9
0,133.9
1,133.9
1,132.9
2,130.9
2,130.9
3,130.9
3,130.9
4,130.9
4,130.9
5,130.9
5,130.9
6,130.9
6,130.9
0,130.9
0,130.9
1,130.9
1,130.9
2,130.9
2,130.9
3,130.9
3,130.9
4,155.9
4,155.9
5,155.9
5,155.9
6,155.9
6,155.4
0,155.4
0,155.4
1,155.4
1,155.4
2,152.7
2,152.7
3,152.7
3,152.7
4,152.7
4,152.7
5,152.7
5,152.7
6,149.4
6,149.4
0,149.4
0,149.4
1,149.4
1,149.4
2,149.4
2,146.9
3,146.9
3,146.9
4,146.9
4,146.9
5,146.9
5,146.9
6,146.9
6,146.9
0,146.9
0,145.9
1,145.9
1,144.9
2,144.9
2,144.9
3,144.9
3,144.9
4,144.9
4,144.9
5,144.9
5,144.9
6,144.9
6,144.7
0,143.9
0,142.9
1,141.9
1,140.9
2,139.9
2,155.9
3,155.9
3,155.9
4,155.9
4,155.4
5,155.4
5,155.4
6,155.4
6,155.4
0,155.4
0,155.4
1,155.4
1,155.4
2,155.4
2,155.4
3,152.9
3,152.9
4,150.9
4,150.9
5,150.9
5,150.9
6,150.9
6,150.9
0,146.9
0,146.9
1,146.4
1,142.0
2,140.4
2,139.4
3,139.4
3,136.9
4,136.9
4,136.9
5,136.9
5,136.9
6,136.9
6,136.9
0,136.9
0,133.9
1,133.9
1,133.4
2,133.4
2,133.4
3,133.4
3,132.9
4,132.9
4,132.9
5,132.9
5,132.9
6,132.9
6,132.9
0,132.9
0,132.9
1,157.9
1,157.9
2,157.9
2,157.4
3,157.4
3,157.4
4,157.4
4,157.4
5,157.4
5,157.4
6,157.4
6,157.4
0,155.9
0,155.9
1,155.9
1,155.15
2,151.9
2,149.4
3,149.4
3,148.9
4,148.9
4,148.4
5,148.4
5,147.9
6,147.9
6,147.9
0,147.9
0,147.4
1,147.4
1,146.9
2,146.9
2,146.9
3,146.9
3,146.4
4,146.4
4,145.9
5,145.9
5,145.9
6,145.9
6,145.4
0,138.4
0,137.9
1,137.9
1,137.4
2,137.4
2,136.9
3,136.9
3,136.9
4,136.9
4,136.4
5,135.4
5,134.4
6,134.4
6,134.4
0,134.4
0,134.4
1,134.4
1,130.9
2,129.9
2,128.9
3,127.9
3,127.4
4,127.4
4,125.9
5,125.9
5,125.9
6,125.9
6,125.4
0,124.9
0,124.4
1,124.4
1,122.9
2,122.9
2,147.9
3,147.9
3,147.9
4,147.4
4,147.4
5,147.4
5,147.4
6,147.4
6,147.4
0,147.4
0,147.4
1,147.4
1,147.4
2,147.4
2,145.9
3,145.9
3,145.9
4,145.9
4,145.9
5,145.9
5,145.9
6,145.9
6,145.9
0,145.9
0,145.9
1,145.4
1,143.15
2,141.4
2,141.4
3,141.4
3,141.4
4,140.9
4,140.9
5,140.9
5,140.3
6,139.9
6,139.9
0,139.4
0,137.9
1,136.9
1,134.9
2,134.4
2,132.9
3,132.9
3,132.9
4,132.9
4,132.9
5,131.9
5,131.9
6,130.9
6,130.9
0,130.4
0,128.9
1,128.9
1,128.9
2,128.9
2,128.4
3,127.65
3,125.9
4,125.65
4,124.9
5,124.9
5,124.9
6,124.9
6,124.9
0,124.9
0,124.9
1,137.9
1,137.9
2,150.6
2,150.6
3,147.9
3,147.9
4,145.4
4,145.4
5,145.4
5,145.4
6,145.4
6,145.4
0,145.4
0,145.4
1,145.4
1,145.4
2,145.4
2,145.4
3,145.15
3,143.9
4,143.9
4,143.9
5,143.15
5,143.15
6,142.4
6,142.4
0,142.4
0,140.4
1,139.65
1,137.65
2,136.0666666666667
2,133.15
3,131.9
3,131.9
4,133.9
4,133.9
5,133.9
5,133.4
6,133.4
6,133.4
0,132.9
0,132.9
1,132.9
1,132.4
2,132.4
2,131.9
3,131.9
3,131.4
4,131.4
4,130.9
5,130.9
5,130.9
6,130.9
6,160.9
0,160.4
0,160.4
1,159.9
1,159.9
2,158.9
2,158.9
3,157.9
3,157.9
4,157.9
4,155.9
5,155.9
5,155.9
6,155.9
6,155.9
0,154.9
0,150.9
1,150.9
1,149.4
2,149.4
2,149.4
3,148.65
3,145.4
4,145.4
4,145.4
5,145.4
5,145.4
6,144.15
6,144.15
0,142.9
0,142.9
1,142.9
1,142.9
2,137.9
2,136.4
3,135.9
3,135.55
4,135.55
4,135.55
5,135.55
5,135.55
6,134.33333333333334
6,134.33333333333334
0,134.33333333333334
0,134.33333333333334
1,134.33333333333334
1,134.33333333333334
2,134.33333333333334
2,134.33333333333334
3,134.33333333333334
3,134.33333333333334
4,134.33333333333334
4,134.33333333333334
5,134.33333333333334
5,134.33333333333334
6,134.33333333333334
6,134.33333333333334
0,134.33333333333334
0,159.9
1,159.9
1,159.9
2,157.9
2,157.9
3,157.9
3,157.9
4,157.9
4,154.9
5,154.9
5,154.9
6,154.9
6,154.9
0,154.9
0,154.9
1,150.65
1,150.65
2,150.65
2,148.9
3,148.9
3,148.4
4,146.4
4,143.9
5,142.4
5,142.4
6,142.4
6,142.4
0,140.9
0,140.9
1,140.9
1,140.9
2,140.9
2,140.9
3,140.4
3,140.4
4,162.4
4,162.4
5,162.4
5,162.4
6,162.4
6,162.4
0,162.4
0,160.9
1,160.9
1,159.4
2,159.4
2,159.4
3,158.9
3,157.9
4,157.9
4,157.9
5,157.9
5,157.9
6,157.9
6,157.9
0,157.9
0,157.9
1,157.9
1,157.9
2,156.9
2,156.4
3,155.9
3,155.9
4,150.9
4,150.9
5,150.9
5,150.9
6,150.9
6,150.9
0,150.9
0,148.9
1,148.9
1,147.9
2,147.9
2,147.4
3,146.4
3,145.9
4,143.9
4,144.7
5,142.7
5,167.9
6,167.9
6,167.9
0,167.9
0,167.9
1,167.9
1,167.9
2,166.7
2,166.7
3,165.8
3,164.3
4,164.3
4,164.3
5,164.7
5,164.7
6,164.7
6,164.7
0,164.7
0,164.7
1,164.7
1,164.7
2,163.9
2,164.8
3,164.8
3,164.8
4,164.8
4,164.8
5,164.8
5,164.8
6,164.8
6,163.6
0,163.6
0,162.6
1,162.6
1,155.6
2,152.8
2,152.8
3,152.8
3,151.8
4,148.6
4,148.6
5,146.55
5,146.55
6,146.55
6,146.55
0,145.6
0,144.6
1,144.6
1,144.6
2,144.6
2,144.6
3,167.9
3,167.9
4,167.9
4,167.9
5,167.9
5,167.9
6,167.9
6,167.9
0,166.46666666666667
0,166.46666666666667
1,166.46666666666667
1,166.46666666666667
2,166.46666666666667
2,166.46666666666667
3,166.8
3,166.8
4,166.8
4,166.8
5,166.8
5,166.8
6,166.8
6,166.8
0,166.8
0,166.8
1,163.8
1,163.8
2,162.8
2,161.55
3,161.55
3,160.63333333333335
4,160.63333333333335
4,160.63333333333335
5,160.63333333333335
5,160.63333333333335
6,160.63333333333335
6,160.63333333333335
0,160.63333333333335
0,155.8
1,155.8
1,155.8
2,154.8
2,154.8
3,154.8
3,154.8
4,154.8
4,154.8
5,154.8
5,154.8
6,154.8
6,154.8
0,154.8
0,154.8
1,154.8
1,154.8
2,154.8
2,154.8
3,153.8
3,153.8
4,153.8
4,167.9
5,167.9
5,167.9
6,167.9
6,167.9
0,167.9
0,167.8
1,167.8
1,167.8
2,167.8
2,166.8
3,161.8
3,161.8
4,161.8
4,161.8
5,161.8
5,162.7
6,162.7
6,162.7
0,162.7
0,162.7
1,162.7
1,162.7
2,162.7
2,161.6
3,161.6
3,161.6
4,161.6
4,161.6
5,161.6
5,161.6
6,161.6
6,161.6
0,161.6
0,160.8
1,160.8
1,160.8
2,158.8
2,158.8
3,158.8
3,158.8
4,156.7
4,156.7
5,154.7
5,154.7
6,154.7
6,154.7
0,154.7
0,154.3
1,153.10000000000002
1,153.10000000000002
2,153.10000000000002
2,150.8
3,150.8
3,150.8
4,150.8
4,149.8
5,149.8
5,149.8
6,149.8
6,149.8
0,148.8
0,148.8
1,148.8
1,146.8
2,146.8
2,146.8
3,146.8
3,146.8
4,146.8
4,145.8
5,145.8
5,145.8
6,145.8
6,145.8
0,145.8
0,145.8
1,145.8
1,145.8
2,145.8
2,167.9
3,167.9
3,166.9
4,166.9
4,166.9
5,166.9
5,166.9
6,166.9
6,166.9
0,166.9
0,166.9
1,166.9
1,166.9
2,166.9
2,166.9
3,166.9
3,165.9
4,165.9
4,165.9
5,165.9
5,165.9
6,165.9
6,159.65
0,152.4
0,152.4
1,152.4
1,152.4
2,151.9
2,150.9
3,150.9
3,150.9
4,150.9
4,150.4
5,150.4
5,150.4
6,146.9
6,146.9
0,146.9
0,146.9
1,146.9
1,146.9
2,146.9
2,146.9
3,146.9
3,145.9
4,145.9
4,144.9
5,144.9
5,144.9
6,144.9
6,167.9
0,167.9
0,167.9
1,167.9
1,167.4
2,167.4
2,167.4
3,167.4
3,166.9
4,165.4
4,165.4
5,161.9
5,161.9
6,161.9
6,161.9
0,161.9
0,161.9
1,161.9
1,161.9
2,161.9
2,159.9
3,159.9
3,159.9
4,159.9
4,159.9
5,159.9
5,159.9
6,159.9
6,159.9
0,153.9
0,153.9
1,153.9
1,153.9
2,153.4
2,152.9
3,152.9
3,152.9
4,152.9
4,152.9
5,152.9
5,152.9
6,152.9
6,152.9
0,152.9
0,148.9
1,148.9
1,148.9
2,148.9
2,148.9
3,169.9
3,169.9
4,169.9
4,169.9
5,169.9
5,169.9
6,169.9
6,169.9
0,169.9
0,169.9
1,169.9
1,169.9
2,169.9
2,169.9
3,167.9
3,166.9
4,166.9
4,166.9
5,166.9
5,166.9
6,165.9
6,164.9
0,164.9
0,164.9
1,164.9
1,164.9
2,164.9
2,164.4
3,156.9
3,156.4
4,156.4
4,156.4
5,156.4
5,156.4
6,156.4
6,156.4
0,156.4
0,156.4
1,156.4
1,156.4
2,156.4
2,156.4
3,174.9
3,174.9
4,174.9
4,174.9
5,174.9
5,174.9
6,174.9
6,174.9
