0,0
0,0
1,0
1,117.9
2,117.9
2,117.9
3,115.9
3,115.9
4,115.9
4,115.9
5,115.9
5,115.9
6,115.9
6,115.9
0,115.9
0,115.9
1,114.4
1,114.4
2,113.9
2,113.9
3,113.9
3,113.9
4,113.9
4,113.9
5,113.9
5,113.9
6,113.9
6,113.9
0,113.9
0,113.9
1,112.7
1,112.7
2,112.4
2,112.4
3,143.4
3,143.4
4,143.4
4,143.4
5,142.9
5,142.9
6,142.9
6,140.9
0,140.9
0,140.9
1,139.9
1,137.9
2,137.9
2,135.9
3,134.4
3,134.4
4,132.9
4,132.9
5,131.9
5,131.9
6,131.9
6,127.69999999999999
0,127.69999999999999
0,125.7
1,125.5
1,125.5
2,125.5
2,125.5
3,125.5
3,125.5
4,125.5
4,125.5
5,125.5
5,125.5
6,125.5
6,118.9
0,118.9
0,118.9
1,117.9
1,117.9
2,117.9
2,117.9
3,117.9
3,143.9
4,143.4
4,143.4
5,142.9
5,142.9
6,141.9
6,141.9
0,140.9
0,139.4
1,137.9
1,131.4
2,131.4
2,131.4
3,129.9
3,129.9
4,128.9
4,128.9
5,127.9
5,126.9
6,126.9
6,125.7
0,125.7
0,125.7
1,125.7
1,125.0
2,124.9
2,123.7
3,122.9
3,122.4
4,122.4
4,147.9
5,147.9
5,147.9
6,147.9
6,147.4
0,147.4
0,147.4
1,146.9
1,146.9
2,145.9
2,145.9
3,145.9
3,144.4
4,143.9
4,137.9
5,137.9
5,137.9
6,137.9
6,137.9
0,137.9
0,137.9
1,137.9
1,137.9
2,137.9
2,137.9
3,137.9
3,137.9
4,137.9
4,137.9
5,137.9
5,137.9
6,137.9
6,137.9
0,137.9
0,137.9
1,137.9
1,137.9
2,137.9
2,137.9
3,137.9
3,137.9
4,137.9
4,137.9
5,137.9
5,137.9
6,137.9
6,137.9
0,137.9
0,137.9
1,137.9
1,137.9
2,137.9
2,137.9
3,137.9
3,137.9
4,137.9
4,137.9
5,137.9
5,137.9
6,137.9
6,137.9
0,137.9
0,137.9
1,137.9
1,137.9
2,137.9
2,137.9
3,137.9
3,137.9
4,137.9
4,137.9
5,137.9
5,137.9
6,137.9
6,137.9
0,137.9
0,137.9
1,137.9
1,137.9
2,137.9
2,137.9
3,137.9
3,137.9
4,137.9
4,137.9
5,137.9
5,137.9
6,137.9
6,137.9
0,137.9
0,137.9
1,137.9
1,137.9
2,137.9
2,137.9
3,137.9
3,137.9
4,137.9
4,137.9
5,137.9
5,137.9
6,137.9
6,137.9
0,137.9
0,137.9
1,137.9
1,137.9
2,137.9
2,137.9
3,137.9
3,137.9
4,137.9
4,137.9
5,137.9
5,137.9
6,137.9
6,137.9
0,137.9
0,137.9
1,137.9
1,137.9
2,137.9
2,137.9
3,137.9
3,137.9
4,137.9
4,137.9
5,137.9
5,137.9
6,137.9
6,137.9
0,137.9
0,137.9
1,137.9
1,137.9
2,137.9
2,137.9
3,137.9
3,121.3
4,121.3
4,121.3
5,121.3
5,121.3
6,149.9
6,149.9
0,149.9
0,149.9
1,149.9
1,147.4
2,147.4
2,147.4
3,147.4
3,147.4
4,147.4
4,147.4
5,147.4
5,147.4
6,147.4
6,147.4
0,145.9
0,145.9
1,141.9
1,141.9
2,140.9
2,136.7
3,136.7
3,136.7
4,134.7
4,134.7
5,134.7
5,134.7
6,134.7
6,134.7
0,134.7
0,134.7
1,134.7
1,134.7
2,134.7
2,134.7
3,134.7
3,134.7
4,134.7
4,134.7
5,134.7
5,134.7
6,134.7
6,134.7
0,134.7
0,134.7
1,134.7
1,134.7
2,134.7
2,134.7
3,134.7
3,134.7
4,134.7
4,134.7
5,134.7
5,133.9
6,133.9
6,133.9
0,133.9
0,133.9
1,133.9
1,133.9
2,133.9
2,133.9
3,133.9
3,160.9
4,160.9
4,160.9
5,160.9
5,160.9
6,160.9
6,160.9
0,160.9
0,160.9
1,160.9
1,157.9
2,159.9
2,159.9
3,159.9
3,156.8
4,153.9
4,153.9
5,153.9
5,153.9
6,153.9
6,153.9
0,153.9
0,152.9
1,148.3
1,146.9
2,145.9
2,145.9
3,145.9
3,145.9
4,143.9
4,141.7
5,141.7
5,141.7
6,141.7
6,141.7
0,141.7
0,140.9
1,140.9
1,140.9
2,139.7
2,138.9
3,138.9
3,138.9
4,138.7
4,138.7
5,138.7
5,138.7
6,138.7
6,138.7
0,138.4
0,137.9
1,136.8
1,136.8
2,136.8
2,136.8
3,133.9
3,133.9
4,133.9
4,133.9
5,133.9
5,133.9
6,133.9
6,133.9
0,133.9
0,133.9
1,132.9
1,132.9
2,132.9
2,132.9
3,132.9
3,132.9
4,132.9
4,131.9
5,131.9
5,131.9
6,131.9
6,131.9
0,131.9
0,131.9
1,131.9
1,131.9
2,131.9
2,131.9
3,131.9
3,131.9
4,131.9
4,160.9
5,160.9
5,160.9
6,160.9
6,160.9
0,160.9
0,160.4
1,160.4
1,160.4
2,160.4
2,160.4
3,159.4
3,159.4
4,159.4
4,159.4
5,159.4
5,159.4
6,153.9
6,153.9
0,149.85000000000002
0,149.85000000000002
1,144.9
1,144.9
2,144.9
2,144.9
3,139.6
3,139.5
4,139.5
4,139.5
5,138.7
5,138.7
6,137.8
6,137.8
0,137.8
0,137.4
1,137.4
1,137.4
2,135.7
2,135.7
3,133.7
3,133.7
4,133.7
4,132.9
5,132.9
5,132.9
6,132.9
6,132.9
0,132.9
0,132.9
1,132.9
1,132.9
2,132.9
2,132.9
3,132.9
3,132.9
4,132.9
4,132.9
5,132.9
5,131.9
6,131.9
6,131.9
0,131.9
0,131.9
1,131.9
1,131.9
2,131.9
2,131.9
3,131.9
3,131.9
4,131.9
4,131.9
5,131.9
5,131.9
6,131.7
6,129.9
0,129.9
0,128.0
1,128.0
1,128.0
2,125.9
2,125.9
3,125.9
3,125.9
4,123.9
4,123.9
5,123.7
5,123.7
6,123.7
6,123.7
0,123.7
0,123.7
1,123.7
1,123.7
2,123.7
2,123.7
3,123.7
3,123.7
4,123.7
4,123.7
5,123.7
5,155.9
6,155.9
6,155.9
0,153.9
0,153.9
1,152.9
1,152.9
2,150.9
2,150.9
3,146.9
3,146.9
4,146.9
4,146.9
5,146.9
5,146.9
6,146.9
6,146.9
0,146.9
0,146.9
1,143.9
1,143.9
2,143.9
2,140.9
3,140.9
3,140.9
4,140.9
4,140.9
5,140.9
5,140.9
6,140.9
6,140.9
0,137.9
0,137.9
1,137.9
1,137.9
2,135.9
2,135.9
3,135.9
3,135.9
4,135.9
4,135.9
5,135.9
5,135.9
6,134.9
6,134.9
0,131.7
0,131.7
1,131.7
1,131.7
2,131.7
2,131.7
3,131.7
3,130.4
4,130.4
4,129.9
5,129.9
5,129.9
6,129.9
6,155.9
0,155.4
0,155.4
1,155.4
1,153.9
2,153.9
2,153.9
3,150.4
3,145.9
4,142.9
4,142.9
5,142.9
5,140.9
6,139.9
6,139.9
0,137.9
0,136.4
1,131.7
1,131.7
2,131.7
2,131.7
3,131.7
3,131.7
4,131.7
4,131.7
5,131.7
5,131.7
6,131.7
6,131.7
0,130.9
0,130.9
1,130.9
1,130.9
2,130.9
2,130.9
3,130.9
3,130.9
4,130.9
4,130.9
5,130.9
5,130.9
6,130.9
6,130.9
0,130.9
0,130.9
1,130.9
1,130.9
2,130.9
2,157.65
3,157.65
3,157.65
4,157.65
4,157.65
5,157.65
5,157.65
6,157.65
6,157.65
0,155.9
0,155.9
1,150.9
1,150.9
2,147.9
2,147.9
3,147.9
3,147.9
4,143.9
4,143.9
5,143.9
5,143.9
6,143.9
6,143.9
0,142.9
0,142.9
1,141.9
1,137.9
2,134.7
2,134.7
3,131.9
3,131.9
4,131.9
4,131.9
5,131.9
5,131.9
6,131.9
6,131.9
0,129.3
0,129.3
1,129.3
1,129.3
2,129.3
2,129.3
3,126.7
3,125.7
4,124.7
4,124.7
5,124.7
5,124.7
6,124.7
6,124.7
0,123.9
0,123.9
1,123.9
1,123.9
2,123.7
2,123.7
3,123.7
3,123.7
4,123.7
4,122.9
5,122.9
5,122.9
6,122.9
6,122.9
0,122.9
0,122.9
1,122.4
1,122.4
2,122.4
2,122.4
3,122.4
3,147.9
4,147.4
4,147.4
5,147.4
5,147.4
6,147.4
6,147.4
0,147.4
0,147.4
1,147.4
1,147.4
2,136.8
2,136.8
3,143.9
3,143.9
4,137.8
4,137.8
5,132.7
5,132.7
6,132.7
6,132.7
0,130.3
0,130.3
1,129.7
1,129.7
2,127.9
2,127.9
3,127.9
3,127.9
4,127.9
4,127.9
5,127.9
5,127.9
6,127.9
6,127.9
0,127.9
0,127.9
1,126.9
1,126.9
2,125.80000000000001
2,125.80000000000001
3,125.7
3,125.7
4,125.7
4,125.7
5,125.7
5,125.7
6,125.7
6,125.7
0,125.7
0,125.7
1,125.7
1,125.7
2,124.80000000000001
2,121.9
3,121.9
3,121.9
4,121.9
4,121.9
5,121.9
5,121.9
6,121.9
6,121.9
0,121.9
0,121.9
1,121.9
1,150.9
2,150.9
2,150.9
3,150.9
3,150.9
4,144.9
4,143.9
5,143.9
5,143.9
6,143.9
6,140.9
0,140.9
0,134.7
1,134.2
1,134.2
2,133.7
2,133.7
3,133.7
3,133.7
4,133.7
4,133.7
5,133.7
5,133.7
6,131.7
6,131.7
0,129.7
0,129.7
1,129.7
1,129.7
2,129.7
2,129.7
3,129.7
3,129.7
4,131.7
4,131.7
5,131.7
5,131.7
6,131.7
6,131.7
0,131.7
0,131.5
1,131.5
1,128.55
2,127.2
2,127.2
3,126.7
3,126.7
4,126.7
4,126.7
5,126.7
5,126.7
6,126.7
6,126.7
0,126.7
0,126.7
1,143.3
1,143.3
2,159.9
2,159.9
3,158.23333333333335
3,158.23333333333335
4,156.9
4,156.9
5,156.9
5,156.9
6,156.9
6,156.9
0,151.4
0,151.4
1,145.9
1,145.9
2,145.9
2,145.9
3,144.9
3,144.9
4,141.8
4,138.55
5,137.73333333333335
5,136.4
6,136.4
6,136.4
0,136.15
0,136.15
1,135.9
1,135.9
2,135.9
2,135.9
3,135.4
3,135.4
4,135.4
4,132.5
5,131.7
5,131.7
6,130.7
6,130.7
0,129.9
0,129.9
1,128.9
1,128.4
2,128.4
2,128.4
3,128.4
3,128.4
4,128.4
4,128.4
5,128.4
5,128.4
6,160.9
6,160.9
0,160.9
0,160.9
1,142.4
1,160.4
2,153.9
2,153.9
3,153.9
3,153.9
4,153.9
4,149.9
5,149.9
5,149.3
6,149.3
6,149.3
0,149.3
0,149.3
1,142.9
1,142.9
2,142.9
2,139.9
3,139.9
3,139.9
4,139.9
4,137.9
5,137.9
5,136.4
6,136.4
6,136.4
0,136.4
0,136.4
1,136.4
1,136.4
2,135.7
2,135.7
3,135.7
3,135.7
4,135.7
4,162.9
5,162.9
5,162.9
6,162.9
6,162.9
0,162.9
0,162.9
1,162.9
1,162.9
2,162.9
2,159.9
3,159.9
3,159.9
4,159.9
4,159.9
5,159.9
5,159.4
6,159.4
6,159.4
0,159.4
0,159.4
1,157.9
1,156.9
2,155.9
2,155.9
3,155.9
3,155.9
4,149.9
4,149.9
5,149.9
5,149.9
6,149.9
6,149.9
0,147.9
0,147.9
1,147.9
1,147.9
2,147.9
2,142.9
3,141.7
3,141.7
4,141.7
4,139.9
5,139.9
5,139.9
6,139.9
6,153.4
0,153.4
0,153.4
1,153.4
1,153.4
2,153.4
2,153.4
3,153.4
3,153.4
4,153.4
4,153.4
5,153.4
5,153.4
6,165.9
6,165.9
0,165.9
0,165.9
1,165.9
1,165.9
2,165.9
2,153.3
3,153.3
3,153.3
4,153.3
4,153.3
5,153.3
5,141.7
6,141.7
6,141.7
0,141.7
0,141.7
1,141.7
1,141.7
2,141.7
2,141.7
3,141.7
3,141.7
4,141.7
4,141.7
5,141.7
5,141.7
6,141.7
6,141.7
0,141.7
0,141.7
1,141.7
1,141.7
2,141.7
2,141.7
3,141.7
3,141.7
4,141.7
4,167.9
5,167.9
5,167.9
6,141.7
6,141.7
0,140.2
0,140.2
1,138.7
1,138.7
2,138.7
2,161.9
3,161.9
3,161.9
4,161.9
4,161.9
5,161.9
5,161.9
6,161.9
6,161.9
0,161.9
0,161.9
1,161.9
1,159.9
2,155.9
2,148.7
3,150.75
3,148.7
4,148.7
4,148.7
5,148.7
5,148.7
6,145.7
6,145.7
0,144.9
0,144.9
1,144.9
1,144.9
2,144.9
2,144.9
3,143.7
3,143.7
4,143.7
4,143.7
5,143.7
5,143.7
6,143.7
6,143.7
0,143.7
0,143.7
1,143.7
1,143.7
2,141.9
2,141.9
3,141.9
3,141.9
4,141.9
4,141.9
5,167.9
5,167.9
6,167.9
6,167.9
0,167.9
0,167.9
1,167.9
1,167.9
2,165.9
2,165.9
3,165.9
3,165.9
4,155.9
4,155.9
5,155.9
5,155.9
6,155.9
6,155.9
0,155.9
0,155.9
1,155.9
1,155.9
2,155.9
2,155.9
3,150.9
3,150.9
4,149.9
4,149.9
5,149.9
5,146.9
6,146.9
6,146.9
0,144.7
0,144.7
1,143.9
1,143.9
2,143.9
2,143.9
3,143.9
3,143.9
4,143.9
4,143.9
5,142.9
5,142.9
6,142.9
6,142.9
0,142.9
0,142.9
1,142.9
1,142.9
2,142.7
2,142.7
3,142.7
3,142.7
4,141.7
4,138.7
5,138.7
5,138.7
6,138.7
6,138.7
0,138.7
0,138.7
1,138.7
1,138.7
2,138.7
2,138.7
3,138.7
3,138.7
4,138.7
4,138.7
5,138.7
5,138.7
6,138.7
6,138.7
0,138.7
0,138.7
1,138.7
1,138.7
2,138.7
2,138.7
3,167.9
3,167.9
4,167.9
4,167.9
5,167.9
5,167.9
6,167.9
6,167.9
0,167.9
0,166.9
1,166.9
1,166.9
2,164.9
2,164.9
3,162.7
3,162.7
4,159.9
4,159.4
5,159.4
5,159.4
6,159.4
6,159.4
0,149.4
0,148.9
1,145.7
1,145.7
2,143.7
2,142.9
3,142.9
3,142.9
4,142.9
4,142.9
5,142.9
5,142.9
6,142.9
6,142.9
0,140.7
0,140.7
1,140.7
1,140.7
2,140.7
2,140.7
3,140.7
3,140.7
4,140.7
4,140.7
5,139.7
5,139.7
6,139.7
6,167.9
0,167.9
0,167.9
1,167.9
1,167.9
2,167.9
2,167.9
3,167.9
3,167.9
4,166.9
4,166.9
5,163.9
5,163.9
6,161.9
6,161.9
0,160.65
0,160.65
1,151.9
1,151.9
2,149.9
2,149.9
3,143.7
3,143.7
4,143.7
4,143.7
5,143.7
5,143.7
6,143.7
6,143.7
0,143.7
0,143.7
1,143.7
1,143.7
2,141.9
2,141.9
3,141.9
3,141.9
4,141.9
4,141.9
5,141.7
5,141.7
6,141.4
6,141.4
0,141.4
0,141.4
1,141.4
1,141.4
2,141.4
2,141.4
3,141.4
3,141.4
4,141.4
4,169.9
5,169.9
5,169.9
6,169.9
6,169.9
0,166.9
0,166.9
1,162.9
1,162.9
2,157.9
2,157.9
3,157.9
3,156.9
4,149.7
4,149.7
5,149.7
5,149.7
6,149.7
6,149.7
0,149.7
0,149.7
1,149.7
1,148.9
2,147.7
2,147.7
3,147.7
3,147.7
4,147.7
4,147.7
5,147.7
5,147.7
6,147.7
6,147.7
0,147.7
0,147.7
1,147.7
1,147.7
2,147.7
2,147.7
3,147.7
3,174.9
4,174.9
4,174.9
5,174.4
5,171.9
6,168.9
6,168.9
