0,133.6
0,132.9
1,132.26666666666665
1,131.5
2,130.4333333333333
2,130.4333333333333
3,128.96666666666667
3,128.96666666666667
4,127.9
4,127.9
5,127.19999999999999
5,127.19999999999999
6,126.5
6,126.5
0,125.9
0,125.5
1,124.43333333333334
1,124.43333333333334
2,123.19999999999999
2,122.5
3,121.9
3,121.5
4,120.7
4,120.7
5,119.7
5,118.9
6,118.44999999999999
6,117.9
0,117.35
0,116.8
1,116.30000000000001
1,116.30000000000001
2,114.75
2,114.75
3,113.25
3,113.25
4,112.8
4,112.8
5,112.8
5,112.8
6,112.8
6,112.8
0,112.4
0,112.4
1,112.4
1,112.4
2,112.4
2,112.4
3,112.4
3,112.4
4,112.4
4,112.4
5,112.4
5,112.4
6,112.4
6,112.4
0,112.4
0,112.4
1,112.4
1,112.4
2,112.4
2,112.4
3,145.8
3,145.8
4,145.45
4,143.9
5,140.53333333333333
5,140.53333333333333
6,135.5
6,134.1
0,132.9
0,131.9
1,130.2
1,129.5
2,128.9
2,128.9
3,128.2
3,127.5
4,126.7
4,126.7
5,126.7
5,126.7
6,126.7
6,125.9
0,125.5
0,125.5
1,125.5
1,125.5
2,125.5
2,125.5
3,125.5
3,125.5
4,125.5
4,125.5
5,125.5
5,125.5
6,125.5
6,125.5
0,125.5
0,122.5
1,122.5
1,119.5
2,119.5
2,119.5
3,119.5
3,119.3
4,119.3
4,119.3
5,119.3
5,119.3
6,119.3
6,118.9
0,118.9
0,118.9
1,118.9
1,118.9
2,118.9
2,118.9
3,118.9
3,118.5
4,118.5
4,118.5
5,118.5
5,118.5
6,118.5
6,118.5
0,118.5
0,118.5
1,118.5
1,118.5
2,118.5
2,118.5
3,118.5
3,118.5
4,118.5
4,118.5
5,118.5
5,118.5
6,118.5
6,118.5
0,118.5
0,118.5
1,118.5
1,118.5
2,118.5
2,118.5
3,118.5
3,118.5
4,118.5
4,118.5
5,118.5
5,118.5
6,118.5
6,118.5
0,118.5
0,118.5
1,118.5
1,118.5
2,118.5
2,118.5
3,118.5
3,118.5
4,118.5
4,118.5
5,118.5
5,118.5
6,118.5
6,118.5
0,118.5
0,118.5
1,118.5
1,118.5
2,118.5
2,118.5
3,118.5
3,118.5
4,118.5
4,118.5
5,118.5
5,118.5
6,118.5
6,118.5
0,118.5
0,118.5
1,118.5
1,118.5
2,118.5
2,118.5
3,118.5
3,118.5
4,118.5
4,118.5
5,118.5
5,118.5
6,118.5
6,118.5
0,118.5
0,118.5
1,118.5
1,118.5
2,118.5
2,118.5
3,118.5
3,118.5
4,118.5
4,118.5
5,118.5
5,118.5
6,118.5
6,118.5
0,118.5
0,118.5
1,118.5
1,118.5
2,118.5
2,118.5
3,118.5
3,118.5
4,118.5
4,118.5
5,118.5
5,118.5
6,118.5
6,118.5
0,118.5
0,118.5
1,118.5
1,118.5
2,118.5
2,118.5
3,118.5
3,118.5
4,118.5
4,118.5
5,118.5
5,118.5
6,118.5
6,118.5
0,118.5
0,118.5
1,118.5
1,118.5
2,118.5
2,118.5
3,118.5
3,118.5
4,118.5
4,118.5
5,118.5
5,118.5
6,118.5
6,118.5
0,118.5
0,118.5
1,118.5
1,118.5
2,118.5
2,118.5
3,118.5
3,118.5
4,118.5
4,118.5
5,118.5
5,118.5
6,118.5
6,118.5
0,118.5
0,150.7
1,150.7
1,150.7
2,150.7
2,150.7
3,150.7
3,150.7
4,150.7
4,150.7
5,150.7
5,150.7
6,150.7
6,150.7
0,150.7
0,150.7
1,150.7
1,150.7
2,150.7
2,150.7
3,150.7
3,150.7
4,150.7
4,150.7
5,150.7
5,150.7
6,150.7
6,150.7
0,150.7
0,150.7
1,150.7
1,150.7
2,150.7
2,150.7
3,150.7
3,150.7
4,149.3
4,149.3
5,149.3
5,149.3
6,149.3
6,149.3
0,149.3
0,149.3
1,149.3
1,149.3
2,149.3
2,149.3
3,149.3
3,149.3
4,149.3
4,149.3
5,148.9
5,148.9
6,148.9
6,148.9
0,148.9
0,148.9
1,148.9
1,148.9
2,148.9
2,148.7
3,148.7
3,148.7
4,148.5
4,148.5
5,148.5
5,148.5
6,148.5
6,148.5
0,148.5
0,148.5
1,148.3
1,148.3
2,148.3
2,148.3
3,148.3
3,148.3
4,148.3
4,147.9
5,158.8
5,158.8
6,158.8
6,158.8
0,158.8
0,158.8
1,158.8
1,158.8
2,158.8
2,158.8
3,158.8
3,158.8
4,157.5
4,156.3
5,156.3
5,156.3
6,156.3
6,156.3
0,155.4
0,154.7
1,154.7
1,154.5
2,154.3
2,154.3
3,153.9
3,153.9
4,153.9
4,153.7
5,153.7
5,153.7
6,153.7
6,153.7
0,153.7
0,153.5
1,153.5
1,152.8
2,152.8
2,152.8
3,152.4
3,152.4
4,152.4
4,152.4
5,152.4
5,152.4
6,152.4
6,152.4
0,152.4
0,150.9
1,149.7
1,149.7
2,149.7
2,149.7
3,147.8
3,147.8
4,147.8
4,147.8
5,147.8
5,147.8
6,147.8
6,147.8
0,144.9
0,144.7
1,144.7
1,144.7
2,144.7
2,141.8
3,141.8
3,141.5
4,141.5
4,140.9
5,140.7
5,140.7
6,140.5
6,140.5
0,140.5
0,140.5
1,140.5
1,140.5
2,140.5
2,140.5
3,140.5
3,139.8
4,139.8
4,139.5
5,139.5
5,139.5
6,139.5
6,139.5
0,139.5
0,139.5
1,139.5
1,139.5
2,139.5
2,139.3
3,137.10000000000002
3,137.10000000000002
4,136.7
4,136.7
5,136.7
5,136.7
6,136.7
6,136.7
0,136.7
0,136.7
1,136.7
1,136.7
2,136.7
2,146.1
3,146.1
3,154.7
4,154.7
4,154.5
5,154.5
5,152.5
6,152.5
6,152.5
0,152.5
0,152.5
1,152.5
1,152.5
2,152.5
2,152.3
3,152.3
3,151.9
4,151.9
4,151.7
5,151.7
5,151.7
6,151.7
6,151.7
0,151.5
0,151.5
1,151.5
1,151.5
2,150.5
2,149.8
3,149.8
3,147.7
4,147.7
4,147.7
5,147.5
5,147.5
6,147.3
6,147.3
0,147.3
0,146.8
1,146.5
1,146.5
2,146.5
2,146.5
3,146.5
3,146.3
4,144.9
4,144.9
5,144.7
5,144.7
6,144.7
6,144.7
0,144.7
0,144.5
1,144.5
1,144.5
2,144.5
2,144.5
3,144.5
3,144.5
4,144.5
4,144.5
5,144.5
5,144.5
6,144.5
6,144.5
0,144.5
0,144.5
1,143.9
1,142.9
2,142.9
2,142.7
3,142.7
3,139.93333333333334
4,139.93333333333334
4,139.93333333333334
5,139.93333333333334
5,139.93333333333334
6,139.93333333333334
6,139.93333333333334
0,139.93333333333334
0,139.93333333333334
1,139.93333333333334
1,139.93333333333334
2,139.93333333333334
2,139.93333333333334
3,139.93333333333334
3,139.93333333333334
4,139.93333333333334
4,137.7
5,137.7
5,155.9
6,155.9
6,155.7
0,155.7
0,153.9
1,153.3
1,152.7
2,152.7
2,152.7
3,152.5
3,152.5
4,152.5
4,152.5
5,152.3
5,152.3
6,152.3
6,152.3
0,152.3
0,152.3
1,152.3
1,151.60000000000002
2,150.4
2,148.10000000000002
3,148.10000000000002
3,148.10000000000002
4,148.10000000000002
4,148.10000000000002
5,148.10000000000002
5,148.10000000000002
6,148.10000000000002
6,148.10000000000002
0,148.10000000000002
0,146.9
1,145.9
1,145.9
2,144.9
2,144.9
3,144.9
3,144.7
4,144.7
4,144.5
5,144.5
5,143.9
6,143.9
6,143.9
0,143.9
0,143.9
1,143.9
1,142.9
2,141.8
2,139.9
3,139.9
3,139.9
4,137.8
4,137.8
5,137.8
5,137.8
6,137.8
6,137.8
0,137.8
0,137.8
1,134.1
1,134.1
2,132.8
2,132.8
3,132.8
3,132.8
4,131.8
4,131.8
5,131.8
5,131.8
6,131.8
6,131.8
0,131.8
0,131.8
1,131.8
1,131.8
2,131.8
2,131.8
3,131.8
3,157.9
4,157.7
4,157.7
5,157.7
5,157.7
6,157.3
6,157.3
0,157.3
0,157.3
1,157.3
1,157.3
2,156.9
2,156.9
3,156.1
3,156.1
4,155.3
4,155.3
5,153.4
5,153.4
6,153.4
6,153.4
0,153.4
0,152.7
1,152.7
1,152.7
2,152.7
2,152.7
3,145.4
3,143.9
4,143.7
4,142.7
5,142.7
5,142.7
6,142.7
6,141.7
0,140.9
0,140.7
1,140.3
1,140.3
2,139.9
2,139.9
3,139.9
3,139.9
4,139.9
4,139.9
5,134.5
5,134.5
6,134.5
6,134.5
0,134.3
0,133.9
1,133.9
1,133.9
2,133.7
2,133.7
3,133.7
3,133.7
4,132.4
4,131.5
5,129.7
5,129.7
6,129.7
6,129.7
0,129.7
0,128.4
1,128.4
1,127.9
2,126.9
2,126.7
3,126.7
3,124.80000000000001
4,124.80000000000001
4,124.80000000000001
5,124.80000000000001
5,124.80000000000001
6,124.80000000000001
6,124.80000000000001
0,124.80000000000001
0,124.80000000000001
1,124.80000000000001
1,124.80000000000001
2,124.80000000000001
2,124.80000000000001
3,148.9
3,148.7
4,148.7
4,148.7
5,148.7
5,148.7
6,148.6
6,148.6
0,148.2
0,148.2
1,147.9
1,147.9
2,147.7
2,147.7
3,147.5
3,146.9
4,146.9
4,146.9
5,146.9
5,146.9
6,146.9
6,146.9
0,145.43333333333334
0,145.43333333333334
1,144.5
1,144.5
2,143.7
2,142.5
3,141.7
3,140.5
4,140.2
4,140.2
5,139.9
5,139.9
6,139.9
6,135.7
0,135.7
0,134.8
1,134.7
1,134.7
2,134.7
2,133.8
3,132.8
3,131.7
4,131.5
4,130.8
5,130.7
5,130.7
6,130.7
6,129.7
0,129.6
0,128.9
1,128.9
1,128.9
2,128.4
2,128.4
3,127.4
3,127.4
4,126.9
4,126.9
5,126.9
5,126.9
6,126.9
6,126.9
0,141.4
0,141.4
1,154.9
1,154.9
2,153.9
2,153.9
3,153.9
3,153.5
4,152.9
4,154.9
5,154.9
5,154.9
6,154.9
6,154.9
0,154.9
0,154.9
1,154.9
1,154.9
2,154.9
2,152.7
3,152.5
3,152.5
4,152.5
4,150.9
5,150.9
5,150.9
6,150.03333333333333
6,149.3
0,149.10000000000002
0,149.10000000000002
1,148.8
1,148.8
2,148.7
2,148.7
3,148.7
3,148.7
4,148.2
4,148.2
5,147.7
5,147.5
6,147.5
6,134.5
0,134.5
0,134.5
1,134.5
1,134.5
2,134.5
2,134.5
3,134.5
3,134.5
4,134.5
4,134.5
5,134.5
5,134.5
6,134.5
6,134.5
0,134.5
0,134.5
1,134.5
1,134.5
2,130.5
2,129.9
3,129.9
3,129.9
4,129.9
4,129.9
5,129.9
5,129.9
6,129.9
6,129.9
0,158.8
0,157.6
1,156.5
1,154.6
2,154.6
2,153.6
3,153.6
3,153.6
4,153.6
4,153.6
5,153.6
5,153.6
6,153.6
6,153.6
0,153.6
0,153.6
1,154.3
1,154.3
2,154.3
2,154.3
3,153.9
3,153.9
4,153.7
4,153.7
5,153.7
5,152.8
6,152.8
6,152.8
0,152.5
0,152.5
1,152.5
1,152.5
2,148.8
2,148.8
3,148.5
3,148.5
4,148.3
4,148.3
5,148.3
5,148.3
6,148.3
6,148.3
0,148.3
0,148.3
1,148.3
1,148.3
2,148.3
2,148.3
3,145.8
3,145.8
4,145.8
4,144.9
5,144.7
5,144.7
6,144.7
6,144.7
0,144.7
0,144.7
1,144.7
1,160.8
2,160.8
2,160.8
3,158.9
3,158.9
4,158.7
4,158.7
5,158.7
5,158.7
6,158.7
6,158.7
0,158.5
0,158.5
1,158.5
1,158.5
2,158.5
2,158.5
3,158.5
3,158.5
4,158.5
4,158.5
5,158.5
5,158.5
6,158.5
6,158.5
0,158.5
0,158.5
1,158.5
1,158.5
2,158.5
2,158.5
3,158.5
3,158.5
4,158.5
4,158.5
5,158.5
5,158.5
6,158.5
6,158.5
0,158.5
0,158.5
1,158.5
1,158.5
2,158.5
2,158.5
3,158.5
3,158.5
4,158.5
4,158.5
5,158.5
5,158.5
6,158.5
6,158.5
0,158.5
0,158.5
1,158.5
1,158.5
2,158.5
2,158.5
3,158.5
3,158.5
4,158.5
4,158.5
5,158.5
5,158.5
6,158.5
6,158.5
0,158.5
0,158.5
1,158.5
1,158.5
2,158.5
2,158.5
3,158.5
3,158.5
4,158.5
4,158.5
5,158.5
5,158.5
6,158.5
6,158.5
0,158.5
0,158.5
1,158.5
1,158.5
2,158.5
2,158.5
3,158.5
3,158.5
4,158.5
4,158.5
5,158.5
5,158.5
6,158.5
6,158.5
0,158.5
0,158.5
1,158.5
1,158.5
2,158.5
2,158.5
3,158.5
3,158.5
4,158.5
4,158.5
5,158.5
5,158.5
6,158.5
6,158.5
0,158.5
0,158.5
1,158.5
1,158.5
2,158.5
2,158.5
3,158.5
3,158.5
4,158.5
4,158.5
5,158.5
5,158.5
6,158.5
6,158.5
0,158.5
0,158.5
1,158.5
1,158.5
2,158.5
2,158.5
3,158.5
3,158.5
4,158.5
4,158.5
5,158.5
5,158.5
6,158.5
6,158.5
0,158.5
0,158.5
1,158.5
1,158.5
2,158.5
2,158.5
3,158.5
3,158.5
4,158.5
4,158.5
5,158.5
5,158.5
6,158.5
6,158.5
0,158.5
0,158.5
1,158.5
1,158.5
2,158.5
2,158.5
3,158.5
3,158.5
4,158.5
4,158.5
5,158.5
5,158.5
6,158.5
6,158.5
0,158.5
0,158.5
1,158.5
1,158.5
2,158.5
2,158.5
3,158.5
3,158.5
4,158.5
4,158.5
5,158.5
5,158.5
6,158.5
6,158.5
0,158.5
0,158.5
1,158.5
1,158.5
2,158.5
2,158.5
3,158.5
3,158.5
4,158.5
4,158.5
5,158.5
5,158.5
6,158.5
6,158.5
0,158.5
0,158.5
1,158.5
1,158.5
2,158.5
2,158.5
3,158.5
3,158.5
4,158.5
4,158.5
5,158.5
5,158.5
6,158.5
6,158.5
0,158.5
0,158.5
1,158.5
1,158.5
2,158.5
2,158.5
3,158.5
3,158.5
4,158.5
4,158.5
5,158.5
5,158.5
6,158.5
6,158.5
0,158.5
0,158.5
1,158.5
1,158.5
2,158.5
2,158.5
3,158.5
3,158.5
4,158.5
4,158.5
5,158.5
5,158.5
6,158.5
6,158.5
0,158.5
0,158.5
1,158.5
1,158.5
2,158.5
2,158.5
3,158.5
3,158.5
4,158.5
4,158.5
5,158.5
5,158.5
6,158.5
6,158.5
0,158.5
0,158.5
1,158.5
1,158.5
2,158.5
2,158.5
3,158.5
3,158.5
4,158.5
4,158.5
5,158.5
5,158.5
6,158.5
6,158.5
0,158.5
0,158.5
1,158.5
1,158.5
2,158.5
2,158.5
3,158.5
3,158.5
4,158.5
4,158.5
5,158.5
5,158.5
6,158.5
6,158.5
0,158.5
0,158.5
1,158.5
1,158.5
2,158.5
2,158.5
3,158.5
3,158.5
4,158.5
4,158.5
5,158.5
5,158.5
6,158.5
6,158.5
0,158.5
0,158.5
1,158.5
1,158.5
2,158.5
2,158.5
3,158.5
3,158.5
4,158.5
4,158.5
5,158.5
5,158.5
6,158.5
6,158.5
0,158.5
0,158.5
1,158.5
1,158.5
2,158.5
2,158.5
3,158.5
3,158.5
4,158.5
4,158.5
5,158.5
5,158.5
6,158.5
6,158.5
0,158.5
0,158.5
1,158.5
1,158.5
2,158.5
2,158.5
3,158.5
3,158.5
4,158.5
4,158.5
5,158.5
5,158.5
6,158.5
6,158.5
0,158.5
0,158.5
1,158.5
1,158.5
2,158.5
2,158.5
3,158.5
3,158.5
4,158.5
4,158.5
5,158.5
5,158.5
6,158.5
6,158.5
0,158.5
0,158.5
1,158.5
1,158.5
2,158.5
2,158.5
3,158.5
3,158.5
4,158.5
4,158.5
5,158.5
5,158.5
6,158.5
6,158.5
0,158.5
0,158.5
1,158.5
1,158.5
2,158.5
2,158.5
3,158.5
3,158.5
4,158.5
4,158.5
5,158.5
5,158.5
6,158.5
6,158.5
