0,125.30000000000001
0,125.30000000000001
1,122.9
1,122.9
2,121.80000000000001
2,121.80000000000001
3,118.89999999999999
3,118.89999999999999
4,116.7
4,116.7
5,116.1
5,116.1
6,116.1
6,116.1
0,116.1
0,116.1
1,115.5
1,115.5
2,115.4
2,115.4
3,114.4
3,112.9
4,112.9
4,112.9
5,112.9
5,112.9
6,112.9
6,112.9
0,112.9
0,112.9
1,112.75
1,112.75
2,112.75
2,112.75
3,143.35000000000002
3,143.35000000000002
4,141.9
4,141.9
5,141.9
5,141.9
6,141.9
6,141.9
0,141.5
0,140.9
1,139.9
1,139.9
2,137.9
2,137.9
3,137.9
3,137.9
4,137.3
4,137.3
5,137.3
5,137.3
6,137.3
6,137.3
0,135.7
0,135.7
1,131.4
1,125.9
2,125.9
2,125.9
3,123.30000000000001
3,123.30000000000001
4,121.80000000000001
4,121.80000000000001
5,119.9
5,119.9
6,119.9
6,119.9
0,119.7
0,119.7
1,119.5
1,118.5
2,117.9
2,117.9
3,144.9
3,144.9
4,144.9
4,143.4
5,143.4
5,143.4
6,143.3
6,143.3
0,141.7
0,138.9
1,137.3
1,133.9
2,133.9
2,134.9
3,132.8
3,131.9
4,131.7
4,131.7
5,131.7
5,130.9
6,130.9
6,128.9
0,128.9
0,128.9
1,126.65
1,126.65
2,122.9
2,121.7
3,121.39999999999999
3,119.9
4,119.9
4,146.9
5,146.9
5,146.9
6,146.9
6,145.9
0,143.3
0,143.3
1,143.3
1,143.3
2,142.7
2,142.7
3,142.7
3,140.75
4,139.9
4,139.9
5,139.9
5,139.9
6,139.9
6,139.9
0,139.9
0,139.9
1,139.9
1,139.9
2,139.9
2,139.9
3,139.9
3,139.9
4,139.9
4,139.9
5,139.9
5,139.9
6,139.9
6,139.9
0,139.9
0,139.9
1,139.9
1,139.9
2,139.9
2,139.9
3,139.9
3,139.9
4,139.9
4,139.9
5,139.9
5,139.9
6,139.9
6,139.9
0,139.9
0,139.9
1,139.9
1,139.9
2,139.9
2,139.9
3,139.9
3,139.9
4,139.9
4,139.9
5,139.9
5,139.9
6,139.9
6,139.9
0,139.9
0,139.9
1,139.9
1,139.9
2,139.9
2,139.9
3,139.9
3,139.9
4,139.9
4,139.9
5,139.9
5,139.9
6,139.9
6,139.9
0,139.9
0,139.9
1,139.9
1,139.9
2,139.9
2,139.9
3,139.9
3,139.9
4,139.9
4,139.9
5,139.9
5,139.9
6,139.9
6,139.9
0,139.9
0,139.9
1,139.9
1,139.9
2,139.9
2,139.9
3,139.9
3,139.9
4,139.9
4,139.9
5,139.9
5,139.9
6,139.9
6,139.9
0,139.9
0,139.9
1,139.9
1,139.9
2,139.9
2,139.9
3,139.9
3,139.9
4,139.9
4,139.9
5,139.9
5,139.9
6,139.9
6,139.9
0,139.9
0,139.9
1,139.9
1,139.9
2,139.9
2,139.9
3,139.9
3,139.9
4,139.9
4,139.9
5,139.9
5,139.9
6,139.9
6,139.9
0,139.9
0,139.9
1,139.9
1,139.9
2,139.9
2,139.9
3,139.9
3,139.9
4,139.9
4,139.9
5,120.5
5,120.5
6,149.9
6,149.9
0,149.9
0,149.9
1,149.9
1,147.9
2,147.9
2,147.9
3,147.9
3,147.9
4,147.9
4,147.9
5,147.9
5,147.9
6,147.9
6,147.9
0,147.9
0,147.9
1,147.9
1,147.9
2,147.9
2,147.9
3,147.9
3,147.9
4,145.9
4,145.9
5,145.9
5,145.9
6,145.9
6,145.9
0,145.9
0,141.9
1,141.9
1,141.9
2,141.9
2,141.9
3,141.9
3,141.9
4,141.9
4,140.9
5,140.9
5,140.9
6,140.9
6,140.9
0,140.9
0,138.9
1,138.9
1,138.9
2,138.9
2,138.9
3,138.9
3,138.9
4,138.9
4,137.9
5,137.9
5,137.9
6,137.9
6,137.9
0,137.9
0,137.9
1,137.9
1,137.9
2,137.9
2,136.9
3,136.9
3,160.9
4,160.9
4,160.9
5,160.4
5,160.4
6,160.4
6,160.4
0,160.4
0,160.3
1,159.9
1,159.9
2,159.9
2,159.8
3,159.7
3,159.7
4,159.7
4,159.7
5,159.7
5,159.7
6,159.7
6,159.7
0,157.9
0,155.7
1,153.9
1,152.4
2,150.9
2,148.9
3,148.9
3,145.9
4,144.3
4,144.3
5,144.3
5,144.3
6,141.9
6,139.9
0,139.9
0,139.9
1,139.9
1,139.9
2,139.5
2,138.9
3,138.9
3,138.9
4,138.3
4,137.4
5,137.4
5,137.4
6,134.7
6,134.7
0,134.7
0,133.9
1,133.9
1,132.9
2,131.9
2,131.7
3,131.7
3,131.7
4,131.7
4,131.4
5,131.4
5,131.4
6,131.4
6,131.4
0,130.9
0,130.4
1,130.4
1,130.4
2,129.4
2,129.4
3,129.4
3,129.4
4,129.4
4,129.4
5,129.4
5,128.9
6,128.9
6,128.9
0,128.5
0,128.5
1,127.9
1,127.9
2,127.9
2,127.9
3,127.9
3,127.9
4,127.9
4,160.9
5,160.9
5,160.9
6,160.9
6,160.9
0,160.9
0,160.9
1,158.9
1,158.9
2,158.9
2,156.4
3,153.9
3,153.9
4,153.9
4,153.9
5,153.9
5,153.9
6,152.9
6,152.9
0,149.9
0,147.9
1,147.9
1,145.9
2,145.9
2,145.9
3,145.9
3,145.7
4,145.7
4,141.9
5,141.9
5,140.4
6,140.4
6,140.4
0,140.4
0,139.7
1,139.7
1,139.5
2,137.9
2,137.9
3,137.9
3,137.7
4,137.7
4,136.4
5,136.4
5,136.4
6,136.4
6,136.4
0,136.4
0,136.4
1,136.4
1,136.4
2,136.4
2,136.4
3,136.4
3,135.7
4,135.7
4,135.7
5,135.7
5,135.7
6,135.7
6,135.7
0,133.9
0,133.7
1,132.5
1,132.5
2,131.4
2,131.4
3,129.9
3,129.9
4,129.9
4,129.9
5,129.9
5,129.9
6,129.9
6,129.9
0,129.75
0,128.9
1,127.9
1,127.4
2,126.9
2,126.9
3,126.9
3,126.9
4,125.9
4,125.9
5,125.9
5,125.9
6,125.9
6,125.9
0,125.9
0,125.75
1,125.75
1,125.75
2,124.9
2,124.9
3,124.9
3,124.9
4,124.9
4,124.9
5,124.9
5,124.9
6,154.9
6,153.9
0,153.9
0,153.9
1,153.7
1,153.7
2,152.9
2,150.9
3,150.9
3,150.9
4,150.9
4,150.9
5,150.9
5,150.9
6,148.9
6,148.9
0,147.9
0,145.9
1,143.9
1,142.9
2,141.9
2,141.7
3,140.9
3,140.9
4,139.9
4,139.9
5,138.9
5,138.9
6,138.9
6,138.9
0,135.9
0,135.9
1,135.9
1,135.9
2,135.9
2,135.9
3,135.9
3,135.9
4,135.9
4,134.9
5,134.9
5,134.9
6,134.9
6,134.9
0,134.4
0,133.4
1,132.4
1,131.9
2,131.4
2,130.9
3,130.4
3,155.9
4,154.9
4,154.9
5,154.9
5,154.9
6,154.9
6,154.9
0,153.9
0,153.9
1,153.9
1,153.9
2,153.9
2,153.9
3,152.4
3,152.4
4,152.4
4,150.9
5,149.9
5,149.9
6,147.9
6,147.9
0,145.9
0,140.5666666666667
1,134.9
1,134.9
2,132.9
2,131.9
3,131.9
3,129.9
4,129.9
4,129.5
5,129.5
5,129.3
6,129.3
6,129.3
0,129.3
0,129.3
1,129.3
1,128.9
2,128.9
2,128.9
3,128.9
3,128.9
4,128.9
4,128.9
5,128.9
5,128.9
6,128.9
6,128.9
0,128.9
0,128.9
1,128.9
1,128.9
2,156.9
2,155.7
3,155.7
3,153.7
4,151.7
4,151.7
5,150.7
5,150.3
6,150.3
6,150.3
0,148.9
0,147.9
1,147.9
1,145.9
2,145.9
2,144.35000000000002
3,142.9
3,141.23333333333335
4,139.9
4,138.95
5,138.95
5,137.9
6,137.7
6,137.7
0,137.7
0,136.93333333333334
1,135.7
1,135.05
2,133.2
2,133.2
3,133.2
3,131.26666666666665
4,131.26666666666665
4,130.35000000000002
5,130.35000000000002
5,130.35000000000002
6,130.35000000000002
6,129.10000000000002
0,129.10000000000002
0,128.15
1,127.7
1,127.2
2,127.2
2,126.35
3,126.35
3,125.9
4,125.9
4,125.4
5,125.3
5,124.9
6,124.9
6,124.9
0,124.9
0,124.66666666666667
1,124.66666666666667
1,123.9
2,123.9
2,123.35
3,123.35
3,122.7
4,122.7
4,122.4
5,122.4
5,122.3
6,122.3
6,121.7
0,121.7
0,121.7
1,121.7
1,121.7
2,121.7
2,121.7
3,121.7
3,134.4
4,147.4
4,147.4
5,147.3
5,147.3
6,147.3
6,146.7
0,146.7
0,145.7
1,145.3
1,144.9
2,143.9
2,141.9
3,140.9
3,139.9
4,139.9
4,138.9
5,138.9
5,138.9
6,138.9
6,138.7
0,137.7
0,137.5
1,136.9
1,134.2
2,132.4
2,130.9
3,130.7
3,130.7
4,130.5
4,129.7
5,129.3
5,129.3
6,129.3
6,129.3
0,128.60000000000002
0,127.7
1,127.7
1,127.5
2,127.4
2,126.9
3,126.9
3,125.9
4,125.9
4,125.9
5,125.15
5,125.15
6,124.9
6,124.9
0,124.9
0,124.9
1,124.9
1,124.9
2,124.9
2,124.9
3,124.9
3,124.9
4,124.65
4,123.9
5,123.9
5,123.9
6,123.9
6,123.9
0,123.9
0,149.9
1,148.7
1,148.7
2,148.7
2,148.5
3,148.4
3,147.9
4,147.9
4,147.575
5,146.60000000000002
5,146.60000000000002
6,145.4
6,145.4
0,144.5
0,143.7
1,142.7
1,142.7
2,141.7
2,139.7
3,139.7
3,138.9
4,138.8
4,136.5666666666667
5,135.4
5,135.4
6,135.15
6,133.15
0,133.15
0,131.86666666666667
1,131.4
1,130.70000000000002
2,129.9
2,129.7
3,129.7
3,129.7
4,129.4
4,130.10000000000002
5,130.10000000000002
5,130.10000000000002
6,130.10000000000002
6,130.10000000000002
0,130.10000000000002
0,126.65
1,126.4
1,126.4
2,126.4
2,126.4
3,126.4
3,126.4
4,126.4
4,126.4
5,126.4
5,126.4
6,126.4
6,126.4
0,126.4
0,126.4
1,159.9
1,158.9
2,158.4
2,156.9
3,156.16666666666666
3,155.5
4,154.06666666666666
4,154.06666666666666
5,152.60000000000002
5,152.60000000000002
6,151.4
6,150.6
0,147.6
0,147.6
1,144.53333333333333
1,144.53333333333333
2,141.73333333333335
2,140.3
3,139.9
3,137.9
4,137.9
4,137.15
5,136.8
5,136.35000000000002
6,136.3
6,136.3
0,136.10000000000002
0,136.10000000000002
1,136.10000000000002
1,135.15
2,135.15
2,132.9
3,132.9
3,132.9
4,131.9
4,131.9
5,131.9
5,131.9
6,131.9
6,130.9
0,130.9
0,129.9
1,129.9
1,129.9
2,129.9
2,129.9
3,129.9
3,129.9
4,129.9
4,129.9
5,129.9
5,129.9
6,129.9
6,129.9
0,159.9
0,159.9
1,158.4
1,156.9
2,156.7
2,155.9
3,154.9
3,150.4
4,150.4
4,150.4
5,150.4
5,149.7
6,149.5
6,149.5
0,149.3
0,148.8
1,147.8
1,147.2
2,146.7
2,146.3
3,142.35000000000002
3,141.9
4,141.9
4,141.9
5,140.15
5,140.15
6,140.15
6,138.9
0,138.9
0,138.9
1,137.9
1,137.7
2,137.7
2,137.7
3,137.7
3,137.7
4,137.7
4,137.7
5,160.9
5,160.9
6,160.9
6,160.7
0,160.7
0,159.9
1,157.9
1,157.9
2,157.5
2,157.3
3,156.9
3,156.9
4,156.9
4,155.8
5,154.9
5,154.7
6,154.7
6,154.7
0,154.7
0,154.7
1,154.7
1,154.5
2,153.9
2,153.7
3,151.9
3,150.9
4,150.7
4,149.9
5,149.9
5,149.7
6,149.7
6,149.7
0,148.9
0,146.9
1,146.7
1,145.9
2,145.7
2,145.7
3,143.4
3,143.3
4,143.3
4,143.3
5,143.3
5,143.3
6,143.3
6,143.3
0,166.9
0,166.9
1,166.9
1,165.6
2,165.6
2,165.6
3,165.6
3,163.7
4,163.5
4,163.5
5,163.5
5,163.5
6,161.7
6,159.9
0,159.9
0,158.4
1,158.4
1,155.9
2,155.9
2,154.9
3,154.9
3,154.4
4,154.4
4,153.9
5,153.9
5,153.9
6,153.9
6,153.7
0,153.7
0,153.5
1,153.5
1,153.5
2,153.5
2,153.5
3,153.5
3,149.8
4,147.9
4,147.7
5,147.7
5,147.35
6,147.35
6,146.9
0,146.9
0,142.9
1,142.9
1,142.9
2,142.7
2,142.3
3,142.3
3,142.3
4,141.9
4,167.9
5,167.9
5,165.9
6,165.9
6,165.9
0,165.9
0,164.9
1,163.9
1,162.9
2,161.9
2,160.9
3,160.9
3,160.9
4,160.9
4,159.4
5,159.4
5,159.4
6,159.4
6,159.4
0,159.4
0,158.2
1,158.2
1,156.9
2,155.9
2,155.9
3,152.9
3,152.7
4,152.7
4,150.3
5,150.3
5,148.7
6,148.7
6,145.9
0,145.9
0,145.9
1,145.75
1,145.75
2,144.9
2,144.9
3,144.9
3,144.7
4,143.9
4,143.7
5,143.7
5,143.7
6,142.9
6,142.7
0,142.7
0,142.7
1,142.7
1,142.5
2,142.3
2,142.3
3,142.3
3,142.3
4,142.3
4,154.8
5,165.9
5,165.9
6,165.9
6,165.9
0,165.9
0,165.9
1,165.9
1,165.9
2,165.9
2,165.9
3,164.9
3,161.9
4,159.9
4,158.8
5,158.8
5,158.8
6,158.8
6,157.7
0,156.9
0,156.7
1,156.7
1,155.7
2,152.9
2,152.55
3,152.55
3,151.9
4,151.9
4,151.9
5,151.9
5,151.9
6,151.9
6,151.9
0,151.9
0,151.05
1,149.9
1,149.9
2,147.9
2,146.2
3,143.9
3,143.5
4,143.5
4,143.3
5,142.9
5,142.7
6,142.7
6,142.7
0,142.7
0,142.23333333333335
1,142.23333333333335
1,141.2
2,141.2
2,140.5
3,140.5
3,140.5
4,138.3
4,136.9
5,136.9
5,136.9
6,136.9
6,136.9
0,136.9
0,136.9
1,137.9
1,137.9
2,137.9
2,137.9
3,137.9
3,137.9
4,137.9
4,137.9
5,137.9
5,137.9
6,137.9
6,137.9
0,137.9
0,137.9
1,137.9
1,137.9
2,137.9
2,167.9
3,167.9
3,167.9
4,167.9
4,166.6
5,166.6
5,166.6
6,166.6
6,164.9
0,163.9
0,163.7
1,163.7
1,163.7
2,161.9
2,159.9
3,157.65
3,155.4
4,155.4
4,155.4
5,152.5
5,152.5
6,151.9
6,151.9
0,151.9
0,148.23333333333335
1,148.23333333333335
1,144.7
2,143.2
2,143.2
3,143.2
3,143.2
4,143.2
4,143.2
5,143.2
5,138.5
6,138.5
6,138.5
0,138.5
0,138.5
1,138.5
1,138.5
2,138.5
2,138.5
3,138.5
3,138.5
4,138.5
4,138.5
5,138.5
5,138.5
6,167.9
6,167.9
0,165.9
0,165.9
1,165.9
1,164.9
2,164.9
2,161.4
3,161.4
3,157.9
4,155.9
4,153.9
5,151.7
5,150.2
6,149.9
6,148.5
0,145.9
0,149.9
1,144.7
1,144.7
2,142.9
2,142.9
3,142.9
3,142.9
4,142.9
4,142.9
5,142.9
5,142.9
6,142.9
6,142.9
0,142.9
0,142.9
1,142.9
1,142.9
2,142.9
2,142.9
3,142.9
3,142.9
4,142.9
4,142.9
5,142.9
5,142.9
6,142.9
6,142.9
0,142.3
0,142.3
1,142.3
1,142.3
2,142.3
2,141.9
3,141.9
3,169.9
4,168.9
4,168.9
5,168.9
5,168.9
6,168.9
6,168.9
0,168.9
0,166.9
1,166.9
1,165.9
2,165.9
2,162.9
3,161.9
3,161.9
4,161.9
4,157.9
5,154.9
5,154.9
6,152.9
6,152.9
0,152.9
0,152.9
1,152.9
1,152.9
2,152.9
2,152.9
3,152.9
3,151.9
4,150.9
4,150.9
5,150.9
5,150.9
6,149.9
6,149.9
0,148.9
0,146.9
1,146.9
1,146.9
2,145.9
2,145.9
3,145.9
3,174.9
4,172.9
4,172.9
5,172.9
5,170.9
6,170.9
6,169.9
