0,0
0,0
1,0
1,130.9
2,130.9
2,130.9
3,130.9
3,130.9
4,130.9
4,130.9
5,130.9
5,130.9
6,129.9
6,128.8
0,128.8
0,128.8
1,127.9
1,127.9
2,125.9
2,124.9
3,124.9
3,124.9
4,123.9
4,123.9
5,122.9
5,122.9
6,121.9
6,121.9
0,121.6
0,121.6
1,121.6
1,121.6
2,121.6
2,121.6
3,121.6
3,121.6
4,121.6
4,121.6
5,120.9
5,120.9
6,120.9
6,119.9
0,119.9
0,119.9
1,119.9
1,119.9
2,119.9
2,119.4
3,119.3
3,119.3
4,119.3
4,119.3
5,118.9
5,118.9
6,118.9
6,118.9
0,117.9
0,117.9
1,117.9
1,117.9
2,117.9
2,117.9
3,117.9
3,117.9
4,117.9
4,117.9
5,117.9
5,117.9
6,117.9
6,117.9
0,117.9
0,117.9
1,117.9
1,117.9
2,117.9
2,117.9
3,117.9
3,117.9
4,145.9
4,145.9
5,145.9
5,145.9
6,145.9
6,143.9
0,119.4
0,119.4
1,119.4
1,119.4
2,119.4
2,119.4
3,119.4
3,119.4
4,119.4
4,119.4
5,119.4
5,119.4
6,119.4
6,119.4
0,119.4
0,119.4
1,119.4
1,119.4
2,119.4
2,119.4
3,119.4
3,119.4
4,119.4
4,119.4
5,119.4
5,119.4
6,119.4
6,119.4
0,119.4
0,119.4
1,119.4
1,119.4
2,119.4
2,119.4
3,119.4
3,119.4
4,119.4
4,119.4
5,119.4
5,119.4
6,119.4
6,119.4
0,119.4
0,119.4
1,119.4
1,119.4
2,119.4
2,119.4
3,119.4
3,119.4
4,119.4
4,119.4
5,119.4
5,119.4
6,119.4
6,119.4
0,119.4
0,119.4
1,119.4
1,119.4
2,119.4
2,119.4
3,119.4
3,119.4
4,119.4
4,119.4
5,119.4
5,119.4
6,119.4
6,119.4
0,119.4
0,119.4
1,119.4
1,119.4
2,119.4
2,119.4
3,119.4
3,119.4
4,119.4
4,119.4
5,119.4
5,119.4
6,119.4
6,119.4
0,119.4
0,119.4
1,119.4
1,119.4
2,119.4
2,119.4
3,119.4
3,119.4
4,119.4
4,119.4
5,119.4
5,119.4
6,119.4
6,119.4
0,119.4
0,119.4
1,119.4
1,119.4
2,119.4
2,119.4
3,119.4
3,119.4
4,119.4
4,119.4
5,119.4
5,119.4
6,119.4
6,119.4
0,119.4
0,119.4
1,119.4
1,119.4
2,119.4
2,119.4
3,119.4
3,119.4
4,119.4
4,119.4
5,119.4
5,119.4
6,119.4
6,119.4
0,119.4
0,119.4
1,119.4
1,119.4
2,119.4
2,119.4
3,119.4
3,119.4
4,119.4
4,119.4
5,119.4
5,119.4
6,119.4
6,119.4
0,119.4
0,119.4
1,119.4
1,119.4
2,119.4
2,119.4
3,119.4
3,119.4
4,119.4
4,119.4
5,119.4
5,119.4
6,119.4
6,119.4
0,119.4
0,119.4
1,119.4
1,119.4
2,119.4
2,119.4
3,119.4
3,119.4
4,119.4
4,119.4
5,119.4
5,119.4
6,119.4
6,119.4
0,119.4
0,137.10000000000002
1,137.10000000000002
1,137.10000000000002
2,137.10000000000002
2,137.10000000000002
3,137.10000000000002
3,137.10000000000002
4,136.7
4,136.7
5,136.7
5,136.7
6,136.7
6,136.7
0,136.7
0,136.7
1,136.7
1,145.9
2,145.9
2,145.9
3,145.9
3,145.9
4,145.9
4,145.9
5,145.9
5,145.9
6,145.9
6,144.9
0,143.9
0,143.9
1,143.9
1,143.9
2,143.7
2,143.7
3,143.7
3,143.7
4,143.7
4,143.7
5,143.7
5,143.7
6,143.7
6,143.7
0,141.7
0,141.7
1,140.7
1,140.7
2,140.7
2,140.7
3,139.7
3,139.5
4,139.5
4,139.5
5,139.5
5,139.5
6,139.5
6,139.5
0,139.5
0,139.5
1,139.5
1,139.5
2,139.5
2,139.5
3,139.5
3,139.4
4,139.4
4,139.4
5,139.4
5,139.4
6,139.4
6,139.4
0,162.9
0,162.4
1,162.4
1,161.7
2,161.7
2,161.5
3,161.5
3,161.5
4,160.9
4,160.9
5,159.9
5,159.9
6,159.9
6,159.9
0,159.9
0,159.9
1,159.9
1,159.7
2,159.7
2,159.7
3,158.4
3,158.4
4,158.4
4,157.7
5,157.7
5,157.7
6,157.7
6,157.7
0,147.4
0,157.0
1,157.0
1,157.0
2,157.0
2,155.7
3,155.7
3,155.7
4,155.7
4,155.7
5,155.7
5,155.7
6,155.7
6,155.7
0,155.5
0,155.5
1,155.5
1,155.5
2,155.5
2,155.4
3,154.9
3,154.9
4,152.9
4,152.9
5,152.9
5,152.9
6,152.9
6,152.7
0,150.7
0,149.9
1,149.9
1,149.5
2,149.5
2,149.15
3,149.15
3,149.15
4,147.3
4,143.9
5,142.9
5,142.9
6,142.9
6,142.9
0,142.9
0,142.9
1,142.9
1,142.9
2,142.9
2,142.9
3,142.9
3,142.9
4,142.9
4,142.9
5,142.9
5,142.9
6,142.9
6,142.9
0,142.9
0,142.9
1,142.9
1,142.9
2,142.9
2,142.9
3,142.9
3,142.9
4,142.9
4,142.9
5,142.9
5,142.9
6,142.9
6,142.9
0,142.9
0,141.4
1,141.4
1,141.4
2,141.4
2,141.4
3,141.4
3,141.4
4,141.4
4,141.4
5,141.4
5,141.4
6,141.4
6,141.4
0,141.4
0,141.4
1,141.4
1,141.4
2,141.4
2,141.4
3,141.4
3,141.4
4,141.4
4,141.4
5,141.4
5,141.4
6,141.4
6,141.4
0,141.4
0,141.4
1,141.4
1,141.4
2,141.4
2,141.4
3,141.4
3,141.4
4,141.4
4,141.4
5,141.4
5,141.4
6,141.4
6,141.4
0,137.9
0,137.9
1,137.9
1,137.9
2,137.9
2,137.9
3,137.9
3,137.9
4,137.9
4,137.9
5,137.9
5,137.9
6,137.9
6,137.9
0,137.9
0,136.9
1,136.9
1,136.9
2,136.9
2,136.9
3,136.9
3,136.9
4,136.9
4,136.9
5,136.9
5,136.9
6,136.9
6,129.4
0,129.4
0,129.4
1,129.4
1,129.4
2,129.4
2,129.4
3,129.4
3,129.4
4,129.4
4,129.4
5,129.4
5,129.4
6,129.4
6,129.4
0,129.4
0,129.4
1,155.9
1,155.9
2,155.9
2,129.65
3,129.65
3,129.65
4,129.65
4,129.65
5,129.65
5,129.65
6,129.65
6,129.65
0,129.65
0,129.65
1,129.65
1,129.65
2,129.65
2,129.65
3,129.65
3,129.65
4,129.65
4,129.65
5,129.65
5,129.65
6,129.65
6,129.65
0,129.65
0,129.65
1,129.65
1,155.9
2,155.9
2,155.4
3,155.4
3,155.4
4,155.4
4,155.4
5,155.4
5,155.4
6,155.4
6,155.4
0,155.4
0,155.4
1,155.4
1,155.4
2,155.4
2,155.4
3,155.4
3,155.4
4,155.4
4,155.4
5,155.4
5,152.9
6,152.9
6,152.9
0,150.9
0,150.9
1,148.9
1,148.9
2,148.9
2,148.9
3,148.9
3,148.9
4,148.9
4,148.9
5,148.9
5,148.9
6,148.9
6,148.9
0,148.9
0,144.9
1,144.9
1,142.5
2,142.5
2,142.5
3,142.5
3,142.5
4,142.5
4,142.5
5,142.5
5,142.5
6,142.5
6,142.5
0,142.5
0,142.5
1,141.7
1,141.7
2,138.8
2,136.4
3,134.9
3,133.4
4,131.9
4,131.9
5,131.9
5,131.9
6,131.9
6,131.9
0,131.9
0,131.9
1,131.9
1,130.7
2,130.7
2,130.7
3,130.7
3,130.7
4,130.7
4,130.7
5,130.7
5,130.7
6,130.7
6,130.7
0,130.7
0,130.7
1,130.7
1,130.7
2,130.7
2,130.7
3,130.7
3,130.7
4,130.7
4,130.7
5,130.7
5,130.7
6,130.7
6,129.7
0,129.7
0,128.7
1,128.7
1,128.7
2,128.7
2,128.7
3,128.7
3,128.7
4,128.7
4,128.7
5,128.7
5,128.7
6,128.7
6,128.7
0,128.7
0,128.7
1,128.7
1,127.9
2,127.9
2,127.9
3,127.9
3,127.9
4,124.7
4,123.7
5,123.7
5,123.7
6,123.7
6,123.7
0,123.7
0,123.7
1,123.7
1,123.5
2,123.5
2,123.5
3,123.5
3,123.5
4,123.5
4,123.5
5,123.5
5,123.5
6,123.5
6,123.5
0,123.5
0,123.5
1,123.5
1,123.5
2,123.5
2,123.5
3,123.5
3,123.3
4,123.3
4,123.3
5,123.3
5,123.3
6,123.3
6,123.3
0,123.3
0,130.4
1,130.4
1,123.26666666666665
2,123.26666666666665
2,123.26666666666665
3,123.26666666666665
3,123.26666666666665
4,123.26666666666665
4,123.26666666666665
5,123.26666666666665
5,123.26666666666665
6,123.26666666666665
6,123.26666666666665
0,123.26666666666665
0,123.26666666666665
1,123.26666666666665
1,123.26666666666665
2,123.26666666666665
2,123.26666666666665
3,123.26666666666665
3,123.26666666666665
4,123.26666666666665
4,147.9
5,147.9
5,147.9
6,147.9
6,122.9
0,122.9
0,122.9
1,122.9
1,122.9
2,122.85
2,122.85
3,122.8
3,122.6
4,122.5
4,122.5
5,122.2
5,122.2
6,121.9
6,121.9
0,121.9
0,121.9
1,121.9
1,121.9
2,121.9
2,121.9
3,121.9
3,121.9
4,121.9
4,121.9
5,121.9
5,121.9
6,121.9
6,121.9
0,121.9
0,121.9
1,121.9
1,121.9
2,124.9
2,124.9
3,139.4
3,139.4
4,150.9
4,150.9
5,150.65
5,150.65
6,150.4
6,150.4
0,148.15
0,148.15
1,145.9
1,143.9
2,143.9
2,140.5666666666667
3,138.9
3,136.9
4,136.9
4,133.9
5,133.4
5,133.4
6,132.9
6,131.4
0,130.7
0,130.7
1,130.2
1,129.5
2,129.5
2,128.9
3,128.9
3,127.9
4,127.90000000000002
4,127.90000000000002
5,127.90000000000002
5,127.90000000000002
6,127.90000000000002
6,127.90000000000002
0,127.7
0,126.9
1,126.9
1,126.9
2,125.9
2,125.9
3,125.9
3,125.9
4,125.9
4,125.9
5,125.9
5,125.9
6,125.9
6,125.9
0,125.9
0,125.9
1,125.9
1,125.9
2,126.5
2,126.5
3,133.5
3,133.5
4,139.9
4,139.9
5,139.9
5,139.9
6,139.9
6,139.9
0,139.9
0,139.9
1,139.9
1,139.9
2,139.9
2,139.9
3,139.9
3,139.9
4,139.9
4,139.9
5,139.9
5,139.9
6,139.9
6,139.9
0,139.9
0,137.5
1,136.9
1,135.4
2,135.4
2,134.5
3,134.5
3,133.9
4,133.9
4,133.9
5,133.9
5,132.9
6,132.9
6,132.9
0,131.9
0,131.9
1,131.9
1,131.9
2,131.9
2,131.9
3,131.9
3,131.9
4,131.9
4,131.9
5,131.9
5,131.9
6,131.9
6,131.9
0,131.9
0,131.9
1,131.9
1,131.9
2,131.9
2,131.7
3,131.7
3,159.9
4,159.9
4,135.9
5,131.7
5,131.7
6,131.7
6,131.7
0,131.7
0,131.7
1,131.7
1,131.7
2,131.7
2,131.7
3,131.7
3,131.7
4,131.7
4,131.7
5,131.7
5,131.7
6,131.7
6,131.7
0,131.7
0,131.7
1,131.7
1,131.3
2,131.3
2,131.3
3,131.3
3,131.3
4,131.3
4,162.9
5,162.9
5,162.9
6,162.9
6,162.9
0,162.4
0,162.4
1,162.4
1,162.4
2,162.4
2,162.4
3,162.4
3,162.4
4,162.4
4,162.4
5,162.4
5,162.4
6,162.4
6,162.4
0,162.4
0,162.4
1,162.4
1,162.4
2,161.15
2,161.15
3,159.9
3,159.9
4,159.9
4,159.9
5,159.9
5,159.9
6,159.9
6,159.9
0,159.9
0,153.9
1,152.9
1,151.9
2,150.9
2,149.9
3,148.9
3,147.9
4,146.9
4,146.7
5,145.7
5,145.7
6,144.7
6,143.7
0,142.7
0,141.8
1,140.7
1,140.7
2,139.7
2,138.7
3,138.7
3,138.7
4,138.7
4,138.7
5,136.7
5,136.7
6,136.7
6,136.7
0,136.7
0,151.9
1,151.9
1,151.9
2,150.7
2,149.9
3,149.9
3,149.9
4,149.9
4,149.9
5,149.9
5,149.9
6,149.9
6,149.9
0,150.2
0,150.2
1,150.2
1,150.2
2,150.2
2,150.2
3,150.2
3,150.2
4,150.2
4,150.2
5,150.2
5,150.2
6,150.2
6,150.2
0,147.7
0,147.7
1,146.7
1,145.2
2,145.2
2,143.7
3,143.5
3,143.5
4,167.9
4,167.9
5,167.9
5,167.9
6,167.9
6,167.9
0,167.9
0,167.9
1,167.9
1,166.7
2,166.7
2,166.7
3,166.7
3,166.7
4,166.7
4,166.7
5,166.7
5,166.7
6,166.7
6,166.7
0,166.7
0,166.7
1,166.7
1,166.7
2,166.7
2,164.7
3,164.7
3,164.7
4,164.7
4,164.7
5,164.7
5,164.7
6,164.7
6,164.7
0,164.7
0,164.7
1,164.7
1,164.7
2,163.7
2,161.2
3,161.2
3,161.2
4,161.2
4,161.2
5,161.2
5,161.2
6,161.2
6,161.2
0,161.2
0,161.2
1,161.2
1,159.7
2,159.7
2,159.7
3,159.7
3,159.7
4,159.7
4,159.7
5,159.7
5,159.7
6,159.7
6,159.7
0,159.7
0,159.7
1,167.9
1,167.9
2,167.9
2,167.9
3,167.9
3,167.9
4,167.9
4,167.9
5,167.9
5,167.9
6,167.9
6,167.9
0,166.7
0,166.7
1,160.7
1,160.7
2,160.7
2,158.7
3,156.7
3,156.7
4,156.7
4,156.7
5,156.7
5,156.7
6,156.7
6,156.7
0,156.7
0,154.7
1,154.7
1,154.7
2,154.7
2,154.7
3,154.7
3,154.7
4,154.7
4,154.7
5,154.7
5,154.7
6,154.7
6,154.7
0,150.7
0,150.7
1,150.7
1,150.7
2,150.7
2,150.7
3,150.7
3,150.7
4,150.7
4,150.7
5,150.7
5,150.7
6,150.7
6,150.7
0,150.7
0,150.7
1,149.5
1,149.5
2,149.5
2,149.5
3,149.5
3,149.5
4,149.5
4,149.5
5,149.5
5,149.5
6,149.5
6,149.5
0,149.5
0,149.5
1,149.5
1,148.7
2,147.7
2,147.7
3,147.7
3,147.7
4,167.9
4,167.9
5,167.9
5,167.9
6,167.9
6,167.9
0,167.9
0,167.9
1,166.9
1,166.9
2,165.9
2,165.9
3,165.9
3,165.9
4,164.9
4,164.9
5,164.9
5,164.9
6,164.9
6,164.9
0,164.9
0,162.9
1,162.9
1,162.9
2,162.9
2,157.8
3,157.8
3,153.15
4,150.9
4,150.9
5,150.9
5,150.9
6,146.9
6,146.9
0,146.9
0,146.9
1,146.9
1,146.9
2,146.9
2,145.4
3,145.4
3,145.4
4,142.9
4,142.9
5,142.9
5,142.9
6,142.9
6,139.9
0,139.9
0,139.9
1,139.9
1,139.9
2,139.9
2,167.9
3,167.9
3,167.9
4,158.7
4,158.7
5,158.7
5,158.7
6,158.7
6,157.9
0,157.9
0,157.9
1,157.9
1,157.9
2,155.9
2,155.9
3,155.9
3,153.9
4,153.9
4,153.9
5,153.9
5,153.9
6,153.9
6,153.9
0,151.9
0,151.9
1,151.9
1,151.9
2,151.9
2,151.9
3,149.9
3,149.9
4,149.9
4,149.9
5,149.9
5,149.9
6,149.9
6,149.9
0,149.9
0,149.9
1,149.9
1,149.9
2,149.9
2,149.9
3,149.9
3,147.9
4,147.9
4,147.9
5,147.9
5,147.9
6,147.9
6,147.9
0,158.7
0,169.9
1,169.9
1,169.9
2,169.9
2,169.9
3,169.9
3,169.9
4,167.9
4,167.9
5,167.9
5,167.9
6,167.9
6,167.9
0,161.9
0,161.9
1,161.9
1,161.9
2,161.9
2,161.9
3,161.9
3,161.9
4,159.9
4,159.9
5,159.9
5,159.9
6,159.9
6,159.9
0,159.9
0,159.9
1,158.9
1,158.9
2,158.9
2,158.9
3,158.9
3,158.9
4,169.9
4,169.9
5,169.9
5,169.9
6,169.9
6,169.9
