0,128.9
0,128.9
1,128.7
1,126.9
2,124.53333333333335
2,124.53333333333335
3,124.53333333333335
3,120.9
4,120.30000000000001
4,120.30000000000001
5,118.9
5,118.9
6,118.9
6,118.4
0,118.3
0,117.9
1,117.3
1,117.3
2,116.9
2,116.4
3,114.89999999999999
3,113.4
4,113.4
4,113.4
5,112.9
5,112.9
6,112.9
6,112.9
0,112.4
0,112.4
1,112.4
1,112.4
2,143.65
2,143.65
3,143.65
3,143.65
4,142.8
4,142.8
5,142.8
5,142.8
6,142.8
6,142.4
0,141.9
0,141.9
1,140.9
1,137.9
2,137.7
2,137.2
3,136.7
3,131.45
4,131.4
4,131.4
5,130.9
5,130.4
6,130.4
6,129.9
0,127.9
0,127.9
1,125.4
1,125.4
2,125.4
2,125.4
3,122.33333333333333
3,121.4
4,120.4
4,120.4
5,120.4
5,120.4
6,120.4
6,118.4
0,118.4
0,117.9
1,117.9
1,117.9
2,145.9
2,145.9
3,145.9
3,145.4
4,143.4
4,142.4
5,142.4
5,141.45
6,140.9
6,140.9
0,138.4
0,138.4
1,137.4
1,137.3
2,137.3
2,135.4
3,133.43333333333334
3,133.43333333333334
4,133.43333333333334
4,133.43333333333334
5,133.43333333333334
5,133.43333333333334
6,131.9
6,131.9
0,128.95000000000002
0,127.9
1,127.9
1,124.15
2,122.9
2,122.4
3,121.65
3,121.65
4,147.4
4,147.4
5,146.9
5,146.9
6,146.9
6,145.9
0,145.9
0,145.9
1,145.9
1,145.9
2,145.8
2,145.8
3,145.8
3,145.8
4,145.8
4,141.9
5,141.9
5,141.9
6,141.9
6,141.9
0,141.9
0,141.9
1,141.9
1,141.9
2,141.9
2,141.9
3,141.9
3,141.9
4,141.9
4,141.9
5,141.9
5,141.9
6,141.9
6,141.9
0,141.9
0,141.9
1,141.9
1,141.9
2,141.9
2,141.9
3,141.9
3,141.9
4,141.9
4,141.9
5,141.9
5,141.9
6,141.9
6,141.9
0,141.9
0,141.9
1,141.9
1,141.9
2,141.9
2,141.9
3,141.9
3,141.9
4,141.9
4,141.9
5,141.9
5,141.9
6,141.9
6,141.9
0,141.9
0,141.9
1,141.9
1,141.9
2,141.9
2,141.9
3,141.9
3,141.9
4,141.9
4,141.9
5,141.9
5,141.9
6,141.9
6,141.9
0,141.9
0,141.9
1,141.9
1,141.9
2,141.9
2,141.9
3,141.9
3,141.9
4,141.9
4,141.9
5,141.9
5,141.9
6,141.9
6,141.9
0,141.9
0,141.9
1,141.9
1,141.9
2,141.9
2,141.9
3,141.9
3,141.9
4,141.9
4,141.9
5,141.9
5,141.9
6,141.9
6,141.9
0,141.9
0,141.9
1,141.9
1,141.9
2,141.9
2,141.9
3,141.9
3,141.9
4,141.9
4,141.9
5,141.9
5,141.9
6,141.9
6,141.9
0,141.9
0,141.9
1,141.9
1,141.9
2,141.9
2,141.9
3,141.9
3,141.9
4,141.9
4,141.9
5,141.9
5,141.9
6,141.9
6,141.9
0,141.9
0,141.9
1,141.9
1,141.9
2,141.9
2,141.9
3,141.9
3,122.1
4,122.1
4,122.1
5,122.1
5,149.9
6,149.9
6,149.4
0,149.4
0,149.4
1,149.4
1,149.4
2,149.4
2,149.4
3,149.4
3,149.4
4,149.4
4,147.9
5,147.9
5,147.9
6,147.9
6,147.9
0,145.7
0,145.7
1,145.7
1,145.7
2,144.9
2,144.9
3,144.9
3,144.3
4,144.3
4,144.3
5,144.3
5,144.3
6,144.3
6,144.3
0,144.3
0,144.3
1,144.3
1,144.2
2,144.2
2,144.2
3,144.2
3,144.2
4,143.9
4,143.9
5,143.9
5,143.9
6,143.9
6,143.9
0,136.4
0,134.4
1,134.4
1,134.4
2,133.4
2,133.4
3,133.4
3,133.4
4,133.4
4,133.2
5,133.2
5,133.2
6,133.2
6,133.2
0,133.2
0,133.2
1,133.1
1,133.1
2,160.9
2,160.9
3,160.9
3,160.9
4,160.4
4,160.4
5,160.4
5,160.4
6,160.4
6,160.4
0,160.4
0,160.3
1,160.3
1,154.9
2,154.9
2,154.9
3,154.9
3,150.9
4,149.7
4,149.7
5,149.7
5,149.7
6,149.7
6,149.6
0,149.6
0,149.3
1,149.3
1,149.3
2,147.9
2,147.9
3,147.7
3,145.4
4,145.4
4,143.9
5,143.9
5,143.9
6,142.9
6,141.9
0,141.9
0,140.8
1,138.4
1,138.4
2,138.4
2,138.4
3,138.4
3,138.4
4,138.4
4,136.8
5,136.8
5,136.8
6,135.9
6,134.9
0,134.9
0,134.35000000000002
1,132.9
1,132.3
2,132.3
2,132.3
3,131.8
3,131.8
4,131.6
4,131.15
5,131.15
5,131.15
6,130.8
6,130.8
0,130.8
0,130.3
1,130.3
1,129.7
2,129.7
2,129.7
3,129.7
3,129.5
4,129.5
4,129.5
5,129.5
5,129.5
6,129.5
6,129.5
0,129.5
0,129.5
1,128.4
1,128.4
2,128.4
2,128.4
3,128.4
3,160.9
4,160.9
4,160.9
5,160.4
5,160.4
6,160.4
6,160.4
0,160.4
0,160.4
1,160.4
1,160.4
2,159.4
2,159.3
3,158.9
3,156.65
4,152.15
4,152.15
5,152.15
5,150.9
6,150.9
6,150.9
0,147.9
0,147.9
1,143.4
1,143.4
2,143.4
2,143.4
3,143.4
3,143.4
4,143.4
4,143.4
5,143.4
5,143.4
6,143.4
6,143.4
0,143.4
0,143.4
1,143.4
1,137.9
2,137.9
2,137.9
3,137.9
3,135.9
4,135.9
4,135.9
5,135.9
5,135.9
6,134.9
6,134.9
0,134.9
0,134.9
1,134.9
1,134.9
2,134.9
2,134.9
3,134.9
3,134.9
4,134.9
4,134.9
5,134.9
5,134.9
6,134.9
6,134.9
0,134.9
0,133.9
1,133.9
1,133.9
2,133.9
2,132.9
3,132.9
3,131.9
4,131.9
4,131.9
5,130.9
5,130.9
6,130.9
6,130.9
0,130.9
0,129.9
1,129.9
1,129.4
2,128.9
2,128.9
3,128.9
3,128.8
4,128.8
4,128.8
5,128.8
5,128.8
6,128.8
6,127.9
0,127.9
0,127.9
1,127.9
1,127.9
2,126.9
2,126.9
3,126.9
3,126.9
4,126.9
4,126.9
5,125.9
5,155.65
6,155.65
6,154.4
0,154.4
0,154.4
1,152.9
1,152.9
2,152.9
2,152.9
3,152.9
3,151.9
4,151.9
4,150.1
5,150.1
5,150.1
6,150.1
6,149.9
0,149.9
0,148.9
1,147.9
1,146.0
2,146.0
2,146.0
3,146.0
3,146.0
4,146.0
4,146.0
5,146.0
5,146.0
6,146.0
6,146.0
0,146.0
0,146.0
1,142.35000000000002
1,142.35000000000002
2,142.35000000000002
2,140.9
3,140.9
3,140.9
4,140.9
4,140.9
5,140.9
5,140.9
6,140.9
6,140.9
0,140.9
0,140.9
1,138.65
1,138.65
2,134.9
2,134.4
3,133.9
3,133.4
4,133.4
4,155.9
5,155.9
5,155.9
6,155.4
6,155.4
0,155.4
0,155.4
1,155.4
1,153.9
2,153.9
2,153.9
3,152.9
3,152.9
4,150.9
4,150.9
5,150.9
5,150.9
6,146.9
6,146.9
0,139.575
0,137.05
1,137.05
1,137.05
2,137.05
2,134.9
3,134.9
3,133.9
4,133.9
4,133.6
5,133.6
5,133.6
6,132.9
6,132.9
0,130.4
0,130.4
1,130.4
1,130.4
2,130.4
2,130.4
3,128.9
3,128.9
4,128.9
4,128.9
5,128.9
5,128.9
6,128.9
6,128.9
0,128.9
0,157.9
1,157.9
1,133.4
2,157.9
2,157.4
3,157.4
3,157.4
4,157.4
4,157.4
5,157.4
5,157.4
6,157.4
6,157.4
0,154.4
0,154.4
1,154.4
1,149.65
2,149.65
2,148.9
3,148.9
3,147.15
4,147.15
4,145.4
5,145.4
5,144.4
6,144.4
6,144.4
0,144.4
0,143.4
1,143.4
1,141.4
2,137.9
2,137.9
3,137.9
3,137.15
4,137.15
4,137.15
5,137.15
5,137.15
6,137.15
6,136.4
0,136.4
0,135.9
1,135.9
1,135.4
2,135.4
2,134.9
3,134.7
3,134.7
4,130.5
4,129.9
5,129.9
5,128.66666666666666
6,127.7
6,127.2
0,127.2
0,126.9
1,126.9
1,126.4
2,126.4
2,125.9
3,123.9
3,123.4
4,123.4
4,122.9
5,122.9
5,122.9
6,122.9
6,122.15
0,122.15
0,122.15
1,122.15
1,120.9
2,120.9
2,147.9
3,147.9
3,147.9
4,147.4
4,147.4
5,147.4
5,147.4
6,147.4
6,147.4
0,147.4
0,147.4
1,145.9
1,145.9
2,145.9
2,145.9
3,145.9
3,145.9
4,145.9
4,145.9
5,143.9
5,143.9
6,143.9
6,143.9
0,138.9
0,137.9
1,136.9
1,136.9
2,136.9
2,136.9
3,136.9
3,136.9
4,136.9
4,136.9
5,136.2
5,136.2
6,135.95
6,132.8
0,132.35000000000002
0,130.9
1,130.9
1,130.4
2,129.65
2,128.4
3,128.4
3,128.4
4,128.4
4,127.9
5,127.9
5,126.9
6,126.9
6,125.9
0,125.9
0,125.4
1,125.4
1,123.9
2,123.9
2,123.9
3,123.9
3,123.9
4,123.9
4,123.9
5,123.9
5,123.9
6,123.9
6,123.9
0,123.9
0,123.9
1,123.9
1,150.9
2,150.9
2,148.4
3,147.9
3,147.9
4,147.9
4,147.9
5,147.9
5,147.9
6,147.9
6,147.9
0,147.9
0,147.9
1,147.9
1,145.4
2,144.9
2,144.9
3,144.9
3,141.9
4,140.9
4,138.9
5,138.9
5,138.9
6,138.9
6,138.9
0,138.9
0,137.25
1,136.9
1,135.6
2,135.6
2,134.9
3,133.9
3,133.9
4,134.9
4,134.4
5,134.4
5,133.65
6,133.65
6,133.65
0,133.65
0,133.4
1,133.4
1,131.75
2,131.4
2,130.7
3,130.7
3,130.7
4,130.7
4,130.2
5,130.2
5,130.2
6,130.2
6,160.9
0,160.4
0,160.4
1,159.9
1,159.9
2,159.9
2,159.9
3,158.9
3,158.9
4,156.9
4,156.9
5,155.9
5,155.9
6,153.0
6,153.0
0,151.3
0,151.3
1,150.89999999999998
1,150.89999999999998
2,150.3
2,149.2
3,149.2
3,146.73333333333335
4,143.5666666666667
4,141.4
5,141.4
5,140.9
6,140.4
6,138.9
0,138.4
0,138.4
1,138.4
1,138.4
2,138.4
2,135.9
3,135.9
3,134.9
4,134.9
4,133.9
5,133.9
5,133.9
6,133.9
6,133.9
0,133.9
0,132.9
1,132.9
1,132.9
2,132.9
2,132.9
3,132.9
3,132.9
4,132.9
4,132.9
5,160.9
5,160.9
6,160.9
6,160.9
0,160.9
0,132.9
1,159.9
1,159.9
2,159.4
2,159.4
3,151.6
3,151.4
4,151.4
4,151.4
5,149.9
5,149.9
6,149.9
6,149.9
0,148.9
0,148.9
1,148.9
1,148.9
2,147.9
2,147.9
3,147.9
3,145.4
4,145.4
4,142.9
5,142.9
5,142.9
6,142.9
6,142.9
0,141.2
0,141.2
1,141.2
1,138.9
2,138.9
2,138.9
3,138.9
3,138.9
4,138.9
4,138.9
5,162.9
5,162.9
6,162.9
6,157.9
0,157.9
0,157.9
1,157.9
1,157.9
2,157.9
2,157.9
3,157.9
3,157.9
4,157.9
4,156.9
5,156.9
5,156.9
6,156.9
6,156.9
0,156.9
0,156.9
1,156.9
1,154.9
2,154.9
2,154.9
3,154.9
3,154.9
4,150.9
4,150.9
5,150.9
5,150.9
6,150.9
6,148.9
0,148.9
0,146.9
1,146.9
1,145.9
2,145.9
2,143.0666666666667
3,143.0666666666667
3,143.0666666666667
4,143.0666666666667
4,167.9
5,167.9
5,167.9
6,167.9
6,167.9
0,167.9
0,167.9
1,167.4
1,167.4
2,165.9
2,165.9
3,164.9
3,164.9
4,164.9
4,163.4
5,163.4
5,163.4
6,163.4
6,163.4
0,163.4
0,158.9
1,158.9
1,158.9
2,158.9
2,158.9
3,158.9
3,158.9
4,157.9
4,156.9
5,156.9
5,154.85000000000002
6,154.85000000000002
6,153.9
0,152.9
0,151.9
1,151.9
1,149.9
2,149.9
2,148.9
3,148.9
3,147.4
4,147.4
4,144.9
5,144.9
5,142.9
6,142.9
6,142.9
0,141.9
0,141.9
1,141.9
1,141.9
2,141.9
2,167.9
3,167.9
3,167.9
4,167.9
4,167.9
5,167.9
5,167.9
6,165.9
6,165.9
0,165.9
0,164.9
1,164.9
1,164.9
2,164.9
2,164.9
3,164.9
3,164.9
4,163.9
4,162.9
5,159.9
5,159.9
6,159.9
6,159.9
0,158.9
0,158.9
1,158.9
1,158.9
2,157.9
2,155.9
3,155.9
3,154.9
4,153.4
4,153.4
5,153.4
5,153.4
6,153.4
6,151.9
0,151.9
0,151.9
1,149.9
1,149.9
2,149.9
2,149.9
3,149.9
3,148.9
4,147.9
4,147.9
5,147.9
5,147.9
6,147.9
6,147.9
0,147.9
0,147.9
1,145.9
1,145.9
2,145.9
2,167.9
3,167.9
3,167.9
4,167.9
4,167.9
5,167.9
5,167.9
6,167.9
6,165.9
0,162.9
0,162.9
1,162.9
1,162.9
2,162.9
2,162.9
3,162.9
3,159.9
4,159.9
4,159.9
5,159.9
5,159.9
6,159.9
6,159.9
0,159.9
0,157.4
1,153.9
1,152.9
2,152.9
2,152.9
3,152.9
3,152.9
4,152.9
4,152.9
5,152.9
5,152.9
6,152.9
6,152.9
0,152.9
0,152.9
1,152.9
1,152.9
2,150.9
2,150.9
3,147.9
3,147.9
4,145.9
4,144.9
5,144.9
5,144.9
6,144.9
6,143.9
0,143.7
0,142.4
1,142.4
1,142.4
2,142.4
2,140.9
3,140.9
3,140.9
4,140.9
4,140.9
5,140.9
5,140.9
6,140.9
6,140.9
0,140.9
0,140.9
1,140.9
1,140.9
2,140.9
2,139.9
3,139.9
3,139.9
4,139.7
4,139.7
5,139.7
5,139.7
6,139.7
6,139.7
0,139.7
0,139.7
1,139.7
1,139.7
2,167.9
2,167.9
3,167.9
3,167.9
4,165.9
4,165.9
5,162.9
5,162.9
6,162.9
6,162.9
0,161.9
0,161.9
1,161.9
1,160.9
2,160.9
2,159.2
3,158.9
3,158.9
4,158.9
4,157.9
5,157.9
5,157.9
6,157.9
6,157.9
0,156.9
0,156.9
1,156.9
1,156.9
2,145.7
2,145.7
3,145.7
3,145.7
4,145.7
4,144.9
5,144.9
5,143.7
6,143.7
6,143.7
0,142.9
0,142.9
1,142.9
1,142.3
2,141.7
2,141.7
3,141.7
3,140.9
4,140.9
4,140.9
5,140.9
5,140.9
6,140.9
6,167.9
0,167.9
0,167.9
1,167.4
1,165.275
2,165.275
2,161.9
3,161.9
3,161.9
4,158.9
4,158.9
5,158.9
5,158.9
6,158.9
6,157.5
0,157.5
0,157.5
1,157.5
1,156.9
2,151.76666666666665
2,151.76666666666665
3,149.2
3,146.9
4,146.9
4,146.9
5,146.9
5,146.9
6,144.9
6,144.9
0,144.9
0,144.9
1,144.9
1,143.9
2,143.9
2,143.9
3,143.9
3,143.9
4,143.9
4,143.9
5,143.9
5,143.9
6,143.9
6,143.7
0,143.7
0,143.7
1,142.9
1,142.9
2,142.9
2,142.9
3,142.9
3,142.9
4,169.9
4,169.9
5,169.9
5,169.9
6,167.4
6,165.9
0,165.9
0,165.9
1,165.9
1,163.9
2,163.9
2,163.9
3,163.9
3,163.9
4,163.9
4,163.9
5,163.9
5,163.9
6,161.9
6,161.9
0,159.9
0,159.9
1,159.9
1,159.9
2,159.9
2,158.9
3,158.9
3,156.4
4,156.4
4,156.4
5,156.4
5,156.4
6,155.9
6,155.9
0,155.9
0,155.9
1,155.9
1,155.9
2,155.9
2,155.9
3,174.9
3,174.4
4,174.4
4,174.4
5,172.9
5,172.9
6,172.9
6,169.9
