0,129.4
0,129.4
1,128.9
1,128.9
2,126.9
2,125.9
3,121.9
3,121.9
4,121.9
4,121.9
5,119.9
5,119.8
6,119.8
6,119.80000000000001
0,119.80000000000001
0,119.80000000000001
1,119.0
1,118.35
2,117.3
2,117.3
3,116.35
3,116.35
4,113.9
4,113.9
5,113.9
5,113.9
6,112.9
6,112.9
0,112.4
0,112.4
1,112.4
1,112.4
2,143.65
2,143.65
3,143.65
3,143.65
4,143.65
4,143.65
5,142.9
5,142.9
6,142.9
6,141.9
0,141.9
0,141.9
1,141.4
1,141.4
2,139.4
2,139.4
3,137.16666666666666
3,131.4
4,131.4
4,131.4
5,131.4
5,131.4
6,130.9
6,130.9
0,127.65
0,127.65
1,127.65
1,127.65
2,127.65
2,127.65
3,122.9
3,122.15
4,119.9
4,119.9
5,119.9
5,119.9
6,119.9
6,118.9
0,118.9
0,118.9
1,118.15
1,118.15
2,145.9
2,145.9
3,143.9
3,143.4
4,143.4
4,143.4
5,141.9
5,141.55
6,141.55
6,139.4
0,138.9
0,138.9
1,137.4
1,137.4
2,137.4
2,135.9
3,131.7
3,131.7
4,131.7
4,131.7
5,131.7
5,131.7
6,131.7
6,129.7
0,129.7
0,129.03333333333333
1,124.4
1,123.4
2,122.4
2,122.4
3,121.15
3,121.15
4,147.9
4,147.9
5,147.4
5,147.4
6,147.4
6,145.9
0,145.9
0,145.9
1,145.9
1,145.9
2,145.9
2,145.9
3,145.9
3,139.4
4,138.65
4,138.65
5,138.65
5,138.65
6,138.65
6,138.65
0,138.65
0,138.65
1,138.65
1,138.65
2,138.65
2,138.65
3,138.65
3,138.65
4,138.65
4,138.65
5,138.65
5,138.65
6,138.65
6,138.65
0,138.65
0,138.65
1,138.65
1,138.65
2,138.65
2,138.65
3,138.65
3,138.65
4,138.65
4,138.65
5,138.65
5,138.65
6,138.65
6,138.65
0,138.65
0,138.65
1,138.65
1,138.65
2,138.65
2,138.65
3,138.65
3,138.65
4,138.65
4,138.65
5,138.65
5,138.65
6,138.65
6,138.65
0,138.65
0,138.65
1,138.65
1,138.65
2,138.65
2,138.65
3,138.65
3,138.65
4,138.65
4,138.65
5,138.65
5,138.65
6,138.65
6,138.65
0,138.65
0,138.65
1,138.65
1,138.65
2,138.65
2,138.65
3,138.65
3,138.65
4,138.65
4,138.65
5,138.65
5,138.65
6,138.65
6,138.65
0,138.65
0,138.65
1,138.65
1,138.65
2,138.65
2,138.65
3,138.65
3,138.65
4,138.65
4,138.65
5,138.65
5,138.65
6,138.65
6,138.65
0,138.65
0,138.65
1,138.65
1,138.65
2,138.65
2,138.65
3,138.65
3,138.65
4,138.65
4,138.65
5,138.65
5,138.65
6,138.65
6,138.65
0,138.65
0,138.65
1,138.65
1,138.65
2,138.65
2,138.65
3,138.65
3,138.65
4,138.65
4,138.65
5,138.65
5,138.65
6,138.65
6,138.65
0,138.65
0,138.65
1,138.65
1,138.65
2,138.65
2,138.65
3,138.65
3,138.65
4,138.65
4,138.65
5,138.65
5,138.65
6,135.9
6,147.9
0,145.7
0,145.7
1,145.7
1,145.7
2,145.7
2,145.7
3,145.7
3,145.7
4,145.7
4,145.7
5,145.7
5,145.7
6,145.7
6,145.7
0,145.7
0,144.9
1,144.9
1,144.7
2,144.7
2,144.7
3,144.7
3,144.7
4,144.7
4,144.7
5,144.7
5,144.7
6,144.7
6,144.7
0,144.7
0,144.7
1,144.7
1,144.7
2,144.7
2,144.7
3,144.6
3,144.3
4,142.2
4,142.2
5,138.4
5,138.4
6,136.4
6,136.4
0,134.4
0,134.4
1,134.4
1,134.4
2,133.4
2,133.4
3,133.4
3,133.4
4,133.4
4,133.4
5,133.4
5,133.4
6,133.4
6,133.4
0,133.4
0,133.4
1,133.4
1,133.4
2,133.4
2,133.4
3,160.9
3,160.9
4,154.9
4,150.9
5,150.9
5,150.9
6,150.9
6,150.9
0,150.9
0,150.9
1,149.8
1,149.8
2,149.8
2,149.8
3,149.8
3,149.8
4,149.8
4,149.8
5,149.8
5,149.8
6,149.8
6,149.8
0,149.8
0,149.8
1,149.8
1,149.8
2,149.8
2,148.3
3,146.2
3,144.9
4,144.9
4,144.9
5,144.9
5,144.9
6,144.3
6,144.3
0,140.7
0,138.4
1,138.4
1,138.4
2,138.4
2,138.4
3,138.4
3,138.4
4,138.4
4,138.4
5,135.9
5,135.9
6,134.9
6,134.9
0,134.9
0,133.9
1,132.9
1,131.9
2,131.9
2,131.9
3,131.9
3,131.9
4,130.9
4,130.4
5,130.4
5,130.4
6,130.4
6,130.4
0,130.4
0,129.9
1,129.9
1,129.9
2,129.9
2,129.9
3,129.9
3,129.9
4,128.4
4,128.4
5,128.4
5,128.4
6,128.4
6,128.4
0,128.4
0,128.4
1,128.4
1,128.4
2,128.4
2,128.4
3,128.4
3,128.4
4,128.4
4,160.4
5,160.4
5,160.4
6,160.4
6,160.4
0,160.4
0,160.4
1,160.4
1,155.4
2,153.9
2,153.9
3,153.9
3,151.9
4,151.9
4,151.9
5,148.9
5,148.9
6,148.9
6,142.9
0,142.9
0,140.9
1,140.9
1,140.9
2,140.9
2,140.9
3,140.9
3,140.9
4,140.9
4,139.4
5,139.4
5,136.4
6,136.4
6,136.4
0,136.4
0,136.4
1,136.4
1,136.4
2,134.9
2,134.9
3,134.9
3,134.9
4,134.9
4,134.9
5,134.9
5,133.9
6,133.9
6,133.9
0,133.9
0,133.9
1,133.9
1,133.9
2,133.9
2,133.9
3,133.9
3,133.9
4,133.9
4,133.9
5,133.9
5,133.9
6,133.9
6,133.9
0,133.9
0,133.9
1,133.9
1,133.9
2,133.9
2,133.9
3,133.9
3,131.5
4,130.9
4,130.9
5,130.9
5,130.9
6,130.9
6,129.9
0,129.9
0,129.9
1,129.9
1,129.03333333333333
2,129.03333333333333
2,126.9
3,126.9
3,126.9
4,126.9
4,126.9
5,126.9
5,126.9
6,126.9
6,126.9
0,126.9
0,126.9
1,126.9
1,126.9
2,126.9
2,126.9
3,126.9
3,126.9
4,125.9
4,125.9
5,125.9
5,155.4
6,155.4
6,155.4
0,155.4
0,147.9
1,147.9
1,145.9
2,145.9
2,144.9
3,142.9
3,141.9
4,141.9
4,139.9
5,139.9
5,139.9
6,138.4
6,138.4
0,138.4
0,138.4
1,138.4
1,138.4
2,138.4
2,138.4
3,138.4
3,138.4
4,138.4
4,138.4
5,138.4
5,138.4
6,138.4
6,138.4
0,138.4
0,138.4
1,138.4
1,138.4
2,138.4
2,138.4
3,138.4
3,138.4
4,136.9
4,136.9
5,136.9
5,136.9
6,136.9
6,136.9
0,136.4
0,135.9
1,135.3
1,134.55
2,134.0
2,133.4
3,132.9
3,131.65
4,130.9
4,130.9
5,129.9
5,129.9
6,129.9
6,155.9
0,155.4
0,155.4
1,141.4
1,139.4
2,137.9
2,136.9
3,136.9
3,136.9
4,136.9
4,136.9
5,136.9
5,136.9
6,136.9
6,136.9
0,136.9
0,135.9
1,135.9
1,135.9
2,134.5
2,133.9
3,133.9
3,133.9
4,132.9
4,132.9
5,132.9
5,132.9
6,132.9
6,132.9
0,132.9
0,132.4
1,130.4
1,130.4
2,130.4
2,130.4
3,130.4
3,130.4
4,130.4
4,130.4
5,130.4
5,130.4
6,130.4
6,130.4
0,130.4
0,130.4
1,130.4
1,130.4
2,130.4
2,157.4
3,152.65
3,152.65
4,152.65
4,152.65
5,152.65
5,151.15
6,151.15
6,151.15
0,150.0666666666667
0,148.4
1,148.4
1,148.4
2,147.9
2,146.4
3,146.4
3,144.4
4,144.4
4,143.3
5,143.3
5,142.7
6,141.9
6,141.9
0,141.9
0,140.0666666666667
1,137.9
1,136.9
2,136.9
2,136.9
3,136.9
3,136.9
4,136.9
4,136.3
5,136.3
5,136.3
6,135.9
6,135.9
0,135.9
0,134.4
1,134.4
1,134.4
2,134.4
2,130.9
3,127.4
3,125.9
4,125.9
4,125.4
5,125.4
5,124.65
6,124.65
6,124.65
0,124.65
0,123.9
1,123.9
1,123.4
2,123.4
2,122.9
3,122.9
3,122.4
4,122.4
4,121.9
5,121.9
5,121.9
6,121.9
6,121.9
0,121.9
0,121.9
1,121.9
1,120.9
2,120.9
2,120.9
3,120.9
3,147.4
4,147.4
4,147.4
5,147.4
5,147.4
6,147.4
6,147.4
0,142.9
0,140.9
1,140.9
1,140.9
2,140.9
2,140.9
3,140.9
3,140.9
4,140.9
4,137.65
5,134.9
5,133.9
6,132.9
6,132.9
0,132.9
0,132.9
1,132.9
1,132.9
2,132.9
2,132.9
3,132.9
3,131.9
4,131.9
4,131.9
5,131.9
5,131.4
6,131.3
6,130.9
0,130.9
0,130.9
1,130.9
1,130.3
2,128.33333333333334
2,128.33333333333334
3,126.4
3,125.9
4,125.4
4,125.4
5,125.4
5,125.4
6,125.4
6,125.4
0,125.4
0,124.65
1,124.4
1,124.4
2,124.4
2,123.9
3,123.65
3,123.65
4,123.4
4,123.4
5,123.4
5,123.4
6,123.4
6,123.4
0,123.4
0,123.4
1,137.15
1,137.15
2,150.9
2,150.9
3,148.4
3,148.4
4,145.9
4,137.9
5,137.9
5,135.9
6,134.15
6,132.9
0,132.4
0,132.4
1,132.4
1,132.4
2,132.4
2,132.4
3,132.4
3,132.4
4,132.4
4,133.9
5,132.4
5,132.4
6,132.4
6,132.4
0,132.4
0,132.4
1,132.4
1,132.4
2,132.4
2,132.4
3,132.4
3,131.9
4,133.9
4,132.9
5,132.9
5,132.9
6,132.9
6,132.9
0,131.9
0,129.9
1,129.9
1,129.9
2,129.9
2,129.9
3,129.9
3,129.9
4,129.9
4,129.4
5,129.4
5,129.4
6,129.4
6,129.4
0,129.4
0,129.4
1,150.22500000000002
1,150.22500000000002
2,155.7
2,155.7
3,155.7
3,155.7
4,155.7
4,155.7
5,155.7
5,154.7
6,151.825
6,151.825
0,149.9
0,149.9
1,149.4
1,149.4
2,148.9
2,147.4
3,146.9
3,144.9
4,143.5
4,142.4
5,140.9
5,140.9
6,138.9
6,138.9
0,137.15
0,137.15
1,136.4
1,135.9
2,135.9
2,135.9
3,135.7
3,134.9
4,134.9
4,134.9
5,133.9
5,133.9
6,133.9
6,133.9
0,132.9
0,132.9
1,132.9
1,132.9
2,132.9
2,132.9
3,132.9
3,132.8
4,132.8
4,132.8
5,132.8
5,132.8
6,132.8
6,132.8
0,132.4
0,132.4
1,132.8
1,155.9
2,155.9
2,155.9
3,155.9
3,150.9
4,149.9
4,149.4
5,149.4
5,149.4
6,149.4
6,148.4
0,148.4
0,148.4
1,148.4
1,147.4
2,147.4
2,146.4
3,146.4
3,144.5666666666667
4,144.5666666666667
4,144.5666666666667
5,140.9
5,140.9
6,140.9
6,139.9
0,138.9
0,138.9
1,138.9
1,138.9
2,138.9
2,138.9
3,138.15
3,138.15
4,138.15
4,162.9
5,157.9
5,157.9
6,157.9
6,157.9
0,157.9
0,153.9
1,153.9
1,153.9
2,152.9
2,151.9
3,151.9
3,151.9
4,151.9
4,151.9
5,151.9
5,151.9
6,151.9
6,151.9
0,150.9
0,150.9
1,150.9
1,150.9
2,150.9
2,150.9
3,149.9
3,149.9
4,149.9
4,148.9
5,148.9
5,148.9
6,147.9
6,147.9
0,145.9
0,143.4
1,143.4
1,143.4
2,141.9
2,141.9
3,141.9
3,141.9
4,141.9
4,141.9
5,141.9
5,141.9
6,141.9
6,167.9
0,164.4
0,164.4
1,164.4
1,164.4
2,164.4
2,164.4
3,164.4
3,164.4
4,160.9
4,159.4
5,159.4
5,159.4
6,159.4
6,159.4
0,159.4
0,157.9
1,157.9
1,157.9
2,156.9
2,155.9
3,154.9
3,154.9
4,154.9
4,154.9
5,154.9
5,153.9
6,153.9
6,152.9
0,152.9
0,152.9
1,152.9
1,152.9
2,150.9
2,149.9
3,149.9
3,148.9
4,147.9
4,145.9
5,145.9
5,144.9
6,144.9
6,144.9
0,142.9
0,142.9
1,142.9
1,142.9
2,142.9
2,142.9
3,142.9
3,142.9
4,142.15
4,167.0666666666667
5,167.0666666666667
5,167.0666666666667
6,167.0666666666667
6,167.0666666666667
0,162.9
0,162.9
1,162.9
1,162.9
2,162.9
2,162.9
3,162.9
3,161.9
4,159.9
4,159.9
5,159.9
5,159.9
6,159.9
6,158.9
0,158.9
0,158.9
1,157.9
1,156.4
2,156.4
2,156.4
3,154.9
3,153.4
4,153.4
4,151.9
5,151.9
5,150.9
6,150.9
6,150.9
0,149.9
0,149.9
1,149.9
1,149.9
2,149.9
2,148.9
3,148.9
3,148.9
4,148.9
4,148.9
5,147.9
5,147.9
6,147.9
6,147.9
0,147.9
0,147.9
1,147.9
1,147.9
2,146.9
2,146.9
3,145.9
3,144.9
4,144.9
4,155.9
5,165.9
5,163.9
6,163.9
6,163.9
0,163.9
0,163.9
1,163.9
1,163.9
2,163.9
2,160.6
3,159.9
3,159.9
4,159.9
4,159.9
5,159.9
5,159.9
6,159.9
6,158.9
0,156.23333333333335
0,153.9
1,153.9
1,152.9
2,152.9
2,152.9
3,152.9
3,152.9
4,152.9
4,152.9
5,152.9
5,152.9
6,152.9
6,152.9
0,152.9
0,152.9
1,152.9
1,151.9
2,150.9
2,150.9
3,149.4
3,149.4
4,149.4
4,149.4
5,145.7
5,145.7
6,145.7
6,145.7
0,143.3
0,141.9
1,141.9
1,141.9
2,141.9
2,141.9
3,141.9
3,141.9
4,141.9
4,141.9
5,141.9
5,140.4
6,140.4
6,140.4
0,140.4
0,139.7
1,139.7
1,139.7
2,139.7
2,139.7
3,139.7
3,139.7
4,139.7
4,139.7
5,139.7
5,139.7
6,139.7
6,139.7
0,139.7
0,139.7
1,139.7
1,139.7
2,139.7
2,167.9
3,167.9
3,165.9
4,165.9
4,161.23333333333335
5,161.23333333333335
5,161.23333333333335
6,161.23333333333335
6,161.23333333333335
0,161.23333333333335
0,159.5
1,159.2
1,159.2
2,159.2
2,159.2
3,159.2
3,158.9
4,157.9
4,157.9
5,156.9
5,156.9
6,156.9
6,156.9
0,156.9
0,154.43333333333334
1,152.7
1,146.8
2,146.8
2,146.8
3,146.8
3,146.8
4,146.8
4,146.8
5,143.7
5,143.7
6,143.7
6,143.7
0,143.7
0,143.7
1,141.7
1,141.7
2,141.7
2,141.7
3,141.7
3,141.7
4,141.7
4,141.7
5,141.7
5,141.7
6,141.7
6,141.7
0,140.8
0,167.9
1,165.4
1,163.9
2,161.9
2,158.9
3,158.9
3,158.9
4,158.9
4,158.9
5,158.9
5,157.6
6,157.6
6,157.6
0,157.6
0,157.6
1,155.2
1,152.63333333333333
2,150.5
2,149.5
3,148.7
3,148.7
4,148.7
4,148.7
5,148.7
5,147.04999999999998
6,147.04999999999998
6,147.04999999999998
0,147.04999999999998
0,147.04999999999998
1,147.04999999999998
1,147.04999999999998
2,147.04999999999998
2,147.04999999999998
3,147.04999999999998
3,147.04999999999998
4,147.04999999999998
4,147.04999999999998
5,147.04999999999998
5,147.04999999999998
6,143.7
6,143.7
0,143.7
0,143.7
1,143.7
1,143.7
2,143.7
2,143.7
3,143.7
3,143.7
4,143.7
4,169.9
5,169.9
5,169.9
6,167.9
6,167.9
0,158.7
0,158.7
1,158.7
1,158.7
2,158.7
2,158.7
3,158.7
3,158.7
4,158.7
4,158.7
5,158.7
5,158.7
6,158.7
6,158.7
0,157.5
0,157.5
1,154.5
1,154.5
2,154.5
2,154.5
3,154.5
3,154.5
4,154.5
4,154.5
5,154.5
5,154.5
6,153.9
6,153.9
0,153.9
0,153.7
1,153.7
1,153.7
2,151.5
2,151.5
3,174.9
3,174.9
4,168.9
4,168.9
5,168.9
5,168.9
6,168.9
6,168.9
