0,0
0,128.9
1,125.9
1,125.9
2,123.9
2,123.23333333333333
3,123.23333333333333
3,121.9
4,121.9
4,121.9
5,121.9
5,121.9
6,120.7
6,120.7
0,120.7
0,120.7
1,120.7
1,120.4
2,120.4
2,114.7
3,113.9
3,113.5
4,113.5
4,113.5
5,113.5
5,113.5
6,113.5
6,113.5
0,113.5
0,113.5
1,113.4
1,113.4
2,143.4
2,143.4
3,143.4
3,143.4
4,143.4
4,143.4
5,143.4
5,143.4
6,143.4
6,143.4
0,143.4
0,143.4
1,142.9
1,142.9
2,140.9
2,140.9
3,138.7571428571429
3,136.9
4,136.4
4,136.4
5,136.4
5,136.4
6,136.4
6,136.3
0,136.3
0,136.3
1,133.9
1,133.4
2,133.4
2,133.4
3,124.56666666666668
3,119.9
4,119.9
4,119.9
5,119.9
5,119.9
6,119.9
6,117.9
0,117.9
0,117.9
1,117.9
1,117.9
2,145.9
2,145.9
3,145.4
3,143.4
4,143.4
4,143.4
5,143.4
5,142.5666666666667
6,142.5666666666667
6,142.5666666666667
0,141.65
0,141.65
1,140.9
1,140.4
2,140.4
2,137.0666666666667
3,135.5666666666667
3,133.65
4,132.73333333333335
4,132.73333333333335
5,131.9
5,131.9
6,128.8
6,128.8
0,128.8
0,124.4
1,124.4
1,124.4
2,123.9
2,123.9
3,117.9
3,117.9
4,147.9
4,147.4
5,147.4
5,147.4
6,147.4
6,147.4
0,147.4
0,147.4
1,147.4
1,147.4
2,147.4
2,147.4
3,147.4
3,141.4
4,141.4
4,141.4
5,141.4
5,141.4
6,141.4
6,141.4
0,141.4
0,141.4
1,141.4
1,141.4
2,141.4
2,141.4
3,141.4
3,141.4
4,141.4
4,141.4
5,141.4
5,141.4
6,141.4
6,141.4
0,141.4
0,141.4
1,141.4
1,141.4
2,141.4
2,141.4
3,141.4
3,141.4
4,141.4
4,141.4
5,141.4
5,141.4
6,141.4
6,141.4
0,141.4
0,141.4
1,141.4
1,141.4
2,141.4
2,141.4
3,141.4
3,141.4
4,141.4
4,141.4
5,141.4
5,141.4
6,141.4
6,141.4
0,141.4
0,141.4
1,141.4
1,141.4
2,141.4
2,141.4
3,141.4
3,141.4
4,141.4
4,141.4
5,141.4
5,141.4
6,141.4
6,141.4
0,141.4
0,141.4
1,141.4
1,141.4
2,141.4
2,141.4
3,141.4
3,141.4
4,141.4
4,141.4
5,141.4
5,141.4
6,141.4
6,141.4
0,141.4
0,141.4
1,141.4
1,141.4
2,141.4
2,141.4
3,141.4
3,141.4
4,141.4
4,141.4
5,141.4
5,141.4
6,141.4
6,141.4
0,141.4
0,141.4
1,141.4
1,141.4
2,141.4
2,141.4
3,141.4
3,141.4
4,141.4
4,141.4
5,141.4
5,141.4
6,141.4
6,141.4
0,141.4
0,141.4
1,141.4
1,141.4
2,141.4
2,141.4
3,141.4
3,141.4
4,141.4
4,141.4
5,141.4
5,141.4
6,141.4
6,141.4
0,141.4
0,141.4
1,141.4
1,141.4
2,141.4
2,141.4
3,141.4
3,141.4
4,141.4
4,149.9
5,149.9
5,149.9
6,149.4
6,149.4
0,149.4
0,149.4
1,149.4
1,149.4
2,149.4
2,149.4
3,149.4
3,149.4
4,149.4
4,149.4
5,149.4
5,149.4
6,149.4
6,149.4
0,148.9
0,148.4
1,148.4
1,147.36666666666667
2,148.10000000000002
2,148.10000000000002
3,148.10000000000002
3,147.3
4,147.3
4,147.3
5,147.3
5,146.9
6,146.9
6,146.9
0,146.9
0,146.9
1,146.9
1,146.9
2,146.9
2,145.5666666666667
3,145.3
3,145.3
4,144.86666666666667
4,144.35000000000002
5,144.3
5,144.3
6,144.3
6,143.9
0,139.4
0,138.9
1,138.4
1,138.4
2,138.4
2,138.4
3,138.4
3,138.4
4,138.4
4,138.4
5,138.4
5,138.4
6,138.4
6,138.4
0,138.4
0,138.4
1,138.4
1,138.4
2,138.4
2,138.4
3,160.9
3,160.9
4,160.9
4,160.4
5,160.4
5,160.4
6,160.4
6,160.4
0,160.4
0,160.4
1,158.9
1,158.9
2,158.9
2,158.9
3,157.7
3,156.9
4,156.9
4,156.9
5,156.9
5,156.9
6,156.9
6,156.9
0,156.9
0,156.9
1,155.9
1,154.6
2,153.5666666666667
2,152.9
3,149.4
3,148.775
4,148.775
4,147.9
5,147.9
5,147.9
6,146.9
6,146.9
0,146.9
0,145.3
1,144.4
1,144.4
2,142.4
2,142.4
3,142.4
3,142.4
4,139.2
4,138.7
5,137.9
5,137.9
6,137.9
6,137.9
0,137.9
0,136.9
1,135.9
1,134.9
2,133.9
2,133.9
3,132.9
3,132.9
4,132.9
4,132.15
5,132.15
5,132.15
6,132.15
6,132.15
0,130.9
0,130.4
1,130.4
1,130.4
2,129.4
2,129.4
3,129.4
3,129.4
4,129.4
4,129.4
5,128.9
5,128.9
6,128.9
6,128.9
0,128.9
0,128.9
1,128.2
1,128.2
2,128.2
2,128.2
3,127.8
3,160.9
4,160.9
4,160.9
5,160.9
5,160.9
6,160.9
6,160.9
0,160.9
0,160.9
1,160.9
1,160.9
2,159.73333333333332
2,159.4
3,159.4
3,157.56666666666666
4,157.56666666666666
4,157.56666666666666
5,156.9
5,156.9
6,156.9
6,156.5
0,156.5
0,156.5
1,152.4
1,152.4
2,152.4
2,150.4
3,148.4
3,146.4
4,146.4
4,146.4
5,146.4
5,146.4
6,146.4
6,146.4
0,146.4
0,146.4
1,146.4
1,143.5
2,142.7
2,142.7
3,141.5666666666667
3,138.7
4,138.7
4,137.16666666666666
5,137.16666666666666
5,135.16666666666666
6,135.16666666666666
6,135.16666666666666
0,135.16666666666666
0,135.16666666666666
1,132.7
1,132.7
2,132.7
2,132.7
3,132.7
3,132.7
4,132.7
4,132.7
5,132.7
5,132.7
6,132.7
6,132.7
0,132.7
0,131.9
1,131.9
1,131.9
2,131.9
2,131.9
3,131.9
3,131.9
4,131.9
4,130.9
5,130.9
5,130.9
6,130.16666666666666
6,130.16666666666666
0,130.16666666666666
0,128.9
1,128.9
1,128.4
2,127.9
2,127.9
3,127.9
3,127.9
4,127.9
4,127.9
5,127.9
5,127.9
6,127.30000000000001
6,126.35
0,126.35
0,126.35
1,126.35
1,126.35
2,126.35
2,126.35
3,126.35
3,126.35
4,126.35
4,126.35
5,124.9
5,155.5666666666667
6,155.5666666666667
6,155.5666666666667
0,155.5666666666667
0,155.5666666666667
1,155.5666666666667
1,155.5666666666667
2,152.9
2,152.9
3,152.9
3,152.9
4,152.9
4,148.5666666666667
5,148.5666666666667
5,148.5666666666667
6,148.5666666666667
6,148.5666666666667
0,148.5666666666667
0,146.55
1,145.9
1,145.9
2,145.9
2,145.9
3,145.9
3,145.9
4,145.9
4,145.9
5,145.9
5,145.9
6,145.9
6,145.9
0,143.4
0,142.9
1,142.9
1,142.9
2,142.9
2,142.9
3,142.9
3,142.9
4,142.9
4,141.9
5,141.9
5,141.9
6,141.9
6,141.9
0,140.3
0,138.4
1,137.4
1,136.9
2,136.4
2,135.9
3,134.925
3,144.9
4,144.9
4,155.4
5,155.4
5,155.4
6,155.4
6,155.4
0,155.4
0,155.4
1,155.4
1,155.4
2,155.4
2,153.9
3,152.9
3,152.9
4,152.9
4,145.73333333333335
5,145.73333333333335
5,145.73333333333335
6,145.4
6,145.4
0,141.56
0,136.7
1,136.7
1,136.7
2,136.7
2,134.5
3,134.5
3,134.5
4,132.3
4,132.3
5,132.3
5,132.3
6,132.3
6,132.3
0,132.3
0,131.9
1,131.9
1,131.9
2,131.9
2,131.9
3,131.9
3,130.5
4,130.5
4,130.3
5,130.3
5,130.3
6,130.3
6,130.3
0,130.3
0,139.70000000000002
1,139.70000000000002
1,139.70000000000002
2,157.9
2,157.9
3,157.9
3,157.9
4,157.4
4,157.4
5,157.4
5,157.4
6,157.4
6,157.4
0,157.4
0,157.4
1,156.9
1,156.9
2,156.9
2,156.9
3,153.9
3,153.9
4,153.9
4,153.9
5,153.9
5,152.9
6,152.9
6,152.9
0,151.4
0,151.4
1,151.4
1,151.4
2,151.4
2,147.0666666666667
3,147.0666666666667
3,147.0666666666667
4,147.0666666666667
4,145.4
5,144.9
5,144.9
6,144.9
6,143.9
0,143.4
0,143.4
1,143.4
1,142.9
2,142.9
2,136.8
3,132.5
3,131.3
4,130.9
4,130.9
5,129.775
5,129.775
6,129.775
6,128.4
0,128.4
0,126.275
1,125.33333333333333
1,124.9
2,124.9
2,124.35000000000001
3,124.35000000000001
3,123.76666666666667
4,123.76666666666667
4,122.9
5,122.9
5,122.9
6,122.9
6,122.4
0,122.4
0,122.1
1,122.1
1,120.9
2,120.7
2,147.9
3,147.9
3,147.65
4,147.4
4,147.4
5,147.4
5,147.4
6,147.4
6,147.4
0,147.4
0,147.4
1,147.4
1,147.4
2,147.4
2,146.9
3,146.9
3,146.9
4,146.9
4,146.9
5,146.9
5,146.9
6,144.9
6,144.9
0,142.9
0,142.9
1,142.7
1,142.7
2,137.5
2,137.5
3,137.5
3,137.5
4,137.5
4,137.5
5,137.5
5,137.15
6,136.9
6,136.9
0,135.4
0,131.9
1,130.9
1,129.4
2,128.45
2,126.9
3,126.9
3,126.9
4,126.9
4,126.4
5,126.4
5,126.4
6,126.4
6,126.4
0,125.4
0,125.4
1,124.4
1,124.4
2,124.4
2,124.4
3,123.9
3,123.9
4,123.4
4,123.4
5,123.4
5,123.4
6,123.4
6,123.4
0,123.15
0,123.15
1,132.23333333333335
1,150.9
2,150.65
2,150.65
3,150.15
3,150.15
4,149.9
4,149.9
5,149.9
5,147.9
6,146.9
6,146.9
0,144.5666666666667
0,141.4
1,141.23333333333335
1,141.23333333333335
2,140.9
2,140.9
3,140.9
3,140.9
4,140.9
4,140.9
5,140.9
5,140.9
6,140.9
6,140.9
0,140.9
0,140.4
1,140.4
1,139.8
2,139.7
2,139.03333333333333
3,138.9
3,138.4
4,140.23333333333335
4,138.85000000000002
5,135.36666666666665
5,134.5
6,134.5
6,134.5
0,134.5
0,134.5
1,134.5
1,133.5
2,132.54000000000002
2,131.03333333333333
3,130.9
3,130.4
4,130.4
4,129.9
5,140.23333333333335
5,160.9
6,160.9
6,160.9
0,160.4
0,160.4
1,159.9
1,159.9
2,159.4
2,159.4
3,158.4
3,158.4
4,157.9
4,156.4
5,155.9
5,153.9
6,153.9
6,153.9
0,153.4
0,149.9
1,150.9
1,150.9
2,149.23333333333335
2,146.5666666666667
3,145.9
3,145.9
4,144.9
4,140.3
5,142.65
5,142.65
6,141.9
6,141.9
0,141.9
0,140.9
1,140.9
1,140.9
2,139.23333333333335
2,137.9
3,137.9
3,137.9
4,135.9
4,132.9
5,133.4
5,133.4
6,132.7
6,132.7
0,132.7
0,131.9
1,131.9
1,131.9
2,131.9
2,131.9
3,131.9
3,160.9
4,160.9
4,160.9
5,160.9
5,160.9
6,160.9
6,160.9
0,160.9
0,131.9
1,160.9
1,160.9
2,159.9
2,159.9
3,159.9
3,158.7
4,157.2
4,156.5
5,155.9
5,155.9
6,155.9
6,154.7
0,154.7
0,152.1
1,150.9
1,150.9
2,150.9
2,145.9
3,144.4
3,140.9
4,140.9
4,138.9
5,137.9
5,137.5
6,137.5
6,137.5
0,137.5
0,137.5
1,137.3
1,136.76666666666668
2,135.5
2,135.5
3,135.5
3,162.9
4,162.9
4,162.9
5,162.4
5,162.4
6,162.4
6,162.4
0,162.4
0,162.4
1,162.4
1,161.9
2,159.65
2,159.65
3,159.65
3,158.9
4,158.9
4,158.9
5,158.9
5,158.9
6,158.9
6,158.9
0,158.9
0,158.9
1,158.9
1,158.9
2,158.9
2,158.9
3,158.9
3,158.9
4,158.9
4,158.9
5,158.9
5,158.9
6,158.9
6,158.9
0,158.9
0,156.9
1,156.4
1,155.4
2,155.4
2,155.4
3,155.4
3,154.0666666666667
4,152.65
4,152.26666666666668
5,149.32
5,167.9
6,167.9
6,167.9
0,167.9
0,167.9
1,167.9
1,167.9
2,167.9
2,167.9
3,167.9
3,167.9
4,167.9
4,167.9
5,167.9
5,167.9
6,163.35
6,163.35
0,163.35
0,163.35
1,163.35
1,162.95
2,162.95
2,162.95
3,162.95
3,162.35
4,162.35
4,162.35
5,162.35
5,162.35
6,162.35
6,162.35
0,162.35
0,162.35
1,160.9
1,160.43333333333334
2,160.43333333333334
2,159.95
3,159.95
3,159.95
4,158.05
4,156.79999999999998
5,156.79999999999998
5,156.79999999999998
6,156.79999999999998
6,156.79999999999998
0,153.35
0,150.2
1,150.2
1,150.2
2,150.2
2,167.9
3,167.9
3,167.9
4,167.9
4,167.9
5,167.9
5,167.9
6,167.9
6,167.9
0,167.9
0,167.05
1,167.05
1,167.05
2,166.8
2,167.1
3,167.1
3,167.1
4,167.1
4,166.35
5,166.35
5,166.35
6,166.35
6,166.35
0,165.95
0,165.75
1,165.75
1,165.35
2,164.95
2,164.15
3,163.75
3,162.95
4,162.95
4,161.95
5,161.95
5,161.95
6,161.95
6,161.95
0,161.95
0,161.95
1,160.35
1,158.4
2,158.2
2,158.2
3,158.2
3,157.35
4,157.35
4,157.35
5,157.35
5,153.9
6,153.9
6,153.9
0,153.9
0,153.9
1,154.2
1,153.05
2,153.05
2,152.95
3,152.95
3,152.05
4,152.05
4,167.9
5,167.9
5,167.9
6,167.9
6,167.9
0,167.8
0,167.8
1,167.6
1,166.93333333333334
2,166.93333333333334
2,166.93333333333334
3,166.35
3,163.63333333333335
4,163.1
4,162.05
5,162.05
5,161.05
6,161.05
6,161.05
0,161.05
0,161.1
1,160.8
1,160.6
2,160.9
2,160.9
3,160.9
3,160.35
4,160.05
4,160.05
5,160.05
5,160.05
6,160.05
6,160.05
0,160.05
0,157.625
1,155.2
1,154.45999999999998
2,154.45999999999998
2,151.05
3,150.05
3,149.64999999999998
4,149.64999999999998
4,149.64999999999998
5,148.95
5,148.95
6,148.95
6,148.95
0,148.95
0,148.95
1,148.55
1,147.85
2,147.35
2,146.9
3,146.65
3,146.35
4,146.05
4,146.05
5,146.05
5,145.8
6,145.8
6,143.9
0,141.23333333333332
0,141.23333333333332
1,141.23333333333332
1,141.23333333333332
2,141.23333333333332
2,141.23333333333332
3,141.23333333333332
3,141.23333333333332
4,141.23333333333332
4,141.23333333333332
5,141.23333333333332
5,141.23333333333332
6,141.23333333333332
6,141.23333333333332
0,141.23333333333332
0,139.45
1,139.45
1,139.3
2,139.3
2,167.9
3,167.9
3,167.9
4,167.9
4,164.8
5,164.8
5,164.8
6,161.5
6,161.5
0,161.5
0,161.5
1,161.5
1,161.5
2,161.5
2,153.5
3,159.5
3,159.5
4,159.5
4,159.5
5,159.5
5,159.5
6,159.5
6,159.5
0,159.5
0,159.5
1,159.5
1,159.5
2,157.9
2,156.4
3,156.4
3,154.4
4,149.9
4,147.9
5,147.9
5,147.9
6,146.9
6,146.9
0,143.0
0,143.0
1,143.0
1,143.0
2,143.0
2,143.0
3,143.0
3,140.9
4,140.9
4,140.9
5,167.9
5,167.4
6,167.4
6,167.4
0,167.4
0,167.4
1,167.4
1,167.4
2,163.9
2,163.9
3,161.7
3,159.8
4,158.36666666666665
4,154.1
5,151.1
5,149.7
6,149.7
6,147.7
0,144.7
0,144.7
1,142.7
1,142.7
2,142.7
2,142.7
3,142.7
3,142.7
4,142.7
4,142.7
5,142.7
5,142.7
6,142.7
6,142.7
0,142.7
0,142.7
1,142.7
1,142.7
2,142.7
2,141.9
3,141.9
3,141.9
4,141.9
4,141.9
5,141.9
5,141.9
6,141.9
6,141.9
0,141.9
0,141.9
1,141.9
1,141.9
2,141.9
2,141.9
3,141.9
3,141.9
4,169.9
4,169.9
5,169.9
5,169.9
6,169.9
6,169.9
0,169.9
0,167.9
1,165.9
1,163.9
2,163.9
2,161.9
3,161.9
3,161.9
4,160.9
4,156.9
5,156.9
5,156.9
6,159.9
6,159.9
0,159.9
0,159.9
1,159.9
1,159.9
2,158.9
2,158.9
3,158.9
3,156.9
4,156.9
4,156.9
5,156.9
5,156.9
6,156.9
6,156.9
0,156.9
0,152.9
1,154.9
1,152.9
2,152.9
2,174.9
3,174.9
3,174.9
4,174.9
4,174.4
5,174.4
5,174.4
6,174.4
6,174.4
