0,123.4
0,120.9
1,120.9
1,120.9
2,119.9
2,117.9
3,117.7
3,116.9
4,116.9
4,116.9
5,115.9
5,115.9
6,115.9
6,115.9
0,115.9
0,115.9
1,115.9
1,114.65
2,113.9
2,112.9
3,112.9
3,112.9
4,112.9
4,112.9
5,112.9
5,112.9
6,112.9
6,112.9
0,112.9
0,112.9
1,112.4
1,112.4
2,143.4
2,143.4
3,143.4
3,143.4
4,143.4
4,143.4
5,141.9
5,141.9
6,141.9
6,141.9
0,140.9
0,140.9
1,139.9
1,137.9
2,137.9
2,137.9
3,137.9
3,137.9
4,134.9
4,134.9
5,132.4
5,129.9
6,128.9
6,128.9
0,128.5
0,125.7
1,124.9
1,121.9
2,121.9
2,121.9
3,120.36666666666667
3,120.36666666666667
4,120.36666666666667
4,120.36666666666667
5,120.36666666666667
5,120.36666666666667
6,120.36666666666667
6,120.36666666666667
0,117.9
0,117.9
1,117.9
1,117.9
2,117.9
2,117.9
3,145.9
3,145.9
4,143.4
4,143.4
5,142.9
5,142.2
6,142.2
6,139.9
0,139.9
0,138.9
1,135.9
1,135.9
2,135.9
2,135.9
3,131.9
3,131.9
4,131.9
4,131.9
5,131.9
5,131.4
6,131.4
6,130.9
0,127.56666666666668
0,127.56666666666668
1,124.7
1,124.2
2,122.8
2,122.1
3,121.60000000000001
3,120.3
4,120.3
4,147.65
5,147.65
5,145.9
6,145.9
6,145.9
0,145.7
0,145.7
1,145.7
1,145.7
2,145.7
2,145.7
3,145.7
3,145.7
4,141.9
4,141.9
5,141.9
5,141.9
6,141.9
6,141.9
0,141.9
0,141.9
1,141.9
1,141.9
2,141.9
2,141.9
3,141.9
3,141.9
4,141.9
4,141.9
5,141.9
5,141.9
6,141.9
6,141.9
0,141.9
0,141.9
1,141.9
1,141.9
2,141.9
2,141.9
3,141.9
3,141.9
4,141.9
4,141.9
5,141.9
5,141.9
6,141.9
6,141.9
0,141.9
0,141.9
1,141.9
1,141.9
2,141.9
2,141.9
3,141.9
3,141.9
4,141.9
4,141.9
5,141.9
5,141.9
6,141.9
6,141.9
0,141.9
0,141.9
1,141.9
1,141.9
2,141.9
2,141.9
3,141.9
3,141.9
4,141.9
4,141.9
5,141.9
5,141.9
6,141.9
6,141.9
0,141.9
0,141.9
1,141.9
1,141.9
2,141.9
2,141.9
3,141.9
3,141.9
4,141.9
4,141.9
5,141.9
5,141.9
6,141.9
6,141.9
0,141.9
0,141.9
1,141.9
1,141.9
2,141.9
2,141.9
3,141.9
3,141.9
4,141.9
4,141.9
5,141.9
5,141.9
6,141.9
6,141.9
0,141.9
0,141.9
1,141.9
1,141.9
2,141.9
2,141.9
3,141.9
3,141.9
4,141.9
4,141.9
5,141.9
5,141.9
6,141.9
6,141.9
0,141.9
0,141.9
1,141.9
1,141.9
2,141.9
2,141.9
3,141.9
3,141.9
4,141.9
4,141.9
5,141.9
5,141.9
6,141.9
6,141.9
0,141.9
0,141.9
1,141.9
1,141.9
2,141.9
2,141.9
3,141.9
3,141.9
4,141.9
4,141.9
5,141.9
5,149.9
6,149.9
6,149.4
0,149.4
0,149.4
1,149.4
1,149.4
2,149.4
2,149.4
3,149.4
3,149.4
4,149.4
4,149.4
5,149.4
5,149.4
6,149.4
6,149.4
0,147.65
0,147.65
1,147.65
1,147.65
2,147.65
2,141.9
3,141.9
3,141.9
4,141.9
4,141.9
5,141.9
5,141.9
6,141.9
6,141.9
0,141.9
0,141.9
1,141.9
1,141.9
2,141.9
2,139.9
3,139.9
3,137.9
4,137.9
4,137.9
5,137.9
5,137.9
6,135.9
6,134.9
0,134.9
0,134.9
1,134.9
1,134.9
2,134.9
2,134.9
3,134.9
3,134.9
4,134.9
4,134.9
5,134.9
5,134.9
6,134.9
6,134.9
0,134.9
0,134.9
1,134.9
1,134.9
2,134.9
2,134.9
3,160.9
3,160.9
4,160.9
4,160.9
5,160.9
5,160.4
6,160.4
6,160.4
0,160.4
0,160.4
1,160.4
1,159.9
2,159.9
2,159.9
3,154.9
3,154.9
4,152.9
4,152.9
5,152.9
5,152.9
6,152.9
6,152.9
0,150.9
0,150.7
1,150.7
1,150.7
2,150.7
2,147.9
3,147.9
3,147.9
4,147.9
4,147.9
5,147.9
5,147.9
6,147.4
6,147.4
0,147.4
0,141.9
1,141.9
1,141.9
2,139.4
2,137.9
3,137.9
3,137.9
4,137.9
4,137.9
5,137.9
5,137.9
6,137.9
6,137.9
0,137.9
0,134.4
1,132.9
1,131.4
2,131.4
2,131.4
3,131.4
3,131.4
4,131.4
4,130.4
5,130.4
5,130.4
6,130.4
6,130.4
0,130.4
0,129.9
1,129.9
1,129.9
2,129.9
2,129.9
3,129.9
3,129.9
4,128.9
4,128.9
5,128.9
5,128.9
6,128.9
6,128.9
0,128.5
0,128.5
1,127.9
1,127.9
2,127.9
2,127.9
3,127.9
3,127.9
4,127.9
4,160.4
5,160.4
5,160.4
6,160.4
6,160.4
0,160.4
0,157.9
1,157.9
1,154.9
2,152.9
2,152.9
3,152.9
3,152.9
4,152.9
4,147.9
5,147.9
5,147.9
6,147.9
6,147.9
0,147.9
0,147.9
1,147.9
1,147.9
2,147.9
2,147.9
3,147.9
3,143.4
4,143.4
4,143.4
5,143.4
5,143.4
6,143.4
6,143.4
0,140.9
0,140.9
1,137.9
1,137.9
2,137.9
2,136.4
3,133.9
3,133.9
4,133.9
4,133.9
5,132.9
5,132.9
6,132.9
6,132.9
0,132.9
0,132.9
1,132.9
1,132.9
2,132.9
2,132.9
3,132.9
3,131.9
4,130.9
4,129.9
5,128.9
5,128.9
6,128.9
6,128.9
0,128.9
0,128.9
1,128.9
1,128.9
2,128.9
2,128.9
3,127.9
3,127.9
4,127.9
4,127.5
5,125.9
5,125.9
6,125.9
6,125.9
0,125.9
0,125.9
1,125.9
1,125.9
2,125.9
2,125.9
3,125.9
3,125.9
4,125.9
4,124.9
5,124.9
5,124.9
6,124.9
6,124.9
0,124.9
0,124.9
1,124.9
1,124.9
2,124.9
2,124.9
3,123.7
3,123.7
4,123.7
4,123.7
5,123.7
5,155.4
6,154.9
6,154.9
0,154.9
0,154.9
1,154.9
1,154.9
2,154.9
2,154.9
3,154.9
3,154.9
4,154.9
4,149.4
5,149.4
5,149.4
6,147.9
6,147.9
0,147.9
0,147.9
1,147.9
1,147.9
2,147.9
2,147.9
3,142.9
3,142.9
4,142.9
4,142.9
5,142.9
5,142.9
6,142.9
6,142.9
0,138.9
0,137.9
1,135.9
1,135.9
2,135.9
2,134.9
3,133.9
3,131.9
4,130.9
4,130.7
5,130.7
5,130.7
6,130.7
6,130.7
0,130.4
0,129.9
1,129.9
1,129.9
2,129.9
2,129.9
3,129.9
3,128.9
4,128.15
4,141.4
5,141.4
5,141.4
6,141.4
6,141.4
0,155.4
0,155.4
1,155.4
1,155.4
2,153.9
2,153.9
3,151.4
3,151.4
4,147.9
4,147.9
5,147.9
5,143.9
6,143.9
6,143.9
0,141.4
0,137.9
1,135.9
1,135.9
2,135.9
2,133.9
3,130.9
3,128.9
4,128.9
4,128.9
5,128.9
5,128.9
6,128.9
6,128.9
0,128.9
0,128.9
1,128.9
1,128.9
2,128.9
2,127.9
3,127.7
3,127.7
4,127.7
4,127.7
5,127.7
5,127.7
6,127.7
6,127.7
0,127.7
0,127.7
1,126.7
1,126.7
2,157.9
2,157.9
3,157.9
3,157.9
4,157.9
4,157.4
5,157.4
5,157.4
6,155.9
6,155.9
0,151.9
0,151.9
1,151.9
1,151.9
2,147.9
2,147.9
3,147.9
3,146.9
4,146.9
4,145.9
5,145.9
5,145.9
6,145.9
6,145.9
0,145.9
0,145.9
1,145.9
1,145.9
2,142.15
2,142.15
3,140.4
3,139.9
4,136.9
4,133.9
5,133.9
5,133.9
6,133.9
6,130.8
0,130.6
0,129.9
1,129.0
1,127.9
2,127.9
2,127.15
3,124.9
3,124.45
4,123.9
4,123.7
5,123.4
5,122.9
6,123.4
6,122.9
0,122.9
0,122.5
1,121.9
1,120.7
2,120.7
2,120.7
3,119.9
3,119.5
4,119.5
4,119.5
5,119.5
5,119.5
6,119.5
6,119.5
0,119.5
0,119.5
1,119.5
1,119.5
2,119.5
2,119.5
3,119.5
3,147.9
4,147.4
4,146.9
5,146.9
5,146.9
6,146.9
6,146.9
0,146.9
0,146.9
1,146.9
1,145.9
2,145.9
2,145.9
3,145.9
3,145.9
4,143.9
4,143.9
5,141.9
5,141.9
6,139.9
6,139.9
0,137.9
0,137.9
1,136.9
1,136.9
2,135.4
2,135.4
3,135.4
3,135.4
4,133.9
4,133.9
5,133.4
5,130.9
6,130.9
6,130.9
0,130.9
0,127.4
1,126.9
1,126.5
2,124.55000000000001
2,124.55000000000001
3,122.9
3,122.7
4,122.7
4,122.7
5,122.30000000000001
5,122.30000000000001
6,121.80000000000001
6,121.80000000000001
0,121.7
0,121.7
1,121.7
1,121.7
2,121.7
2,121.7
3,121.7
3,121.7
4,121.7
4,136.2
5,150.9
5,150.9
6,150.9
6,150.9
0,150.9
0,150.9
1,150.65
1,150.65
2,150.4
2,150.4
3,150.4
3,150.4
4,148.65
4,146.4
5,145.0666666666667
5,145.0666666666667
6,143.9
6,143.9
0,143.9
0,142.4
1,141.65
1,141.65
2,140.9
2,140.9
3,140.9
3,140.9
4,140.9
4,137.9
5,136.4
5,133.9
6,133.65
6,133.65
0,132.15
0,128.9
1,128.8
1,128.8
2,128.7
2,128.7
3,128.7
3,127.9
4,129.9
4,129.9
5,129.7
5,129.7
6,127.9
6,127.9
0,127.9
0,126.9
1,126.9
1,125.9
2,125.9
2,125.9
3,125.9
3,125.9
4,125.9
4,125.9
5,125.9
5,160.9
6,160.9
6,160.9
0,160.4
0,160.4
1,159.9
1,159.9
2,159.9
2,156.23333333333335
3,154.9
3,154.9
4,154.4
4,154.4
5,153.9
5,153.9
6,151.5666666666667
6,151.5666666666667
0,149.9
0,149.9
1,149.9
1,145.9
2,145.9
2,143.9
3,143.4
3,142.15
4,141.9
4,140.55
5,136.83333333333334
5,136.83333333333334
6,134.9
6,134.9
0,134.4333333333333
0,134.4333333333333
1,134.4333333333333
1,132.7
2,132.7
2,132.7
3,132.7
3,131.9
4,131.9
4,130.9
5,130.5
5,129.9
6,129.9
6,129.9
0,129.9
0,129.6
1,129.5
1,129.5
2,129.5
2,129.5
3,129.5
3,160.9
4,160.9
4,160.9
5,160.9
5,160.9
6,160.9
6,160.9
0,160.9
0,160.9
1,160.4
1,158.9
2,157.9
2,157.9
3,157.9
3,156.9
4,155.9
4,151.9
5,151.9
5,151.9
6,151.9
6,147.9
0,145.4
0,145.4
1,141.9
1,140.9
2,137.9
2,137.7
3,137.7
3,136.9
4,135.9
4,134.4
5,132.9
5,132.9
6,132.9
6,132.9
0,132.9
0,130.9
1,130.9
1,130.9
2,130.9
2,130.9
3,130.9
3,130.9
4,162.9
4,162.9
5,162.9
5,162.9
6,162.4
6,162.4
0,160.9
0,160.9
1,160.9
1,160.9
2,160.4
2,160.4
3,160.4
3,159.4
4,159.4
4,159.4
5,159.4
5,159.4
6,159.4
6,159.4
0,159.4
0,159.4
1,159.4
1,157.0666666666667
2,157.0666666666667
2,157.0666666666667
3,157.0666666666667
3,153.9
4,150.9
4,149.9
5,149.9
5,147.9
6,147.9
6,147.9
0,147.9
0,147.9
1,147.9
1,146.9
2,145.9
2,145.4
3,145.4
3,144.9
4,144.4
4,143.9
5,143.9
5,143.9
6,167.9
6,167.9
0,167.9
0,167.9
1,167.9
1,165.9
2,165.9
2,165.9
3,165.9
3,165.9
4,165.9
4,165.9
5,165.9
5,165.9
6,165.9
6,165.9
0,165.9
0,165.9
1,165.9
1,165.9
2,165.5
2,163.65
3,163.65
3,157.9
4,157.9
4,153.9
5,153.9
5,151.3
6,149.7
6,147.1
0,147.1
0,144.9
1,144.9
1,143.9
2,142.9
2,142.9
3,142.9
3,142.7
4,142.7
4,142.7
5,139.9
5,139.9
6,139.9
6,139.9
0,139.9
0,139.9
1,139.7
1,138.2
2,138.2
2,138.2
3,138.2
3,138.2
4,138.2
4,167.9
5,167.9
5,167.9
6,167.9
6,167.9
0,165.9
0,165.9
1,165.9
1,165.9
2,165.9
2,165.9
3,165.9
3,163.9
4,163.9
4,163.9
5,163.9
5,163.9
6,163.9
6,163.9
0,161.9
0,161.9
1,160.05
1,157.9
2,155.7
2,155.7
3,153.4
3,153.4
4,153.4
4,153.4
5,153.4
5,150.16666666666666
6,150.16666666666666
6,148.7
0,148.7
0,148.7
1,148.7
1,148.7
2,144.7
2,144.7
3,144.7
3,144.7
4,144.7
4,144.7
5,142.7
5,142.7
6,142.7
6,142.7
0,142.7
0,142.7
1,142.7
1,141.9
2,141.5
2,141.5
3,141.5
3,141.5
4,141.5
4,167.9
5,167.9
5,167.9
6,167.9
6,167.9
0,167.9
0,166.9
1,166.9
1,166.9
2,165.9
2,165.9
3,165.9
3,163.9
4,163.9
4,162.7
5,162.7
5,162.7
6,162.7
6,162.7
0,162.7
0,162.7
1,162.7
1,162.7
2,159.9
2,158.7
3,155.05
3,152.9
4,150.7
4,150.7
5,150.7
5,150.7
6,150.7
6,150.7
0,150.7
0,150.7
1,150.7
1,150.7
2,150.7
2,146.7
3,146.7
3,146.7
4,146.7
4,146.7
5,145.9
5,145.9
6,145.9
6,145.9
0,145.9
0,145.9
1,144.7
1,144.7
2,144.7
2,140.7
3,139.9
3,139.9
4,139.9
4,139.9
5,139.9
5,139.9
6,139.9
6,139.9
0,139.9
0,139.9
1,139.9
1,139.9
2,139.9
2,139.9
3,139.9
3,139.9
4,139.9
4,139.9
5,139.9
5,139.9
6,139.9
6,139.9
0,139.9
0,139.9
1,139.9
1,139.9
2,139.9
2,167.9
3,167.9
3,166.4
4,166.4
4,166.4
5,166.4
5,166.4
6,166.4
6,166.4
0,166.4
0,166.4
1,166.4
1,166.4
2,163.3
2,163.3
3,157.9
3,157.9
4,157.9
4,157.9
5,154.9
5,154.9
6,154.9
6,154.9
0,150.73333333333335
0,146.4
1,146.4
1,144.9
2,141.9
2,141.9
3,141.9
3,139.9
4,139.9
4,139.9
5,139.9
5,139.9
6,139.9
6,139.9
0,139.9
0,138.9
1,138.9
1,138.9
2,138.9
2,138.9
3,138.9
3,138.9
4,138.9
4,138.9
5,138.9
5,138.9
6,138.9
6,138.9
0,167.9
0,167.9
1,167.9
1,167.9
2,167.4
2,165.9
3,159.9
3,159.9
4,155.9
4,155.9
5,155.9
5,155.9
6,155.9
6,155.9
0,155.9
0,155.9
1,152.9
1,152.9
2,152.9
2,149.9
3,149.9
3,146.9
4,144.7
4,144.5
5,144.5
5,143.4
6,143.4
6,143.4
0,141.9
0,141.9
1,141.9
1,141.9
2,141.9
2,141.9
3,141.9
3,141.9
4,141.9
4,141.9
5,141.5
5,140.9
6,140.9
6,140.9
0,140.9
0,140.9
1,140.9
1,140.9
2,140.9
2,140.9
3,140.9
3,139.9
4,139.9
4,169.9
5,169.9
5,169.9
6,169.9
6,169.9
0,169.9
0,169.9
1,165.9
1,165.9
2,165.9
2,165.9
3,165.9
3,165.9
4,165.9
4,165.9
5,165.9
5,165.9
6,165.9
6,161.9
0,161.9
0,161.9
1,161.9
1,159.9
2,159.9
2,159.9
3,159.9
3,157.9
4,157.9
4,157.9
5,157.9
5,153.9
6,153.9
6,153.9
0,153.9
0,153.9
1,153.9
1,174.9
2,174.9
2,174.9
3,174.9
3,174.4
4,174.4
4,174.4
5,172.9
5,172.9
6,169.9
6,169.9
