0,121.85000000000001
0,121.7
1,120.9
1,120.9
2,120.9
2,119.9
3,117.9
3,115.9
4,115.9
4,115.9
5,115.9
5,115.9
6,115.9
6,115.9
0,115.9
0,114.9
1,114.4
1,113.9
2,113.9
2,113.9
3,113.9
3,113.9
4,113.9
4,113.9
5,113.9
5,113.9
6,113.9
6,113.9
0,112.4
0,112.4
1,112.4
1,112.4
2,143.4
2,143.4
3,143.4
3,143.4
4,143.4
4,143.4
5,141.9
5,141.9
6,141.9
6,141.5
0,141.5
0,139.9
1,139.55
1,139.55
2,137.9
2,137.9
3,135.53333333333333
3,135.53333333333333
4,135.53333333333333
4,132.9
5,132.9
5,132.9
6,129.9
6,129.9
0,129.9
0,127.4
1,126.9
1,122.9
2,122.9
2,122.9
3,122.9
3,122.9
4,122.9
4,122.9
5,122.9
5,122.9
6,122.9
6,119.6
0,117.9
0,117.9
1,117.9
1,117.9
2,117.9
2,117.9
3,117.9
3,143.9
4,143.9
4,143.9
5,143.4
5,142.9
6,141.9
6,137.9
0,137.9
0,137.9
1,137.4
1,137.4
2,137.4
2,137.4
3,134.4
3,134.4
4,134.4
4,134.4
5,132.4
5,132.4
6,131.9
6,131.4
0,130.4
0,126.9
1,124.9
1,124.9
2,122.89999999999999
2,122.3
3,121.85
3,121.85
4,147.9
4,147.9
5,145.9
5,145.9
6,145.9
6,145.9
0,145.9
0,145.9
1,145.9
1,145.9
2,145.9
2,145.9
3,145.9
3,143.9
4,141.9
4,141.9
5,141.9
5,141.9
6,141.9
6,141.9
0,141.9
0,141.9
1,141.9
1,141.9
2,141.9
2,141.9
3,141.9
3,141.9
4,141.9
4,141.9
5,141.9
5,141.9
6,141.9
6,141.9
0,141.9
0,141.9
1,141.9
1,141.9
2,141.9
2,141.9
3,141.9
3,141.9
4,141.9
4,141.9
5,141.9
5,141.9
6,141.9
6,141.9
0,141.9
0,141.9
1,141.9
1,141.9
2,141.9
2,141.9
3,141.9
3,141.9
4,141.9
4,141.9
5,141.9
5,141.9
6,141.9
6,141.9
0,141.9
0,141.9
1,141.9
1,141.9
2,141.9
2,141.9
3,141.9
3,141.9
4,141.9
4,141.9
5,141.9
5,141.9
6,141.9
6,141.9
0,141.9
0,141.9
1,141.9
1,141.9
2,141.9
2,141.9
3,141.9
3,141.9
4,141.9
4,141.9
5,141.9
5,141.9
6,141.9
6,141.9
0,141.9
0,141.9
1,141.9
1,141.9
2,141.9
2,141.9
3,141.9
3,141.9
4,141.9
4,141.9
5,141.9
5,141.9
6,141.9
6,141.9
0,141.9
0,141.9
1,141.9
1,141.9
2,141.9
2,141.9
3,141.9
3,141.9
4,141.9
4,141.9
5,141.9
5,141.9
6,141.9
6,141.9
0,141.9
0,141.9
1,141.9
1,141.9
2,141.9
2,141.9
3,141.9
3,141.9
4,141.9
4,141.9
5,141.9
5,141.9
6,141.9
6,141.9
0,141.9
0,141.9
1,141.9
1,141.9
2,141.9
2,141.9
3,141.9
3,141.9
4,141.9
4,149.9
5,149.8
5,149.8
6,149.8
6,149.8
0,149.8
0,149.9
1,149.9
1,147.9
2,147.9
2,147.9
3,147.9
3,147.9
4,147.9
4,147.9
5,147.9
5,147.9
6,147.9
6,147.9
0,145.9
0,145.9
1,143.85000000000002
1,143.85000000000002
2,142.4
2,142.4
3,142.4
3,141.9
4,141.4
4,141.4
5,141.4
5,141.4
6,141.4
6,141.4
0,141.4
0,141.4
1,141.4
1,139.9
2,139.9
2,139.9
3,139.9
3,137.9
4,137.9
4,137.9
5,137.9
5,137.9
6,137.9
6,137.9
0,137.9
0,135.7
1,135.7
1,134.9
2,134.9
2,134.9
3,134.9
3,134.9
4,134.9
4,134.9
5,134.9
5,134.9
6,134.9
6,134.9
0,134.9
0,134.9
1,134.9
1,134.9
2,134.9
2,134.9
3,160.9
3,160.9
4,158.9
4,158.9
5,158.9
5,158.9
6,158.9
6,158.9
0,158.9
0,158.75
1,158.75
1,158.75
2,158.75
2,157.9
3,157.9
3,154.9
4,154.9
4,154.9
5,154.9
5,154.9
6,154.9
6,151.9
0,151.9
0,151.46666666666667
1,149.9
1,148.4
2,146.89999999999998
2,146.075
3,145.375
3,144.68
4,144.13333333333333
4,144.13333333333333
5,144.13333333333333
5,144.13333333333333
6,142.9
6,142.9
0,141.4
0,141.06666666666663
1,140.6
1,139.975
2,138.65
2,137.9
3,137.9
3,137.9
4,137.25
4,135.9
5,135.9
5,134.9
6,133.9
6,133.9
0,133.9
0,133.9
1,131.9
1,131.4
2,131.4
2,131.4
3,131.4
3,131.4
4,131.4
4,130.9
5,130.9
5,130.9
6,130.9
6,130.9
0,130.9
0,130.4
1,130.4
1,130.4
2,130.4
2,160.9
3,160.9
3,131.9
4,131.9
4,131.9
5,131.9
5,131.9
6,131.9
6,131.9
0,128.9
0,160.9
1,160.9
1,128.5
2,128.5
2,160.9
3,160.9
3,160.9
4,160.9
4,160.9
5,160.9
5,160.9
6,160.9
6,160.9
0,157.9
0,157.9
1,156.9
1,156.9
2,156.9
2,156.9
3,156.9
3,156.9
4,156.9
4,155.4
5,155.4
5,153.9
6,152.9
6,152.9
0,152.9
0,152.9
1,151.9
1,149.8
2,149.8
2,146.85000000000002
3,146.85000000000002
3,146.85000000000002
4,146.85000000000002
4,144.66666666666666
5,144.66666666666666
5,144.66666666666666
6,144.66666666666666
6,143.16666666666666
0,141.9
0,141.9
1,140.7
1,139.9
2,139.9
2,139.9
3,137.9
3,136.9
4,136.9
4,134.5
5,134.5
5,134.5
6,134.5
6,134.5
0,133.9
0,133.7
1,133.6
1,133.5
2,133.5
2,133.0
3,133.0
3,133.0
4,132.2
4,131.8
5,131.8
5,131.8
6,131.8
6,131.20000000000002
0,131.20000000000002
0,130.55
1,130.55
1,129.9
2,129.4
2,129.0
3,129.0
3,128.75
4,127.9
4,127.9
5,127.9
5,127.05000000000001
6,127.05000000000001
6,127.05000000000001
0,127.05000000000001
0,125.9
1,125.9
1,125.9
2,125.9
2,125.9
3,125.9
3,125.9
4,125.9
4,125.9
5,125.9
5,125.9
6,125.9
6,125.9
0,124.9
0,124.9
1,124.9
1,124.7
2,124.7
2,123.7
3,123.7
3,155.9
4,155.9
4,155.9
5,155.9
5,155.9
6,155.9
6,154.9
0,152.9
0,152.9
1,152.9
1,152.05
2,149.9
2,149.75
3,149.2
3,148.4
4,148.4
4,148.4
5,148.4
5,148.4
6,148.4
6,148.4
0,148.4
0,145.76666666666668
1,144.9
1,144.26666666666665
2,143.8
2,142.9
3,141.05
3,140.5
4,139.6
4,139.16666666666666
5,139.16666666666666
5,139.16666666666666
6,139.16666666666666
6,139.16666666666666
0,138.6
0,137.2
1,136.9
1,136.9
2,136.9
2,135.0
3,134.6
3,134.0
4,133.8
4,133.7
5,133.7
5,133.7
6,133.7
6,133.05
0,132.4
0,131.8
1,131.10000000000002
1,139.0
2,129.9
2,129.9
3,129.9
3,155.9
4,155.9
4,155.9
5,155.9
5,155.9
6,155.9
6,155.9
0,155.4
0,153.9
1,153.9
1,152.9
2,152.9
2,152.9
3,152.9
3,152.9
4,152.9
4,150.4
5,147.4
5,144.9
6,143.9
6,143.9
0,142.2
0,140.65
1,138.05
1,138.05
2,138.05
2,134.4
3,134.4
3,131.9
4,131.9
4,130.9
5,130.9
5,130.9
6,130.9
6,130.9
0,130.9
0,130.5
1,130.5
1,129.9
2,129.9
2,129.9
3,129.9
3,129.9
4,128.9
4,128.9
5,128.9
5,128.9
6,128.9
6,128.9
0,128.9
0,128.9
1,128.9
1,127.9
2,157.9
2,157.9
3,157.9
3,157.9
4,155.9
4,155.9
5,153.7
5,153.7
6,153.7
6,153.7
0,153.7
0,151.9
1,151.9
1,151.9
2,149.4
2,149.4
3,147.9
3,147.9
4,145.9
4,145.9
5,145.9
5,145.9
6,145.9
6,145.9
0,145.9
0,145.9
1,142.4
1,140.4
2,137.9
2,137.4
3,135.9
3,135.4
4,131.65
4,130.65
5,130.65
5,130.65
6,130.65
6,130.65
0,130.65
0,130.65
1,130.65
1,129.9
2,129.9
2,125.9
3,125.4
3,124.65
4,124.65
4,123.9
5,123.9
5,123.7
6,123.7
6,123.7
0,123.4
0,122.66666666666667
1,122.66666666666667
1,122.0
2,122.0
2,122.0
3,122.0
3,119.9
4,119.9
4,119.9
5,119.9
5,119.9
6,119.9
6,119.9
0,119.9
0,119.9
1,119.9
1,119.9
2,147.9
2,147.9
3,147.9
3,147.4
4,147.4
4,147.9
5,147.4
5,147.4
6,147.4
6,147.4
0,145.9
0,145.9
1,145.9
1,145.9
2,143.9
2,142.7
3,142.0
3,142.0
4,138.9
4,137.9
5,137.9
5,137.9
6,137.9
6,137.9
0,137.9
0,133.9
1,131.9
1,127.56666666666668
2,127.56666666666668
2,127.56666666666668
3,127.56666666666668
3,124.30000000000001
4,124.30000000000001
4,124.30000000000001
5,124.30000000000001
5,124.30000000000001
6,123.9
6,123.9
0,123.9
0,123.9
1,123.9
1,123.9
2,123.4
2,123.4
3,122.9
3,121.9
4,121.9
4,121.9
5,121.9
5,121.9
6,121.9
6,121.9
0,121.9
0,121.9
1,121.9
1,121.9
2,121.9
2,121.9
3,121.9
3,150.9
4,150.9
4,150.9
5,150.9
5,150.9
6,150.9
6,148.9
0,148.9
0,148.9
1,148.9
1,148.9
2,148.9
2,148.9
3,148.9
3,148.9
4,148.9
4,144.4
5,143.9
5,143.9
6,143.8
6,140.9
0,139.9
0,139.9
1,138.2
1,136.9
2,136.4
2,134.9
3,134.9
3,133.9
4,133.9
4,132.9
5,132.4
5,132.4
6,131.9
6,130.9
0,130.9
0,129.9
1,129.4
1,129.4
2,128.9
2,128.9
3,128.4
3,126.9
4,128.9
4,128.9
5,128.9
5,128.9
6,128.9
6,128.9
0,128.9
0,128.9
1,128.4
1,128.4
2,128.4
2,128.4
3,128.4
3,127.7
4,127.30000000000001
4,127.30000000000001
5,126.9
5,126.9
6,143.9
6,143.9
0,160.4
0,157.9
1,157.9
1,155.7
2,155.7
2,155.7
3,155.7
3,155.7
4,155.7
4,153.4
5,152.4
5,152.4
6,151.9
6,149.9
0,149.9
0,148.9
1,148.9
1,145.4
2,144.4
2,142.4
3,141.9
3,141.9
4,141.9
4,138.7
5,138.3
5,136.4
6,135.9
6,134.5
0,133.9
0,132.9
1,132.9
1,132.9
2,132.9
2,131.9
3,131.9
3,131.9
4,131.9
4,130.4
5,130.4
5,130.4
6,130.4
6,130.4
0,130.4
0,130.4
1,130.4
1,130.4
2,130.4
2,128.9
3,128.9
3,159.9
4,159.9
4,160.9
5,160.9
5,160.9
6,160.9
6,160.9
0,160.9
0,160.9
1,160.9
1,157.9
2,157.9
2,155.9
3,155.9
3,154.9
4,154.0
4,154.0
5,150.9
5,147.9
6,147.7
6,146.9
0,146.9
0,146.9
1,143.9
1,142.9
2,142.9
2,140.4
3,137.4
3,137.4
4,135.9
4,135.9
5,134.9
5,134.9
6,133.4
6,133.4
0,131.9
0,131.9
1,131.9
1,131.9
2,131.9
2,131.9
3,131.9
3,131.9
4,162.9
4,162.9
5,160.9
5,160.9
6,160.9
6,160.9
0,160.9
0,160.9
1,160.9
1,160.9
2,160.9
2,159.9
3,159.9
3,159.9
4,159.9
4,159.9
5,159.9
5,159.9
6,159.9
6,156.95
0,156.95
0,156.95
1,156.95
1,156.95
2,156.95
2,156.95
3,153.9
3,153.9
4,153.9
4,153.9
5,153.9
5,153.7
6,149.9
6,149.9
0,149.9
0,149.9
1,149.9
1,148.9
2,148.9
2,147.9
3,147.9
3,145.9
4,145.4
4,145.4
5,145.4
5,167.9
6,167.9
6,167.9
0,166.7
0,166.7
1,166.7
1,164.7
2,164.7
2,164.7
3,163.8
3,163.8
4,160.3
4,160.7
5,159.9
5,159.9
6,160.7
6,160.7
0,159.5
0,159.5
1,159.5
1,158.7
2,158.7
2,156.3
3,156.7
3,153.7
4,150.2
4,150.2
5,150.2
5,150.2
6,149.5
6,148.3
0,147.3
0,146.0
1,144.7
1,144.7
2,144.7
2,142.7
3,142.7
3,142.7
4,142.7
4,142.7
5,142.7
5,142.7
6,141.5
6,141.5
0,140.3
0,140.3
1,139.7
1,138.83333333333334
2,138.83333333333334
2,137.7
3,137.7
3,137.7
4,167.9
4,167.9
5,166.7
5,166.7
6,166.7
6,166.7
0,166.7
0,166.5
1,164.7
1,164.7
2,164.7
2,164.7
3,164.7
3,163.7
4,161.7
4,161.7
5,160.5
5,160.5
6,158.7
6,156.7
0,153.7
0,153.3
1,151.7
1,151.7
2,151.7
2,149.7
3,149.7
3,148.3
4,147.7
4,146.7
5,145.7
5,145.7
6,144.7
6,143.7
0,143.7
0,143.7
1,143.7
1,143.7
2,143.7
2,142.7
3,142.7
3,142.7
4,142.7
4,142.7
5,142.7
5,142.7
6,141.7
6,141.5
0,141.5
0,141.5
1,140.5
1,140.5
2,139.9
2,139.5
3,139.5
3,167.9
4,167.9
4,167.9
5,166.7
5,166.7
6,166.7
6,166.7
0,166.7
0,166.7
1,166.7
1,166.7
2,165.7
2,164.7
3,164.7
3,160.7
4,160.7
4,160.7
5,160.7
5,160.7
6,156.7
6,156.7
0,156.7
0,154.2
1,150.7
1,148.7
2,148.7
2,147.7
3,147.7
3,146.7
4,146.7
4,146.7
5,145.7
5,145.7
6,145.7
6,144.7
0,144.7
0,142.7
1,142.7
1,142.5
2,142.5
2,142.5
3,142.5
3,141.7
4,140.7
4,140.7
5,140.7
5,140.7
6,140.7
6,140.7
0,140.7
0,140.7
1,140.7
1,140.7
2,140.7
2,140.7
3,140.7
3,140.7
4,140.7
4,140.7
5,140.7
5,140.7
6,140.7
6,140.7
0,140.7
0,140.7
1,139.7
1,139.7
2,139.7
2,139.7
3,139.7
3,139.7
4,167.9
4,167.9
5,167.9
5,167.9
6,167.9
6,167.9
0,139.9
0,139.9
1,139.9
1,139.7
2,139.7
2,167.9
3,167.9
3,167.9
4,167.9
4,166.9
5,165.9
5,165.9
6,165.9
6,165.9
0,165.9
0,165.9
1,165.9
1,165.9
2,159.9
2,159.9
3,159.9
3,159.9
4,153.9
4,151.9
5,151.9
5,150.8
6,150.3
6,147.8
0,145.9
0,145.9
1,141.9
1,141.9
2,141.9
2,140.8
3,140.8
3,140.8
4,140.8
4,139.3
5,139.3
5,139.3
6,139.3
6,139.3
0,139.3
0,139.3
1,139.3
1,139.3
2,139.3
2,139.3
3,139.3
3,139.3
4,139.3
4,139.3
5,139.3
5,139.3
6,139.3
6,139.3
0,139.3
0,167.9
1,167.9
1,167.9
2,167.9
2,167.9
3,166.9
3,156.4
4,151.9
4,150.9
5,150.9
5,150.9
6,150.9
6,148.9
0,148.9
0,148.9
1,148.9
1,148.9
2,147.9
2,147.9
3,147.9
3,145.7
4,141.9
4,141.9
5,141.9
5,141.9
6,141.9
6,141.9
0,141.9
0,141.9
1,141.9
1,141.9
2,141.9
2,141.9
3,141.9
3,138.9
4,138.9
4,138.9
5,138.9
5,138.9
6,138.9
6,138.9
0,138.9
0,138.9
1,138.9
1,138.9
2,138.9
2,138.9
3,138.9
3,141.9
4,141.9
4,169.9
5,169.9
5,169.9
6,169.9
6,169.9
0,169.9
0,169.9
1,165.9
1,165.9
2,165.9
2,159.7
3,159.7
3,159.7
4,159.7
4,159.7
5,155.9
5,155.7
6,154.7
6,154.7
0,154.5
0,153.8
1,153.8
1,153.8
2,153.8
2,153.8
3,153.8
3,153.8
4,153.8
4,149.9
5,149.7
5,149.7
6,149.7
6,149.7
0,149.7
0,145.9
1,144.9
1,144.9
2,174.9
2,174.9
3,174.9
3,174.9
4,174.9
4,174.9
5,172.9
5,172.9
6,172.9
6,172.9
