0,122.80000000000001
0,122.80000000000001
1,120.4
1,120.4
2,120.43333333333334
2,115.9
3,116.40000000000002
3,116.40000000000002
4,115.10000000000001
4,113.9
5,112.7
5,112.7
6,112.7
6,112.7
0,112.7
0,110.7
1,113.89999999999999
1,113.89999999999999
2,112.9
2,112.9
3,111.89999999999999
3,107.9
4,107.9
4,107.9
5,112.9
5,112.9
6,112.9
6,112.9
0,112.9
0,112.9
1,110.2
1,110.2
2,143.56666666666666
2,143.56666666666666
3,143.56666666666666
3,143.56666666666666
4,142.56666666666666
4,142.56666666666666
5,136.9
5,136.9
6,136.9
6,136.9
0,139.0
0,138.5
1,138.56666666666666
1,138.56666666666666
2,135.4
2,135.4
3,135.4
3,135.4
4,134.79999999999998
4,134.79999999999998
5,134.79999999999998
5,134.79999999999998
6,134.79999999999998
6,134.79999999999998
0,133.2
0,129.9
1,128.56666666666666
1,123.4
2,123.4
2,123.4
3,121.4
3,116.9
4,120.10000000000001
4,120.10000000000001
5,117.4
5,117.4
6,117.4
6,119.9
0,117.2
0,117.2
1,117.0
1,116.63333333333333
2,117.9
2,117.9
3,141.9
3,138.9
4,143.4
4,138.4
5,138.4
5,138.4
6,140.8
6,140.8
0,141.7
0,141.7
1,137.6
1,137.6
2,137.6
2,137.6
3,133.16666666666666
3,131.9
4,131.7
4,131.7
5,131.7
5,131.7
6,130.9
6,130.9
0,128.8
0,128.8
1,126.2
1,124.9
2,122.9
2,121.7
3,121.39999999999999
3,119.9
4,119.9
4,147.9
5,147.9
5,147.9
6,146.9
6,146.7
0,143.3
0,143.3
1,142.8
1,142.8
2,133.7
2,133.7
3,133.7
3,133.7
4,139.625
4,139.625
5,139.625
5,139.625
6,139.625
6,139.625
0,139.625
0,139.625
1,139.625
1,139.625
2,139.625
2,139.625
3,139.625
3,139.625
4,139.625
4,139.625
5,139.625
5,139.625
6,139.625
6,139.625
0,139.625
0,139.625
1,139.625
1,139.625
2,139.625
2,139.625
3,139.625
3,139.625
4,139.625
4,139.625
5,139.625
5,139.625
6,139.625
6,139.625
0,139.625
0,139.625
1,139.625
1,139.625
2,139.625
2,139.625
3,139.625
3,139.625
4,139.625
4,139.625
5,139.625
5,139.625
6,139.625
6,139.625
0,139.625
0,139.625
1,139.625
1,139.625
2,139.625
2,139.625
3,139.625
3,139.625
4,139.625
4,139.625
5,139.625
5,139.625
6,139.625
6,139.625
0,139.625
0,139.625
1,139.625
1,139.625
2,139.625
2,139.625
3,139.625
3,139.625
4,139.625
4,139.625
5,139.625
5,139.625
6,139.625
6,139.625
0,139.625
0,139.625
1,139.625
1,139.625
2,139.625
2,139.625
3,139.625
3,139.625
4,139.625
4,139.625
5,139.625
5,139.625
6,139.625
6,139.625
0,139.625
0,139.625
1,139.625
1,139.625
2,139.625
2,139.625
3,139.625
3,139.625
4,139.625
4,139.625
5,139.625
5,139.625
6,139.625
6,139.625
0,139.625
0,139.625
1,139.625
1,139.625
2,139.625
2,139.625
3,139.625
3,139.625
4,139.625
4,139.625
5,139.625
5,139.625
6,139.625
6,139.625
0,139.625
0,139.625
1,139.625
1,139.625
2,139.625
2,139.625
3,121.3
3,121.3
4,121.3
4,120.9
5,120.9
5,149.9
6,149.9
6,149.9
0,149.9
0,149.9
1,149.9
1,147.9
2,147.9
2,147.9
3,147.9
3,147.9
4,147.9
4,147.9
5,147.9
5,147.9
6,147.9
6,147.9
0,148.9
0,148.9
1,148.9
1,148.9
2,148.9
2,147.15
3,147.15
3,144.9
4,146.36666666666667
4,146.36666666666667
5,146.36666666666667
5,146.36666666666667
6,146.36666666666667
6,143.9
0,143.9
0,143.16666666666666
1,143.16666666666666
1,143.16666666666666
2,143.16666666666666
2,143.16666666666666
3,143.16666666666666
3,143.16666666666666
4,143.16666666666666
4,140.9
5,140.9
5,140.9
6,140.9
6,140.9
0,138.9
0,138.9
1,138.9
1,138.9
2,138.9
2,138.9
3,138.9
3,138.9
4,137.9
4,137.9
5,136.9
5,136.9
6,136.9
6,136.9
0,136.9
0,136.9
1,136.9
1,136.9
2,136.9
2,136.9
3,160.23333333333335
3,160.7
4,160.7
4,160.4
5,160.4
5,160.4
6,160.4
6,160.3
0,159.9
0,159.9
1,159.9
1,159.7
2,159.7
2,159.7
3,159.6
3,159.6
4,159.6
4,159.3
5,159.3
5,158.9
6,158.9
6,158.9
0,157.23333333333335
0,155.63333333333333
1,153.9
1,152.23333333333335
2,150.9
2,149.5
3,149.5
3,145.10000000000002
4,145.10000000000002
4,142.9
5,141.9
5,141.9
6,141.9
6,139.9
0,139.9
0,139.9
1,139.9
1,139.6
2,139.4
2,138.9
3,138.3
3,138.3
4,138.3
4,136.9
5,136.9
5,135.16666666666666
6,134.7
6,134.7
0,134.7
0,133.9
1,133.9
1,132.9
2,131.9
2,131.7
3,131.7
3,131.7
4,131.7
4,131.4
5,131.4
5,131.3
6,131.3
6,131.3
0,130.9
0,130.4
1,130.4
1,130.3
2,129.65
2,129.65
3,129.65
3,129.65
4,129.65
4,129.65
5,129.65
5,128.9
6,128.9
6,128.9
0,128.7
0,128.7
1,127.9
1,127.9
2,127.9
2,127.9
3,127.9
3,127.9
4,127.9
4,160.9
5,160.9
5,160.9
6,160.9
6,160.9
0,160.9
0,158.9
1,158.9
1,158.9
2,158.9
2,156.4
3,153.9
3,153.9
4,153.9
4,153.9
5,153.9
5,153.9
6,152.9
6,152.9
0,149.9
0,147.9
1,150.4
1,145.9
2,145.9
2,145.9
3,145.7
3,145.7
4,145.7
4,141.5666666666667
5,141.5666666666667
5,140.23333333333335
6,140.23333333333335
6,140.23333333333335
0,140.23333333333335
0,139.7
1,139.5
1,139.5
2,137.9
2,137.9
3,137.9
3,137.7
4,137.7
4,136.4
5,136.4
5,136.4
6,136.4
6,136.4
0,136.4
0,136.4
1,136.4
1,136.4
2,136.4
2,136.4
3,136.4
3,135.7
4,135.7
4,135.7
5,135.7
5,135.7
6,135.7
6,135.7
0,135.7
0,133.9
1,132.5
1,132.5
2,130.9
2,130.9
3,129.9
3,129.9
4,129.9
4,129.9
5,129.9
5,129.9
6,129.9
6,129.9
0,129.7
0,128.9
1,127.9
1,127.4
2,126.9
2,126.9
3,126.9
3,126.9
4,125.9
4,125.9
5,125.9
5,125.9
6,125.9
6,125.9
0,125.9
0,125.725
1,125.725
1,125.725
2,124.9
2,124.9
3,124.9
3,124.9
4,124.9
4,124.9
5,155.4
5,155.4
6,154.9
6,153.9
0,153.9
0,153.9
1,153.7
1,153.7
2,152.9
2,150.9
3,150.9
3,150.9
4,150.9
4,150.9
5,150.9
5,150.9
6,148.9
6,148.9
0,147.9
0,145.83333333333334
1,143.9
1,143.16666666666666
2,141.9
2,141.7
3,140.9
3,140.9
4,139.9
4,139.9
5,138.9
5,138.9
6,138.9
6,138.9
0,136.83333333333334
0,136.83333333333334
1,136.83333333333334
1,136.83333333333334
2,136.83333333333334
2,136.83333333333334
3,136.83333333333334
3,136.83333333333334
4,136.83333333333334
4,134.9
5,134.9
5,134.9
6,134.9
6,134.9
0,134.4
0,133.23333333333335
1,132.4
1,131.9
2,131.4
2,130.9
3,130.4
3,155.9
4,155.9
4,155.9
5,155.9
5,155.9
6,155.9
6,154.9
0,154.4
0,154.4
1,154.4
1,154.4
2,153.9
2,153.9
3,152.4
3,152.4
4,152.4
4,150.9
5,149.9
5,149.9
6,147.9
6,147.9
0,145.9
0,139.65
1,137.9
1,137.9
2,132.9
2,131.9
3,131.9
3,129.9
4,129.5
4,129.5
5,129.5
5,129.3
6,129.3
6,129.3
0,129.3
0,129.3
1,129.3
1,128.9
2,128.9
2,128.9
3,128.9
3,128.9
4,128.9
4,128.9
5,128.9
5,128.9
6,128.9
6,128.9
0,128.9
0,128.9
1,157.9
1,157.9
2,155.9
2,156.8
3,156.8
3,153.7
4,151.7
4,151.7
5,150.7
5,151.4
6,151.4
6,151.4
0,149.36666666666667
0,147.9
1,147.9
1,145.6
2,145.6
2,144.35000000000002
3,142.9
3,141.23333333333335
4,141.36666666666667
4,138.95
5,141.60000000000002
5,137.9
6,137.7
6,137.7
0,137.7
0,136.9
1,135.7
1,135.03333333333333
2,133.2
2,133.2
3,133.2
3,131.3
4,131.3
4,130.35000000000002
5,130.35000000000002
5,130.35000000000002
6,130.35000000000002
6,129.16666666666669
0,129.60000000000002
0,128.15
1,127.7
1,127.19999999999999
2,127.19999999999999
2,126.35000000000001
3,126.35000000000001
3,125.9
4,125.9
4,125.4
5,125.3
5,124.9
6,124.9
6,124.9
0,124.9
0,124.6
1,124.6
1,123.9
2,123.9
2,123.35000000000001
3,123.35000000000001
3,122.76666666666667
4,122.76666666666667
4,122.4
5,122.4
5,122.3
6,122.3
6,121.76666666666667
0,121.76666666666667
0,121.76666666666667
1,121.76666666666667
1,121.76666666666667
2,121.76666666666667
2,121.76666666666667
3,121.76666666666667
3,138.9
4,147.4
4,147.4
5,147.3
5,147.3
6,147.3
6,146.7
0,146.7
0,145.7
1,145.3
1,144.9
2,143.9
2,141.9
3,140.9
3,139.9
4,139.9
4,138.9
5,138.9
5,138.9
6,138.9
6,138.7
0,137.7
0,137.5
1,137.03333333333333
1,133.76666666666668
2,131.9
2,130.9
3,130.7
3,130.7
4,130.56666666666666
4,129.7
5,129.3
5,129.3
6,129.3
6,129.3
0,128.6
0,127.7
1,127.7
1,127.5
2,127.4
2,126.9
3,126.9
3,125.9
4,125.9
4,125.4
5,125.15
5,125.15
6,124.9
6,124.9
0,124.9
0,124.9
1,124.9
1,124.9
2,124.9
2,124.9
3,124.9
3,124.9
4,124.65
4,123.9
5,132.9
5,132.9
6,137.4
6,150.9
0,150.9
0,148.83333333333334
1,148.76666666666668
1,148.76666666666668
2,148.76666666666665
2,148.5
3,148.4
3,147.9
4,147.9
4,147.45
5,146.6
5,146.6
6,145.4
6,145.4
0,144.5
0,143.7
1,142.7
1,142.7
2,141.7
2,139.7
3,139.7
3,138.9
4,138.8
4,136.56666666666666
5,135.4
5,135.4
6,135.15
6,133.15
0,132.9
0,131.86666666666665
1,131.4
1,130.7
2,129.9
2,129.7
3,129.7
3,129.7
4,129.4
4,130.1
5,130.1
5,130.1
6,130.1
6,130.1
0,130.1
0,126.65
1,126.4
1,126.4
2,126.4
2,126.4
3,126.4
3,126.4
4,126.4
4,126.4
5,126.4
5,126.4
6,160.9
6,160.9
0,160.4
0,159.9
1,159.5666666666667
1,158.9
2,158.4
2,156.9
3,156.16666666666666
3,155.5
4,154.06666666666663
4,154.06666666666663
5,152.6
5,152.6
6,151.4
6,150.6
0,147.6
0,147.6
1,144.53333333333333
1,140.9
2,141.35999999999999
2,140.16666666666666
3,139.23333333333335
3,137.9
4,137.9
4,137.18
5,136.8
5,136.35000000000002
6,136.3
6,136.3
0,136.1
0,136.1
1,136.1
1,135.18
2,135.18
2,132.9
3,132.9
3,132.9
4,131.9
4,131.9
5,131.9
5,131.9
6,131.9
6,130.9
0,130.9
0,129.9
1,129.9
1,129.9
2,129.9
2,129.9
3,129.9
3,129.9
4,129.9
4,129.9
5,160.9
5,160.9
6,160.9
6,160.9
0,160.9
0,159.9
1,158.9
1,157.4
2,156.7
2,155.9
3,154.9
3,150.5666666666667
4,149.9
4,149.9
5,149.9
5,149.7
6,149.5
6,149.5
0,149.3
0,148.8
1,147.8
1,147.2
2,146.7
2,145.83333333333334
3,142.35000000000002
3,141.9
4,141.9
4,141.5
5,140.15
5,140.15
6,140.15
6,138.9
0,138.9
0,138.9
1,138.16666666666666
1,137.7
2,137.7
2,137.7
3,137.7
3,137.7
4,162.9
4,162.9
5,162.9
5,162.9
6,162.9
6,160.8
0,160.8
0,159.9
1,157.9
1,157.9
2,157.5
2,157.36666666666667
3,156.9
3,156.9
4,156.9
4,155.8
5,154.9
5,154.76666666666668
6,154.76666666666668
6,154.76666666666668
0,154.76666666666668
0,154.76666666666668
1,154.76666666666668
1,154.5
2,153.9
2,153.7
3,151.9
3,151.16666666666666
4,150.7
4,149.9
5,149.9
5,149.7
6,149.7
6,149.7
0,148.9
0,146.83333333333334
1,146.7
1,145.83333333333334
2,145.7
2,145.7
3,143.4
3,143.3
4,143.3
4,143.64999999999998
5,143.64999999999998
5,143.64999999999998
6,144.1
6,159.13333333333333
0,166.3
0,165.7
1,165.5
1,165.5
2,165.5
2,165.5
3,165.8
3,163.6
4,163.5
4,163.5
5,163.8
5,163.8
6,161.8
6,160.05
0,160.05
0,158.55
1,158.55
1,156.05
2,156.05
2,155.05
3,155.05
3,154.53333333333333
4,154.6
4,154.05
5,154.05
5,154.05
6,154.05
6,153.89999999999998
0,153.89999999999998
0,153.65
1,153.65
1,151.55
2,149.9
2,149.7
3,149.9
3,148.2
4,148.14999999999998
4,147.83333333333334
5,147.83333333333334
5,147.425
6,147.425
6,146.9
0,146.9
0,143.26666666666665
1,143.26666666666665
1,143.26666666666665
2,142.8
2,142.45
3,142.45
3,142.45
4,141.9
4,167.9
5,167.9
5,166.3
6,166.3
6,166.3
0,166.2
0,165.05
1,164.05
1,163.05
2,162.05
2,161.05
3,161.05
3,161.05
4,159.9
4,159.43333333333334
5,159.43333333333334
5,159.43333333333334
6,159.43333333333334
6,159.43333333333334
0,158.5
0,158.3
1,158.3
1,157.05
2,156.05
2,154.9
3,153.125
3,152.9
4,152.9
4,150.93333333333334
5,148.9
5,148.9
6,148.9
6,146.05
0,146.05
0,145.95
1,145.7
1,145.9
2,145.05
2,145.05
3,145.05
3,144.8
4,144.05
4,143.7
5,143.9
5,143.9
6,143.05
6,142.8
0,142.8
0,142.8
1,142.5
1,142.8
2,142.3
2,142.6
3,142.6
3,142.6
4,142.6
4,154.85
5,165.9
5,165.9
6,166.7
6,165.9
0,165.9
0,165.9
1,166.2
1,166.2
2,166.2
2,166.2
3,164.9
3,162.2
4,160.2
4,159.1
5,159.1
5,158.9
6,158.9
6,157.9
0,157.2
0,156.9
1,156.85000000000002
1,155.73333333333332
2,153.2
2,152.7
3,152.7
3,152.29999999999998
4,151.9
4,151.9
5,151.8
5,151.8
6,151.8
6,151.8
0,151.2
0,150.96666666666667
1,150.55
1,149.275
2,148.2
2,146.16666666666666
3,144.06666666666666
3,143.8
4,143.55
4,143.55
5,143.2
5,142.83333333333334
6,142.83333333333334
6,142.83333333333334
0,142.83333333333334
0,142.66666666666666
1,142.2
1,141.6
2,141.2
2,140.8
3,140.8
3,140.8
4,138.6
4,137.2
5,137.2
5,137.2
6,137.2
6,137.2
0,137.2
0,137.2
1,137.2
1,137.2
2,137.2
2,137.2
3,137.2
3,137.2
4,137.2
4,137.2
5,137.2
5,137.2
6,137.2
6,137.2
0,137.2
0,137.2
1,137.2
1,137.2
2,167.9
2,167.9
3,167.9
3,167.9
4,167.7
4,165.5
5,165.5
5,165.5
6,165.5
6,164.9
0,163.9
0,163.7
1,163.7
1,163.7
2,161.23333333333335
2,159.9
3,157.025
3,155.23333333333335
4,155.23333333333335
4,155.23333333333335
5,152.5
5,152.5
6,152.1
6,151.9
0,149.9
0,147.82
1,147.82
1,144.7
2,143.2
2,143.2
3,143.2
3,143.2
4,143.2
4,140.5
5,140.5
5,138.5
6,138.5
6,138.5
0,138.5
0,138.5
1,138.5
1,138.5
2,138.5
2,138.5
3,138.5
3,138.5
4,138.5
4,138.5
5,138.5
5,167.9
6,167.9
6,167.9
0,165.9
0,165.9
1,165.9
1,164.9
2,161.9
2,161.23333333333335
3,161.23333333333335
3,157.23333333333335
4,154.8
4,152.8
5,150.95
5,150.2
6,149.96666666666667
6,148.5
0,145.9
0,147.35000000000002
1,146.35000000000002
1,146.35000000000002
2,142.9
2,142.9
3,142.9
3,142.9
4,142.9
4,142.9
5,142.9
5,142.9
6,142.9
6,142.9
0,142.9
0,142.9
1,142.9
1,142.9
2,142.9
2,142.9
3,142.9
3,142.9
4,142.9
4,142.9
5,142.9
5,142.9
6,142.9
6,142.9
0,142.3
0,142.3
1,142.3
1,142.3
2,142.3
2,141.9
3,141.9
3,169.9
4,169.9
4,168.9
5,168.9
5,168.9
6,168.9
6,168.9
0,168.9
0,166.9
1,166.9
1,165.9
2,164.9
2,162.9
3,161.9
3,161.9
4,159.9
4,158.4
5,154.9
5,154.9
6,153.5666666666667
6,153.5666666666667
0,153.5666666666667
0,153.5666666666667
1,153.5666666666667
1,151.9
2,151.9
2,151.9
3,151.9
3,151.9
4,151.9
4,151.9
5,151.9
5,151.9
6,150.5666666666667
6,150.5666666666667
0,150.5666666666667
0,147.9
1,147.9
1,147.9
2,145.96666666666667
2,145.96666666666667
3,174.9
3,174.9
4,172.9
4,172.9
5,172.9
5,170.9
6,170.9
6,169.9
