0,121.86666666666667
0,122.9
1,117.9
1,121.4
2,116.39999999999999
2,116.56666666666666
3,115.20000000000002
3,116.9
4,113.30000000000001
4,116.3
5,110.99999999999999
5,110.99999999999999
6,110.99999999999999
6,110.99999999999999
0,110.99999999999999
0,111.96666666666665
1,111.96666666666665
1,104.9
2,114.56666666666666
2,104.3
3,110.56666666666666
3,110.56666666666666
4,110.56666666666666
4,110.56666666666666
5,110.56666666666666
5,110.56666666666666
6,110.56666666666666
6,110.56666666666666
0,109.06666666666666
0,109.06666666666666
1,109.06666666666666
1,109.06666666666666
2,109.06666666666666
2,109.06666666666666
3,139.50000000000003
3,139.50000000000003
4,137.9
4,137.9
5,136.9
5,141.9
6,134.9
6,134.9
0,137.1
0,137.1
1,134.14000000000001
1,134.06666666666666
2,133.56666666666666
2,131.025
3,131.025
3,131.9
4,128.48333333333338
4,128.48333333333338
5,126.75714285714288
5,126.75714285714288
6,126.75714285714288
6,124.56666666666666
0,122.31666666666668
0,122.31666666666668
1,121.76666666666667
1,121.76666666666667
2,121.76666666666667
2,121.76666666666667
3,120.0
3,117.90000000000002
4,116.90000000000002
4,116.90000000000002
5,116.90000000000002
5,116.90000000000002
6,116.90000000000002
6,114.56666666666668
0,117.7
0,117.9
1,117.9
1,117.9
2,117.9
2,117.9
3,138.9
3,143.9
4,139.81666666666666
4,139.81666666666666
5,138.5666666666667
5,141.4
6,137.1
6,137.1
0,132.65
0,127.4
1,133.68571428571428
1,130.9
2,130.9
2,134.9
3,131.23333333333335
3,130.4
4,129.1
4,129.1
5,129.1
5,129.1
6,132.15
6,126.9
0,125.85454545454546
0,125.85454545454546
1,123.2
1,123.56666666666668
2,122.9
2,122.9
3,120.9
3,120.9
4,131.9
4,141.9
5,141.9
5,141.9
6,141.9
6,141.9
0,145.23333333333335
0,145.23333333333335
1,144.8
1,144.8
2,134.8
2,134.8
3,134.8
3,141.9
4,141.9
4,138.53333333333333
5,138.53333333333333
5,138.53333333333333
6,138.53333333333333
6,138.53333333333333
0,138.53333333333333
0,138.53333333333333
1,138.53333333333333
1,138.53333333333333
2,138.53333333333333
2,138.53333333333333
3,138.53333333333333
3,138.53333333333333
4,138.53333333333333
4,138.53333333333333
5,138.53333333333333
5,138.53333333333333
6,138.53333333333333
6,138.53333333333333
0,138.53333333333333
0,138.53333333333333
1,138.53333333333333
1,138.53333333333333
2,138.53333333333333
2,138.53333333333333
3,138.53333333333333
3,138.53333333333333
4,138.53333333333333
4,138.53333333333333
5,138.53333333333333
5,138.53333333333333
6,138.53333333333333
6,138.53333333333333
0,138.53333333333333
0,138.53333333333333
1,138.53333333333333
1,138.53333333333333
2,138.53333333333333
2,138.53333333333333
3,138.53333333333333
3,138.53333333333333
4,138.53333333333333
4,138.53333333333333
5,138.53333333333333
5,138.53333333333333
6,138.53333333333333
6,138.53333333333333
0,138.53333333333333
0,138.53333333333333
1,138.53333333333333
1,138.53333333333333
2,138.53333333333333
2,138.53333333333333
3,138.53333333333333
3,138.53333333333333
4,138.53333333333333
4,138.53333333333333
5,138.53333333333333
5,138.53333333333333
6,138.53333333333333
6,138.53333333333333
0,138.53333333333333
0,138.53333333333333
1,138.53333333333333
1,138.53333333333333
2,138.53333333333333
2,138.53333333333333
3,138.53333333333333
3,138.53333333333333
4,138.53333333333333
4,138.53333333333333
5,138.53333333333333
5,138.53333333333333
6,138.53333333333333
6,138.53333333333333
0,138.53333333333333
0,138.53333333333333
1,138.53333333333333
1,138.53333333333333
2,138.53333333333333
2,138.53333333333333
3,138.53333333333333
3,138.53333333333333
4,138.53333333333333
4,138.53333333333333
5,138.53333333333333
5,138.53333333333333
6,138.53333333333333
6,138.53333333333333
0,138.53333333333333
0,138.53333333333333
1,138.53333333333333
1,138.53333333333333
2,138.53333333333333
2,138.53333333333333
3,138.53333333333333
3,138.53333333333333
4,138.53333333333333
4,138.53333333333333
5,138.53333333333333
5,138.53333333333333
6,138.53333333333333
6,138.53333333333333
0,138.53333333333333
0,138.53333333333333
1,138.53333333333333
1,138.53333333333333
2,138.53333333333333
2,138.53333333333333
3,138.53333333333333
3,138.53333333333333
4,138.53333333333333
4,138.53333333333333
5,138.53333333333333
5,138.53333333333333
6,138.53333333333333
6,138.53333333333333
0,138.53333333333333
0,138.53333333333333
1,138.53333333333333
1,138.53333333333333
2,138.53333333333333
2,138.53333333333333
3,111.5
3,118.06666666666668
4,118.06666666666668
4,118.06666666666668
5,118.06666666666668
5,146.5666666666667
6,146.5666666666667
6,146.5666666666667
0,146.5666666666667
0,146.5666666666667
1,148.9
1,148.9
2,148.9
2,148.9
3,148.9
3,148.9
4,147.9
4,147.9
5,147.9
5,147.9
6,147.9
6,147.9
0,142.9
0,142.9
1,142.9
1,144.0666666666667
2,144.0666666666667
2,144.0666666666667
3,144.0666666666667
3,144.0666666666667
4,145.9
4,145.9
5,145.9
5,145.9
6,145.9
6,145.9
0,140.9
0,140.9
1,140.9
1,141.1
2,132.9
2,143.15
3,138.0
3,140.9
4,140.9
4,137.36666666666665
5,136.5666666666667
5,135.5666666666667
6,135.5666666666667
6,135.5666666666667
0,135.5666666666667
0,135.5666666666667
1,135.5666666666667
1,135.5666666666667
2,135.5666666666667
2,135.5666666666667
3,133.5666666666667
3,133.5666666666667
4,133.5666666666667
4,133.5666666666667
5,133.5666666666667
5,133.5666666666667
6,133.5666666666667
6,133.5666666666667
0,133.5666666666667
0,133.5666666666667
1,133.5666666666667
1,133.5666666666667
2,133.5666666666667
2,133.36666666666665
3,133.36666666666665
3,157.4
4,155.7
4,157.11666666666665
5,157.11666666666665
5,157.11666666666665
6,157.11666666666665
6,157.11666666666665
0,157.11666666666665
0,157.11666666666665
1,157.11666666666665
1,156.96666666666667
2,156.96666666666667
2,156.96666666666667
3,156.96666666666667
3,156.96666666666667
4,156.96666666666667
4,156.96666666666667
5,156.96666666666667
5,156.5666666666667
6,157.9
6,152.9
0,150.5666666666667
0,152.9
1,142.9
1,148.75714285714284
2,143.5666666666667
2,143.5666666666667
3,143.5666666666667
3,142.5666666666667
4,142.5666666666667
4,141.5666666666667
5,141.5666666666667
5,140.5666666666667
6,139.5666666666667
6,139.5666666666667
0,139.26666666666665
0,139.26666666666665
1,139.26666666666665
1,138.5666666666667
2,138.0666666666667
2,135.9
3,140.9
3,140.9
4,135.5666666666667
4,131.0666666666667
5,131.0666666666667
5,131.0666666666667
6,131.0666666666667
6,131.0666666666667
0,130.96666666666667
0,130.5666666666667
1,129.5666666666667
1,128.5666666666667
2,151.7
2,128.36666666666667
3,128.36666666666667
3,128.36666666666667
4,128.36666666666667
4,128.06666666666666
5,128.06666666666666
5,128.06666666666666
6,128.06666666666666
6,127.0666666666667
0,127.0666666666667
0,127.0666666666667
1,127.0666666666667
1,127.0666666666667
2,127.0666666666667
2,127.0666666666667
3,127.0666666666667
3,127.0666666666667
4,127.0666666666667
4,127.0666666666667
5,127.0666666666667
5,129.5
6,129.5
6,129.5
0,125.69999999999999
0,125.69999999999999
1,128.5
1,118.9
2,118.9
2,118.9
3,118.9
3,160.9
4,160.9
4,155.9
5,155.9
5,155.9
6,155.9
6,155.9
0,155.9
0,155.125
1,155.125
1,155.125
2,155.125
2,155.9
3,155.9
3,145.9
4,145.9
4,145.9
5,157.9
5,154.9
6,154.9
6,144.9
0,155.9
0,155.9
1,147.9
1,151.15
2,137.9
2,137.9
3,137.9
3,137.9
4,146.9
4,141.4
5,141.4
5,144.9
6,144.9
6,134.9
0,143.9
0,137.9
1,140.23333333333335
1,140.23333333333335
2,139.9
2,129.9
3,138.9
3,138.9
4,138.9
4,139.83333333333334
5,132.1
5,132.1
6,132.1
6,132.1
0,132.1
0,131.5666666666667
1,131.5666666666667
1,131.5666666666667
2,131.5666666666667
2,130.5666666666667
3,130.5666666666667
3,130.5666666666667
4,130.5666666666667
4,130.5666666666667
5,130.5666666666667
5,130.5666666666667
6,130.5666666666667
6,130.5666666666667
0,130.5666666666667
0,130.5666666666667
1,127.5
1,132.5
2,128.0666666666667
2,128.0666666666667
3,120.9
3,130.9
4,130.9
4,124.9
5,124.9
5,124.9
6,124.9
6,124.9
0,124.9
0,125.56666666666668
1,130.9
1,125.56666666666668
2,125.56666666666668
2,126.9
3,119.56666666666668
3,119.56666666666668
4,125.9
4,125.9
5,125.9
5,125.9
6,125.9
6,125.9
0,119.9
0,124.9
1,124.9
1,124.9
2,124.9
2,124.9
3,124.9
3,150.9
4,155.9
4,155.9
5,155.4
5,155.4
6,155.4
6,145.4
0,155.4
0,155.4
1,149.5666666666667
1,149.5666666666667
2,145.9
2,150.9
3,150.9
3,150.9
4,150.9
4,150.9
5,150.9
5,150.9
6,149.9
6,145.9
0,143.0
0,143.0
1,143.0
1,143.0
2,142.5666666666667
2,140.5666666666667
3,140.5666666666667
3,140.5666666666667
4,140.5666666666667
4,139.5666666666667
5,138.5666666666667
5,138.5666666666667
6,138.5666666666667
6,137.5666666666667
0,137.5666666666667
0,136.5666666666667
1,137.9
1,132.9
2,132.9
2,132.9
3,132.5666666666667
3,132.5666666666667
4,132.5666666666667
4,132.5666666666667
5,132.5666666666667
5,132.5666666666667
6,132.5666666666667
6,132.5666666666667
0,131.81666666666666
0,131.0666666666667
1,133.9
1,133.4
2,132.9
2,132.4
3,139.9
3,143.65
4,143.65
4,143.65
5,143.65
5,143.65
6,143.65
6,155.4
0,154.65
0,153.9
1,153.9
1,153.9
2,153.9
2,153.9
3,152.23333333333335
3,144.4
4,144.4
4,144.4
5,144.4
5,142.9
6,143.4
6,143.4
0,143.4
0,138.4
1,138.4
1,138.4
2,138.4
2,138.4
3,132.9
3,135.9
4,132.9
4,132.9
5,132.9
5,132.9
6,132.9
6,132.9
0,132.9
0,132.4
1,132.4
1,131.9
2,131.9
2,131.9
3,131.9
3,131.9
4,131.9
4,131.9
5,131.9
5,131.9
6,131.9
6,131.9
0,131.9
0,131.9
1,131.9
1,156.9
2,157.9
2,157.9
3,157.9
3,155.9
4,155.9
4,155.9
5,155.9
5,155.9
6,155.9
6,155.9
0,155.9
0,155.9
1,154.9
1,154.5666666666667
2,149.4
2,148.9
3,145.9
3,145.5666666666667
4,143.9
4,143.4
5,142.9
5,142.4
6,141.9
6,141.9
0,141.9
0,140.65
1,139.9
1,139.4
2,139.4
2,136.7
3,135.9
3,134.4
4,134.4
4,133.4
5,132.9
5,132.9
6,132.9
6,132.4
0,132.4
0,131.0666666666667
1,130.4
1,129.9
2,129.9
2,129.3
3,128.9
3,128.9
4,128.5
4,127.9
5,127.9
5,127.4
6,127.4
6,127.4
0,127.4
0,126.9
1,126.9
1,125.90000000000002
2,125.4
2,124.9
3,124.9
3,124.4
4,124.4
4,123.65
5,123.65
5,123.65
6,123.65
6,122.9
0,122.9
0,122.4
1,122.4
1,121.9
2,121.9
2,119.9
3,119.9
3,138.26666666666665
4,147.4
4,147.4
5,147.4
5,147.4
6,147.4
6,147.4
0,145.73333333333335
0,145.4
1,145.4
1,145.4
2,145.4
2,145.4
3,142.9
3,142.9
4,142.9
4,141.9
5,140.9
5,139.9
6,139.9
6,139.9
0,139.9
0,134.05
1,132.62
1,132.62
2,130.65
2,130.65
3,130.65
3,130.65
4,130.65
4,130.65
5,129.65
5,129.4
6,128.9
6,127.9
0,127.4
0,127.4
1,126.9
1,126.9
2,126.65
2,126.65
3,126.4
3,125.65
4,125.4
4,124.9
5,124.9
5,124.9
6,124.9
6,124.9
0,124.65
0,124.65
1,123.89999999999999
1,123.89999999999999
2,123.4
2,123.4
3,123.4
3,123.4
4,123.4
4,123.4
5,123.4
5,123.4
6,132.5666666666667
6,132.5666666666667
0,141.73333333333335
0,141.73333333333335
1,150.9
1,150.9
2,150.9
2,150.9
3,149.5
3,147.9
4,147.65
4,145.15
5,143.9
5,143.9
6,143.9
6,143.9
0,143.4
0,141.9
1,140.9
1,140.9
2,139.9
2,139.9
3,139.9
3,137.65
4,138.23333333333335
4,136.9
5,136.15
5,136.15
6,135.4
6,135.4
0,134.4
0,132.23333333333335
1,134.9
1,129.9
2,133.775
2,129.0666666666667
3,132.73333333333335
3,132.73333333333335
4,129.73333333333335
4,129.73333333333335
5,129.73333333333335
5,129.73333333333335
6,129.73333333333335
6,129.73333333333335
0,126.65
0,126.65
1,127.90000000000002
1,126.4
2,126.06666666666668
2,126.9
3,126.56666666666668
3,126.9
4,126.90000000000002
4,126.90000000000002
5,140.5
5,160.9
6,160.9
6,160.9
0,160.4
0,160.4
1,159.9
1,159.9
2,159.4
2,157.06666666666666
3,156.06666666666666
3,154.9
4,154.0875
4,154.0875
5,153.4
5,153.4
6,152.65
6,149.9
0,147.0538461538462
0,147.0538461538462
1,145.15
1,142.9
2,143.31666666666666
2,143.31666666666666
3,140.8375
3,138.31666666666666
4,137.9
4,137.4
5,137.04285714285714
5,136.4
6,136.4
6,136.4
0,136.4
0,136.4
1,135.9
1,134.9
2,132.9
2,132.9
3,131.9
3,131.9
4,131.9
4,131.9
5,131.9
5,131.9
6,131.9
6,130.9
0,130.9
0,129.9
1,129.9
1,129.9
2,129.9
2,129.9
3,129.9
3,129.9
4,129.9
4,160.9
5,160.9
5,160.9
6,160.9
6,160.9
0,159.9
0,159.9
1,159.9
1,157.9
2,157.9
2,157.9
3,155.9
3,153.9
4,151.2
4,151.2
5,151.2
5,149.9
6,149.9
6,149.9
0,149.9
0,149.9
1,147.775
1,147.4
2,146.9
2,144.65
3,142.8
3,142.8
4,141.9
4,140.775
5,140.4
5,140.4
6,140.4
6,139.65
0,139.65
0,139.4
1,137.9
1,137.9
2,137.9
2,137.9
3,137.1
3,137.1
4,137.1
4,157.3
5,157.3
5,160.9
6,160.9
6,160.9
0,160.9
0,157.9
1,157.9
1,157.9
2,157.9
2,157.9
3,157.9
3,157.9
4,157.9
4,157.9
5,157.9
5,157.9
6,156.9
6,156.9
0,155.9
0,155.9
1,155.9
1,155.9
2,155.9
2,155.9
3,155.4
3,155.4
4,155.4
4,155.4
5,155.4
5,154.7
6,154.9
6,154.9
0,153.9
0,152.15
1,151.4
1,150.9
2,150.9
2,147.9
3,147.9
3,143.4
4,143.4
4,143.4
5,142.7
5,142.7
6,167.9
6,167.9
0,167.9
0,167.9
1,167.9
1,167.9
2,167.9
2,167.9
3,163.9
3,163.9
4,163.9
4,163.4
5,163.4
5,163.4
6,163.4
6,163.4
0,163.4
0,163.4
1,163.4
1,163.4
2,163.4
2,161.23333333333335
3,161.23333333333335
3,161.23333333333335
4,161.23333333333335
4,161.23333333333335
5,161.23333333333335
5,161.23333333333335
6,158.9
6,158.9
0,158.9
0,158.9
1,158.9
1,158.9
2,158.4
2,158.4
3,158.4
3,153.5666666666667
4,152.9
4,151.4
5,149.4
5,149.4
6,147.9
6,146.9
0,146.8
0,145.63333333333333
1,144.2
1,144.2
2,144.2
2,143.16666666666666
3,167.9
3,167.9
4,167.9
4,167.9
5,167.9
5,167.9
6,167.9
6,167.9
0,166.9
0,166.9
1,166.9
1,167.3
2,158.23333333333332
2,166.5
3,166.70000000000002
3,166.70000000000002
4,150.4
4,150.4
5,165.9
5,165.9
6,166.3
6,166.3
0,166.3
0,166.3
1,166.3
1,157.45555555555555
2,161.83333333333331
2,159.9
3,160.2
3,158.23333333333335
4,147.66666666666666
4,147.66666666666666
5,157.8
5,144.23333333333335
6,145.9
6,151.9
0,151.9
0,150.4
1,150.175
1,148.0
2,148.0
2,147.5
3,147.5
3,147.5
4,147.5
4,147.5
5,147.5
5,147.5
6,147.5
6,147.5
0,147.5
0,147.5
1,147.5
1,147.5
2,144.5
2,144.5
3,144.5
3,167.9
4,167.9
4,167.9
5,167.9
5,167.9
6,167.9
6,167.9
0,167.9
0,167.9
1,167.9
1,167.9
2,167.9
2,166.0
3,166.0
3,166.0
4,166.0
4,166.0
5,166.0
5,166.0
6,164.9
6,164.9
0,164.9
0,164.9
1,164.9
1,162.0
2,162.0
2,162.0
3,157.0
3,157.0
4,156.0
4,155.0
5,154.0
5,154.0
6,153.10000000000002
6,152.42000000000002
0,149.49999999999997
0,147.49999999999997
1,147.49999999999997
1,147.49999999999997
2,146.0
2,145.65
3,145.5
3,145.5
4,145.5
4,145.0
5,145.0
5,145.0
6,145.0
6,145.0
0,145.0
0,144.0
1,144.0
1,144.0
2,144.0
2,143.5
3,143.5
3,143.5
4,143.5
4,143.0
5,143.0
5,141.82
6,141.4
6,141.4
0,141.4
0,141.0
1,140.0
1,139.9
2,139.55
2,139.3
3,139.3
3,139.3
4,139.3
4,139.3
5,139.3
5,139.3
6,139.3
6,139.3
0,139.3
0,139.3
1,139.3
1,139.3
2,139.3
2,139.3
3,167.9
3,166.7
4,165.9
4,165.9
5,165.9
5,165.9
6,163.9
6,163.9
0,161.9
0,160.4
1,160.4
1,160.4
2,158.9
2,158.9
3,158.9
3,157.9
4,158.15
4,158.15
5,158.15
5,158.15
6,158.15
6,158.15
0,156.9
0,156.9
1,152.5
1,152.5
2,152.4
2,151.75714285714284
3,151.75714285714284
3,148.4
4,147.7
4,147.475
5,147.475
5,147.475
6,143.5
6,143.5
0,139.9
0,139.9
1,139.9
1,139.9
2,138.9
2,138.9
3,138.9
3,138.9
4,138.9
4,138.9
5,138.9
5,167.9
6,167.9
6,167.9
0,167.9
0,167.9
1,167.9
1,167.9
2,166.4
2,164.9
3,164.9
3,164.9
4,163.9
4,163.9
5,163.9
5,163.9
6,161.9
6,161.7
0,161.7
0,161.7
1,159.80000000000004
1,159.80000000000004
2,159.80000000000004
2,159.80000000000004
3,159.80000000000004
3,149.7
4,149.7
4,149.7
5,149.7
5,149.7
6,149.7
6,149.7
0,149.7
0,149.7
1,149.7
1,149.7
2,141.7
2,141.4
3,141.4
3,141.4
4,141.4
4,141.4
5,141.4
5,141.4
6,141.4
6,141.4
0,141.4
0,141.4
1,141.4
1,141.4
2,141.4
2,141.4
3,141.4
3,141.4
4,141.4
4,169.9
5,169.9
5,169.9
6,169.9
6,169.9
0,169.9
0,169.4
1,169.4
1,168.4
2,165.9
2,165.65
3,163.9
3,162.4
4,162.4
4,162.4
5,160.9
5,160.9
6,159.5
6,158.9
0,158.9
0,158.9
1,158.9
1,157.9
2,157.9
2,156.9
3,156.9
3,156.9
4,156.9
4,156.9
5,155.9
5,155.9
6,155.9
6,153.9
0,151.9
0,151.9
1,151.9
1,151.9
2,150.9
2,174.9
3,174.9
3,174.9
4,173.65
4,173.65
5,173.65
5,173.65
6,169.9
6,169.9
