0,120.9
0,120.9
1,120.9
1,120.9
2,120.9
2,120.9
3,120.9
3,120.9
4,120.9
4,120.9
5,120.9
5,120.9
6,120.9
6,119.9
0,119.9
0,119.9
1,119.9
1,119.9
2,117.9
2,117.9
3,117.9
3,116.5
4,116.5
4,116.5
5,116.5
5,116.5
6,116.5
6,115.9
0,115.9
0,115.9
1,115.9
1,115.9
2,115.9
2,115.9
3,115.9
3,115.9
4,115.9
4,115.9
5,115.9
5,115.9
6,115.9
6,115.9
0,115.9
0,115.9
1,115.9
1,115.9
2,115.9
2,115.9
3,115.9
3,115.9
4,115.9
4,115.9
5,115.9
5,115.9
6,115.9
6,115.9
0,115.9
0,115.9
1,115.9
1,115.9
2,115.9
2,115.9
3,115.9
3,115.9
4,117.9
4,117.9
5,117.9
5,117.9
6,117.9
6,117.9
0,117.9
0,117.9
1,117.9
1,117.9
2,117.9
2,117.9
3,117.9
3,117.9
4,145.9
4,145.9
5,145.9
5,145.9
6,145.9
6,145.9
0,117.9
0,117.9
1,117.9
1,117.9
2,117.9
2,117.9
3,117.9
3,117.9
4,117.9
4,117.9
5,117.9
5,117.9
6,117.9
6,117.9
0,117.9
0,117.9
1,117.9
1,117.9
2,117.9
2,117.9
3,117.9
3,117.9
4,117.9
4,117.9
5,117.9
5,117.9
6,117.9
6,117.9
0,117.9
0,117.9
1,117.9
1,117.9
2,117.9
2,117.9
3,117.9
3,117.9
4,117.9
4,117.9
5,117.9
5,117.9
6,117.9
6,117.9
0,117.9
0,117.9
1,117.9
1,117.9
2,117.9
2,117.9
3,117.9
3,117.9
4,117.9
4,117.9
5,117.9
5,117.9
6,117.9
6,117.9
0,117.9
0,117.9
1,117.9
1,117.9
2,117.9
2,117.9
3,117.9
3,117.9
4,117.9
4,117.9
5,117.9
5,117.9
6,117.9
6,117.9
0,117.9
0,117.9
1,117.9
1,117.9
2,117.9
2,117.9
3,117.9
3,117.9
4,117.9
4,117.9
5,117.9
5,117.9
6,117.9
6,117.9
0,117.9
0,117.9
1,117.9
1,117.9
2,117.9
2,117.9
3,117.9
3,117.9
4,117.9
4,117.9
5,117.9
5,117.9
6,117.9
6,117.9
0,117.9
0,117.9
1,117.9
1,117.9
2,117.9
2,117.9
3,117.9
3,117.9
4,117.9
4,117.9
5,117.9
5,117.9
6,117.9
6,117.9
0,117.9
0,117.9
1,117.9
1,117.9
2,117.9
2,117.9
3,117.9
3,117.9
4,117.9
4,117.9
5,117.9
5,117.9
6,117.9
6,117.9
0,117.9
0,117.9
1,117.9
1,117.9
2,117.9
2,117.9
3,117.9
3,117.9
4,117.9
4,117.9
5,117.9
5,117.9
6,117.9
6,117.9
0,117.9
0,117.9
1,117.9
1,117.9
2,117.9
2,117.9
3,117.9
3,117.9
4,117.9
4,117.9
5,117.9
5,117.9
6,117.9
6,117.9
0,117.9
0,117.9
1,117.9
1,117.9
2,117.9
2,117.9
3,135.8
3,135.7
4,134.9
4,134.9
5,134.9
5,134.9
6,134.9
6,134.9
0,134.9
0,134.7
1,134.7
1,133.7
2,133.7
2,133.7
3,133.7
3,133.7
4,133.7
4,133.7
5,133.7
5,133.7
6,133.7
6,133.7
0,133.7
0,133.7
1,133.7
1,133.7
2,133.7
2,145.9
3,145.9
3,145.9
4,145.9
4,145.9
5,145.9
5,145.9
6,145.9
6,145.9
0,145.9
0,143.9
1,143.9
1,143.9
2,143.9
2,143.9
3,143.9
3,139.9
4,139.9
4,139.9
5,139.9
5,139.9
6,139.9
6,139.9
0,137.9
0,137.9
1,137.9
1,137.9
2,137.9
2,137.9
3,136.7
3,136.7
4,136.7
4,136.7
5,136.7
5,136.7
6,136.7
6,136.7
0,136.7
0,136.7
1,136.7
1,136.7
2,136.7
2,136.7
3,136.7
3,136.7
4,136.7
4,136.7
5,136.7
5,136.7
6,136.7
6,136.7
0,136.7
0,162.65
1,162.65
1,162.65
2,162.65
2,160.9
3,160.9
3,160.9
4,160.9
4,160.9
5,160.9
5,158.9
6,158.9
6,158.9
0,155.9
0,155.9
1,151.9
1,146.9
2,146.9
2,145.4
3,145.4
3,145.4
4,145.4
4,145.4
5,145.4
5,145.4
6,143.9
6,143.9
0,134.9
0,137.9
1,137.9
1,137.9
2,137.9
2,137.9
3,137.9
3,137.9
4,137.9
4,137.9
5,137.9
5,137.9
6,137.9
6,137.9
0,137.9
0,137.9
1,137.9
1,137.9
2,137.9
2,137.9
3,137.9
3,137.9
4,137.9
4,137.9
5,137.9
5,137.9
6,137.9
6,137.9
0,137.9
0,137.9
1,137.9
1,137.9
2,137.9
2,137.9
3,137.9
3,137.9
4,131.9
4,131.9
5,131.9
5,131.9
6,131.9
6,131.9
0,135.9
0,135.9
1,134.9
1,133.9
2,133.9
2,133.9
3,133.9
3,155.5
4,133.9
4,133.9
5,133.9
5,133.9
6,133.9
6,133.9
0,133.9
0,133.9
1,133.9
1,133.9
2,133.9
2,133.9
3,133.9
3,133.9
4,133.9
4,133.9
5,133.9
5,133.9
6,133.9
6,133.9
0,133.9
0,133.9
1,133.9
1,133.9
2,133.9
2,133.9
3,133.9
3,143.9
4,143.9
4,143.9
5,143.9
5,143.9
6,143.9
6,143.9
0,142.9
0,141.9
1,141.9
1,141.9
2,141.9
2,141.9
3,141.9
3,141.9
4,141.9
4,141.9
5,141.9
5,141.9
6,141.9
6,141.9
0,141.9
0,141.9
1,140.9
1,140.9
2,140.9
2,140.9
3,140.9
3,140.9
4,140.9
4,140.9
5,140.9
5,140.9
6,140.9
6,140.9
0,140.9
0,140.9
1,140.9
1,140.9
2,139.9
2,139.7
3,139.7
3,139.7
4,139.7
4,139.7
5,139.7
5,139.7
6,139.7
6,139.7
0,139.7
0,139.7
1,139.7
1,138.9
2,138.7
2,137.9
3,137.7
3,137.7
4,137.7
4,137.7
5,137.7
5,137.7
6,137.7
6,136.9
0,136.05
0,133.15
1,132.7
1,132.7
2,132.7
2,132.7
3,131.9
3,131.9
4,131.9
4,131.9
5,131.9
5,131.9
6,131.9
6,131.9
0,131.9
0,131.9
1,155.9
1,155.9
2,155.9
2,136.9
3,136.4
3,136.4
4,136.4
4,136.4
5,136.4
5,136.4
6,136.4
6,136.4
0,135.9
0,133.9
1,133.9
1,133.9
2,133.7
2,133.7
3,133.7
3,133.7
4,133.7
4,133.7
5,133.7
5,133.7
6,133.7
6,133.7
0,131.9
0,131.7
1,131.7
1,131.7
2,155.9
2,155.9
3,155.9
3,155.9
4,155.4
4,155.4
5,155.4
5,155.4
6,155.4
6,155.4
0,155.4
0,155.4
1,155.4
1,155.4
2,155.4
2,155.4
3,155.4
3,151.9
4,151.9
4,151.9
5,151.9
5,151.9
6,151.9
6,151.9
0,143.9
0,143.7
1,143.7
1,143.7
2,143.7
2,143.7
3,143.7
3,143.7
4,137.7
4,137.5
5,137.5
5,137.5
6,137.5
6,137.5
0,137.5
0,137.5
1,137.5
1,137.5
2,137.5
2,136.7
3,136.7
3,136.7
4,136.7
4,136.7
5,136.7
5,136.7
6,136.7
6,136.7
0,136.7
0,136.7
1,136.7
1,136.7
2,136.4
2,136.4
3,136.4
3,136.4
4,136.4
4,136.4
5,136.4
5,136.4
6,136.4
6,136.4
0,136.4
0,136.4
1,136.4
1,136.4
2,136.4
2,136.4
3,136.4
3,136.4
4,136.4
4,136.4
5,136.4
5,136.4
6,136.4
6,136.4
0,136.4
0,136.4
1,136.4
1,136.4
2,136.4
2,136.4
3,136.4
3,133.9
4,133.9
4,133.9
5,133.9
5,133.9
6,133.9
6,133.9
0,133.9
0,133.9
1,133.9
1,133.9
2,133.9
2,133.9
3,133.9
3,133.7
4,133.7
4,133.7
5,133.7
5,133.7
6,133.7
6,133.7
0,133.7
0,133.7
1,133.7
1,133.7
2,133.7
2,133.7
3,133.7
3,133.7
4,133.7
4,131.7
5,128.2
5,128.2
6,128.2
6,128.2
0,128.2
0,125.7
1,125.7
1,124.7
2,124.7
2,124.7
3,124.7
3,124.7
4,124.7
4,124.7
5,124.7
5,124.7
6,124.7
6,124.7
0,124.7
0,124.7
1,124.7
1,124.7
2,124.7
2,124.7
3,124.7
3,124.7
4,124.7
4,124.7
5,124.7
5,124.7
6,124.7
6,124.7
0,124.7
0,124.7
1,124.7
1,124.7
2,123.7
2,123.7
3,123.7
3,123.7
4,123.7
4,123.7
5,123.7
5,123.7
6,123.7
6,123.7
0,123.7
0,123.7
1,123.7
1,123.7
2,123.7
2,123.7
3,123.7
3,123.7
4,123.7
4,123.7
5,123.7
5,123.7
6,123.7
6,123.7
0,123.7
0,123.7
1,123.7
1,123.7
2,123.7
2,122.9
3,122.9
3,121.9
4,121.9
4,121.9
5,121.9
5,121.9
6,121.9
6,121.9
0,121.9
0,121.9
1,121.9
1,121.9
2,121.9
2,121.9
3,121.9
3,121.9
4,121.9
4,121.9
5,121.9
5,121.9
6,121.9
6,121.9
0,121.9
0,121.9
1,121.9
1,150.9
2,150.9
2,150.9
3,150.9
3,150.9
4,150.9
4,150.9
5,150.9
5,150.9
6,150.9
6,150.9
0,146.4
0,146.4
1,140.9
1,140.9
2,139.9
2,139.9
3,139.9
3,139.9
4,139.9
4,139.9
5,139.9
5,139.9
6,139.9
6,139.9
0,138.9
0,138.9
1,137.9
1,137.9
2,137.9
2,137.9
3,137.9
3,137.9
4,139.9
4,139.9
5,139.9
5,139.9
6,137.9
6,137.9
0,137.9
0,137.9
1,137.9
1,137.9
2,137.9
2,137.9
3,137.9
3,137.9
4,137.9
4,137.9
5,137.9
5,137.9
6,135.9
6,134.9
0,134.9
0,134.9
1,134.9
1,134.9
2,134.9
2,133.4
3,132.9
3,132.9
4,132.9
4,132.9
5,132.9
5,132.9
6,132.9
6,132.9
0,132.9
0,132.9
1,132.9
1,132.9
2,132.9
2,132.9
3,132.9
3,137.9
4,137.4
4,137.4
5,136.9
5,136.9
6,136.9
6,136.9
0,136.9
0,136.9
1,136.9
1,136.9
2,136.9
2,136.9
3,136.9
3,136.9
4,136.9
4,136.9
5,136.9
5,136.9
6,136.9
6,136.9
0,136.9
0,136.9
1,136.9
1,136.9
2,136.9
2,136.9
3,136.9
3,136.9
4,136.9
4,136.9
5,136.9
5,136.9
6,136.9
6,136.9
0,136.9
0,136.9
1,136.9
1,136.9
2,136.9
2,136.9
3,136.9
3,136.9
4,136.9
4,136.9
5,136.9
5,136.9
6,136.9
6,136.9
0,136.9
0,136.9
1,136.9
1,136.9
2,136.9
2,136.9
3,136.9
3,136.9
4,136.9
4,136.9
5,136.9
5,136.9
6,136.9
6,136.9
0,136.9
0,136.9
1,136.9
1,136.9
2,136.9
2,136.9
3,136.9
3,136.9
4,136.9
4,136.9
5,162.9
5,162.9
6,162.9
6,162.9
0,162.9
0,162.9
1,162.9
1,162.9
2,162.9
2,159.9
3,159.9
3,159.9
4,159.9
4,157.9
5,156.9
5,155.9
6,155.9
6,154.9
0,154.9
0,153.9
1,152.9
1,152.9
2,151.9
2,151.9
3,150.9
3,150.9
4,150.9
4,150.9
5,150.9
5,150.9
6,150.9
6,150.9
0,150.9
0,150.9
1,150.9
1,150.9
2,150.9
2,150.9
3,150.9
3,150.9
4,150.9
4,150.9
5,150.9
5,150.9
6,150.9
6,150.9
0,150.9
0,150.9
1,150.9
1,150.9
2,150.9
2,150.9
3,150.9
3,150.9
4,150.9
4,150.9
5,150.9
5,150.9
6,150.9
6,150.9
0,150.9
0,150.9
1,150.9
1,150.9
2,150.9
2,150.9
3,150.9
3,150.9
4,150.9
4,150.9
5,150.9
5,150.9
6,150.9
6,150.9
0,150.9
0,150.9
1,150.9
1,150.9
2,150.9
2,150.9
3,150.9
3,150.9
4,150.9
4,150.9
5,150.9
5,150.9
6,150.9
6,150.9
0,150.9
0,150.9
1,150.9
1,150.9
2,150.9
2,150.9
3,150.9
3,150.9
4,150.9
4,167.9
5,167.9
5,167.9
6,167.9
6,167.9
0,167.9
0,167.9
1,167.9
1,167.9
2,167.9
2,167.9
3,167.9
3,167.9
4,167.9
4,159.4
5,159.4
5,159.4
6,159.4
6,159.4
0,159.4
0,159.4
1,159.4
1,159.4
2,159.4
2,155.9
3,155.9
3,155.9
4,155.9
4,155.9
5,155.9
5,155.9
6,155.9
6,155.9
0,155.9
0,155.9
1,155.9
1,155.9
2,155.9
2,155.9
3,155.9
3,155.9
4,155.9
4,155.9
5,155.9
5,155.9
6,155.9
6,155.9
0,155.9
0,155.9
1,155.9
1,155.9
2,155.9
2,155.9
3,155.9
3,155.9
4,155.9
4,150.9
5,150.9
5,150.9
6,150.9
6,150.9
0,150.9
0,150.9
1,150.9
1,150.9
2,150.9
2,150.9
3,150.9
3,150.9
4,150.9
4,150.9
5,150.9
5,150.9
6,150.9
6,150.9
0,150.9
0,150.9
1,150.9
1,150.9
2,150.9
2,150.9
3,150.9
3,150.9
4,150.9
4,150.9
5,150.9
5,150.9
6,150.9
6,150.9
0,150.9
0,150.9
1,150.9
1,150.9
2,150.9
2,150.9
3,150.9
3,150.9
4,150.9
4,150.9
5,150.9
5,150.9
6,150.9
6,150.9
0,150.9
0,150.9
1,150.9
1,150.9
2,150.9
2,150.9
3,150.9
3,150.9
4,150.9
4,150.9
5,150.9
5,150.9
6,150.9
6,150.9
0,150.9
0,150.9
1,150.9
1,150.9
2,150.9
2,150.9
3,150.9
3,150.9
4,150.9
4,149.9
5,149.7
5,149.7
6,149.7
6,149.7
0,149.7
0,149.7
1,149.7
1,149.7
2,149.7
2,148.8
3,148.8
3,148.8
4,167.9
4,167.9
5,167.9
5,167.9
6,167.9
6,167.9
0,167.9
0,166.9
1,166.9
1,166.9
2,165.9
2,156.9
3,155.9
3,155.9
4,155.9
4,155.9
5,155.9
5,155.9
6,155.9
6,155.9
0,155.9
0,155.9
1,155.9
1,155.9
2,155.9
2,155.9
3,155.9
3,155.9
4,155.9
4,155.9
5,155.9
5,155.9
6,155.9
6,155.9
0,155.9
0,155.9
1,155.9
1,155.9
2,155.9
2,155.9
3,155.9
3,155.9
4,155.9
4,155.9
5,155.9
5,155.9
6,155.9
6,155.9
0,155.9
0,155.9
1,155.9
1,155.9
2,155.9
2,155.9
3,155.9
3,155.9
4,155.9
4,155.9
5,155.9
5,155.9
6,155.9
6,155.9
0,155.9
0,155.9
1,155.9
1,155.9
2,155.9
2,155.9
3,155.9
3,155.9
4,155.9
4,155.9
5,155.9
5,155.9
6,155.9
6,155.9
0,155.9
0,155.9
1,155.9
1,153.9
2,153.9
2,153.9
3,153.9
3,153.9
4,153.9
4,153.9
5,153.9
5,153.9
6,153.9
6,153.9
0,153.9
0,153.9
1,153.9
1,153.9
2,153.9
2,153.9
3,153.9
3,153.9
4,153.9
4,153.9
5,153.9
5,153.9
6,153.9
6,153.9
0,153.9
0,159.9
1,159.9
1,159.9
2,159.9
2,169.9
3,167.9
3,167.9
4,165.9
4,165.9
5,165.9
5,165.9
6,164.9
6,164.9
0,164.9
0,164.9
1,164.9
1,164.9
2,159.9
2,159.9
3,159.9
3,159.9
4,159.9
4,159.9
5,159.9
5,159.9
6,159.9
6,159.9
0,159.9
0,159.9
1,159.9
1,159.9
2,159.9
2,159.9
3,159.9
3,159.9
4,159.9
4,159.9
5,159.9
5,159.9
6,159.9
6,159.9
