0,125.89999999999999
0,119.9
1,119.9
1,117.9
2,117.9
2,117.9
3,117.9
3,115.9
4,115.9
4,115.9
5,115.9
5,115.9
6,115.9
6,115.9
0,115.9
0,114.9
1,114.7
1,114.7
2,113.9
2,113.9
3,113.9
3,113.9
4,113.9
4,113.9
5,113.9
5,113.9
6,113.9
6,113.9
0,112.4
0,112.4
1,112.4
1,112.4
2,112.4
2,112.4
3,143.4
3,143.4
4,143.4
4,143.4
5,143.4
5,143.4
6,143.4
6,143.4
0,143.4
0,143.4
1,142.9
1,142.9
2,142.9
2,138.9
3,137.9
3,133.4
4,132.15
4,132.15
5,132.15
5,132.15
6,132.15
6,129.9
0,127.9
0,127.9
1,124.4
1,124.4
2,124.4
2,124.4
3,119.9
3,119.9
4,119.9
4,119.9
5,119.9
5,119.9
6,119.9
6,117.9
0,117.9
0,117.9
1,117.9
1,117.9
2,117.9
2,117.9
3,144.9
3,144.9
4,144.9
4,144.9
5,144.9
5,141.9
6,141.9
6,140.4
0,140.4
0,138.9
1,136.9
1,136.9
2,136.9
2,136.9
3,135.9
3,133.9
4,132.9
4,132.9
5,132.9
5,131.9
6,131.9
6,129.9
0,129.9
0,127.9
1,124.9
1,124.9
2,124.9
2,122.9
3,120.9
3,147.9
4,147.9
4,147.9
5,147.9
5,147.9
6,147.9
6,147.9
0,147.7
0,147.7
1,147.7
1,147.7
2,147.7
2,147.7
3,147.7
3,141.9
4,141.7
4,139.9
5,139.9
5,139.9
6,139.9
6,139.9
0,139.9
0,139.9
1,139.9
1,139.9
2,139.9
2,139.9
3,139.9
3,139.9
4,139.9
4,139.9
5,139.9
5,139.9
6,139.9
6,139.9
0,139.9
0,139.9
1,139.9
1,139.9
2,139.9
2,139.9
3,139.9
3,139.9
4,139.9
4,139.9
5,139.9
5,139.9
6,139.9
6,139.9
0,139.9
0,139.9
1,139.9
1,139.9
2,139.9
2,139.9
3,139.9
3,139.9
4,139.9
4,139.9
5,139.9
5,139.9
6,139.9
6,139.9
0,139.9
0,139.9
1,139.9
1,139.9
2,139.9
2,139.9
3,139.9
3,139.9
4,139.9
4,139.9
5,139.9
5,139.9
6,139.9
6,139.9
0,139.9
0,139.9
1,139.9
1,139.9
2,139.9
2,139.9
3,139.9
3,139.9
4,139.9
4,139.9
5,139.9
5,139.9
6,139.9
6,139.9
0,139.9
0,139.9
1,139.9
1,139.9
2,139.9
2,139.9
3,139.9
3,139.9
4,139.9
4,139.9
5,139.9
5,139.9
6,139.9
6,139.9
0,139.9
0,139.9
1,139.9
1,139.9
2,139.9
2,139.9
3,139.9
3,139.9
4,139.9
4,139.9
5,139.9
5,139.9
6,139.9
6,139.9
0,139.9
0,139.9
1,139.9
1,139.9
2,139.9
2,139.9
3,139.9
3,139.9
4,139.9
4,139.9
5,139.9
5,139.9
6,139.9
6,139.9
0,139.9
0,139.9
1,139.9
1,139.9
2,139.9
2,139.9
3,123.4
3,123.4
4,149.9
4,149.9
5,149.9
5,149.9
6,149.9
6,149.9
0,149.9
0,149.9
1,149.9
1,149.9
2,149.9
2,149.9
3,149.9
3,149.9
4,149.9
4,149.9
5,149.9
5,149.9
6,149.9
6,149.9
0,149.9
0,149.9
1,147.9
1,147.9
2,147.9
2,147.9
3,147.9
3,147.9
4,147.9
4,147.9
5,147.9
5,147.9
6,147.9
6,147.9
0,147.9
0,147.9
1,147.9
1,147.9
2,147.9
2,145.9
3,145.9
3,145.9
4,144.9
4,144.9
5,144.9
5,144.9
6,144.9
6,144.9
0,144.9
0,142.9
1,143.9
1,137.9
2,137.9
2,137.9
3,137.9
3,137.9
4,137.9
4,137.9
5,137.9
5,137.9
6,137.9
6,137.9
0,137.9
0,137.9
1,137.9
1,137.9
2,137.9
2,160.9
3,160.9
3,160.9
4,160.9
4,160.7
5,160.7
5,160.7
6,160.7
6,160.7
0,160.7
0,160.7
1,160.7
1,160.7
2,160.7
2,160.7
3,160.7
3,160.7
4,160.7
4,160.7
5,160.7
5,160.7
6,160.7
6,160.7
0,160.7
0,160.7
1,160.7
1,160.7
2,156.9
2,154.9
3,151.9
3,149.9
4,146.9
4,146.9
5,146.9
5,146.9
6,146.9
6,146.9
0,146.9
0,143.9
1,142.9
1,141.9
2,139.9
2,139.9
3,139.9
3,139.9
4,134.9
4,134.9
5,134.9
5,134.9
6,134.9
6,134.9
0,134.9
0,133.9
1,133.9
1,132.4
2,132.4
2,132.4
3,132.4
3,132.4
4,132.4
4,131.4
5,131.4
5,131.4
6,131.4
6,131.4
0,131.4
0,130.9
1,130.9
1,130.9
2,130.9
2,130.9
3,130.9
3,130.9
4,160.9
4,160.9
5,160.9
5,135.4
6,135.4
6,135.4
0,130.9
0,130.5
1,130.5
1,130.5
2,130.5
2,160.7
3,160.7
3,160.7
4,160.7
4,160.7
5,160.7
5,160.7
6,160.7
6,160.7
0,160.7
0,160.7
1,160.7
1,160.7
2,159.9
2,159.9
3,159.9
3,156.9
4,153.9
4,153.9
5,153.9
5,153.9
6,153.9
6,153.9
0,150.9
0,150.9
1,146.9
1,146.9
2,146.9
2,146.9
3,146.9
3,146.9
4,146.9
4,146.9
5,146.9
5,146.9
6,146.9
6,146.9
0,146.9
0,146.9
1,143.9
1,143.9
2,142.9
2,142.9
3,142.9
3,142.4
4,142.4
4,141.65
5,141.65
5,141.65
6,141.65
6,141.65
0,141.65
0,141.65
1,139.4
1,139.4
2,139.4
2,139.4
3,139.4
3,139.4
4,139.4
4,139.4
5,139.4
5,139.4
6,139.4
6,139.4
0,137.4
0,136.65
1,135.9
1,134.9
2,134.9
2,134.35000000000002
3,134.35000000000002
3,134.35000000000002
4,134.35000000000002
4,134.35000000000002
5,133.3
5,133.3
6,133.3
6,133.3
0,130.9
0,128.9
1,128.9
1,128.4
2,127.9
2,127.9
3,127.9
3,127.9
4,127.9
4,127.9
5,127.9
5,127.9
6,127.9
6,127.9
0,127.9
0,127.9
1,126.9
1,126.9
2,126.7
2,126.7
3,125.7
3,155.9
4,155.9
4,155.9
5,155.9
5,155.9
6,155.9
6,155.9
0,155.9
0,155.9
1,154.9
1,154.9
2,153.9
2,153.9
3,153.9
3,153.9
4,153.9
4,152.9
5,152.9
5,152.9
6,150.9
6,149.9
0,147.9
0,145.9
1,145.9
1,145.4
2,145.4
2,145.4
3,145.4
3,145.4
4,145.4
4,145.4
5,145.4
5,145.4
6,145.4
6,145.4
0,142.9
0,138.9
1,138.9
1,138.9
2,138.9
2,138.9
3,138.9
3,138.9
4,138.9
4,138.9
5,138.9
5,138.9
6,138.9
6,138.9
0,137.9
0,137.4
1,136.9
1,136.4
2,135.9
2,135.9
3,134.9
3,155.9
4,155.9
4,155.9
5,155.9
5,155.9
6,155.9
6,155.9
0,155.4
0,155.4
1,155.4
1,155.4
2,155.4
2,155.4
3,152.9
3,149.9
4,149.9
4,146.9
5,146.9
5,145.9
6,144.9
6,144.9
0,138.9
0,134.9
1,134.9
1,134.4
2,134.4
2,134.4
3,134.4
3,134.4
4,133.9
4,133.9
5,133.9
5,133.9
6,133.9
6,133.9
0,133.9
0,133.4
1,133.4
1,132.9
2,132.9
2,132.9
3,132.9
3,132.9
4,132.5
4,132.5
5,132.5
5,132.5
6,132.5
6,132.5
0,132.5
0,157.9
1,157.9
1,157.9
2,157.9
2,157.9
3,157.9
3,157.9
4,157.9
4,157.9
5,157.9
5,157.9
6,157.9
6,157.9
0,157.9
0,157.9
1,157.9
1,154.65
2,150.4
2,149.4
3,146.9
3,146.4
4,144.9
4,144.4
5,144.4
5,143.9
6,143.9
6,142.9
0,142.9
0,142.9
1,139.4
1,138.9
2,138.9
2,138.9
3,137.9
3,137.4
4,137.4
4,136.9
5,136.9
5,136.9
6,136.9
6,136.4
0,134.7
0,134.3
1,133.9
1,133.4
2,131.7
2,131.3
3,131.3
3,131.3
4,127.9
4,127.4
5,127.4
5,126.9
6,126.9
6,126.7
0,126.7
0,126.4
1,126.4
1,126.4
2,125.9
2,125.9
3,126.15
3,124.65
4,124.65
4,123.9
5,123.9
5,123.4
6,123.4
6,122.9
0,122.9
0,122.4
1,122.4
1,120.9
2,120.9
2,120.9
3,120.9
3,120.5
4,120.5
4,147.9
5,147.9
5,147.9
6,147.9
6,147.9
0,147.9
0,147.9
1,147.9
1,147.9
2,147.9
2,147.9
3,147.9
3,147.9
4,143.9
4,143.9
5,141.4
5,141.4
6,141.4
6,141.4
0,141.4
0,135.9
1,133.7
1,132.5
2,130.9
2,130.4
3,130.4
3,130.4
4,130.4
4,130.4
5,129.9
5,129.4
6,129.4
6,128.65
0,128.4
0,127.65
1,127.4
1,127.4
2,127.4
2,126.65
3,126.4
3,125.65
4,125.4
4,125.4
5,125.4
5,125.4
6,125.4
6,125.4
0,124.90000000000002
0,124.90000000000002
1,124.15
1,123.4
2,123.4
2,123.4
3,123.4
3,123.4
4,137.15
4,137.15
5,150.9
5,150.9
6,150.9
6,150.9
0,136.9
0,136.9
1,122.9
1,150.9
2,150.9
2,150.9
3,148.4
3,148.4
4,145.9
4,144.4
5,143.65
5,143.65
6,143.4
6,143.4
0,143.4
0,143.4
1,143.4
1,141.9
2,141.9
2,141.4
3,141.4
3,137.65
4,137.4
4,136.4
5,135.9
5,135.9
6,135.9
6,135.9
0,135.9
0,131.65
1,131.4
1,131.4
2,131.4
2,131.4
3,131.15
3,131.15
4,129.4
4,129.4
5,129.4
5,129.4
6,129.9
6,129.9
0,126.4
0,126.4
1,126.4
1,126.4
2,126.4
2,126.4
3,126.4
3,126.4
4,126.4
4,126.4
5,160.9
5,160.9
6,160.9
6,160.9
0,160.4
0,160.4
1,159.9
1,159.9
2,159.65
2,157.4
3,155.65
3,153.9
4,153.9
4,153.9
5,153.9
5,153.9
6,152.4
6,152.4
0,149.23333333333335
0,145.4
1,144.65
1,142.9
2,142.4
2,142.4
3,140.23333333333335
3,138.4
4,138.15
4,137.4
5,137.15
5,136.4
6,136.4
6,136.4
0,136.4
0,136.4
1,136.15
1,135.4
2,135.4
2,135.4
3,135.4
3,135.4
4,135.4
4,132.3
5,132.3
5,131.9
6,131.9
6,131.9
0,131.9
0,131.9
1,131.9
1,131.9
2,130.9
2,130.9
3,160.9
3,160.9
4,160.9
4,160.9
5,160.9
5,160.9
6,160.9
6,160.9
0,160.9
0,160.9
1,159.9
1,159.4
2,159.4
2,159.4
3,157.9
3,152.4
4,150.9
4,150.9
5,150.9
5,150.9
6,150.9
6,150.9
0,150.9
0,150.9
1,148.9
1,148.9
2,148.9
2,144.9
3,141.65
3,141.65
4,141.65
4,141.65
5,141.65
5,140.4
6,140.4
6,139.65
0,139.65
0,139.65
1,139.65
1,139.65
2,139.65
2,139.65
3,138.9
3,138.9
4,138.9
4,162.9
5,162.9
5,162.9
6,162.9
6,162.9
0,162.9
0,162.9
1,162.9
1,162.9
2,159.9
2,159.4
3,159.4
3,159.4
4,159.4
4,159.4
5,159.4
5,159.4
6,157.9
6,157.9
0,157.9
0,157.9
1,157.9
1,157.9
2,157.9
2,154.9
3,153.9
3,153.4
4,153.4
4,153.4
5,153.4
5,153.4
6,153.4
6,151.9
0,151.9
0,149.9
1,149.9
1,148.9
2,148.9
2,142.9
3,142.9
3,142.9
4,142.9
4,142.9
5,139.9
5,139.9
6,139.9
6,167.9
0,167.9
0,167.9
1,167.9
1,167.9
2,167.9
2,167.9
3,167.9
3,167.9
4,167.9
4,167.9
5,167.9
5,167.9
6,167.9
6,166.9
0,166.9
0,166.9
1,166.9
1,166.9
2,166.9
2,161.65
3,161.65
3,161.65
4,161.65
4,161.65
5,161.65
5,161.65
6,161.65
6,161.65
0,161.65
0,161.65
1,161.65
1,161.65
2,157.9
2,155.95
3,153.9
3,153.9
4,151.9
4,150.65
5,150.65
5,150.65
6,150.65
6,150.65
0,150.65
0,147.9
1,146.2
1,146.2
2,145.9
2,145.9
3,145.9
3,167.9
4,167.9
4,167.9
5,167.9
5,167.9
6,167.9
6,167.9
0,167.9
0,167.9
1,167.9
1,167.9
2,167.9
2,167.9
3,167.9
3,167.9
4,167.9
4,167.9
5,167.9
5,167.9
6,167.9
6,167.9
0,167.9
0,167.9
1,166.2
1,160.9
2,160.4
2,160.4
3,159.9
3,159.4
4,157.65
4,157.65
5,157.65
5,153.4
6,151.9
6,150.9
0,150.9
0,150.9
1,150.9
1,150.9
2,147.9
2,147.9
3,147.9
3,147.9
4,147.9
4,147.9
5,147.9
5,147.9
6,147.9
6,147.9
0,147.9
0,147.9
1,147.9
1,147.9
2,147.9
2,147.9
3,147.9
3,147.9
4,147.9
4,167.9
5,167.9
5,167.9
6,167.9
6,167.9
0,167.9
0,167.9
1,167.9
1,167.9
2,167.9
2,167.9
3,167.9
3,167.9
4,167.9
4,167.9
5,167.9
5,167.9
6,167.9
6,167.9
0,167.9
0,167.9
1,167.9
1,167.9
2,167.9
2,167.9
3,167.9
3,167.9
4,162.9
4,162.4
5,162.4
5,162.4
6,162.4
6,162.4
0,162.4
0,161.9
1,159.9
1,155.9
2,153.4
2,153.4
3,153.4
3,153.4
4,151.9
4,151.9
5,149.9
5,149.9
6,149.9
6,149.9
0,149.4
0,148.9
1,148.9
1,148.9
2,148.9
2,148.4
3,147.9
3,147.9
4,147.9
4,147.5
5,147.5
5,147.5
6,144.9
6,144.9
0,141.65
0,141.65
1,141.65
1,141.65
2,141.65
2,141.65
3,141.65
3,141.65
4,141.65
4,141.65
5,141.65
5,141.65
6,141.65
6,141.65
0,141.65
0,141.65
1,141.65
1,141.65
2,141.65
2,167.9
3,167.9
3,167.9
4,167.9
4,167.9
5,167.9
5,167.9
6,167.9
6,167.9
0,167.9
0,167.9
1,167.9
1,167.9
2,167.9
2,167.9
3,166.9
3,166.4
4,165.9
4,162.9
5,162.4
5,161.65
6,161.65
6,157.7
0,156.3
0,156.3
1,156.3
1,155.9
2,155.9
2,147.9
3,147.9
3,147.7
4,147.7
4,147.7
5,147.7
5,147.7
6,143.9
6,143.9
0,143.4
0,143.4
1,143.4
1,142.4
2,142.4
2,142.4
3,142.4
3,142.4
4,142.4
4,142.4
5,142.4
5,142.4
6,142.4
6,142.4
0,142.4
0,167.9
1,167.9
1,167.9
2,167.9
2,167.4
3,167.4
3,167.4
4,167.4
4,164.9
5,163.9
5,163.9
6,161.9
6,161.4
0,161.4
0,161.4
1,161.4
1,161.4
2,161.4
2,161.4
3,152.9
3,152.9
4,152.9
4,152.9
5,152.9
5,152.9
6,152.9
6,152.9
0,152.9
0,152.9
1,152.9
1,152.9
2,141.9
2,141.9
3,141.4
3,141.4
4,141.4
4,141.4
5,141.4
5,141.4
6,141.4
6,141.4
0,141.4
0,141.4
1,141.4
1,141.4
2,141.4
2,141.4
3,141.4
3,141.4
4,141.4
4,169.9
5,169.9
5,169.9
6,169.9
6,169.9
0,169.9
0,169.9
1,169.9
1,167.9
2,167.9
2,167.9
3,167.9
3,167.9
4,167.9
4,167.9
5,167.9
5,167.9
6,167.9
6,167.9
0,167.9
0,167.9
1,167.9
1,167.9
2,164.4
2,164.4
3,164.4
3,164.4
4,160.4
4,157.9
5,155.9
5,155.9
6,155.9
6,155.9
0,155.9
0,155.9
1,155.9
1,155.9
2,155.9
2,155.9
3,155.9
3,174.9
4,174.9
4,174.9
5,174.9
5,174.9
6,174.9
6,174.9
