0,120.9
0,120.9
1,120.9
1,120.9
2,120.9
2,120.9
3,119.7
3,119.7
4,119.7
4,119.7
5,119.7
5,119.7
6,119.7
6,119.7
0,119.7
0,119.7
1,119.7
1,119.7
2,116.9
2,116.9
3,116.9
3,116.5
4,116.5
4,116.5
5,116.5
5,116.3
6,116.3
6,116.3
0,115.9
0,115.9
1,115.9
1,115.9
2,115.9
2,115.9
3,115.9
3,115.9
4,115.9
4,115.9
5,115.9
5,115.9
6,115.9
6,115.9
0,115.9
0,115.9
1,115.9
1,115.9
2,115.9
2,115.9
3,115.9
3,115.9
4,115.9
4,115.9
5,115.9
5,115.9
6,115.9
6,115.9
0,115.9
0,115.9
1,115.9
1,115.9
2,115.9
2,115.9
3,115.9
3,115.9
4,117.9
4,117.9
5,117.9
5,117.9
6,117.9
6,117.9
0,117.9
0,117.9
1,117.9
1,117.9
2,117.9
2,117.9
3,117.9
3,117.9
4,145.9
4,145.9
5,145.9
5,145.9
6,145.9
6,145.9
0,117.9
0,117.9
1,117.9
1,117.9
2,117.9
2,117.9
3,117.9
3,117.9
4,117.9
4,117.9
5,117.9
5,117.9
6,117.9
6,117.9
0,117.9
0,117.9
1,117.9
1,117.9
2,117.9
2,117.9
3,117.9
3,117.9
4,117.9
4,117.9
5,117.9
5,117.9
6,117.9
6,117.9
0,116.9
0,116.9
1,116.9
1,116.9
2,116.9
2,116.9
3,116.9
3,116.9
4,116.9
4,116.9
5,116.9
5,116.9
6,116.9
6,116.9
0,116.9
0,116.9
1,116.9
1,116.9
2,116.9
2,116.9
3,116.9
3,116.9
4,116.9
4,116.9
5,116.9
5,116.9
6,116.9
6,116.9
0,116.9
0,116.9
1,116.9
1,116.9
2,116.9
2,116.9
3,116.9
3,116.9
4,116.9
4,116.9
5,116.9
5,116.9
6,116.9
6,116.9
0,116.9
0,116.9
1,116.9
1,116.9
2,116.9
2,116.9
3,116.9
3,116.9
4,116.9
4,116.9
5,116.9
5,116.9
6,116.9
6,116.9
0,116.9
0,116.9
1,116.9
1,116.9
2,116.9
2,116.9
3,116.9
3,116.9
4,116.9
4,116.9
5,116.9
5,116.9
6,116.9
6,116.9
0,116.9
0,116.9
1,116.9
1,116.9
2,116.9
2,116.9
3,116.9
3,116.9
4,116.9
4,116.9
5,116.9
5,116.9
6,116.9
6,116.9
0,116.9
0,116.9
1,116.9
1,116.9
2,116.9
2,116.9
3,116.9
3,116.9
4,116.9
4,116.9
5,116.9
5,116.9
6,116.9
6,116.9
0,116.9
0,116.9
1,116.9
1,116.9
2,116.9
2,116.9
3,116.9
3,116.9
4,116.9
4,116.9
5,116.9
5,116.9
6,116.9
6,116.9
0,116.9
0,116.9
1,116.9
1,116.9
2,116.9
2,116.9
3,116.9
3,116.9
4,116.9
4,116.9
5,116.9
5,116.9
6,116.9
6,116.9
0,116.9
0,116.9
1,116.9
1,116.9
2,116.9
2,116.9
3,116.9
3,116.9
4,116.9
4,116.9
5,116.9
5,116.9
6,116.9
6,116.9
0,116.9
0,134.9
1,134.7
1,134.7
2,134.7
2,134.7
3,134.7
3,134.7
4,134.7
4,134.7
5,134.7
5,134.7
6,134.7
6,134.7
0,134.7
0,134.7
1,134.5
1,134.5
2,134.5
2,134.5
3,134.5
3,145.9
4,145.9
4,145.9
5,145.9
5,145.9
6,145.9
6,145.9
0,145.9
0,143.9
1,143.9
1,143.9
2,143.9
2,143.9
3,143.9
3,143.7
4,143.7
4,143.7
5,143.7
5,143.7
6,143.7
6,143.7
0,139.9
0,138.9
1,138.9
1,138.9
2,138.9
2,138.7
3,138.7
3,138.7
4,138.7
4,138.7
5,138.7
5,138.7
6,138.7
6,138.7
0,138.7
0,138.7
1,138.7
1,138.7
2,138.7
2,138.7
3,138.7
3,138.7
4,138.5
4,138.5
5,138.5
5,138.5
6,161.9
6,161.9
0,161.9
0,161.9
1,160.7
1,160.7
2,160.7
2,160.7
3,160.7
3,160.7
4,160.7
4,160.7
5,160.7
5,160.7
6,160.7
6,160.7
0,160.7
0,160.7
1,160.7
1,160.7
2,160.7
2,160.7
3,160.7
3,159.0
4,159.0
4,159.0
5,159.0
5,159.0
6,159.0
6,159.0
0,145.7
0,157.7
1,157.7
1,157.5
2,157.5
2,157.5
3,157.5
3,157.5
4,157.5
4,157.5
5,157.5
5,157.5
6,157.5
6,157.5
0,157.5
0,157.10000000000002
1,157.10000000000002
1,157.10000000000002
2,157.10000000000002
2,157.10000000000002
3,155.9
3,155.7
4,155.7
4,155.7
5,155.7
5,155.7
6,155.7
6,155.7
0,155.7
0,155.7
1,155.7
1,155.5
2,155.7
2,155.5
3,155.5
3,155.5
4,155.5
4,155.5
5,155.5
5,155.5
6,155.5
6,155.5
0,150.9
0,150.7
1,150.7
1,150.7
2,150.7
2,150.7
3,150.7
3,150.7
4,150.7
4,150.7
5,150.7
5,150.7
6,150.7
6,150.7
0,150.7
0,150.5
1,150.5
1,150.5
2,150.5
2,150.5
3,150.5
3,150.3
4,150.3
4,150.3
5,150.3
5,150.3
6,150.3
6,150.3
0,150.3
0,150.3
1,150.3
1,150.3
2,150.3
2,150.3
3,143.7
3,143.4
4,141.9
4,140.9
5,140.9
5,140.5
6,140.5
6,140.5
0,139.3
0,139.3
1,137.7
1,137.5
2,136.6
2,135.8
3,134.7
3,134.5
4,134.5
4,134.5
5,134.5
5,134.5
6,134.5
6,134.5
0,134.5
0,134.5
1,134.5
1,134.5
2,134.5
2,134.5
3,134.5
3,134.5
4,133.7
4,133.7
5,133.7
5,133.7
6,133.7
6,133.5
0,133.5
0,133.5
1,133.5
1,133.5
2,133.5
2,133.5
3,132.7
3,131.7
4,131.7
4,131.7
5,131.7
5,131.7
6,131.7
6,131.7
0,131.3
0,130.7
1,130.7
1,130.7
2,130.7
2,130.7
3,130.7
3,130.7
4,130.7
4,129.7
5,129.7
5,129.7
6,129.7
6,129.7
0,129.7
0,129.7
1,129.7
1,129.7
2,128.7
2,128.7
3,128.7
3,128.7
4,128.7
4,128.7
5,128.7
5,128.7
6,128.7
6,128.7
0,128.7
0,128.7
1,128.7
1,155.9
2,155.9
2,133.4
3,131.4
3,131.4
4,131.4
4,131.4
5,131.4
5,131.4
6,131.4
6,131.4
0,129.9
0,129.9
1,129.9
1,129.9
2,129.7
2,129.7
3,129.7
3,129.7
4,129.7
4,129.7
5,129.7
5,129.7
6,129.5
6,129.5
0,128.7
0,128.7
1,128.7
1,155.9
2,155.9
2,155.9
3,155.9
3,155.7
4,155.7
4,155.7
5,155.7
5,155.7
6,155.7
6,155.7
0,153.9
0,153.9
1,153.9
1,153.7
2,153.7
2,153.7
3,152.7
3,152.7
4,152.7
4,152.5
5,152.5
5,152.3
6,152.3
6,151.9
0,150.9
0,150.9
1,137.7
1,137.7
2,135.7
2,135.7
3,135.7
3,135.7
4,135.7
4,135.7
5,135.7
5,135.7
6,135.7
6,135.7
0,135.7
0,135.7
1,135.7
1,135.7
2,135.7
2,135.1
3,135.1
3,135.1
4,135.1
4,135.1
5,135.1
5,135.1
6,135.1
6,134.5
0,134.5
0,134.5
1,133.9
1,133.7
2,133.7
2,133.7
3,133.7
3,133.7
4,133.7
4,133.7
5,133.7
5,133.7
6,133.7
6,133.7
0,133.7
0,133.7
1,133.7
1,133.7
2,133.7
2,133.7
3,133.7
3,133.7
4,133.7
4,133.7
5,133.7
5,133.7
6,133.7
6,133.7
0,133.7
0,133.7
1,136.4
1,136.4
2,136.4
2,136.4
3,134.1
3,134.1
4,134.1
4,134.1
5,134.1
5,134.1
6,134.1
6,134.1
0,134.1
0,134.1
1,134.1
1,133.5
2,132.7
2,132.7
3,132.7
3,132.5
4,130.7
4,130.7
5,130.7
5,130.7
6,130.7
6,130.7
0,130.7
0,130.7
1,130.7
1,130.5
2,130.5
2,129.5
3,129.5
3,129.5
4,129.5
4,129.5
5,127.96666666666665
5,127.96666666666665
6,127.0
6,126.5
0,126.5
0,125.7
1,125.5
1,124.7
2,124.7
2,124.7
3,124.5
3,124.5
4,124.5
4,124.5
5,124.5
5,124.5
6,124.5
6,124.5
0,124.5
0,123.7
1,123.7
1,123.5
2,123.5
2,123.5
3,123.5
3,123.5
4,123.5
4,123.5
5,123.5
5,123.5
6,123.5
6,123.5
0,123.5
0,123.5
1,123.5
1,123.5
2,123.5
2,123.5
3,123.5
3,123.5
4,123.3
4,123.3
5,123.3
5,123.3
6,123.3
6,123.3
0,123.3
0,123.3
1,122.7
1,122.7
2,122.7
2,122.7
3,122.7
3,122.7
4,122.7
4,147.9
5,147.9
5,147.9
6,147.9
6,122.7
0,122.7
0,122.7
1,122.7
1,122.7
2,122.7
2,122.7
3,122.7
3,122.7
4,122.7
4,122.7
5,121.9
5,121.9
6,121.9
6,121.9
0,121.9
0,121.9
1,121.9
1,121.9
2,121.9
2,121.9
3,121.9
3,121.9
4,121.9
4,121.9
5,121.9
5,121.9
6,121.9
6,121.9
0,121.9
0,121.9
1,121.9
1,150.9
2,150.9
2,150.9
3,150.9
3,150.9
4,150.9
4,147.9
5,147.9
5,147.9
6,147.8
6,147.8
0,147.7
0,147.7
1,147.7
1,147.7
2,147.7
2,147.7
3,147.7
3,147.7
4,147.7
4,147.7
5,147.7
5,147.7
6,147.7
6,147.7
0,147.7
0,143.7
1,142.9
1,141.5
2,141.5
2,141.5
3,141.5
3,141.5
4,143.5
4,143.5
5,143.5
5,143.5
6,143.5
6,143.5
0,143.5
0,143.25
1,142.9
1,142.5
2,142.5
2,142.5
3,142.5
3,142.5
4,142.5
4,141.9
5,140.5
5,140.5
6,139.7
6,139.7
0,139.7
0,139.5
1,139.4
1,139.4
2,139.3
2,139.3
3,139.3
3,139.3
4,139.3
4,139.3
5,139.3
5,139.3
6,139.3
6,139.3
0,139.3
0,139.3
1,139.3
1,139.3
2,139.3
2,139.3
3,139.3
3,139.3
4,139.3
4,139.3
5,139.3
5,139.3
6,139.3
6,139.3
0,139.3
0,139.3
1,139.3
1,139.3
2,139.3
2,139.3
3,139.3
3,139.3
4,139.3
4,139.3
5,139.3
5,139.3
6,139.3
6,139.3
0,139.3
0,139.3
1,139.3
1,139.3
2,139.3
2,139.3
3,139.3
3,139.3
4,139.3
4,139.3
5,139.3
5,139.3
6,139.3
6,139.3
0,139.3
0,139.3
1,139.3
1,139.3
2,137.4
2,137.4
3,137.4
3,137.4
4,137.4
4,134.9
5,134.9
5,134.9
6,134.9
6,134.9
0,134.9
0,134.9
1,134.9
1,134.9
2,134.9
2,134.9
3,134.9
3,134.9
4,134.9
4,134.9
5,134.9
5,134.9
6,134.9
6,134.9
0,134.9
0,134.9
1,134.9
1,134.9
2,134.9
2,134.9
3,134.9
3,134.9
4,134.9
4,162.9
5,162.9
5,162.9
6,162.9
6,162.9
0,162.7
0,162.7
1,162.7
1,162.7
2,162.7
2,161.7
3,160.7
3,159.6
4,159.6
4,159.6
5,159.6
5,159.6
6,159.6
6,159.6
0,159.6
0,159.6
1,159.6
1,159.6
2,159.6
2,159.6
3,159.6
3,159.6
4,159.6
4,159.6
5,159.6
5,159.6
6,159.6
6,159.6
0,159.6
0,159.6
1,159.6
1,159.6
2,159.6
2,159.6
3,159.3
3,159.3
4,158.9
4,158.7
5,158.7
5,158.7
6,158.7
6,158.7
0,157.9
0,155.9
1,155.5
1,155.5
2,155.5
2,155.5
3,155.5
3,155.5
4,155.5
4,155.5
5,155.5
5,155.5
6,155.5
6,155.5
0,155.5
0,155.5
1,155.5
1,155.5
2,155.5
2,155.5
3,155.5
3,155.5
4,155.3
4,155.3
5,155.3
5,155.3
6,155.3
6,155.3
0,155.3
0,155.3
1,155.3
1,155.3
2,155.3
2,155.3
3,155.3
3,155.3
4,155.3
4,155.3
5,155.3
5,155.3
6,155.3
6,155.3
0,155.3
0,155.3
1,155.3
1,155.3
2,155.3
2,155.3
3,155.3
3,155.3
4,155.3
4,155.3
5,155.3
5,155.3
6,155.3
6,155.3
0,155.3
0,155.3
1,155.3
1,155.3
2,155.3
2,153.9
3,153.9
3,153.9
4,153.9
4,153.9
5,153.9
5,153.9
6,153.9
6,153.9
0,153.9
0,153.9
1,153.7
1,153.7
2,153.7
2,153.7
3,153.7
3,153.5
4,153.5
4,153.5
5,153.5
5,153.5
6,153.5
6,153.5
0,153.5
0,153.5
1,153.5
1,153.5
2,153.5
2,153.5
3,153.5
3,153.5
4,153.5
4,153.5
5,153.5
5,153.5
6,153.5
6,153.5
0,153.5
0,153.5
1,153.5
1,153.5
2,153.5
2,153.5
3,153.5
3,153.5
4,153.5
4,153.5
5,153.5
5,153.5
6,153.5
6,153.5
0,153.5
0,153.5
1,153.5
1,153.5
2,160.7
2,160.7
3,160.7
3,160.7
4,160.7
4,160.7
5,160.7
5,160.7
6,160.7
6,160.7
0,160.7
0,166.9
1,159.9
1,159.9
2,159.9
2,159.9
3,159.9
3,159.9
4,157.8
4,157.8
5,157.8
5,157.8
6,157.8
6,157.8
0,157.8
0,156.7
1,156.7
1,156.5
2,156.3
2,155.8
3,151.8
3,151.8
4,150.8
4,150.8
5,150.8
5,150.8
6,150.8
6,150.8
0,150.8
0,150.5
1,150.5
1,150.10000000000002
2,150.10000000000002
2,149.7
3,149.7
3,149.7
4,149.7
4,149.7
5,149.7
5,147.7
6,145.5
6,145.5
0,145.5
0,145.5
1,143.5
1,143.5
2,143.5
2,141.5
3,141.5
3,139.5
4,139.5
4,139.4
5,139.4
5,139.4
6,139.4
6,139.4
0,139.4
0,139.4
1,139.4
1,139.4
2,139.4
2,139.4
3,139.4
3,139.4
4,167.9
4,167.9
5,167.9
5,167.9
6,167.9
6,167.9
0,165.7
0,165.7
1,165.7
1,165.7
2,163.5
2,163.5
3,163.5
3,160.70000000000002
4,157.9
4,154.9
5,154.9
5,154.9
6,154.9
6,154.9
0,151.9
0,148.7
1,148.7
1,145.5
2,143.5
2,141.5
3,141.5
3,141.5
4,141.5
4,139.5
5,139.5
5,139.5
6,139.5
6,139.5
0,139.5
0,139.5
1,139.5
1,139.5
2,139.5
2,139.5
3,139.5
3,139.5
4,139.5
4,139.5
5,139.5
5,139.5
6,139.5
6,139.5
0,139.5
0,139.5
1,139.5
1,139.5
2,159.7
2,159.7
3,159.7
3,159.7
4,156.9
4,154.5
5,151.3
5,148.9
6,146.9
6,146.9
0,146.9
0,146.9
1,146.9
1,146.9
2,146.9
2,146.9
3,146.9
3,146.9
4,144.9
4,142.9
5,140.9
5,140.9
6,140.9
6,140.9
0,140.9
0,140.7
1,140.7
1,140.7
2,140.7
2,140.7
3,140.7
3,140.7
4,140.7
4,140.7
5,140.7
5,140.7
6,139.8
6,148.7
0,148.7
0,148.7
1,145.5
1,145.5
2,143.5
2,141.5
3,141.5
3,141.5
4,141.5
4,141.5
5,149.9
5,149.9
6,149.9
6,149.9
0,149.9
0,159.9
1,159.9
1,159.9
2,159.9
2,169.9
3,167.9
3,167.9
4,163.7
4,163.7
5,160.5
5,159.0
6,159.0
6,159.0
0,157.5
0,157.5
1,157.5
1,157.5
2,157.5
2,155.9
3,155.9
3,155.9
4,155.9
4,155.9
5,155.9
5,155.9
6,155.9
6,155.9
0,155.9
0,155.9
1,155.9
1,155.9
2,155.9
2,155.9
3,155.9
3,155.9
4,155.9
4,155.9
5,155.9
5,155.9
6,155.9
6,155.9
