0,0
0,0
1,0
1,0
2,0
2,0
3,121.8
3,121.8
4,120.9
4,120.9
5,120.9
5,120.9
6,119.9
6,119.9
0,118.9
0,116.9
1,116.9
1,116.9
2,116.9
2,116.9
3,116.9
3,114.9
4,114.9
4,114.9
5,114.9
5,114.9
6,114.9
6,113.9
0,113.9
0,113.9
1,113.9
1,113.9
2,112.4
2,112.4
3,112.4
3,142.9
4,142.9
4,142.9
5,142.7
5,142.7
6,142.7
6,139.9
0,138.9
0,138.9
1,138.9
1,137.9
2,137.9
2,137.4
3,136.9
3,136.9
4,135.9
4,135.9
5,134.4
5,134.4
6,134.4
6,134.4
0,129.9
0,129.9
1,129.9
1,129.9
2,129.9
2,129.9
3,126.4
3,122.4
4,122.4
4,122.4
5,122.4
5,122.4
6,122.4
6,122.4
0,122.4
0,120.4
1,120.4
1,120.4
2,120.4
2,117.9
3,145.9
3,143.65
4,143.65
4,143.65
5,143.65
5,141.4
6,141.4
6,138.9
0,135.9
0,134.9
1,134.9
1,131.7
2,131.7
2,131.7
3,131.7
3,131.7
4,131.7
4,131.7
5,131.7
5,131.7
6,131.7
6,131.3
0,124.9
0,123.9
1,123.9
1,123.9
2,123.9
2,123.9
3,123.9
3,123.9
4,123.9
4,123.9
5,123.9
5,123.9
6,123.9
6,123.9
0,147.4
0,147.4
1,147.4
1,147.4
2,147.4
2,147.4
3,147.4
3,137.9
4,137.9
4,137.8
5,137.8
5,137.8
6,137.8
6,137.8
0,137.8
0,137.8
1,137.8
1,137.8
2,137.8
2,137.8
3,137.8
3,137.8
4,137.8
4,137.8
5,137.8
5,137.8
6,137.8
6,137.8
0,137.8
0,137.8
1,137.8
1,137.8
2,137.8
2,137.8
3,137.8
3,137.8
4,137.8
4,137.8
5,137.8
5,137.8
6,137.8
6,137.8
0,137.8
0,137.8
1,137.8
1,137.8
2,137.8
2,137.8
3,137.8
3,137.8
4,137.8
4,137.8
5,137.8
5,137.8
6,137.8
6,137.8
0,137.8
0,137.8
1,137.8
1,137.8
2,137.8
2,137.8
3,137.8
3,137.8
4,137.8
4,137.8
5,137.8
5,137.8
6,137.8
6,137.8
0,137.8
0,137.8
1,137.8
1,137.8
2,137.8
2,137.8
3,137.8
3,137.8
4,137.8
4,137.8
5,137.8
5,137.8
6,137.8
6,137.8
0,137.8
0,137.8
1,137.8
1,137.8
2,137.8
2,137.8
3,137.8
3,137.8
4,137.8
4,137.8
5,137.8
5,137.8
6,137.8
6,137.8
0,137.8
0,137.8
1,137.8
1,137.8
2,137.8
2,137.8
3,137.8
3,137.8
4,137.8
4,137.8
5,137.8
5,137.8
6,137.8
6,137.8
0,137.8
0,137.8
1,137.8
1,137.8
2,137.8
2,137.8
3,137.8
3,137.8
4,137.8
4,137.8
5,137.8
5,137.8
6,137.8
6,137.8
0,137.8
0,137.8
1,137.8
1,137.8
2,137.8
2,137.8
3,137.8
3,137.8
4,137.8
4,137.8
5,137.8
5,149.9
6,149.9
6,149.9
0,149.9
0,149.9
1,149.9
1,144.9
2,144.9
2,144.9
3,144.9
3,144.9
4,144.9
4,144.9
5,144.9
5,144.9
6,144.9
6,144.9
0,144.9
0,144.9
1,144.9
1,144.9
2,144.9
2,144.9
3,144.9
3,144.9
4,144.9
4,144.9
5,144.9
5,144.9
6,144.9
6,144.9
0,144.9
0,144.9
1,144.9
1,144.9
2,144.9
2,144.9
3,144.9
3,144.9
4,144.9
4,144.9
5,144.9
5,144.9
6,144.9
6,144.9
0,144.5
0,135.9
1,135.9
1,135.9
2,135.9
2,135.9
3,135.9
3,135.9
4,135.9
4,135.9
5,135.9
5,135.9
6,135.9
6,135.9
0,135.9
0,135.9
1,135.9
1,133.9
2,133.9
2,133.9
3,160.9
3,160.9
4,160.9
4,160.4
5,160.4
5,160.4
6,160.4
6,160.4
0,157.9
0,157.9
1,157.9
1,153.9
2,153.9
2,153.9
3,153.9
3,153.9
4,153.9
4,153.9
5,153.9
5,153.9
6,153.9
6,153.9
0,153.9
0,153.9
1,153.9
1,153.9
2,153.9
2,153.9
3,153.9
3,151.15
4,151.15
4,151.15
5,151.15
5,151.15
6,151.15
6,151.15
0,140.9
0,140.9
1,145.4
1,145.4
2,140.4
2,140.4
3,140.4
3,140.4
4,140.4
4,140.4
5,140.4
5,140.4
6,140.4
6,140.4
0,140.3
0,140.3
1,140.3
1,140.3
2,140.3
2,140.3
3,140.3
3,140.3
4,138.2
4,137.9
5,137.9
5,137.9
6,137.9
6,137.9
0,137.9
0,137.9
1,136.3
1,136.3
2,136.3
2,136.3
3,136.3
3,136.3
4,136.3
4,136.3
5,136.3
5,136.3
6,136.3
6,136.3
0,136.3
0,136.3
1,136.3
1,135.2
2,135.2
2,135.2
3,135.2
3,135.2
4,160.9
4,160.9
5,160.9
5,160.9
6,159.9
6,159.9
0,159.9
0,159.9
1,159.9
1,159.9
2,159.4
2,159.4
3,159.4
3,156.4
4,156.4
4,155.9
5,155.9
5,155.9
6,155.9
6,155.9
0,153.9
0,153.9
1,153.9
1,153.9
2,153.9
2,153.9
3,153.9
3,145.9
4,145.9
4,145.9
5,145.9
5,145.9
6,145.9
6,145.9
0,145.9
0,145.9
1,145.9
1,145.9
2,145.9
2,145.9
3,145.9
3,145.9
4,145.9
4,145.9
5,145.9
5,145.9
6,145.9
6,145.9
0,145.9
0,145.9
1,145.9
1,145.9
2,145.9
2,145.9
3,140.7
3,140.7
4,140.7
4,140.7
5,140.7
5,140.7
6,140.7
6,139.4
0,139.4
0,138.4
1,137.4
1,136.4
2,136.4
2,136.4
3,136.4
3,136.4
4,136.4
4,135.4
5,135.4
5,134.4
6,133.3
6,133.3
0,133.3
0,133.3
1,133.3
1,133.3
2,133.3
2,133.3
3,133.3
3,130.7
4,130.7
4,130.7
5,130.7
5,130.7
6,130.7
6,130.7
0,130.4
0,130.4
1,129.4
1,129.4
2,129.4
2,129.4
3,128.4
3,128.4
4,128.4
4,128.4
5,128.4
5,155.9
6,155.9
6,155.9
0,154.9
0,154.9
1,154.9
1,154.9
2,154.9
2,154.9
3,154.9
3,154.9
4,154.9
4,150.4
5,150.4
5,150.4
6,149.4
6,149.4
0,147.9
0,147.9
1,147.9
1,147.9
2,147.9
2,147.9
3,147.9
3,147.9
4,147.9
4,147.9
5,147.9
5,147.9
6,147.9
6,147.9
0,147.4
0,147.4
1,147.4
1,147.4
2,147.4
2,147.4
3,147.4
3,147.4
4,147.4
4,147.4
5,142.4
5,142.4
6,142.4
6,142.4
0,142.4
0,142.4
1,142.4
1,142.4
2,142.4
2,142.4
3,142.4
3,142.4
4,142.4
4,142.4
5,142.4
5,142.4
6,142.4
6,142.4
0,142.4
0,142.4
1,142.4
1,142.4
2,142.4
2,142.4
3,142.4
3,142.4
4,142.4
4,142.4
5,142.4
5,142.4
6,142.4
6,142.4
0,142.4
0,142.4
1,142.4
1,142.4
2,137.65
2,137.65
3,137.65
3,137.65
4,136.4
4,136.4
5,136.4
5,136.4
6,136.4
6,136.4
0,134.4
0,134.4
1,134.4
1,134.4
2,134.4
2,134.4
3,134.4
3,134.4
4,134.4
4,134.4
5,134.4
5,134.4
6,134.4
6,134.4
0,134.4
0,134.4
1,134.4
1,134.4
2,134.4
2,134.4
3,157.4
3,157.4
4,157.4
4,157.4
5,157.4
5,157.4
6,156.4
6,156.4
0,156.4
0,154.9
1,154.9
1,154.9
2,154.9
2,154.9
3,154.9
3,154.9
4,154.9
4,154.9
5,154.9
5,154.9
6,154.9
6,154.9
0,154.9
0,154.9
1,150.4
1,150.4
2,150.4
2,145.9
3,145.9
3,145.9
4,145.9
4,145.9
5,145.9
5,145.9
6,145.9
6,145.9
0,145.9
0,143.4
1,143.4
1,143.4
2,143.4
2,143.4
3,143.4
3,143.4
4,143.4
4,143.4
5,140.9
5,139.9
6,139.9
6,139.9
0,137.65
0,137.65
1,137.65
1,136.15
2,133.9
2,133.4
3,133.4
3,133.4
4,133.4
4,133.4
5,133.4
5,133.4
6,133.4
6,133.4
0,133.4
0,133.4
1,133.4
1,133.4
2,133.3
2,129.3
3,129.3
3,147.9
4,147.4
4,146.9
5,146.9
5,146.9
6,146.9
6,146.9
0,146.9
0,146.9
1,146.9
1,145.9
2,145.9
2,143.4
3,143.4
3,143.4
4,143.4
4,143.4
5,143.4
5,143.4
6,140.9
6,140.9
0,140.9
0,139.9
1,139.9
1,139.9
2,139.9
2,139.9
3,139.9
3,139.9
4,139.9
4,139.9
5,139.9
5,139.9
6,139.9
6,139.9
0,139.9
0,139.9
1,139.9
1,139.9
2,138.9
2,138.9
3,137.9
3,134.9
4,134.9
4,134.9
5,134.9
5,134.9
6,134.9
6,134.9
0,134.9
0,134.9
1,134.9
1,134.9
2,134.9
2,134.9
3,134.15
3,134.15
4,133.4
4,133.4
5,133.4
5,133.4
6,133.4
6,133.4
0,133.4
0,133.4
1,133.4
1,150.9
2,150.9
2,150.9
3,148.85
3,148.85
4,146.9
4,146.9
5,146.9
5,146.9
6,146.9
6,145.9
0,145.9
0,145.9
1,145.9
1,145.9
2,145.9
2,145.9
3,145.9
3,143.05
4,142.9
4,142.7
5,142.7
5,138.9
6,138.9
6,138.9
0,138.4
0,137.4
1,137.4
1,137.4
2,137.4
2,137.4
3,137.4
3,137.4
4,139.4
4,139.4
5,139.4
5,139.4
6,139.4
6,139.4
0,139.4
0,139.4
1,139.4
1,139.4
2,139.4
2,139.4
3,139.4
3,139.4
4,139.4
4,139.4
5,139.4
5,139.4
6,139.4
6,139.4
0,139.4
0,159.9
1,159.9
1,159.9
2,159.0666666666667
2,159.0666666666667
3,157.65
3,157.65
4,157.4
4,157.4
5,157.4
5,157.4
6,157.4
6,157.4
0,157.4
0,157.4
1,157.4
1,157.4
2,157.4
2,157.4
3,157.4
3,157.4
4,157.4
4,157.4
5,156.65
5,155.7
6,155.7
6,155.7
0,155.7
0,148.15
1,148.15
1,148.15
2,148.15
2,148.15
3,148.15
3,148.15
4,148.15
4,148.15
5,148.15
5,148.15
6,148.15
6,148.15
0,143.9
0,143.7
1,141.9
1,141.9
2,141.9
2,139.9
3,139.9
3,139.9
4,139.9
4,139.9
5,139.9
5,139.9
6,139.9
6,139.9
0,139.9
0,139.9
1,139.9
1,139.9
2,160.9
2,160.9
3,138.3
3,138.3
4,138.3
4,138.3
5,138.3
5,138.3
6,138.3
6,138.3
0,138.3
0,138.3
1,138.3
1,138.3
2,138.3
2,138.3
3,138.3
3,138.3
4,138.3
4,138.3
5,138.3
5,138.3
6,138.3
6,138.3
0,138.3
0,138.3
1,138.3
1,138.3
2,138.3
2,138.3
3,138.3
3,138.3
4,138.3
4,138.3
5,138.3
5,138.3
6,138.3
6,138.3
0,138.3
0,162.9
1,162.4
1,162.4
2,162.4
2,162.4
3,162.4
3,159.9
4,159.9
4,159.9
5,159.9
5,159.9
6,159.9
6,159.9
0,159.9
0,159.9
1,159.9
1,159.9
2,159.9
2,159.9
3,157.9
3,157.9
4,157.9
4,157.9
5,157.9
5,157.9
6,157.9
6,157.9
0,157.9
0,157.9
1,157.9
1,157.9
2,157.9
2,157.9
3,157.9
3,157.9
4,157.9
4,157.9
5,153.8
5,153.8
6,153.8
6,153.8
0,167.9
0,167.9
1,167.9
1,155.9
2,155.9
2,155.9
3,155.9
3,155.9
4,155.9
4,155.9
5,155.9
5,155.9
6,155.9
6,155.9
0,155.9
0,155.9
1,155.9
1,155.9
2,155.9
2,155.9
3,155.9
3,155.9
4,153.7
4,152.9
5,152.9
5,152.9
6,152.9
6,152.9
0,152.9
0,152.9
1,152.9
1,152.9
2,152.9
2,151.7
3,151.7
3,151.7
4,151.7
4,151.7
5,151.7
5,151.7
6,151.7
6,151.7
0,151.7
0,151.7
1,151.7
1,149.9
2,149.9
2,149.9
3,149.9
3,149.9
4,167.9
4,167.9
5,167.9
5,167.9
6,167.9
6,167.9
0,167.9
0,167.9
1,167.9
1,167.9
2,167.9
2,165.9
3,165.9
3,165.9
4,165.9
4,165.9
5,165.9
5,165.9
6,165.9
6,165.9
0,165.9
0,165.9
1,165.9
1,165.9
2,165.9
2,165.9
3,165.9
3,165.9
4,165.9
4,162.9
5,162.9
5,162.9
6,162.9
6,162.9
0,162.9
0,162.9
1,162.9
1,162.9
2,162.9
2,162.9
3,162.9
3,162.9
4,162.9
4,162.9
5,162.9
5,162.9
6,162.9
6,162.9
0,162.9
0,159.9
1,159.9
1,159.9
2,159.9
2,157.9
3,157.9
3,157.9
4,157.9
4,157.9
5,166.9
5,166.9
6,166.9
6,166.9
0,161.9
0,161.9
1,160.4
1,160.4
2,160.4
2,160.4
3,160.4
3,160.4
4,160.4
4,160.4
5,160.4
5,160.4
6,160.4
6,160.4
0,160.4
0,160.4
1,160.4
1,160.4
2,160.4
2,159.9
3,159.9
3,159.9
4,159.9
4,159.9
5,159.9
5,159.9
6,159.9
6,159.9
0,159.9
0,159.9
1,159.9
1,159.9
2,159.9
2,159.9
3,159.9
3,159.9
4,159.9
4,159.9
5,159.9
5,159.9
6,159.9
6,159.9
0,159.9
0,157.9
1,157.9
1,154.9
2,154.9
2,154.9
3,154.9
3,154.9
4,154.9
4,154.9
5,154.9
5,154.9
6,154.9
6,154.9
0,154.9
0,154.9
1,154.9
1,154.9
2,154.9
2,154.9
3,154.9
3,154.9
4,154.9
4,154.9
5,154.9
5,154.9
6,154.9
6,154.9
0,154.9
0,154.9
1,154.9
1,154.9
2,154.9
2,154.9
3,154.9
3,154.9
4,167.9
4,167.9
5,167.9
5,167.9
6,167.9
6,167.9
0,167.9
0,167.9
1,167.9
1,167.9
2,159.9
2,159.9
3,157.9
3,157.9
4,157.9
4,157.9
5,157.9
5,157.9
6,157.9
6,157.9
0,157.9
0,157.9
1,157.9
1,157.9
2,151.9
2,151.9
3,151.9
3,151.9
4,151.9
4,151.9
5,151.9
5,151.9
6,151.9
6,151.9
0,151.9
0,151.9
1,151.9
1,151.9
2,151.9
2,151.9
3,151.9
3,151.9
4,151.9
4,151.9
5,151.9
5,151.9
6,151.9
6,151.9
0,151.9
0,151.9
1,151.9
1,151.9
2,157.9
2,154.9
3,154.9
3,154.9
4,154.9
4,154.9
5,154.9
5,154.9
6,154.9
6,154.9
0,154.9
0,154.9
1,154.9
1,154.9
2,154.9
2,154.9
3,154.9
3,154.9
4,154.9
4,154.9
5,154.9
5,154.9
6,154.9
6,154.9
0,154.9
0,154.9
1,154.9
1,154.9
2,154.9
2,154.9
3,154.9
3,154.9
4,154.9
4,154.9
5,154.9
5,154.9
6,154.9
6,154.9
0,154.9
0,154.9
1,154.9
1,154.9
2,154.9
2,154.9
3,154.9
3,154.9
4,154.9
4,154.9
5,169.9
5,169.9
6,169.9
6,169.9
0,169.9
0,157.55
1,157.55
1,157.55
2,157.55
2,157.55
3,157.55
3,158.9
4,158.9
4,158.9
5,158.9
5,158.9
6,158.9
6,158.9
0,158.9
0,158.9
1,157.9
1,157.9
2,157.9
2,157.9
3,157.9
3,157.9
4,157.9
4,157.9
5,156.9
5,156.9
6,156.9
6,156.9
0,156.9
0,156.9
1,155.9
1,155.9
2,155.9
2,155.9
3,155.9
3,155.9
4,155.9
4,155.9
5,169.9
5,169.9
6,169.9
6,169.9
