0,106.9
0,104.9
1,104.9
1,104.9
2,103.9
2,101.9
3,101.9
3,100.9
4,100.9
4,100.9
5,99.9
5,99.9
6,99.9
6,99.9
0,99.9
0,99.9
1,99.9
1,98.39999999999999
2,98.39999999999999
2,98.39999999999999
3,96.9
3,96.9
4,96.9
4,96.9
5,96.9
5,96.9
6,96.9
6,96.9
0,96.9
0,96.4
1,96.4
1,96.4
2,127.4
2,127.4
3,127.4
3,127.4
4,127.4
4,127.4
5,125.9
5,125.9
6,125.9
6,125.9
0,124.9
0,124.9
1,122.9
1,122.9
2,122.9
2,122.9
3,122.9
3,118.9
4,118.9
4,118.9
5,116.4
5,116.4
6,114.4
6,112.9
0,112.5
0,112.5
1,109.7
1,108.3
2,108.3
2,108.3
3,104.36666666666667
3,104.36666666666667
4,104.36666666666667
4,104.36666666666667
5,104.36666666666667
5,104.36666666666667
6,104.36666666666667
6,104.36666666666667
0,101.9
0,101.9
1,101.9
1,101.9
2,129.9
2,129.9
3,129.9
3,127.4
4,127.4
4,127.4
5,126.9
5,126.9
6,126.2
6,126.2
0,123.9
0,122.9
1,119.9
1,119.9
2,119.9
2,115.9
3,115.9
3,115.9
4,115.9
4,115.9
5,115.9
5,115.9
6,115.4
6,114.4
0,110.23333333333335
0,110.23333333333335
1,108.6
1,107.7
2,106.56666666666666
2,106.1
3,105.60000000000001
3,104.3
4,104.3
4,131.65
5,131.65
5,131.65
6,129.9
6,129.9
0,129.9
0,129.9
1,129.9
1,129.9
2,129.9
2,129.9
3,129.9
3,129.9
4,125.9
4,125.9
5,125.9
5,125.9
6,125.9
6,125.9
0,125.9
0,125.9
1,125.9
1,125.9
2,125.9
2,125.9
3,125.9
3,125.9
4,125.9
4,125.9
5,125.9
5,125.9
6,125.9
6,125.9
0,125.9
0,125.9
1,125.9
1,125.9
2,125.9
2,125.9
3,125.9
3,125.9
4,125.9
4,125.9
5,125.9
5,125.9
6,125.9
6,125.9
0,125.9
0,125.9
1,125.9
1,125.9
2,125.9
2,125.9
3,125.9
3,125.9
4,125.9
4,125.9
5,125.9
5,125.9
6,125.9
6,125.9
0,125.9
0,125.9
1,125.9
1,125.9
2,125.9
2,125.9
3,125.9
3,125.9
4,125.9
4,125.9
5,125.9
5,125.9
6,125.9
6,125.9
0,125.9
0,125.9
1,125.9
1,125.9
2,125.9
2,125.9
3,125.9
3,125.9
4,125.9
4,125.9
5,125.9
5,125.9
6,125.9
6,125.9
0,125.9
0,125.9
1,125.9
1,125.9
2,125.9
2,125.9
3,125.9
3,125.9
4,125.9
4,125.9
5,125.9
5,125.9
6,125.9
6,125.9
0,125.9
0,125.9
1,125.9
1,125.9
2,125.9
2,125.9
3,125.9
3,125.9
4,125.9
4,125.9
5,125.9
5,125.9
6,125.9
6,125.9
0,125.9
0,125.9
1,125.9
1,125.9
2,125.9
2,125.9
3,125.9
3,125.9
4,125.9
4,125.9
5,125.9
5,125.9
6,125.9
6,125.9
0,125.9
0,125.9
1,125.9
1,125.9
2,125.9
2,125.9
3,125.9
3,125.9
4,125.9
4,125.9
5,125.9
5,133.9
6,133.9
6,133.9
0,133.9
0,133.9
1,133.9
1,133.4
2,133.4
2,133.4
3,133.4
3,133.4
4,133.4
4,133.4
5,133.4
5,133.4
6,131.9
6,131.9
0,131.4
0,131.4
1,131.4
1,125.9
2,125.9
2,125.9
3,125.9
3,125.9
4,125.9
4,125.9
5,125.9
5,125.9
6,125.9
6,125.9
0,125.9
0,125.9
1,125.9
1,125.9
2,121.9
2,121.9
3,121.9
3,121.9
4,121.9
4,121.9
5,121.9
5,121.9
6,119.9
6,118.9
0,118.9
0,118.9
1,118.9
1,118.9
2,118.9
2,118.9
3,118.9
3,118.9
4,118.9
4,118.9
5,118.9
5,118.9
6,118.9
6,118.9
0,118.9
0,118.9
1,118.9
1,118.9
2,118.9
2,118.9
3,118.9
3,144.9
4,144.9
4,144.9
5,144.9
5,144.9
6,144.4
6,144.4
0,144.4
0,144.4
1,144.4
1,143.9
2,143.9
2,143.9
3,140.5666666666667
3,140.5666666666667
4,136.9
4,136.9
5,136.9
5,136.9
6,136.9
6,136.9
0,134.9
0,134.7
1,134.7
1,134.7
2,134.7
2,131.9
3,131.9
3,131.9
4,131.9
4,131.9
5,131.9
5,131.9
6,131.9
6,131.9
0,125.9
0,125.9
1,125.9
1,125.9
2,122.65
2,122.65
3,122.65
3,122.65
4,122.65
4,122.65
5,122.65
5,122.65
6,122.65
6,122.65
0,122.65
0,118.4
1,118.4
1,115.4
2,115.4
2,115.4
3,115.4
3,115.4
4,115.4
4,114.4
5,114.4
5,114.4
6,114.4
6,114.4
0,114.4
0,113.9
1,113.9
1,113.9
2,113.9
2,113.9
3,113.9
3,113.9
4,113.9
4,113.9
5,113.9
5,113.9
6,113.9
6,113.9
0,113.9
0,112.9
1,111.9
1,111.9
2,111.9
2,111.9
3,111.9
3,144.9
4,144.9
4,144.9
5,144.9
5,144.9
6,144.9
6,144.9
0,144.9
0,141.9
1,138.9
1,136.9
2,136.9
2,136.9
3,136.9
3,136.9
4,136.9
4,136.9
5,136.9
5,136.9
6,136.9
6,136.9
0,131.9
0,131.9
1,131.9
1,131.9
2,131.9
2,131.9
3,131.9
3,127.4
4,127.4
4,127.4
5,127.4
5,127.4
6,127.4
6,127.4
0,124.9
0,124.9
1,121.9
1,121.9
2,121.9
2,120.9
3,118.9
3,118.9
4,118.9
4,118.9
5,116.9
5,116.9
6,116.9
6,116.9
0,116.9
0,116.9
1,116.9
1,116.9
2,116.9
2,116.9
3,116.9
3,116.9
4,114.9
4,113.9
5,113.9
5,112.9
6,112.9
6,112.9
0,112.9
0,112.9
1,112.9
1,112.9
2,112.9
2,112.9
3,111.9
3,111.9
4,111.9
4,111.5
5,111.5
5,110.4
6,110.4
6,110.4
0,110.4
0,110.4
1,110.4
1,110.4
2,110.4
2,110.4
3,110.4
3,110.4
4,110.4
4,108.9
5,108.9
5,108.9
6,108.9
6,108.9
0,108.9
0,108.9
1,108.9
1,108.9
2,108.9
2,108.9
3,107.7
3,107.7
4,139.9
4,139.9
5,139.9
5,139.4
6,138.9
6,138.9
0,138.9
0,137.9
1,136.9
1,136.9
2,134.9
2,134.9
3,134.9
3,134.9
4,134.9
4,132.9
5,132.9
5,132.9
6,130.4
6,130.4
0,130.4
0,130.4
1,130.4
1,130.4
2,130.4
2,130.4
3,126.9
3,126.9
4,126.9
4,126.9
5,126.9
5,126.9
6,126.9
6,126.9
0,122.9
0,122.9
1,122.9
1,120.9
2,120.9
2,118.9
3,117.9
3,115.9
4,114.9
4,114.7
5,114.7
5,114.7
6,114.7
6,114.7
0,114.4
0,113.9
1,113.9
1,113.9
2,113.9
2,113.9
3,113.9
3,112.9
4,112.15
4,112.15
5,139.9
5,139.9
6,139.9
6,139.9
0,139.4
0,139.4
1,139.4
1,139.4
2,137.9
2,137.9
3,135.4
3,135.4
4,131.9
4,131.9
5,131.9
5,129.9
6,127.4
6,125.9
0,121.9
0,121.9
1,121.9
1,119.9
2,119.9
2,117.90000000000002
3,114.9
3,112.9
4,112.9
4,112.9
5,112.9
5,112.9
6,112.9
6,112.9
0,112.9
0,112.9
1,112.9
1,112.9
2,112.9
2,111.9
3,111.7
3,111.7
4,111.7
4,111.7
5,111.7
5,111.7
6,111.7
6,111.7
0,111.7
0,111.7
1,110.7
1,110.7
2,141.9
2,141.9
3,141.9
3,141.9
4,141.9
4,141.4
5,141.4
5,141.4
6,139.9
6,139.9
0,136.9
0,136.9
1,136.9
1,136.9
2,131.9
2,131.9
3,131.9
3,130.9
4,130.9
4,129.9
5,129.9
5,129.9
6,129.9
6,129.9
0,129.9
0,129.9
1,129.9
1,129.9
2,126.15
2,126.15
3,126.15
3,124.15
4,120.9
4,120.9
5,117.9
5,117.9
6,117.9
6,117.9
0,114.6
0,113.9
1,113.0
1,111.9
2,111.9
2,111.15
3,108.9
3,108.5
4,108.15
4,107.7
5,107.7
5,107.7
6,107.7
6,107.7
0,107.7
0,106.7
1,105.9
1,105.9
2,104.5
2,104.5
3,103.9
3,103.9
4,103.9
4,103.9
5,103.9
5,103.9
6,103.9
6,103.9
0,103.9
0,103.9
1,103.9
1,103.9
2,103.9
2,103.9
3,103.9
3,131.9
4,131.4
4,130.9
5,130.9
5,130.9
6,130.9
6,130.9
0,130.9
0,130.9
1,130.9
1,129.9
2,129.9
2,129.9
3,129.9
3,129.9
4,127.9
4,127.9
5,125.9
5,125.9
6,125.9
6,123.9
0,121.9
0,121.9
1,120.9
1,120.9
2,120.9
2,119.4
3,119.4
3,119.4
4,117.9
4,117.9
5,117.9
5,114.9
6,114.9
6,114.9
0,114.9
0,114.9
1,112.9
1,110.5
2,109.10000000000001
2,106.9
3,106.9
3,106.7
4,106.7
4,106.7
5,106.30000000000001
5,106.30000000000001
6,105.9
6,105.9
0,105.9
0,105.9
1,105.9
1,105.9
2,105.9
2,105.9
3,105.9
3,105.9
4,105.9
4,134.9
5,134.9
5,134.9
6,134.9
6,134.9
0,134.9
0,134.9
1,134.9
1,134.9
2,134.65
2,134.65
3,134.4
3,134.4
4,132.4
4,130.4
5,129.0666666666667
5,129.0666666666667
6,127.9
6,127.9
0,127.9
0,126.65
1,125.65
1,125.65
2,124.9
2,124.9
3,124.9
3,124.9
4,124.9
4,122.4
5,120.4
5,120.4
6,118.40000000000002
6,118.40000000000002
0,117.4
0,115.9
1,114.9
1,112.7
2,112.7
2,112.7
3,112.7
3,111.9
4,111.9
4,111.9
5,111.7
5,111.7
6,109.9
6,109.9
0,109.9
0,109.9
1,109.9
1,109.9
2,109.9
2,108.9
3,108.9
3,108.9
4,108.9
4,108.9
5,108.9
5,108.9
6,125.9
6,125.9
0,142.4
0,142.4
1,141.9
1,141.9
2,141.9
2,137.4
3,136.9
3,136.9
4,136.4
4,136.4
5,135.9
5,135.9
6,133.5666666666667
6,133.5666666666667
0,131.9
0,131.9
1,131.9
1,131.9
2,129.9
2,125.9
3,125.9
3,124.40000000000002
4,123.9
4,123.4
5,123.4
5,117.4
6,116.9
6,116.9
0,116.43333333333334
0,116.43333333333334
1,116.43333333333334
1,114.7
2,114.7
2,114.7
3,114.7
3,113.9
4,113.9
4,112.9
5,112.5
5,111.9
6,111.9
6,111.9
0,111.9
0,111.9
1,111.9
1,111.5
2,111.5
2,111.5
3,111.5
3,142.9
4,142.9
4,142.9
5,142.9
5,142.9
6,142.9
6,142.9
0,142.9
0,142.9
1,142.4
1,140.9
2,139.9
2,139.9
3,139.9
3,138.9
4,137.9
4,131.9
5,131.9
5,131.9
6,131.9
6,129.9
0,127.4
0,127.4
1,123.9
1,122.9
2,122.9
2,119.80000000000001
3,119.80000000000001
3,118.4
4,118.4
4,116.4
5,116.4
5,116.4
6,116.4
6,116.4
0,116.4
0,116.4
1,112.9
1,112.9
2,112.9
2,112.9
3,112.9
3,112.9
4,144.9
4,144.9
5,144.9
5,144.9
6,144.9
6,144.4
0,142.9
0,142.9
1,142.9
1,142.9
2,142.9
2,142.9
3,142.9
3,141.65
4,141.65
4,141.65
5,141.65
5,141.65
6,141.65
6,141.65
0,141.65
0,141.65
1,141.65
1,139.60000000000002
2,137.9
2,131.9
3,131.9
3,131.9
4,131.9
4,131.9
5,131.9
5,129.9
6,129.9
6,129.9
0,129.9
0,129.9
1,129.9
1,128.9
2,127.9
2,127.4
3,127.4
3,126.9
4,126.15
4,126.2
5,126.2
5,126.2
6,126.2
6,149.9
0,149.9
0,149.9
1,149.9
1,149.9
2,147.9
2,147.9
3,147.9
3,147.9
4,147.9
4,147.9
5,147.9
5,147.9
6,148.9
6,148.9
0,148.9
0,148.9
1,148.9
1,148.9
2,147.9
2,145.55
3,140.45
3,140.45
4,140.45
4,136.375
5,136.375
5,132.9
6,131.9
6,130.2
0,127.8
0,127.2
1,127.2
1,125.7
2,125.7
2,125.7
3,125.7
3,124.9
4,124.9
4,124.9
5,122.2
5,122.2
6,122.2
6,122.2
0,122.2
0,122.2
1,121.9
1,120.4
2,120.4
2,120.4
3,149.9
3,149.9
4,149.9
4,149.9
5,149.9
5,149.9
6,149.9
6,149.9
0,148.7
0,148.7
1,147.9
1,147.9
2,147.9
2,147.9
3,147.9
3,146.7
4,146.7
4,146.7
5,146.7
5,146.7
6,146.7
6,146.7
0,144.7
0,140.2
1,141.2
1,140.2
2,138.07500000000002
2,138.07500000000002
3,138.07500000000002
3,135.7
4,135.7
4,135.7
5,135.7
5,132.43333333333334
6,132.43333333333334
6,130.9
0,130.9
0,130.9
1,130.9
1,130.9
2,128.55
2,128.55
3,128.55
3,128.55
4,128.55
4,128.55
5,124.9
5,124.9
6,124.9
6,124.9
0,124.9
0,124.9
1,124.9
1,124.2
2,123.8
2,123.8
3,123.8
3,123.8
4,123.8
4,149.9
5,149.9
5,149.9
6,149.9
6,149.9
0,149.9
0,149.7
1,149.7
1,149.7
2,148.2
2,148.2
3,148.2
3,148.2
4,148.2
4,145.85
5,145.85
5,145.85
6,145.85
6,145.85
0,145.85
0,145.85
1,145.85
1,145.85
2,141.9
2,138.2
3,136.2
3,135.2
4,132.9
4,132.9
5,132.9
5,132.9
6,132.9
6,132.9
0,132.9
0,132.9
1,132.9
1,132.9
2,132.9
2,128.9
3,128.9
3,128.9
4,128.9
4,128.9
5,128.2
5,128.2
6,128.2
6,128.2
0,128.2
0,128.2
1,126.9
1,126.9
2,126.9
2,126.5
3,122.55000000000001
3,122.55000000000001
4,122.55000000000001
4,122.55000000000001
5,122.55000000000001
5,122.55000000000001
6,122.55000000000001
6,122.55000000000001
0,122.55000000000001
0,122.55000000000001
1,122.55000000000001
1,122.55000000000001
2,122.55000000000001
2,122.55000000000001
3,122.55000000000001
3,122.55000000000001
4,122.55000000000001
4,122.55000000000001
5,122.55000000000001
5,122.55000000000001
6,122.55000000000001
6,122.55000000000001
0,122.55000000000001
0,122.55000000000001
1,122.55000000000001
1,121.9
2,121.9
2,121.9
3,121.9
3,148.9
4,148.9
4,148.9
5,148.9
5,148.9
6,148.9
6,148.9
0,148.9
0,148.9
1,148.9
1,148.9
2,144.5666666666667
2,139.9
3,139.9
3,139.9
4,139.9
4,139.9
5,139.9
5,136.9
6,136.9
6,136.9
0,133.9
0,131.4
1,127.9
1,126.9
2,123.9
2,123.9
3,123.9
3,121.9
4,121.9
4,121.9
5,121.9
5,121.9
6,121.9
6,121.9
0,121.9
0,120.9
1,120.9
1,120.9
2,120.9
2,120.9
3,120.9
3,120.9
4,120.9
4,120.9
5,120.9
5,120.9
6,120.9
6,120.9
0,149.9
0,149.9
1,149.9
1,149.9
2,147.9
2,141.9
3,141.9
3,137.9
4,137.9
4,137.9
5,137.9
5,137.9
6,137.9
6,137.9
0,137.9
0,137.9
1,134.9
1,134.9
2,134.9
2,131.9
3,131.9
3,128.9
4,126.7
4,126.5
5,126.5
5,125.4
6,125.4
6,125.4
0,123.9
0,123.9
1,123.9
1,123.9
2,123.9
2,123.9
3,123.9
3,123.9
4,123.9
4,123.9
5,123.5
5,122.9
6,122.9
6,122.9
0,122.9
0,122.9
1,122.9
1,122.9
2,122.9
2,122.9
3,122.9
3,121.9
4,121.9
4,151.9
5,151.9
5,151.9
6,151.9
6,151.9
0,151.9
0,151.9
1,147.9
1,139.9
2,139.9
2,139.9
3,139.9
3,139.9
4,139.9
4,139.9
5,139.9
5,139.9
6,139.9
6,139.9
0,139.9
0,139.9
1,139.9
1,139.9
2,139.9
2,139.9
3,139.9
3,139.9
4,138.9
4,138.9
5,135.9
5,135.9
6,135.9
6,135.9
0,135.9
0,135.9
1,135.9
1,135.9
2,135.9
2,135.9
3,135.9
3,156.9
4,156.9
4,156.9
5,154.9
5,154.9
6,151.9
6,151.9
