0,123.9
0,123.9
1,123.9
1,121.9
2,121.9
2,118.3
3,118.3
3,117.9
4,116.6
4,116.6
5,115.9
5,115.9
6,115.9
6,115.9
0,115.9
0,115.9
1,114.43333333333335
1,114.43333333333335
2,113.9
2,113.9
3,113.9
3,113.9
4,113.9
4,113.9
5,113.9
5,113.9
6,113.9
6,113.9
0,113.9
0,112.9
1,112.4
1,112.4
2,112.4
2,112.4
3,143.4
3,143.4
4,143.4
4,143.4
5,143.4
5,142.9
6,142.9
6,142.9
0,142.1
0,139.9
1,138.70000000000002
1,136.9
2,134.24000000000004
2,134.24000000000004
3,131.9
3,132.9
4,129.9
4,129.9
5,127.9
5,127.8
6,127.8
6,128.56666666666666
0,126.9
0,126.9
1,124.9
1,124.7
2,123.9
2,123.9
3,119.9
3,119.9
4,119.9
4,119.9
5,119.9
5,119.9
6,119.9
6,119.7
0,118.19999999999999
0,118.19999999999999
1,118.19999999999999
1,118.19999999999999
2,118.19999999999999
2,118.19999999999999
3,145.9
3,143.9
4,143.9
4,143.9
5,143.9
5,142.9
6,142.9
6,141.9
0,140.8
0,139.9
1,138.5666666666667
1,138.5666666666667
2,138.5666666666667
2,138.5666666666667
3,135.9
3,133.9
4,133.9
4,133.9
5,133.9
5,133.9
6,131.9
6,131.9
0,129.4
0,126.9
1,125.56666666666668
1,122.9
2,122.9
2,122.9
3,120.9
3,120.9
4,120.9
4,147.9
5,147.9
5,147.9
6,147.9
6,147.9
0,146.4
0,146.4
1,146.4
1,146.4
2,146.4
2,146.4
3,146.4
3,146.4
4,146.4
4,146.4
5,146.4
5,146.4
6,146.4
6,146.4
0,146.4
0,146.4
1,146.4
1,146.4
2,146.4
2,146.4
3,146.4
3,146.4
4,146.4
4,146.4
5,146.4
5,146.4
6,146.4
6,146.4
0,146.4
0,146.4
1,146.4
1,146.4
2,146.4
2,146.4
3,146.4
3,146.4
4,146.4
4,146.4
5,146.4
5,146.4
6,146.4
6,146.4
0,146.4
0,146.4
1,146.4
1,146.4
2,146.4
2,146.4
3,146.4
3,146.4
4,146.4
4,146.4
5,146.4
5,146.4
6,146.4
6,146.4
0,146.4
0,146.4
1,146.4
1,146.4
2,146.4
2,146.4
3,146.4
3,146.4
4,146.4
4,146.4
5,146.4
5,146.4
6,146.4
6,146.4
0,146.4
0,146.4
1,146.4
1,146.4
2,146.4
2,146.4
3,146.4
3,146.4
4,146.4
4,146.4
5,146.4
5,146.4
6,146.4
6,146.4
0,146.4
0,146.4
1,146.4
1,146.4
2,146.4
2,146.4
3,146.4
3,146.4
4,146.4
4,146.4
5,146.4
5,146.4
6,146.4
6,146.4
0,146.4
0,146.4
1,146.4
1,146.4
2,146.4
2,146.4
3,146.4
3,146.4
4,146.4
4,146.4
5,146.4
5,146.4
6,146.4
6,146.4
0,146.4
0,146.4
1,146.4
1,146.4
2,146.4
2,146.4
3,146.4
3,146.4
4,146.4
4,146.4
5,146.4
5,146.4
6,146.4
6,146.4
0,146.4
0,146.4
1,146.4
1,146.4
2,146.4
2,146.4
3,118.75
3,118.75
4,118.6
4,118.6
5,118.6
5,149.9
6,149.9
6,149.9
0,149.9
0,149.9
1,149.9
1,149.9
2,149.9
2,149.9
3,149.9
3,149.9
4,149.9
4,149.9
5,149.9
5,149.9
6,149.9
6,149.9
0,147.9
0,147.9
1,147.9
1,147.9
2,147.9
2,147.9
3,147.9
3,147.9
4,144.9
4,144.9
5,144.9
5,144.9
6,144.9
6,144.9
0,144.9
0,144.9
1,144.9
1,144.9
2,144.9
2,144.9
3,144.9
3,143.9
4,143.9
4,143.9
5,143.9
5,143.9
6,143.9
6,143.9
0,141.9
0,141.9
1,141.9
1,141.9
2,141.9
2,141.9
3,135.9
3,135.9
4,135.9
4,135.9
5,135.9
5,135.9
6,135.9
6,135.9
0,135.9
0,135.9
1,135.9
1,132.9
2,132.9
2,160.9
3,160.9
3,160.9
4,160.9
4,160.9
5,160.9
5,160.9
6,160.9
6,160.9
0,160.9
0,160.9
1,160.9
1,160.9
2,160.7
2,160.7
3,160.7
3,160.7
4,160.7
4,160.7
5,160.7
5,160.7
6,160.7
6,160.7
0,160.7
0,160.6
1,160.6
1,160.6
2,155.9
2,155.9
3,155.9
3,155.9
4,155.9
4,155.9
5,153.9
5,153.9
6,153.9
6,153.9
0,147.9
0,147.9
1,145.9
1,145.9
2,143.9
2,143.9
3,143.9
3,143.9
4,143.9
4,143.9
5,143.9
5,141.9
6,141.9
6,141.9
0,141.9
0,140.9
1,138.9
1,137.9
2,136.9
2,136.7
3,134.9
3,134.9
4,134.9
4,133.9
5,133.9
5,133.9
6,133.9
6,133.9
0,132.9
0,132.4
1,132.4
1,132.4
2,132.4
2,131.9
3,131.9
3,131.9
4,131.9
4,130.9
5,130.9
5,130.9
6,129.9
6,129.9
0,129.9
0,129.5
1,129.5
1,129.5
2,129.5
2,129.5
3,129.5
3,129.5
4,129.5
4,160.9
5,160.9
5,160.9
6,160.9
6,160.9
0,160.9
0,160.9
1,160.9
1,160.9
2,160.15
2,160.15
3,160.15
3,157.9
4,157.9
4,157.9
5,157.9
5,157.9
6,157.9
6,157.9
0,157.9
0,157.9
1,151.9
1,151.9
2,151.9
2,151.9
3,151.9
3,151.9
4,151.9
4,151.9
5,151.9
5,151.9
6,151.9
6,151.9
0,151.9
0,151.9
1,143.9
1,143.9
2,142.9
2,142.9
3,142.9
3,142.9
4,142.9
4,142.9
5,137.9
5,137.9
6,137.9
6,137.9
0,137.9
0,137.9
1,133.9
1,133.9
2,133.9
2,133.9
3,133.9
3,133.9
4,133.9
4,133.9
5,133.9
5,133.9
6,133.9
6,132.9
0,132.9
0,132.9
1,132.9
1,132.9
2,132.9
2,132.9
3,132.9
3,130.9
4,130.9
4,130.7
5,130.7
5,130.7
6,130.7
6,130.7
0,130.7
0,129.9
1,129.9
1,129.4
2,128.4
2,128.4
3,128.4
3,128.4
4,128.4
4,128.4
5,128.4
5,128.4
6,126.9
6,126.9
0,126.9
0,126.9
1,126.9
1,126.9
2,126.9
2,126.9
3,125.9
3,125.9
4,155.9
4,155.9
5,155.9
5,155.9
6,155.9
6,155.9
0,155.9
0,155.9
1,153.9
1,153.9
2,153.9
2,153.9
3,153.9
3,153.9
4,153.9
4,153.9
5,153.9
5,153.9
6,149.9
6,149.9
0,149.9
0,149.9
1,149.9
1,149.9
2,149.9
2,149.9
3,149.9
3,149.9
4,149.9
4,149.9
5,149.9
5,149.9
6,149.9
6,149.9
0,149.9
0,146.9
1,146.9
1,146.9
2,146.9
2,146.9
3,142.9
3,142.9
4,142.9
4,142.9
5,142.9
5,142.9
6,139.9
6,139.9
0,138.9
0,137.9
1,136.9
1,136.4
2,135.9
2,134.9
3,133.9
3,133.4
4,132.9
4,132.9
5,132.9
5,132.9
6,132.9
6,132.9
0,155.4
0,155.4
1,146.9
1,146.9
2,146.9
2,146.9
3,146.9
3,146.9
4,146.9
4,146.9
5,146.9
5,143.9
6,143.9
6,143.9
0,140.9
0,137.70000000000002
1,137.70000000000002
1,137.70000000000002
2,137.70000000000002
2,137.70000000000002
3,137.70000000000002
3,137.70000000000002
4,137.70000000000002
4,137.70000000000002
5,137.70000000000002
5,137.70000000000002
6,137.70000000000002
6,137.70000000000002
0,137.70000000000002
0,135.9
1,135.9
1,135.4
2,131.9
2,131.9
3,131.9
3,131.9
4,131.9
4,129.9
5,129.9
5,129.9
6,129.9
6,129.9
0,129.9
0,129.9
1,157.9
1,157.9
2,157.9
2,157.9
3,157.9
3,157.9
4,157.9
4,157.9
5,157.9
5,157.9
6,157.9
6,157.9
0,157.9
0,157.9
1,157.9
1,157.9
2,153.9
2,153.9
3,153.9
3,153.9
4,153.9
4,153.9
5,153.9
5,153.9
6,148.9
6,148.9
0,148.9
0,148.9
1,148.9
1,148.9
2,148.9
2,147.9
3,141.9
3,141.9
4,141.9
4,141.9
5,136.7
5,136.7
6,135.9
6,135.9
0,135.9
0,135.9
1,135.9
1,135.9
2,135.9
2,135.9
3,135.9
3,135.9
4,135.9
4,135.9
5,134.9
5,134.9
6,134.9
6,134.9
0,134.9
0,132.9
1,131.9
1,130.9
2,129.9
2,128.9
3,128.9
3,128.4
4,128.4
4,126.9
5,126.9
5,126.9
6,126.9
6,124.95
0,124.95
0,123.9
1,123.9
1,121.9
2,121.9
2,147.9
3,147.9
3,147.9
4,147.9
4,147.9
5,147.9
5,147.9
6,147.9
6,147.9
0,147.9
0,147.9
1,147.9
1,147.9
2,147.9
2,144.9
3,141.9
3,141.9
4,141.9
4,141.9
5,141.9
5,141.9
6,141.9
6,141.9
0,141.9
0,141.9
1,141.9
1,141.9
2,137.9
2,137.9
3,137.9
3,137.9
4,137.9
4,137.9
5,137.9
5,137.4
6,137.4
6,137.4
0,135.65
0,129.9
1,129.9
1,129.4
2,129.4
2,128.9
3,128.9
3,128.9
4,128.9
4,128.4
5,128.4
5,128.4
6,128.4
6,128.4
0,128.4
0,127.9
1,127.9
1,126.9
2,126.65
2,126.65
3,125.65
3,125.65
4,124.65
4,123.9
5,123.9
5,150.9
6,150.9
6,150.9
0,150.9
0,150.9
1,150.9
1,150.9
2,150.9
2,150.9
3,150.9
3,150.9
4,150.9
4,150.9
5,150.9
5,150.9
6,150.9
6,150.9
0,149.9
0,149.9
1,148.4
1,143.9
2,142.9
2,139.9
3,139.9
3,139.9
4,138.4
4,138.4
5,138.4
5,138.4
6,137.9
6,137.9
0,136.9
0,136.9
1,135.9
1,135.9
2,133.9
2,133.9
3,132.9
3,132.9
4,134.9
4,134.4
5,134.4
5,134.4
6,134.4
6,134.4
0,134.4
0,133.9
1,133.9
1,133.4
2,132.9
2,131.9
3,131.9
3,131.4
4,131.4
4,130.9
5,130.9
5,160.9
6,160.9
6,160.9
0,160.4
0,160.4
1,159.9
1,159.9
2,159.9
2,159.9
3,159.9
3,157.9
4,157.9
4,157.9
5,157.9
5,157.9
6,156.9
6,156.9
0,154.9
0,154.9
1,153.9
1,149.9
2,148.9
2,148.9
3,146.4
3,146.4
4,144.9
4,144.9
5,144.9
5,144.9
6,143.4
6,143.4
0,141.9
0,141.9
1,141.9
1,137.9
2,137.9
2,135.9
3,135.9
3,135.9
4,135.9
4,135.9
5,135.9
5,135.9
6,135.9
6,133.9
0,133.9
0,133.9
1,133.9
1,132.9
2,132.9
2,132.9
3,132.9
3,132.9
4,132.9
4,160.9
5,160.9
5,160.9
6,160.9
6,160.9
0,160.9
0,160.9
1,160.9
1,160.9
2,160.9
2,160.9
3,160.9
3,159.9
4,155.9
4,155.9
5,155.9
5,155.9
6,153.9
6,153.9
0,153.9
0,153.9
1,149.9
1,145.9
2,145.9
2,145.9
3,145.9
3,145.9
4,142.9
4,142.9
5,142.9
5,142.9
6,142.9
6,142.9
0,139.9
0,139.9
1,139.9
1,139.9
2,139.9
2,137.9
3,137.5666666666667
3,137.5666666666667
4,137.5666666666667
4,162.9
5,162.9
5,162.9
6,162.9
6,162.9
0,162.9
0,162.9
1,162.9
1,162.9
2,162.9
2,162.9
3,162.9
3,162.9
4,160.9
4,160.9
5,160.9
5,160.9
6,160.9
6,160.9
0,160.9
0,160.9
1,160.9
1,159.9
2,159.9
2,158.9
3,158.9
3,158.9
4,158.9
4,154.9
5,154.9
5,154.9
6,150.9
6,150.9
0,150.9
0,148.9
1,148.9
1,146.43333333333337
2,146.43333333333337
2,144.7
3,144.7
3,144.7
4,142.7
4,142.7
5,142.7
5,167.9
6,167.9
6,167.9
0,167.9
0,167.9
1,167.9
1,167.9
2,167.9
2,166.9
3,166.9
3,164.4
4,164.4
4,164.4
5,164.4
5,164.4
6,164.4
6,164.4
0,164.4
0,164.4
1,164.4
1,164.4
2,159.9
2,159.9
3,159.9
3,159.9
4,158.9
4,156.8
5,156.8
5,156.8
6,155.2
6,153.13333333333335
0,153.13333333333335
0,153.13333333333335
1,153.13333333333335
1,153.13333333333335
2,151.9
2,150.7
3,150.7
3,149.9
4,149.9
4,148.4
5,148.4
5,148.4
6,146.5
6,146.5
0,145.5
0,144.9
1,143.9
1,142.9
2,142.9
2,142.9
3,142.9
3,167.9
4,167.9
4,167.9
5,167.9
5,167.9
6,167.9
6,167.9
0,167.9
0,167.9
1,167.9
1,167.9
2,167.9
2,167.9
3,167.9
3,167.9
4,167.9
4,165.9
5,165.9
5,165.9
6,165.9
6,165.9
0,163.9
0,161.9
1,160.9
1,159.9
2,158.4
2,158.4
3,158.4
3,157.9
4,156.9
4,155.9
5,154.9
5,154.9
6,154.9
6,154.9
0,154.9
0,154.9
1,154.9
1,154.9
2,154.9
2,154.9
3,154.9
3,154.9
4,154.9
4,154.9
5,154.9
5,154.9
6,154.9
6,154.9
0,154.9
0,154.9
1,153.9
1,153.9
2,153.9
2,149.9
3,149.9
3,149.9
4,149.9
4,167.9
5,167.9
5,167.9
6,167.9
6,167.9
0,167.9
0,167.9
1,167.9
1,167.9
2,167.9
2,167.9
3,167.9
3,167.9
4,167.9
4,167.9
5,167.9
5,167.9
6,167.9
6,167.9
0,165.9
0,165.9
1,160.9
1,159.9
2,157.9
2,157.9
3,151.1
3,150.6
4,150.6
4,149.9
5,148.5
5,147.9
6,147.9
6,147.9
0,146.9
0,145.7
1,145.5
1,145.5
2,145.3
2,145.3
3,145.3
3,145.3
4,145.3
4,145.3
5,145.3
5,144.9
6,143.9
6,143.9
0,143.9
0,143.9
1,143.9
1,143.9
2,142.9
2,142.9
3,142.9
3,142.9
4,142.9
4,142.9
5,142.9
5,142.9
6,142.9
6,142.9
0,142.9
0,142.9
1,142.9
1,142.9
2,142.9
2,142.9
3,142.9
3,142.9
4,142.9
4,142.9
5,142.9
5,142.9
6,142.9
6,142.9
0,142.9
0,142.9
1,142.5
1,142.5
2,142.5
2,167.9
3,167.9
3,166.9
4,166.9
4,166.9
5,166.9
5,166.9
6,166.9
6,166.9
0,166.9
0,166.9
1,166.9
1,166.9
2,166.9
2,166.9
3,164.9
3,163.9
4,163.9
4,163.9
5,163.9
5,163.9
6,163.9
6,163.9
0,159.9
0,159.9
1,157.4
1,157.4
2,157.4
2,157.4
3,157.4
3,152.9
4,149.9
4,149.9
5,149.9
5,149.9
6,147.9
6,147.9
0,147.9
0,147.9
1,147.9
1,147.9
2,147.9
2,147.9
3,147.9
3,146.9
4,146.9
4,145.9
5,145.9
5,140.7
6,140.7
6,140.7
0,167.9
0,167.9
1,167.9
1,167.9
2,167.9
2,167.9
3,167.9
3,167.9
4,167.9
4,167.9
5,167.9
5,167.9
6,167.9
6,167.9
0,165.9
0,165.9
1,163.9
1,163.9
2,163.9
2,163.9
3,159.9
3,159.9
4,154.9
4,154.9
5,154.9
5,154.9
6,154.9
6,154.9
0,154.9
0,154.9
1,154.9
1,153.9
2,153.9
2,152.9
3,152.9
3,152.9
4,152.9
4,152.9
5,152.9
5,152.9
6,152.9
6,152.9
0,148.9
0,148.9
1,148.9
1,148.9
2,148.9
2,148.9
3,148.9
3,148.9
4,148.9
4,169.9
5,169.9
5,169.9
6,169.9
6,169.9
0,169.9
0,169.9
1,169.9
1,169.9
2,169.9
2,169.9
3,167.9
3,167.9
4,167.9
4,167.9
5,167.9
5,167.9
6,167.9
6,167.9
0,167.9
0,167.9
1,167.9
1,167.9
2,167.9
2,167.9
3,167.9
3,165.9
4,165.9
4,165.9
5,165.9
5,165.9
6,163.9
6,163.9
0,163.9
0,161.9
1,161.9
1,161.9
2,161.9
2,161.9
3,174.9
3,174.9
4,174.9
4,174.9
5,174.4
5,174.4
6,174.4
6,174.4
