0,124.15
0,122.9
1,122.15
1,122.15
2,122.15
2,118.4
3,118.4
3,118.4
4,118.4
4,118.4
5,116.9
5,116.9
6,116.9
6,116.9
0,116.9
0,115.9
1,114.9
1,114.4
2,114.3
2,113.9
3,113.35
3,113.35
4,113.35
4,113.35
5,113.35
5,113.35
6,113.35
6,113.35
0,112.4
0,112.4
1,112.4
1,112.4
2,143.9
2,143.9
3,143.4
3,141.9
4,141.9
4,141.9
5,141.9
5,141.9
6,141.9
6,141.9
0,141.9
0,141.9
1,140.4
1,139.4
2,139.4
2,137.4
3,137.4
3,134.4
4,132.9
4,131.9
5,130.9
5,130.9
6,130.4
6,129.4
0,128.15
0,128.15
1,125.69999999999999
1,125.69999999999999
2,125.69999999999999
2,125.69999999999999
3,120.9
3,119.9
4,119.9
4,119.9
5,119.9
5,119.9
6,119.9
6,119.4
0,118.4
0,118.4
1,118.4
1,118.4
2,118.4
2,118.4
3,145.9
3,145.9
4,143.4
4,143.4
5,143.4
5,143.4
6,143.4
6,142.4
0,136.9
0,143.4
1,143.4
1,133.9
2,133.9
2,143.4
3,133.9
3,140.15
4,131.9
4,137.65
5,137.65
5,137.65
6,137.65
6,130.15
0,128.65
0,125.4
1,124.4
1,123.9
2,122.85
2,122.3
3,121.30000000000001
3,121.30000000000001
4,121.30000000000001
4,147.4
5,147.4
5,145.9
6,145.9
6,145.9
0,145.9
0,145.9
1,145.9
1,145.9
2,145.9
2,145.9
3,145.9
3,142.4
4,140.4
4,139.4
5,139.4
5,139.4
6,139.4
6,139.4
0,139.4
0,139.4
1,139.4
1,139.4
2,139.4
2,139.4
3,139.4
3,139.4
4,139.4
4,139.4
5,139.4
5,139.4
6,139.4
6,139.4
0,139.4
0,139.4
1,139.4
1,139.4
2,139.4
2,139.4
3,139.4
3,139.4
4,139.4
4,139.4
5,139.4
5,139.4
6,139.4
6,139.4
0,139.4
0,139.4
1,139.4
1,139.4
2,139.4
2,139.4
3,139.4
3,139.4
4,139.4
4,139.4
5,139.4
5,139.4
6,139.4
6,139.4
0,139.4
0,139.4
1,139.4
1,139.4
2,139.4
2,139.4
3,139.4
3,139.4
4,139.4
4,139.4
5,139.4
5,139.4
6,139.4
6,139.4
0,139.4
0,139.4
1,139.4
1,139.4
2,139.4
2,139.4
3,139.4
3,139.4
4,139.4
4,139.4
5,139.4
5,139.4
6,139.4
6,139.4
0,139.4
0,139.4
1,139.4
1,139.4
2,139.4
2,139.4
3,139.4
3,139.4
4,139.4
4,139.4
5,139.4
5,139.4
6,139.4
6,139.4
0,139.4
0,139.4
1,139.4
1,139.4
2,139.4
2,139.4
3,139.4
3,139.4
4,139.4
4,139.4
5,139.4
5,139.4
6,139.4
6,139.4
0,139.4
0,139.4
1,139.4
1,139.4
2,139.4
2,139.4
3,139.4
3,139.4
4,139.4
4,139.4
5,139.4
5,139.4
6,139.4
6,139.4
0,139.4
0,139.4
1,139.4
1,139.4
2,139.4
2,139.4
3,139.4
3,139.4
4,139.4
4,139.4
5,139.4
5,147.9
6,147.9
6,147.9
0,147.9
0,147.9
1,147.9
1,147.9
2,147.9
2,147.9
3,147.9
3,147.9
4,147.9
4,147.9
5,147.9
5,147.9
6,147.9
6,147.9
0,147.9
0,147.9
1,147.9
1,145.9
2,145.9
2,145.9
3,145.9
3,145.9
4,145.9
4,145.9
5,145.9
5,145.9
6,145.9
6,145.9
0,145.9
0,145.9
1,145.9
1,145.9
2,145.9
2,145.9
3,145.9
3,145.9
4,144.9
4,144.9
5,144.9
5,144.9
6,144.9
6,144.9
0,138.4
0,138.4
1,138.4
1,138.4
2,137.9
2,137.9
3,137.9
3,137.9
4,137.9
4,137.9
5,137.9
5,137.9
6,137.9
6,137.9
0,137.9
0,137.9
1,137.9
1,135.9
2,135.9
2,135.9
3,160.9
3,160.9
4,160.9
4,160.4
5,160.4
5,160.4
6,160.4
6,160.4
0,160.4
0,160.4
1,160.4
1,159.9
2,159.9
2,159.9
3,159.9
3,157.9
4,157.9
4,157.9
5,157.9
5,157.9
6,157.9
6,157.9
0,157.9
0,155.9
1,155.9
1,155.9
2,150.4
2,149.9
3,147.15
3,145.9
4,142.9
4,142.9
5,142.9
5,142.9
6,142.9
6,140.5
0,140.5
0,139.5
1,137.5
1,137.5
2,137.5
2,136.5
3,136.5
3,136.5
4,136.5
4,135.9
5,135.9
5,135.9
6,135.9
6,135.9
0,134.9
0,133.9
1,133.9
1,132.9
2,132.5
2,131.9
3,131.9
3,131.9
4,131.9
4,131.4
5,131.4
5,131.4
6,131.4
6,131.4
0,131.4
0,130.9
1,129.9
1,129.9
2,129.5
2,129.5
3,129.5
3,129.5
4,129.5
4,129.5
5,129.5
5,129.5
6,128.8
6,128.8
0,128.5
0,128.5
1,127.9
1,127.9
2,127.9
2,160.9
3,160.9
3,160.9
4,158.9
4,158.9
5,158.9
5,158.9
6,158.9
6,158.9
0,157.9
0,154.9
1,154.9
1,152.9
2,152.9
2,150.9
3,149.5
3,149.5
4,149.5
4,149.5
5,149.5
5,149.5
6,149.5
6,149.5
0,148.5
0,145.5
1,145.5
1,144.5
2,144.5
2,144.5
3,144.5
3,143.29999999999998
4,143.29999999999998
4,143.29999999999998
5,143.29999999999998
5,143.29999999999998
6,143.29999999999998
6,143.29999999999998
0,140.5
0,140.5
1,139.5
1,139.15
2,137.2
2,137.2
3,135.9
3,135.9
4,135.9
4,133.9
5,133.9
5,133.9
6,133.9
6,133.9
0,133.9
0,133.9
1,132.9
1,132.9
2,131.9
2,131.9
3,131.9
3,131.9
4,131.9
4,131.9
5,131.9
5,131.9
6,131.9
6,131.9
0,131.9
0,131.9
1,130.9
1,128.4
2,128.4
2,128.4
3,128.4
3,128.4
4,128.4
4,128.4
5,128.4
5,128.4
6,128.4
6,128.4
0,128.4
0,128.4
1,128.4
1,127.4
2,127.4
2,127.4
3,127.4
3,127.4
4,127.4
4,127.4
5,127.4
5,127.4
6,127.4
6,126.9
0,126.9
0,126.9
1,126.9
1,126.9
2,124.9
2,124.9
3,124.4
3,124.4
4,124.4
4,124.4
5,154.4
5,154.4
6,154.4
6,154.4
0,154.4
0,154.4
1,152.9
1,152.9
2,152.9
2,150.65
3,148.4
3,147.9
4,147.9
4,147.9
5,147.9
5,147.9
6,146.9
6,145.15
0,144.4
0,144.4
1,144.4
1,143.4
2,143.4
2,142.4
3,141.4
3,141.4
4,140.4
4,140.4
5,140.4
5,139.4
6,139.4
6,138.9
0,137.9
0,136.9
1,136.9
1,136.15
2,136.15
2,134.9
3,134.9
3,133.9
4,132.9
4,131.9
5,130.9
5,130.9
6,130.9
6,130.9
0,130.9
0,130.15
1,130.15
1,128.9
2,128.9
2,128.9
3,128.9
3,155.9
4,155.9
4,155.9
5,155.4
5,154.4
6,154.4
6,154.4
0,154.4
0,154.4
1,154.4
1,154.4
2,154.4
2,154.4
3,152.9
3,150.4
4,146.4
4,146.4
5,146.4
5,144.65
6,144.65
6,144.65
0,140.4
0,138.4
1,137.7
1,137.15
2,135.9
2,135.9
3,134.9
3,132.9
4,132.9
4,132.9
5,132.9
5,132.9
6,132.9
6,132.9
0,131.9
0,131.9
1,131.9
1,131.9
2,130.9
2,130.9
3,130.9
3,130.9
4,130.9
4,130.9
5,130.9
5,130.9
6,130.9
6,130.9
0,130.9
0,130.9
1,126.80000000000001
1,126.80000000000001
2,126.80000000000001
2,157.9
3,155.9
3,155.9
4,155.9
4,155.9
5,155.9
5,155.9
6,155.9
6,155.9
0,153.9
0,150.9
1,150.9
1,150.9
2,147.4
2,147.4
3,143.9
3,142.9
4,142.9
4,142.9
5,142.9
5,141.9
6,141.9
6,141.9
0,141.9
0,141.9
1,141.9
1,140.9
2,140.9
2,138.4
3,138.4
3,136.9
4,135.9
4,133.9
5,132.9
5,132.9
6,132.9
6,131.4
0,131.4
0,129.9
1,129.9
1,127.9
2,127.9
2,126.9
3,125.9
3,125.9
4,124.9
4,124.9
5,124.9
5,124.9
6,124.9
6,124.9
0,123.9
0,123.9
1,123.9
1,123.4
2,123.4
2,121.4
3,121.4
3,121.4
4,121.4
4,121.4
5,121.4
5,121.4
6,121.4
6,121.4
0,121.4
0,121.4
1,121.4
1,121.4
2,121.4
2,121.4
3,121.4
3,121.4
4,121.4
4,121.4
5,121.4
5,121.4
6,121.4
6,121.4
0,121.4
0,121.4
1,121.4
1,121.4
2,121.4
2,121.4
3,121.4
3,121.4
4,121.4
4,121.4
5,121.4
5,121.4
6,121.4
6,121.4
0,121.4
0,121.4
1,121.4
1,121.4
2,121.4
2,121.4
3,121.4
3,121.4
4,121.4
4,121.4
5,121.4
5,121.4
6,121.4
6,121.4
0,121.4
0,121.4
1,121.4
1,121.4
2,121.4
2,121.4
3,121.4
3,121.4
4,121.4
4,121.4
5,121.4
5,121.4
6,121.4
6,121.4
0,121.4
0,121.4
1,121.4
1,121.4
2,121.4
2,121.4
3,121.4
3,121.4
4,121.4
4,121.4
5,121.4
5,121.4
6,121.4
6,121.4
0,121.4
0,121.4
1,121.4
1,121.4
2,121.4
2,121.4
3,121.4
3,121.4
4,121.4
4,121.4
5,121.4
5,121.4
6,121.4
6,121.4
0,121.4
0,121.4
1,121.4
1,121.4
2,121.4
2,121.4
3,121.4
3,121.4
4,121.4
4,121.4
5,121.4
5,121.4
6,121.4
6,121.4
0,121.4
0,121.4
1,121.4
1,121.4
2,121.4
2,121.4
3,121.4
3,121.4
4,121.4
4,121.4
5,121.4
5,121.4
6,121.4
6,121.4
0,121.4
0,121.4
1,121.4
1,121.4
2,121.4
2,121.4
3,121.4
3,121.4
4,121.4
4,121.4
5,121.4
5,121.4
6,121.4
6,121.4
0,121.4
0,121.4
1,148.9
1,148.9
2,148.9
2,148.9
3,148.9
3,148.9
4,148.9
4,148.9
5,148.9
5,148.9
6,148.9
6,148.9
0,148.9
0,148.9
1,148.9
1,148.9
2,148.9
2,148.9
3,148.9
3,148.9
4,148.9
4,148.9
5,148.9
5,148.9
6,148.9
6,148.9
0,143.4
0,143.4
1,148.9
1,135.9
2,135.9
2,134.9
3,134.9
3,134.9
4,134.9
4,133.9
5,132.4
5,132.4
6,131.7
6,131.7
0,131.7
0,130.8
1,129.9
1,129.9
2,129.9
2,129.9
3,129.9
3,129.9
4,129.9
4,129.9
5,129.9
5,129.9
6,129.9
6,129.9
0,129.9
0,129.9
1,129.9
1,129.9
2,129.9
2,129.9
3,129.9
3,129.9
4,129.9
4,129.9
5,129.9
5,129.9
6,129.9
6,129.9
0,151.7
0,149.9
1,149.9
1,145.9
2,144.9
2,141.4
3,141.4
3,139.7
4,138.7
4,138.7
5,136.7
5,136.7
6,136.7
6,134.7
0,134.7
0,133.7
1,133.7
1,132.7
2,132.7
2,132.7
3,132.7
3,162.9
4,160.9
4,160.9
5,160.9
5,160.9
6,160.9
6,160.9
0,160.9
0,160.9
1,160.9
1,160.9
2,160.9
2,158.9
3,158.9
3,158.9
4,156.9
4,156.9
5,156.9
5,156.9
6,156.9
6,156.9
0,155.9
0,155.8
1,155.8
1,155.8
2,155.8
2,155.8
3,155.8
3,155.8
4,155.8
4,155.8
5,155.8
5,155.8
6,155.8
6,155.8
0,155.8
0,155.8
1,155.8
1,155.8
2,155.8
2,155.8
3,155.8
3,155.8
4,155.8
4,155.8
5,155.8
5,155.8
6,155.8
6,155.8
0,155.8
0,155.8
1,155.8
1,155.8
2,155.8
2,155.8
3,155.8
3,155.8
4,155.8
4,155.8
5,155.8
5,155.8
6,155.8
6,155.8
0,155.8
0,155.8
1,155.8
1,155.8
2,155.8
2,155.8
3,155.8
3,155.8
4,155.8
4,155.8
5,155.8
5,155.8
6,155.8
6,155.8
0,155.8
0,155.8
1,155.8
1,155.8
2,155.8
2,155.8
3,155.8
3,155.8
4,155.8
4,155.8
5,155.8
5,155.8
6,155.8
6,155.8
0,155.8
0,155.8
1,155.8
1,155.8
2,155.8
2,155.8
3,155.8
3,155.8
4,155.8
4,155.8
5,155.8
5,155.8
6,155.8
6,155.8
0,155.8
0,155.8
1,155.8
1,155.8
2,155.8
2,155.8
3,155.8
3,155.8
4,155.8
4,155.8
5,155.8
5,155.8
6,155.8
6,155.8
0,155.8
0,155.8
1,155.8
1,155.8
2,155.8
2,155.8
3,155.8
3,155.8
4,155.8
4,155.8
5,155.8
5,155.8
6,155.8
6,155.8
0,155.8
0,155.8
1,155.8
1,155.8
2,155.8
2,155.8
3,155.8
3,155.8
4,155.8
4,155.8
5,155.8
5,155.8
6,155.8
6,155.8
0,155.8
0,155.8
1,155.8
1,155.8
2,155.8
2,155.8
3,155.8
3,155.8
4,155.8
4,155.8
5,155.8
5,155.8
6,155.8
6,155.8
0,155.8
0,155.8
1,155.8
1,155.8
2,155.8
2,155.8
3,155.8
3,155.8
4,155.8
4,155.8
5,155.8
5,155.8
6,155.8
6,155.8
0,155.8
0,155.8
1,155.8
1,155.8
2,155.8
2,155.8
3,155.8
3,155.8
4,155.8
4,155.8
5,155.8
5,155.8
6,155.8
6,155.8
0,155.8
0,155.8
1,155.8
1,155.8
2,155.8
2,155.8
3,155.8
3,155.8
4,155.8
4,155.8
5,155.8
5,155.8
6,155.8
6,155.8
0,155.8
0,155.8
1,155.8
1,155.8
2,155.8
2,155.8
3,155.8
3,155.8
4,155.8
4,155.8
5,155.8
5,155.8
6,155.8
6,155.8
0,155.8
0,155.8
1,155.8
1,155.8
2,155.8
2,155.8
3,155.8
3,155.8
4,155.8
4,155.8
5,155.8
5,155.8
6,155.8
6,155.8
0,155.8
0,155.8
1,155.8
1,155.8
2,155.8
2,155.8
3,155.8
3,155.8
4,155.8
4,155.8
5,155.8
5,155.8
6,155.8
6,155.8
0,155.8
0,155.8
1,155.8
1,155.8
2,155.8
2,155.8
3,155.8
3,155.8
4,155.8
4,155.8
5,155.8
5,155.8
6,155.8
6,155.8
0,155.8
0,155.8
1,155.8
1,155.8
2,155.8
2,155.8
3,155.8
3,155.8
4,155.8
4,155.8
5,155.8
5,155.8
6,155.8
6,155.8
0,155.8
0,155.8
1,155.8
1,155.8
2,155.8
2,155.8
3,155.8
3,155.8
4,155.8
4,155.8
5,155.8
5,155.8
6,155.8
6,155.8
0,155.8
0,155.8
1,155.8
1,155.8
2,155.8
2,155.8
3,155.8
3,155.8
4,155.8
4,155.8
5,155.8
5,155.8
6,155.8
6,155.8
0,155.8
0,155.8
1,155.8
1,155.8
2,155.8
2,155.8
3,155.8
3,155.8
4,155.8
4,155.8
5,155.8
5,155.8
6,155.8
6,155.8
0,155.8
0,155.8
1,155.8
1,155.8
2,155.8
2,155.8
3,155.8
3,155.8
4,155.8
4,155.8
5,155.8
5,155.8
6,155.8
6,155.8
0,155.8
0,155.8
1,155.8
1,155.8
2,155.8
2,139.46666666666667
3,139.46666666666667
3,139.46666666666667
4,139.46666666666667
4,168.9
5,168.9
5,168.9
6,168.9
6,167.9
0,166.9
0,164.4
1,164.4
1,164.4
2,164.4
2,164.4
3,164.4
3,164.4
4,164.4
4,164.4
5,164.4
5,164.4
6,164.4
6,164.4
0,164.4
0,164.4
1,164.4
1,164.4
2,164.4
2,164.4
3,164.4
3,162.9
4,162.9
4,162.9
5,162.9
5,158.9
6,158.9
6,158.9
0,158.9
0,158.9
1,158.9
1,158.9
2,158.9
2,158.9
3,158.9
3,172.9
4,172.9
4,172.9
5,172.9
5,172.9
6,172.9
6,172.9
