0,122.4
0,122.4
1,122.4
1,122.4
2,120.9
2,118.5
3,118.5
3,118.5
4,118.5
4,117.9
5,117.9
5,117.9
6,117.9
6,117.9
0,116.9
0,116.9
1,116.9
1,116.9
2,114.9
2,114.9
3,114.9
3,114.9
4,114.9
4,114.9
5,114.9
5,114.9
6,114.9
6,114.9
0,112.4
0,112.4
1,112.4
1,112.4
2,112.4
2,112.4
3,143.4
3,143.4
4,142.9
4,142.9
5,142.9
5,142.9
6,142.9
6,142.9
0,142.9
0,142.9
1,140.4
1,140.4
2,140.4
2,140.4
3,137.4
3,134.9
4,133.1
4,131.9
5,129.7
5,129.7
6,129.7
6,128.5
0,126.45
0,124.5
1,122.5
1,121.5
2,121.5
2,121.5
3,119.9
3,119.9
4,119.9
4,119.9
5,119.9
5,119.9
6,119.9
6,118.4
0,118.4
0,118.4
1,118.4
1,118.4
2,118.4
2,118.4
3,136.23333333333335
3,136.23333333333335
4,144.7
4,143.4
5,141.9
5,141.9
6,141.9
6,139.9
0,136.9
0,134.4
1,132.1
1,132.1
2,132.1
2,132.1
3,130.4
3,130.4
4,130.4
4,130.4
5,130.4
5,130.4
6,130.4
6,128.9
0,126.5
0,125.9
1,123.2
1,123.2
2,123.2
2,123.2
3,121.6
3,121.6
4,121.6
4,147.9
5,146.9
5,146.9
6,146.9
6,145.9
0,145.9
0,145.9
1,145.9
1,145.9
2,145.9
2,145.9
3,145.9
3,139.9
4,136.9
4,136.9
5,136.9
5,136.9
6,136.9
6,136.9
0,136.9
0,136.9
1,136.9
1,136.9
2,136.9
2,136.9
3,136.9
3,136.9
4,136.9
4,136.9
5,136.9
5,136.9
6,136.9
6,136.9
0,136.9
0,136.9
1,136.9
1,136.9
2,136.9
2,136.9
3,136.9
3,136.9
4,136.9
4,136.9
5,136.9
5,136.9
6,136.9
6,136.9
0,136.9
0,136.9
1,136.9
1,136.9
2,136.9
2,136.9
3,136.9
3,136.9
4,136.9
4,136.9
5,136.9
5,136.9
6,136.9
6,136.9
0,136.9
0,136.9
1,136.9
1,136.9
2,136.9
2,136.9
3,136.9
3,136.9
4,136.9
4,136.9
5,136.9
5,136.9
6,136.9
6,136.9
0,136.9
0,136.9
1,136.9
1,136.9
2,136.9
2,136.9
3,136.9
3,136.9
4,136.9
4,136.9
5,136.9
5,136.9
6,136.9
6,136.9
0,136.9
0,136.9
1,136.9
1,136.9
2,136.9
2,136.9
3,136.9
3,136.9
4,136.9
4,136.9
5,136.9
5,136.9
6,136.9
6,136.9
0,136.9
0,136.9
1,136.9
1,136.9
2,136.9
2,136.9
3,136.9
3,136.9
4,136.9
4,136.9
5,136.9
5,136.9
6,136.9
6,136.9
0,136.9
0,136.9
1,136.9
1,136.9
2,136.9
2,136.9
3,136.9
3,136.9
4,136.9
4,136.9
5,136.9
5,136.9
6,136.9
6,136.9
0,136.9
0,136.9
1,136.9
1,136.9
2,136.9
2,136.9
3,136.9
3,136.9
4,136.9
4,149.9
5,149.9
5,149.9
6,149.9
6,149.9
0,149.9
0,148.9
1,147.7
1,147.7
2,147.7
2,147.7
3,147.7
3,147.7
4,147.7
4,147.4
5,147.4
5,147.4
6,147.4
6,147.4
0,147.4
0,145.9
1,144.9
1,144.9
2,144.9
2,144.9
3,144.9
3,141.9
4,141.9
4,141.9
5,141.9
5,141.9
6,141.9
6,141.9
0,141.9
0,139.9
1,139.9
1,139.9
2,139.9
2,139.9
3,139.9
3,139.9
4,137.9
4,137.9
5,137.9
5,137.9
6,137.9
6,137.9
0,137.9
0,135.9
1,135.9
1,135.9
2,135.9
2,135.9
3,135.9
3,135.9
4,135.9
4,135.9
5,135.9
5,135.9
6,135.9
6,135.9
0,135.9
0,135.9
1,135.9
1,135.9
2,160.9
2,160.9
3,160.9
3,160.9
4,160.9
4,160.9
5,160.9
5,160.9
6,160.9
6,160.9
0,157.9
0,157.9
1,157.9
1,157.9
2,157.9
2,157.9
3,155.9
3,155.9
4,155.9
4,154.9
5,154.9
5,154.9
6,154.9
6,154.9
0,154.9
0,154.9
1,154.9
1,151.9
2,149.9
2,147.9
3,145.9
3,144.9
4,144.9
4,143.9
5,143.9
5,142.9
6,141.9
6,141.9
0,141.9
0,139.9
1,139.9
1,138.9
2,138.9
2,138.9
3,138.9
3,138.9
4,138.9
4,138.9
5,138.9
5,138.9
6,137.9
6,137.9
0,137.9
0,136.9
1,135.9
1,134.9
2,134.9
2,134.9
3,134.9
3,134.9
4,134.9
4,134.2
5,134.2
5,134.2
6,134.2
6,134.2
0,132.9
0,132.4
1,132.4
1,132.4
2,132.4
2,132.4
3,132.4
3,131.9
4,131.9
4,131.9
5,131.9
5,131.9
6,131.9
6,131.9
0,131.5
0,130.9
1,130.9
1,130.4
2,130.4
2,130.4
3,130.4
3,130.4
4,130.4
4,160.9
5,160.9
5,160.9
6,160.9
6,160.9
0,158.9
0,158.9
1,158.9
1,157.9
2,157.9
2,157.9
3,155.9
3,155.9
4,154.10000000000002
4,151.9
5,151.9
5,151.9
6,151.9
6,149.15
0,149.15
0,149.15
1,147.9
1,147.9
2,147.5
2,147.5
3,145.9
3,144.9
4,144.9
4,144.9
5,144.9
5,137.4
6,137.4
6,137.4
0,137.4
0,137.4
1,136.8
1,134.8
2,134.8
2,134.8
3,134.8
3,134.8
4,134.8
4,132.9
5,132.9
5,131.7
6,131.7
6,131.7
0,131.7
0,131.7
1,131.7
1,131.7
2,131.7
2,131.7
3,131.7
3,131.7
4,131.7
4,131.7
5,131.7
5,131.7
6,131.7
6,131.5
0,131.5
0,127.9
1,127.9
1,127.9
2,127.9
2,127.9
3,127.5
3,127.5
4,126.9
4,126.5
5,126.5
5,126.5
6,126.5
6,126.5
0,126.5
0,126.5
1,126.5
1,126.5
2,125.9
2,125.9
3,125.9
3,125.9
4,125.9
4,125.9
5,125.9
5,125.9
6,125.9
6,125.9
0,125.9
0,125.9
1,125.9
1,125.9
2,125.9
2,125.9
3,125.9
3,155.9
4,155.9
4,155.9
5,155.9
5,155.9
6,155.9
6,155.4
0,155.4
0,153.9
1,153.9
1,152.9
2,152.7
2,152.7
3,150.9
3,150.9
4,150.9
4,150.9
5,150.9
5,150.9
6,150.9
6,149.9
0,147.9
0,147.9
1,147.9
1,147.9
2,147.9
2,145.9
3,145.9
3,145.9
4,145.9
4,145.9
5,145.9
5,145.9
6,145.9
6,145.9
0,142.9
0,142.9
1,142.9
1,142.9
2,140.9
2,140.9
3,140.9
3,140.9
4,140.9
4,135.9
5,140.9
5,140.9
6,135.9
6,135.9
0,135.9
0,135.9
1,135.9
1,135.9
2,135.9
2,135.9
3,135.9
3,135.9
4,155.9
4,155.9
5,155.9
5,155.9
6,131.9
6,131.9
0,129.2
0,155.4
1,155.4
1,155.4
2,153.4
2,153.4
3,151.9
3,146.4
4,137.5
4,137.5
5,137.5
5,137.5
6,137.5
6,137.5
0,136.4
0,136.4
1,136.4
1,136.4
2,136.4
2,136.4
3,136.4
3,133.7
4,135.9
4,135.9
5,134.3
5,134.3
6,132.7
6,132.7
0,132.7
0,132.4
1,132.3
1,131.9
2,131.9
2,131.9
3,131.9
3,131.9
4,129.9
4,129.9
5,129.9
5,129.9
6,157.9
6,157.9
0,157.9
0,157.9
1,157.9
1,157.9
2,157.9
2,157.4
3,155.9
3,155.9
4,155.9
4,155.9
5,155.9
5,155.9
6,155.9
6,155.9
0,155.7
0,154.9
1,154.5
1,154.10000000000002
2,151.4
2,151.4
3,150.9
3,147.9
4,147.9
4,146.95
5,146.95
5,145.9
6,145.9
6,145.5
0,145.5
0,144.7
1,144.7
1,142.9
2,140.7
2,140.7
3,138.9
3,137.5
4,137.5
4,135.45
5,135.45
5,135.45
6,135.45
6,131.9
0,131.2
0,130.5
1,129.7
1,128.7
2,127.9
2,127.7
3,127.5
3,126.7
4,126.7
4,125.3
5,125.3
5,125.3
6,125.3
6,125.3
0,125.3
0,125.3
1,125.3
1,123.15
2,123.15
2,122.4
3,122.4
3,121.9
4,121.9
4,121.9
5,121.9
5,121.9
6,121.9
6,121.9
0,120.6
0,120.6
1,120.6
1,120.6
2,120.6
2,120.6
3,120.6
3,147.9
4,145.9
4,145.9
5,145.9
5,145.9
6,145.9
6,145.9
0,143.9
0,143.9
1,143.9
1,143.9
2,143.9
2,142.9
3,141.9
3,140.9
4,140.9
4,140.9
5,140.9
5,140.9
6,137.7
6,137.7
0,136.70000000000002
0,134.4
1,134.4
1,134.4
2,131.9
2,130.9
3,130.9
3,130.9
4,130.9
4,130.9
5,130.9
5,130.9
6,130.9
6,130.9
0,129.9
0,127.4
1,126.9
1,126.9
2,126.9
2,126.9
3,126.9
3,126.9
4,126.9
4,125.9
5,125.9
5,125.9
6,125.9
6,125.9
0,125.9
0,124.65
1,123.9
1,123.9
2,123.9
2,123.9
3,123.9
3,123.9
4,123.9
4,123.9
5,123.9
5,123.9
6,123.9
6,123.9
0,123.9
0,123.9
1,137.4
1,137.4
2,150.9
2,149.9
3,148.9
3,148.9
4,147.9
4,147.9
5,147.9
5,144.4
6,143.9
6,143.9
0,143.9
0,142.9
1,142.4
1,139.9
2,139.9
2,138.9
3,138.9
3,138.9
4,138.4
4,137.7
5,137.7
5,135.9
6,135.9
6,134.7
0,134.5
0,133.4
1,132.9
1,132.9
2,132.9
2,131.9
3,131.5
3,131.4
4,133.4
4,132.8
5,132.8
5,132.5
6,131.5
6,131.5
0,131.5
0,131.5
1,130.7
1,157.9
2,157.9
2,129.9
3,129.9
3,128.4
4,127.9
4,127.9
5,127.9
5,127.9
6,127.9
6,160.9
0,160.4
0,157.9
1,157.8
1,156.4
2,155.9
2,155.9
3,154.9
3,154.9
4,153.9
4,153.9
5,152.9
5,152.9
6,151.9
6,149.9
0,149.4333333333333
0,146.4
1,145.29999999999998
1,143.96666666666667
2,143.7
2,142.7
3,142.3
3,142.3
4,141.5
4,140.7
5,140.2
5,138.4
6,137.4
6,136.8
0,136.7
0,135.9
1,135.7
1,134.5
2,134.5
2,133.3
3,132.7
3,131.7
4,131.7
4,131.7
5,131.7
5,131.7
6,131.7
6,131.7
0,131.7
0,130.9
1,130.9
1,129.4
2,129.4
2,129.4
3,129.4
3,129.4
4,160.9
4,158.9
5,160.9
5,160.9
6,160.9
6,160.9
0,160.9
0,156.9
1,156.9
1,156.9
2,156.5
2,156.5
3,154.9
3,153.9
4,152.9
4,150.9
5,150.9
5,147.70000000000002
6,147.70000000000002
6,147.70000000000002
0,147.70000000000002
0,147.70000000000002
1,145.9
1,145.6
2,145.6
2,142.8
3,142.8
3,139.5
4,139.5
4,137.9
5,137.9
5,136.9
6,135.9
6,135.9
0,135.9
0,134.9
1,134.9
1,134.9
2,134.9
2,134.9
3,134.9
3,134.9
4,134.9
4,162.9
5,162.9
5,162.9
6,162.9
6,162.9
0,159.9
0,159.9
1,159.9
1,159.9
2,157.9
2,157.9
3,157.9
3,157.9
4,157.9
4,157.9
5,157.9
5,157.9
6,157.9
6,156.9
0,156.9
0,156.9
1,156.9
1,156.9
2,156.9
2,156.9
3,156.9
3,155.9
4,152.9
4,152.9
5,152.9
5,152.7
6,152.7
6,148.9
0,148.9
0,147.16666666666666
1,144.9
1,144.9
2,143.7
2,143.7
3,143.7
3,142.9
4,140.9
4,141.7
5,140.7
5,140.7
6,140.7
6,167.9
0,167.9
0,167.9
1,167.9
1,167.3
2,167.3
2,167.3
3,167.3
3,166.7
4,164.8
4,164.8
5,164.8
5,164.8
6,164.8
6,164.8
0,164.8
0,162.5
1,161.7
1,160.5
2,158.5
2,156.5
3,156.5
3,153.7
4,153.7
4,152.7
5,152.7
5,153.5
6,151.5
6,150.3
0,149.1
0,149.1
1,148.7
1,148.5
2,148.5
2,148.3
3,148.3
3,147.1
4,147.1
4,145.1
5,142.5
5,142.5
6,142.5
6,140.0
0,138.7
0,137.7
1,137.7
1,136.9
2,136.9
2,136.9
3,136.9
3,136.9
4,167.9
4,167.9
5,167.9
5,167.9
6,167.9
6,167.9
0,167.7
0,166.7
1,166.7
1,166.5
2,166.5
2,166.5
3,166.5
3,166.5
4,165.7
4,165.7
5,165.7
5,165.7
6,165.7
6,162.7
0,162.7
0,161.7
1,161.7
1,161.0
2,161.0
2,158.7
3,157.3
3,155.89999999999998
4,148.5
4,147.7
5,147.7
5,147.7
6,146.3
6,146.3
0,146.3
0,146.3
1,146.3
1,146.3
2,146.3
2,144.6
3,144.6
3,144.6
4,144.6
4,144.6
5,144.6
5,144.6
6,144.6
6,144.6
0,144.6
0,144.6
1,144.6
1,142.3
2,142.3
2,142.3
3,142.3
3,167.9
4,167.9
4,167.9
5,167.9
5,167.9
6,167.9
6,166.7
0,166.7
0,165.7
1,165.7
1,165.7
2,164.7
2,163.7
3,161.7
3,159.6
4,159.6
4,157.2
5,157.2
5,157.2
6,157.2
6,157.2
0,156.3
0,155.5
1,155.5
1,155.0
2,155.0
2,155.0
3,154.5
3,154.3
4,154.3
4,153.7
5,150.7
5,150.7
6,150.7
6,150.7
0,150.7
0,150.3
1,150.3
1,149.5
2,148.7
2,148.7
3,147.7
3,147.7
4,147.7
4,147.7
5,145.7
5,145.7
6,145.7
6,145.7
0,145.7
0,145.7
1,145.7
1,141.7
2,140.2
2,139.7
3,139.5
3,139.5
4,139.5
4,138.7
5,138.7
5,138.7
6,138.7
6,138.7
0,138.7
0,138.7
1,138.7
1,138.7
2,138.7
2,138.7
3,138.7
3,138.7
4,138.7
4,138.7
5,138.7
5,138.7
6,138.7
6,138.7
0,138.7
0,138.7
1,138.7
1,138.7
2,138.7
2,167.9
3,167.9
3,167.9
4,166.9
4,166.9
5,166.9
5,166.9
6,166.9
6,166.9
0,166.9
0,165.9
1,165.9
1,165.9
2,164.9
2,163.9
3,163.9
3,163.9
4,163.9
4,159.4
5,157.7
5,157.7
6,157.7
6,156.9
0,151.9
0,149.9
1,145.9
1,143.9
2,143.9
2,143.9
3,143.5
3,143.5
4,143.5
4,141.5
5,141.5
5,141.5
6,138.5
6,138.5
0,137.9
0,136.9
1,136.9
1,136.9
2,136.7
2,136.7
3,136.7
3,136.7
4,136.7
4,136.7
5,136.7
5,167.9
6,167.9
6,167.9
0,167.9
0,167.9
1,167.9
1,167.9
2,167.9
2,167.9
3,163.9
3,161.9
4,161.9
4,158.9
5,157.9
5,157.9
6,157.9
6,154.9
0,154.9
0,154.9
1,154.9
1,154.9
2,154.9
2,154.9
3,150.4
3,150.4
4,144.9
4,144.9
5,144.9
5,144.9
6,144.9
6,143.9
0,143.9
0,143.9
1,143.9
1,143.9
2,143.5
2,142.6
3,142.6
3,142.6
4,142.6
4,142.6
5,142.6
5,142.6
6,142.6
6,142.6
0,142.6
0,142.6
1,141.9
1,141.9
2,141.9
2,170.9
3,170.9
3,169.9
4,169.9
4,169.9
5,169.9
5,169.9
6,169.9
6,169.9
0,169.9
0,168.9
1,167.9
1,167.9
2,166.4
2,166.4
3,166.4
3,165.7
4,165.7
4,165.7
5,165.7
5,162.8
6,162.8
6,162.8
0,162.8
0,159.9
1,159.9
1,159.9
2,159.9
2,159.9
3,159.9
3,159.9
4,159.9
4,155.9
5,155.9
5,155.9
6,155.9
6,153.9
0,151.9
0,150.9
1,150.9
1,148.9
2,148.9
2,174.9
3,174.9
3,174.9
4,174.9
4,174.9
5,174.9
5,172.9
6,172.9
6,169.9
