0,0
0,0
1,120.9
1,120.9
2,117.9
2,117.9
3,117.9
3,116.9
4,116.9
4,116.9
5,116.9
5,116.9
6,116.9
6,116.9
0,116.9
0,114.9
1,114.4
1,113.9
2,113.9
2,112.9
3,112.9
3,112.9
4,112.9
4,112.9
5,112.9
5,112.9
6,112.9
6,112.9
0,112.4
0,112.4
1,112.4
1,112.4
2,112.4
2,112.4
3,112.4
3,142.65
4,141.5
4,141.5
5,141.5
5,141.5
6,141.5
6,140.9
0,139.60000000000002
0,139.60000000000002
1,139.60000000000002
1,137.9
2,137.9
2,135.9
3,133.9
3,130.9
4,130.9
4,130.9
5,130.9
5,129.9
6,129.9
6,129.9
0,127.4
0,127.4
1,124.91666666666669
1,124.91666666666669
2,124.91666666666669
2,124.91666666666669
3,124.91666666666669
3,124.91666666666669
4,124.91666666666669
4,124.91666666666669
5,124.91666666666669
5,124.91666666666669
6,124.91666666666669
6,119.7
0,117.9
0,117.9
1,117.9
1,117.9
2,117.9
2,117.9
3,117.9
3,143.9
4,143.9
4,143.4
5,143.4
5,142.9
6,141.9
6,141.4
0,140.0666666666667
0,138.4
1,137.4
1,137.4
2,137.4
2,137.4
3,133.65
3,131.4
4,130.4
4,130.4
5,130.4
5,130.4
6,130.4
6,128.4
0,126.4
0,125.4
1,124.9
1,124.9
2,122.89999999999999
2,122.3
3,120.9
3,120.9
4,120.9
4,147.9
5,146.4
5,146.4
6,146.4
6,146.4
0,146.4
0,146.4
1,146.4
1,146.4
2,146.4
2,146.4
3,146.4
3,141.9
4,141.9
4,141.9
5,141.9
5,141.9
6,141.9
6,141.9
0,141.9
0,141.9
1,141.9
1,141.9
2,141.9
2,141.9
3,141.9
3,141.9
4,141.9
4,141.9
5,141.9
5,141.9
6,141.9
6,141.9
0,141.9
0,141.9
1,141.9
1,141.9
2,141.9
2,141.9
3,141.9
3,141.9
4,141.9
4,141.9
5,141.9
5,141.9
6,141.9
6,141.9
0,141.9
0,141.9
1,141.9
1,141.9
2,141.9
2,141.9
3,141.9
3,141.9
4,141.9
4,141.9
5,141.9
5,141.9
6,141.9
6,141.9
0,141.9
0,141.9
1,141.9
1,141.9
2,141.9
2,141.9
3,141.9
3,141.9
4,141.9
4,141.9
5,141.9
5,141.9
6,141.9
6,141.9
0,141.9
0,141.9
1,141.9
1,141.9
2,141.9
2,141.9
3,141.9
3,141.9
4,141.9
4,141.9
5,141.9
5,141.9
6,141.9
6,141.9
0,141.9
0,141.9
1,141.9
1,141.9
2,141.9
2,141.9
3,141.9
3,141.9
4,141.9
4,141.9
5,141.9
5,141.9
6,141.9
6,141.9
0,141.9
0,141.9
1,141.9
1,141.9
2,141.9
2,141.9
3,141.9
3,141.9
4,141.9
4,141.9
5,141.9
5,141.9
6,141.9
6,141.9
0,141.9
0,141.9
1,141.9
1,141.9
2,141.9
2,141.9
3,141.9
3,141.9
4,141.9
4,141.9
5,141.9
5,141.9
6,141.9
6,141.9
0,141.9
0,141.9
1,141.9
1,141.9
2,141.9
2,141.9
3,141.9
3,141.9
4,141.9
4,141.9
5,141.9
5,149.9
6,149.9
6,149.9
0,149.9
0,149.7
1,149.7
1,149.4
2,149.4
2,149.4
3,149.4
3,149.4
4,149.4
4,147.60000000000002
5,147.60000000000002
5,147.60000000000002
6,147.60000000000002
6,147.60000000000002
0,145.9
0,145.9
1,145.9
1,145.9
2,145.9
2,145.9
3,145.9
3,145.9
4,145.9
4,145.7
5,145.7
5,145.7
6,145.7
6,145.7
0,145.7
0,145.7
1,141.4
1,139.9
2,139.9
2,139.9
3,139.9
3,137.9
4,137.9
4,137.9
5,137.9
5,137.9
6,137.9
6,137.9
0,137.9
0,135.7
1,134.9
1,134.9
2,134.9
2,134.9
3,134.9
3,134.9
4,134.9
4,134.9
5,134.9
5,134.9
6,134.9
6,134.9
0,134.9
0,134.9
1,134.9
1,134.9
2,134.9
2,134.9
3,160.9
3,160.9
4,160.9
4,160.9
5,160.9
5,160.9
6,160.9
6,160.9
0,160.9
0,158.9
1,158.9
1,157.9
2,157.9
2,157.9
3,157.9
3,157.9
4,157.9
4,157.9
5,157.9
5,157.9
6,157.9
6,157.9
0,153.4
0,150.9
1,149.9
1,148.4
2,146.96666666666667
2,146.23333333333335
3,145.46666666666667
3,144.66666666666666
4,144.3
4,143.9
5,143.9
5,143.9
6,143.9
6,142.9
0,142.9
0,141.375
1,140.7
1,140.02499999999998
2,138.4
2,138.4
3,138.4
3,138.4
4,136.9
4,135.9
5,135.9
5,134.9
6,134.9
6,133.9
0,133.9
0,133.9
1,132.9
1,131.65
2,131.65
2,131.65
3,131.65
3,131.65
4,131.65
4,130.9
5,130.9
5,130.9
6,130.9
6,130.9
0,130.9
0,130.4
1,130.4
1,130.4
2,130.4
2,130.4
3,130.4
3,130.4
4,130.4
4,129.9
5,129.9
5,129.9
6,129.9
6,129.9
0,129.9
0,129.9
1,128.9
1,128.5
2,128.5
2,128.5
3,128.5
3,160.9
4,160.9
4,160.9
5,160.9
5,160.9
6,160.9
6,160.9
0,160.9
0,160.9
1,160.9
1,160.9
2,159.9
2,156.9
3,156.9
3,156.9
4,155.9
4,155.9
5,154.9
5,152.9
6,152.9
6,152.9
0,152.9
0,152.9
1,147.9
1,147.9
2,147.9
2,147.9
3,147.9
3,145.9
4,145.9
4,145.3
5,143.9
5,143.8
6,143.8
6,143.4
0,143.4
0,141.9
1,140.7
1,139.9
2,139.9
2,139.9
3,137.9
3,136.9
4,136.9
4,134.5
5,134.5
5,134.5
6,134.5
6,134.5
0,133.9
0,133.9
1,133.7
1,133.7
2,133.7
2,133.3
3,132.9
3,132.9
4,132.3
4,131.9
5,131.9
5,131.9
6,131.9
6,131.3
0,131.3
0,130.6
1,130.6
1,129.9
2,129.4
2,129.3
3,129.3
3,128.4
4,128.4
4,128.4
5,128.4
5,127.3
6,127.3
6,126.9
0,126.9
0,125.9
1,125.9
1,125.9
2,125.9
2,125.9
3,125.9
3,125.9
4,125.9
4,125.9
5,125.9
5,125.9
6,125.9
6,125.9
0,124.9
0,124.9
1,124.9
1,124.9
2,124.9
2,123.7
3,123.7
3,123.7
4,123.7
4,123.7
5,123.7
5,155.9
6,153.9
6,153.9
0,153.9
0,152.9
1,152.9
1,152.3
2,151.3
2,149.9
3,148.60000000000002
3,148.60000000000002
4,148.60000000000002
4,148.60000000000002
5,148.60000000000002
5,148.60000000000002
6,148.60000000000002
6,148.60000000000002
0,145.9
0,145.9
1,145.3
1,144.63333333333335
2,143.9
2,143.10000000000002
3,142.7
3,140.94
4,139.7
4,139.3
5,138.9
5,138.9
6,138.9
6,138.9
0,138.7
0,138.7
1,137.9
1,136.9
2,135.9
2,135.10000000000002
3,134.5
3,134.3
4,133.9
4,133.9
5,133.9
5,133.9
6,133.9
6,133.3
0,132.65
0,131.8
1,130.9
1,130.4
2,129.9
2,129.9
3,129.9
3,129.9
4,129.4
4,155.9
5,155.9
5,155.9
6,155.9
6,155.9
0,155.4
0,155.4
1,155.4
1,155.4
2,153.9
2,152.9
3,152.9
3,152.9
4,150.9
4,148.4
5,148.4
5,144.9
6,142.9
6,142.9
0,141.4
0,140.4
1,138.10000000000002
1,138.10000000000002
2,138.10000000000002
2,134.9
3,134.9
3,131.9
4,131.9
4,130.9
5,130.9
5,130.9
6,130.9
6,130.9
0,130.9
0,130.5
1,130.5
1,129.9
2,129.9
2,129.9
3,129.9
3,129.9
4,128.9
4,128.9
5,128.9
5,128.9
6,128.9
6,128.9
0,128.9
0,128.9
1,128.9
1,128.9
2,128.9
2,157.65
3,157.65
3,157.65
4,157.65
4,155.9
5,155.9
5,155.9
6,153.9
6,153.9
0,153.7
0,151.9
1,151.9
1,151.9
2,151.4
2,151.4
3,147.9
3,147.9
4,145.9
4,143.9
5,143.9
5,143.9
6,143.9
6,143.9
0,143.9
0,143.9
1,141.4
1,141.4
2,137.9
2,137.4
3,135.9
3,135.4
4,131.65
4,130.65
5,130.65
5,130.65
6,129.9
6,129.9
0,129.9
0,129.9
1,129.9
1,129.9
2,128.9
2,126.9
3,125.4
3,124.65
4,124.65
4,124.1
5,124.1
5,123.7
6,123.7
6,123.7
0,123.4
0,122.7
1,122.7
1,121.9
2,121.9
2,121.9
3,121.9
3,119.9
4,119.9
4,119.9
5,119.9
5,119.9
6,119.9
6,119.9
0,119.9
0,119.9
1,119.9
1,119.9
2,119.9
2,119.9
3,119.9
3,147.9
4,147.4
4,147.4
5,147.4
5,147.4
6,147.4
6,147.4
0,147.4
0,145.76666666666668
1,144.9
1,144.9
2,144.9
2,142.7
3,141.9
3,141.9
4,138.9
4,137.9
5,137.9
5,137.9
6,137.9
6,137.9
0,137.9
0,133.9
1,131.9
1,127.56666666666668
2,127.56666666666668
2,127.56666666666668
3,127.56666666666668
3,124.30000000000001
4,124.30000000000001
4,124.30000000000001
5,124.30000000000001
5,124.30000000000001
6,123.9
6,123.9
0,123.9
0,123.9
1,123.9
1,123.9
2,123.9
2,123.9
3,122.9
3,121.9
4,121.9
4,121.9
5,121.9
5,121.9
6,121.9
6,121.9
0,121.9
0,121.9
1,121.9
1,121.9
2,121.9
2,121.9
3,121.9
3,121.9
4,121.9
4,121.9
5,121.9
5,121.9
6,136.4
6,136.4
0,150.9
0,150.9
1,150.9
1,148.9
2,148.9
2,148.9
3,148.9
3,148.9
4,148.9
4,143.9
5,143.9
5,143.9
6,143.9
6,140.9
0,139.9
0,139.9
1,138.2
1,136.9
2,136.4
2,134.9
3,134.9
3,134.9
4,134.4
4,132.9
5,132.4
5,132.4
6,131.9
6,130.9
0,130.9
0,129.9
1,129.4
1,129.4
2,128.9
2,128.9
3,128.4
3,126.9
4,128.9
4,128.9
5,128.9
5,128.9
6,128.9
6,128.9
0,128.9
0,128.9
1,128.9
1,127.9
2,127.9
2,127.9
3,127.9
3,127.7
4,127.30000000000001
4,127.30000000000001
5,126.9
5,160.9
6,160.9
6,160.9
0,160.4
0,158.9
1,157.4
1,157.4
2,155.9
2,155.9
3,155.8
3,154.4
4,153.9
4,152.9
5,152.4
5,152.4
6,151.9
6,149.9
0,149.9
0,149.9
1,148.9
1,145.4
2,143.9
2,141.9
3,141.9
3,141.9
4,141.9
4,139.3
5,138.3
5,136.9
6,136.9
6,135.4
0,134.3
0,134.3
1,132.9
1,132.9
2,132.9
2,131.9
3,131.9
3,131.9
4,131.9
4,130.4
5,130.4
5,130.4
6,130.4
6,130.4
0,130.4
0,130.4
1,128.9
1,128.9
2,128.9
2,128.9
3,128.9
3,160.9
4,160.9
4,160.9
5,160.9
5,160.9
6,160.9
6,160.9
0,160.9
0,160.9
1,160.9
1,158.9
2,156.9
2,156.9
3,156.9
3,154.9
4,153.9
4,151.9
5,149.9
5,148.9
6,147.7
6,146.9
0,146.9
0,146.9
1,142.9
1,142.9
2,141.9
2,137.4
3,137.4
3,137.4
4,135.9
4,134.9
5,134.9
5,134.9
6,133.4
6,133.4
0,131.9
0,131.9
1,131.9
1,131.9
2,131.9
2,131.9
3,131.9
3,131.9
4,162.9
4,162.9
5,162.9
5,162.9
6,162.9
6,162.9
0,162.9
0,162.9
1,162.9
1,160.9
2,159.9
2,159.9
3,159.9
3,159.9
4,159.9
4,159.9
5,155.9
5,155.9
6,155.9
6,155.9
0,155.9
0,155.9
1,155.9
1,155.9
2,155.9
2,155.9
3,153.9
3,149.9
4,149.9
4,149.9
5,149.9
5,149.9
6,149.9
6,149.9
0,149.9
0,149.9
1,149.9
1,148.9
2,148.9
2,147.9
3,147.9
3,145.9
4,139.9
4,138.2
5,138.2
5,138.2
6,138.2
6,167.9
0,166.7
0,166.7
1,165.9
1,165.9
2,164.2
2,163.2
3,163.2
3,163.2
4,160.2
4,160.2
5,160.2
5,160.2
6,160.2
6,160.2
0,158.9
0,158.9
1,158.9
1,158.2
2,158.2
2,156.2
3,156.2
3,151.7
4,149.2
4,149.2
5,149.2
5,149.2
6,149.2
6,147.8
0,146.8
0,145.8
1,145.2
1,144.2
2,144.2
2,142.2
3,142.2
3,142.2
4,142.2
4,142.2
5,140.9
5,140.9
6,140.9
6,140.9
0,139.8
0,139.8
1,139.8
1,138.8
2,137.9
2,137.9
3,137.9
3,137.9
4,137.4
4,167.9
5,167.9
5,167.9
6,167.9
6,167.9
0,166.2
0,165.9
1,165.9
1,164.2
2,164.2
2,164.2
3,164.2
3,163.2
4,161.2
4,161.2
5,159.9
5,159.9
6,158.2
6,156.2
0,156.2
0,156.2
1,153.2
1,153.2
2,153.2
2,149.2
3,149.2
3,149.2
4,147.5
4,146.2
5,145.2
5,145.2
6,144.2
6,143.2
0,143.2
0,143.2
1,143.2
1,143.2
2,143.2
2,143.2
3,143.2
3,143.2
4,143.2
4,143.2
5,143.2
5,143.2
6,143.2
6,143.2
0,143.2
0,143.2
1,143.2
1,143.2
2,143.2
2,143.2
3,143.2
3,155.05
4,155.05
4,155.05
5,155.05
5,155.05
6,155.05
6,155.05
0,155.05
0,167.2
1,167.2
1,166.2
2,165.2
2,164.2
3,164.2
3,160.2
4,160.2
4,157.2
5,157.2
5,156.2
6,156.2
6,156.2
0,156.2
0,153.7
1,150.2
1,148.2
2,148.2
2,147.2
3,147.2
3,146.2
4,146.2
4,146.2
5,145.2
5,145.2
6,145.2
6,144.2
0,144.2
0,142.2
1,142.2
1,141.9
2,141.9
2,141.9
3,141.9
3,141.2
4,140.2
4,140.2
5,140.2
5,140.2
6,140.2
6,140.2
0,140.2
0,140.2
1,140.2
1,140.2
2,140.2
2,140.2
3,140.2
3,140.2
4,140.2
4,140.2
5,140.2
5,140.2
6,140.2
6,140.2
0,140.2
0,140.2
1,140.2
1,140.2
2,140.2
2,139.9
3,139.9
3,139.9
4,139.9
4,139.9
5,139.9
5,139.9
6,139.9
6,139.9
0,139.9
0,139.9
1,139.9
1,139.7
2,139.7
2,167.9
3,167.9
3,167.9
4,166.4
4,166.4
5,166.4
5,166.4
6,166.4
6,166.4
0,166.4
0,166.4
1,166.4
1,166.4
2,166.4
2,159.9
3,159.9
3,153.9
4,153.9
4,151.9
5,151.9
5,150.8
6,150.3
6,147.9
0,146.8
0,146.8
1,146.8
1,143.9
2,141.9
2,141.7
3,141.5
3,139.9
4,139.9
4,139.7
5,139.7
5,139.7
6,139.7
6,139.7
0,139.7
0,138.9
1,138.9
1,138.9
2,138.9
2,138.9
3,138.9
3,138.9
4,138.9
4,138.9
5,138.9
5,138.9
6,138.9
6,138.5
0,138.5
0,167.9
1,167.9
1,167.9
2,167.9
2,167.9
3,159.9
3,159.9
4,157.9
4,157.9
5,155.9
5,155.9
6,153.9
6,148.9
0,148.9
0,148.9
1,148.9
1,148.9
2,147.9
2,147.9
3,147.9
3,145.7
4,145.7
4,145.7
5,145.7
5,143.9
6,142.9
6,142.9
0,141.9
0,141.9
1,141.9
1,141.9
2,141.9
2,141.9
3,141.9
3,141.9
4,141.9
4,141.9
5,141.9
5,141.9
6,141.9
6,141.9
0,140.9
0,140.9
1,140.9
1,140.9
2,140.9
2,140.9
3,140.9
3,140.9
4,140.9
4,169.9
5,169.9
5,169.9
6,169.9
6,169.9
0,169.9
0,169.9
1,169.9
1,166.9
2,166.9
2,163.9
3,163.9
3,161.9
4,161.9
4,159.9
5,159.9
5,159.9
6,159.9
6,159.9
0,154.9
0,154.9
1,154.9
1,154.9
2,154.9
2,154.9
3,154.9
3,153.9
4,150.9
4,150.9
5,150.9
5,150.9
6,150.9
6,149.9
0,149.9
0,149.9
1,149.9
1,174.9
2,174.9
2,174.9
3,174.9
3,174.9
4,174.9
4,174.9
5,174.9
5,174.9
6,174.9
6,174.9
