0,127.9
0,126.9
1,126.9
1,126.9
2,126.9
2,125.9
3,125.9
3,125.9
4,125.9
4,125.9
5,125.9
5,125.9
6,125.9
6,122.9
0,122.9
0,122.9
1,122.9
1,117.9
2,117.9
2,117.9
3,117.9
3,117.9
4,117.9
4,117.9
5,117.9
5,117.9
6,117.9
6,117.9
0,115.9
0,115.9
1,115.9
1,115.9
2,115.9
2,115.9
3,143.4
3,143.4
4,143.4
4,143.4
5,143.4
5,143.4
6,143.4
6,142.9
0,142.9
0,142.9
1,140.9
1,140.9
2,140.9
2,137.5
3,136.3
3,133.7
4,133.7
4,133.7
5,133.7
5,133.7
6,131.9
6,131.9
0,131.7
0,129.7
1,129.7
1,129.7
2,129.7
2,129.7
3,129.7
3,122.9
4,122.9
4,120.9
5,120.9
5,120.9
6,120.9
6,119.7
0,119.7
0,117.9
1,117.9
1,117.9
2,145.9
2,145.9
3,145.9
3,144.55
4,143.3
4,143.3
5,143.3
5,141.9
6,141.7
6,139.9
0,139.7
0,139.7
1,139.7
1,139.7
2,139.7
2,136.7
3,135.8
3,133.9
4,133.03333333333333
4,133.03333333333333
5,133.03333333333333
5,133.03333333333333
6,133.03333333333333
6,131.9
0,131.7
0,127.6
1,123.5
1,123.5
2,123.3
2,122.80000000000001
3,122.80000000000001
3,120.7
4,134.1
4,134.1
5,134.1
5,134.1
6,134.1
6,146.7
0,146.5
0,146.5
1,146.5
1,146.5
2,146.3
2,143.9
3,143.9
3,143.9
4,145.10000000000002
4,143.7
5,143.7
5,143.7
6,143.7
6,143.7
0,143.7
0,143.7
1,143.7
1,143.7
2,143.7
2,143.7
3,143.7
3,143.7
4,143.7
4,143.7
5,143.7
5,143.7
6,143.7
6,143.7
0,143.7
0,143.7
1,143.7
1,143.7
2,143.7
2,143.7
3,143.7
3,143.7
4,143.7
4,143.7
5,143.7
5,143.7
6,143.7
6,143.7
0,143.7
0,143.7
1,143.7
1,143.7
2,143.7
2,143.7
3,143.7
3,143.7
4,143.7
4,143.7
5,143.7
5,143.7
6,143.7
6,143.7
0,143.7
0,143.7
1,143.7
1,143.7
2,143.7
2,143.7
3,143.7
3,143.7
4,143.7
4,143.7
5,143.7
5,143.7
6,143.7
6,143.7
0,143.7
0,143.7
1,143.7
1,143.7
2,143.7
2,143.7
3,143.7
3,143.7
4,143.7
4,143.7
5,143.7
5,143.7
6,143.7
6,143.7
0,143.7
0,143.7
1,143.7
1,143.7
2,143.7
2,143.7
3,143.7
3,143.7
4,143.7
4,143.7
5,143.7
5,143.7
6,143.7
6,143.7
0,143.7
0,143.7
1,143.7
1,143.7
2,143.7
2,143.7
3,143.7
3,143.7
4,143.7
4,143.7
5,143.7
5,143.7
6,143.7
6,143.7
0,143.7
0,143.7
1,143.7
1,143.7
2,143.7
2,143.7
3,143.7
3,143.7
4,143.7
4,143.7
5,143.7
5,143.7
6,143.7
6,143.7
0,143.7
0,143.7
1,143.7
1,143.7
2,143.7
2,143.7
3,143.7
3,143.7
4,143.7
4,143.7
5,143.7
5,149.9
6,149.9
6,149.9
0,149.9
0,149.9
1,149.9
1,149.9
2,149.9
2,149.9
3,149.9
3,149.9
4,149.9
4,147.9
5,147.9
5,147.9
6,147.9
6,147.9
0,147.9
0,147.9
1,147.9
1,147.3
2,147.3
2,147.3
3,147.3
3,147.3
4,147.3
4,147.3
5,147.3
5,147.3
6,147.3
6,147.3
0,147.3
0,147.3
1,147.3
1,144.7
2,143.7
2,143.7
3,143.7
3,143.7
4,143.5
4,143.5
5,142.7
5,142.7
6,142.7
6,140.9
0,139.4
0,139.4
1,138.7
1,138.7
2,138.7
2,138.7
3,138.7
3,138.7
4,138.7
4,138.7
5,138.7
5,138.7
6,138.7
6,138.7
0,138.7
0,138.7
1,136.7
1,136.7
2,136.7
2,136.7
3,160.9
3,160.9
4,160.9
4,160.9
5,160.9
5,160.9
6,158.9
6,158.9
0,158.9
0,158.9
1,158.9
1,158.9
2,158.9
2,158.9
3,158.7
3,158.7
4,158.5
4,158.5
5,158.3
5,158.3
6,158.3
6,158.3
0,158.3
0,156.7
1,153.7
1,153.5
2,151.3
2,149.9
3,147.7
3,146.5
4,145.7
4,145.7
5,145.7
5,145.7
6,145.7
6,145.7
0,144.7
0,142.2
1,141.5
1,141.3
2,140.9
2,140.7
3,140.7
3,140.7
4,138.8
4,138.8
5,138.8
5,138.8
6,138.8
6,138.8
0,136.2
0,134.1
1,133.9
1,133.9
2,131.9
2,131.9
3,131.7
3,131.7
4,131.7
4,131.7
5,131.3
5,131.3
6,131.3
6,131.3
0,131.3
0,131.3
1,131.3
1,131.3
2,131.3
2,131.3
3,131.3
3,131.3
4,131.3
4,131.3
5,131.3
5,131.3
6,131.3
6,131.3
0,131.3
0,131.3
1,160.9
1,160.9
2,131.3
2,131.3
3,131.3
3,160.9
4,160.7
4,160.7
5,160.7
5,160.7
6,160.7
6,158.7
0,158.7
0,158.5
1,158.5
1,158.5
2,158.5
2,158.3
3,158.3
3,157.8
4,155.9
4,155.7
5,155.7
5,155.7
6,155.5
6,155.5
0,155.25
0,155.25
1,152.4
1,151.9
2,151.9
2,151.9
3,150.9
3,150.9
4,150.9
4,150.9
5,150.9
5,150.9
6,150.9
6,150.9
0,146.9
0,146.4
1,146.3
1,146.3
2,143.9
2,141.7
3,141.4
3,141.4
4,141.4
4,140.65
5,139.9
5,139.9
6,139.9
6,139.9
0,138.9
0,138.9
1,138.9
1,138.9
2,138.9
2,138.9
3,138.9
3,138.7
4,137.7
4,137.7
5,137.7
5,136.8
6,136.8
6,136.8
0,136.5
0,135.65
1,133.9
1,132.5
2,132.10000000000002
2,131.4
3,131.3
3,130.7
4,130.7
4,130.7
5,129.7
5,129.7
6,129.7
6,129.7
0,129.7
0,129.7
1,129.7
1,128.7
2,128.7
2,128.7
3,127.7
3,127.7
4,127.7
4,127.7
5,127.7
5,127.7
6,127.7
6,127.7
0,127.7
0,127.7
1,127.7
1,127.7
2,127.7
2,127.7
3,127.7
3,155.9
4,155.9
4,155.9
5,155.9
5,155.9
6,155.9
6,155.9
0,155.7
0,155.7
1,152.7
1,152.7
2,152.7
2,150.7
3,150.7
3,149.9
4,149.9
4,149.9
5,149.9
5,149.9
6,149.9
6,149.9
0,149.3
0,148.9
1,145.9
1,145.9
2,145.9
2,145.9
3,145.9
3,144.7
4,144.7
4,144.7
5,144.7
5,142.7
6,142.7
6,141.7
0,141.7
0,140.55
1,140.3
1,140.3
2,138.9
2,138.9
3,138.9
3,138.9
4,137.7
4,135.7
5,135.7
5,135.7
6,135.7
6,135.7
0,135.3
0,135.3
1,135.3
1,135.3
2,134.3
2,132.9
3,132.9
3,155.9
4,155.9
4,155.9
5,155.9
5,155.9
6,155.9
6,155.9
0,155.4
0,155.3
1,153.7
1,152.7
2,151.7
2,151.7
3,151.7
3,150.9
4,149.9
4,149.9
5,149.9
5,144.9
6,144.3
6,144.3
0,138.5
0,137.0666666666667
1,136.3
1,136.3
2,136.3
2,136.3
3,135.8
3,135.8
4,132.8
4,132.35000000000002
5,132.35000000000002
5,132.35000000000002
6,132.35000000000002
6,132.35000000000002
0,132.35000000000002
0,132.35000000000002
1,132.35000000000002
1,131.7
2,131.5
2,131.5
3,131.3
3,131.3
4,131.3
4,131.3
5,131.3
5,131.3
6,131.3
6,131.3
0,131.3
0,131.3
1,131.3
1,131.3
2,131.3
2,157.9
3,157.9
3,157.9
4,157.9
4,157.9
5,155.7
5,155.5
6,155.5
6,155.5
0,154.9
0,154.7
1,154.4
1,154.4
2,153.9
2,151.4
3,151.4
3,151.4
4,148.3
4,148.3
5,148.3
5,148.3
6,148.3
6,148.3
0,148.3
0,148.3
1,148.3
1,141.7
2,140.2
2,139.5
3,138.5
3,136.8
4,135.5
4,133.3
5,132.7
5,132.7
6,132.7
6,132.7
0,132.4
0,132.4
1,132.4
1,132.4
2,131.7
2,131.7
3,131.5
3,128.8
4,128.5
4,128.5
5,128.5
5,127.7
6,127.5
6,127.5
0,127.5
0,127.3
1,126.9
1,126.3
2,125.9
2,125.9
3,125.9
3,125.3
4,125.3
4,124.9
5,124.9
5,124.9
6,124.9
6,123.6
0,123.6
0,122.7
1,122.7
1,121.7
2,121.7
2,121.7
3,121.7
3,147.9
4,147.9
4,147.9
5,147.9
5,147.9
6,147.3
6,147.3
0,147.3
0,146.8
1,146.5
1,146.5
2,145.7
2,144.7
3,144.4
3,144.4
4,142.9
4,142.7
5,142.7
5,141.7
6,141.7
6,141.5
0,137.8
0,137.5
1,137.10000000000002
1,137.10000000000002
2,134.7
2,134.4
3,134.4
3,134.4
4,133.9
4,133.7
5,133.7
5,132.7
6,132.5
6,131.7
0,131.6
0,131.3
1,131.3
1,127.9
2,127.9
2,127.3
3,127.3
3,127.3
4,127.3
4,126.3
5,126.3
5,126.3
6,126.3
6,126.3
0,126.3
0,126.3
1,126.3
1,126.3
2,126.1
2,126.1
3,125.9
3,125.9
4,125.9
4,125.9
5,125.9
5,125.9
6,125.9
6,125.9
0,125.9
0,125.9
1,138.4
1,138.4
2,150.9
2,150.9
3,150.9
3,150.7
4,150.5
4,150.5
5,149.0
5,146.7
6,146.0
6,146.0
0,145.3
0,145.3
1,144.5
1,144.5
2,143.7
2,143.7
3,143.7
3,142.7
4,142.0
4,142.0
5,140.5
5,140.5
6,138.2
6,138.2
0,136.7
0,135.3
1,135.3
1,134.9
2,134.9
2,133.7
3,133.7
3,133.7
4,135.7
4,135.7
5,135.7
5,135.7
6,135.7
6,135.7
0,135.7
0,134.7
1,134.7
1,134.7
2,130.9
2,130.9
3,130.9
3,130.4
4,130.4
4,130.4
5,145.65
5,145.65
6,160.9
6,160.9
0,160.5
0,159.6
1,159.4
1,159.4
2,158.9
2,158.9
3,157.56666666666666
3,157.56666666666666
4,155.96666666666667
4,154.5
5,154.2
5,153.7
6,153.2
6,153.2
0,152.5
0,150.7
1,150.7
1,150.7
2,148.36666666666665
2,148.36666666666665
3,144.7
3,142.9
4,142.9
4,142.9
5,142.9
5,142.9
6,142.9
6,142.9
0,142.9
0,142.9
1,142.9
1,135.7
2,135.7
2,134.9
3,134.9
3,134.9
4,134.9
4,134.9
5,133.9
5,133.9
6,133.9
6,133.9
0,132.9
0,132.9
1,131.9
1,131.9
2,131.9
2,131.9
3,131.9
3,131.9
4,131.9
4,131.9
5,131.9
5,131.9
6,131.9
6,131.9
0,131.9
0,131.9
1,159.9
1,159.9
2,159.9
2,159.9
3,159.4
3,157.5
4,156.0
4,156.0
5,153.9
5,153.9
6,153.9
6,153.9
0,153.9
0,153.9
1,149.2
1,149.2
2,149.2
2,149.2
3,147.3
3,146.7
4,144.7
4,144.7
5,142.4
5,142.4
6,142.4
6,142.4
0,140.3
0,140.3
1,139.7
1,139.7
2,139.7
2,137.9
3,137.9
3,137.4
4,162.9
4,162.9
5,162.9
5,162.9
6,162.9
6,162.9
0,162.7
0,161.9
1,160.2
1,160.2
2,158.2
2,158.2
3,157.5
3,157.5
4,157.5
4,157.5
5,157.5
5,157.5
6,157.5
6,157.5
0,156.7
0,156.7
1,155.7
1,155.7
2,155.7
2,155.7
3,155.5
3,155.5
4,155.5
4,155.3
5,155.3
5,155.3
6,155.3
6,154.7
0,154.7
0,152.8
1,152.8
1,151.43333333333334
2,151.43333333333334
2,151.43333333333334
3,151.43333333333334
3,148.3
4,146.3
4,146.5
5,146.5
5,146.5
6,146.5
6,167.9
0,167.9
0,167.9
1,167.9
1,167.9
2,167.9
2,167.9
3,167.9
3,167.9
4,167.9
4,167.9
5,167.9
5,167.9
6,164.9
6,164.9
0,164.9
0,164.9
1,163.9
1,163.9
2,163.9
2,163.9
3,163.9
3,162.9
4,162.9
4,162.2
5,162.2
5,162.2
6,162.2
6,162.2
0,162.2
0,162.2
1,162.2
1,161.6
2,161.6
2,160.2
3,160.2
3,159.2
4,159.2
4,156.2
5,156.2
5,156.2
6,151.2
6,151.2
0,148.2
0,147.5
1,146.2
1,146.2
2,146.2
2,144.9
3,144.9
3,144.9
4,167.9
4,167.9
5,167.9
5,167.9
6,167.9
6,167.9
0,167.9
0,167.5
1,167.5
1,167.5
2,167.5
2,167.5
3,167.5
3,167.5
4,166.9
4,166.9
5,166.9
5,166.9
6,166.9
6,166.9
0,166.9
0,166.2
1,166.2
1,166.2
2,166.2
2,164.2
3,162.2
3,162.2
4,162.2
4,160.2
5,159.2
5,159.2
6,159.2
6,158.2
0,157.4
0,155.2
1,155.2
1,155.2
2,152.2
2,150.2
3,150.2
3,150.2
4,150.2
4,149.2
5,149.2
5,149.2
6,149.2
6,148.2
0,148.2
0,147.8
1,147.8
1,147.8
2,147.8
2,167.9
3,167.9
3,167.9
4,167.9
4,167.9
5,167.9
5,167.9
6,167.9
6,167.9
0,167.9
0,167.9
1,167.9
1,167.9
2,167.9
2,167.2
3,166.2
3,163.9
4,163.9
4,163.9
5,163.9
5,163.9
6,163.9
6,161.9
0,161.9
0,161.9
1,161.9
1,161.9
2,161.9
2,161.9
3,161.2
3,161.2
4,161.2
4,161.2
5,161.2
5,161.2
6,161.2
6,161.2
0,161.2
0,153.2
1,153.2
1,153.2
2,151.2
2,151.2
3,151.2
3,150.2
4,149.2
4,149.2
5,145.9
5,145.9
6,145.2
6,145.2
0,145.2
0,145.2
1,145.2
1,144.2
2,144.2
2,144.2
3,143.8
3,143.8
4,143.8
4,141.8
5,141.8
5,139.9
6,137.9
6,137.9
0,137.9
0,137.9
1,136.9
1,136.9
2,136.9
2,136.9
3,136.9
3,136.9
4,136.9
4,136.9
5,136.9
5,136.9
6,136.9
6,136.9
0,136.9
0,136.9
1,136.9
1,136.9
2,136.9
2,167.9
3,167.9
3,164.5
4,165.5
4,165.5
5,165.5
5,165.5
6,163.5
6,163.5
0,160.3
0,157.3
1,157.3
1,157.3
2,157.3
2,157.3
3,155.3
3,151.9
4,148.9
4,144.9
5,144.9
5,144.9
6,144.9
6,144.9
0,144.9
0,144.9
1,144.9
1,144.9
2,139.7
2,139.7
3,139.7
3,139.7
4,139.7
4,139.7
5,136.5
5,140.5
6,138.5
6,136.5
0,136.5
0,140.9
1,137.9
1,137.9
2,137.9
2,137.9
3,137.9
3,137.9
4,137.9
4,137.9
5,167.9
5,167.9
6,167.9
6,167.9
0,165.7
0,164.7
1,164.7
1,163.9
2,163.9
2,163.9
3,161.9
3,158.23333333333335
4,154.9
4,152.9
5,150.9
5,148.9
6,146.9
6,144.9
0,142.9
0,142.9
1,140.9
1,140.9
2,140.9
2,140.9
3,140.9
3,140.9
4,140.9
4,140.9
5,138.9
5,138.9
6,138.9
6,138.9
0,138.9
0,138.9
1,138.9
1,138.9
2,138.9
2,138.9
3,138.9
3,138.9
4,138.9
4,138.9
5,138.9
5,138.9
6,138.9
6,138.9
0,138.9
0,138.9
1,138.9
1,138.9
2,138.9
2,138.9
3,138.9
3,138.9
4,167.7
4,167.7
5,167.7
5,167.7
6,167.7
6,167.7
0,163.7
0,163.7
1,160.7
1,160.7
2,160.7
2,156.7
3,156.7
3,153.7
4,152.7
4,152.7
5,152.7
5,151.2
6,151.2
6,151.2
0,149.7
0,149.7
1,149.7
1,149.7
2,149.7
2,149.7
3,149.7
3,149.7
4,149.7
4,149.7
5,149.7
5,149.7
6,149.7
6,149.7
0,149.7
0,149.7
1,151.7
1,151.7
2,150.7
2,150.7
3,174.9
3,174.9
4,174.9
4,174.9
5,172.4
5,170.4
6,170.4
6,170.4
