0,125.9
0,122.4
1,122.4
1,121.9
2,121.7
2,120.9
3,120.9
3,120.4
4,120.4
4,120.4
5,119.9
5,119.9
6,119.4
6,118.4
0,117.9
0,117.4
1,116.9
1,114.4
2,114.4
2,113.9
3,113.9
3,112.9
4,112.9
4,112.9
5,112.9
5,112.9
6,112.9
6,112.9
0,112.9
0,112.4
1,112.4
1,112.4
2,143.65
2,143.65
3,143.65
3,143.65
4,143.65
4,143.65
5,143.65
5,143.65
6,143.65
6,142.9
0,142.9
0,142.9
1,140.4
1,139.4
2,139.4
2,137.65
3,137.65
3,137.65
4,134.9
4,134.4
5,134.4
5,131.4
6,131.4
6,128.4
0,128.4
0,127.9
1,125.2
1,124.4
2,124.4
2,124.4
3,121.4
3,119.9
4,119.9
4,119.9
5,119.9
5,119.9
6,119.9
6,119.4
0,119.4
0,117.9
1,117.9
1,117.9
2,144.9
2,144.9
3,144.9
3,143.9
4,143.4
4,143.4
5,140.9
5,140.9
6,140.9
6,139.4
0,139.4
0,139.4
1,138.15
1,138.15
2,138.15
2,138.15
3,135.65
3,133.9
4,133.4
4,133.4
5,133.4
5,133.4
6,131.15
6,129.9
0,128.9
0,124.4
1,123.9
1,123.9
2,123.9
2,121.7
3,147.9
3,147.9
4,147.9
4,147.9
5,147.9
5,147.4
6,147.4
6,147.4
0,147.4
0,147.4
1,146.9
1,146.9
2,146.9
2,146.9
3,146.9
3,140.9
4,143.9
4,140.7
5,140.7
5,140.7
6,140.7
6,140.7
0,140.7
0,140.7
1,140.7
1,140.7
2,140.7
2,140.7
3,140.7
3,140.7
4,140.7
4,140.7
5,140.7
5,140.7
6,140.7
6,140.7
0,140.7
0,140.7
1,140.7
1,140.7
2,140.7
2,140.7
3,140.7
3,140.7
4,140.7
4,140.7
5,140.7
5,140.7
6,140.7
6,140.7
0,140.7
0,140.7
1,140.7
1,140.7
2,140.7
2,140.7
3,140.7
3,140.7
4,140.7
4,140.7
5,140.7
5,140.7
6,140.7
6,140.7
0,140.7
0,140.7
1,140.7
1,140.7
2,140.7
2,140.7
3,140.7
3,140.7
4,140.7
4,140.7
5,140.7
5,140.7
6,140.7
6,140.7
0,140.7
0,140.7
1,140.7
1,140.7
2,140.7
2,140.7
3,140.7
3,140.7
4,140.7
4,140.7
5,140.7
5,140.7
6,140.7
6,140.7
0,140.7
0,140.7
1,140.7
1,140.7
2,140.7
2,140.7
3,140.7
3,140.7
4,140.7
4,140.7
5,140.7
5,140.7
6,140.7
6,140.7
0,140.7
0,140.7
1,140.7
1,140.7
2,140.7
2,140.7
3,140.7
3,140.7
4,140.7
4,140.7
5,140.7
5,140.7
6,140.7
6,140.7
0,140.7
0,140.7
1,140.7
1,140.7
2,140.7
2,140.7
3,140.7
3,140.7
4,140.7
4,140.7
5,140.7
5,140.7
6,140.7
6,140.7
0,140.7
0,140.7
1,140.7
1,140.7
2,140.7
2,140.7
3,140.7
3,140.7
4,140.7
4,140.7
5,140.7
5,149.9
6,149.9
6,149.4
0,149.4
0,149.4
1,149.4
1,149.4
2,149.4
2,149.4
3,149.4
3,149.4
4,149.4
4,149.4
5,149.4
5,149.4
6,149.4
6,149.4
0,147.9
0,147.9
1,147.4
1,147.4
2,147.4
2,147.4
3,147.4
3,146.5666666666667
4,145.9
4,145.9
5,145.9
5,145.9
6,145.9
6,145.9
0,145.9
0,145.9
1,145.9
1,145.9
2,145.9
2,145.4
3,145.4
3,145.4
4,143.9
4,142.9
5,142.9
5,142.9
6,142.9
6,142.9
0,138.4
0,138.4
1,138.4
1,138.4
2,136.9
2,135.9
3,135.9
3,135.9
4,135.9
4,135.9
5,135.9
5,135.9
6,135.9
6,135.9
0,135.9
0,135.9
1,135.9
1,135.9
2,160.9
2,160.9
3,160.9
3,160.4
4,160.4
4,160.4
5,160.4
5,160.4
6,160.4
6,160.4
0,160.4
0,160.4
1,160.4
1,160.4
2,160.4
2,160.4
3,159.9
3,159.9
4,157.9
4,157.9
5,157.9
5,157.9
6,157.9
6,157.9
0,157.9
0,157.9
1,156.9
1,155.9
2,153.9
2,153.5666666666667
3,152.15
3,151.4
4,151.4
4,150.9
5,150.9
5,150.9
6,147.4
6,147.4
0,145.9
0,145.35000000000002
1,145.35000000000002
1,145.35000000000002
2,144.4
2,143.9
3,143.9
3,142.9
4,140.4
4,139.9
5,138.9
5,138.9
6,137.9
6,137.9
0,136.9
0,136.9
1,136.9
1,136.9
2,135.9
2,135.9
3,135.9
3,135.9
4,135.4
4,134.9
5,134.9
5,134.9
6,134.9
6,134.6
0,134.6
0,134.6
1,134.6
1,134.6
2,134.6
2,134.6
3,134.6
3,134.6
4,134.6
4,134.6
5,134.6
5,134.6
6,134.6
6,133.9
0,133.9
0,133.9
1,133.9
1,133.9
2,133.9
2,133.9
3,160.9
3,160.9
4,160.9
4,160.9
5,160.4
5,160.4
6,160.4
6,160.4
0,160.4
0,160.4
1,160.4
1,160.4
2,159.23333333333332
2,158.9
3,157.56666666666666
3,156.56666666666666
4,156.56666666666666
4,156.56666666666666
5,156.56666666666666
5,151.9
6,150.9
6,150.9
0,150.9
0,150.9
1,150.9
1,150.9
2,150.9
2,150.9
3,150.9
3,150.9
4,150.9
4,150.9
5,150.9
5,150.9
6,150.9
6,150.9
0,145.4
0,145.4
1,145.4
1,143.9
2,142.4
2,142.4
3,140.4
3,139.9
4,139.9
4,139.9
5,139.9
5,139.9
6,136.9
6,135.9
0,135.9
0,135.9
1,133.9
1,133.9
2,133.9
2,133.9
3,133.9
3,133.9
4,133.9
4,133.9
5,133.9
5,133.9
6,133.9
6,133.9
0,133.9
0,132.9
1,132.9
1,132.4
2,130.9
2,130.9
3,130.9
3,130.9
4,130.9
4,130.9
5,130.9
5,130.9
6,130.9
6,130.9
0,130.9
0,130.9
1,130.9
1,130.9
2,130.9
2,130.9
3,130.9
3,128.65
4,128.65
4,128.65
5,127.4
5,127.4
6,127.4
6,126.4
0,126.4
0,126.4
1,126.4
1,126.4
2,126.4
2,126.4
3,126.4
3,155.9
4,155.9
4,155.9
5,155.9
5,155.9
6,155.9
6,155.9
0,155.4
0,155.4
1,154.9
1,154.9
2,153.9
2,153.9
3,153.9
3,153.9
4,153.9
4,152.73333333333332
5,151.4
5,151.4
6,149.9
6,148.4
0,148.4
0,147.9
1,146.9
1,146.9
2,144.9
2,144.9
3,143.9
3,143.9
4,142.9
4,142.9
5,142.9
5,142.9
6,141.9
6,140.9
0,140.9
0,139.9
1,139.9
1,139.9
2,139.9
2,139.9
3,139.9
3,139.9
4,139.9
4,138.9
5,138.9
5,138.9
6,138.9
6,138.9
0,138.9
0,155.9
1,155.9
1,155.9
2,155.9
2,155.4
3,155.4
3,155.4
4,155.4
4,155.4
5,155.4
5,155.4
6,155.4
6,155.4
0,155.4
0,155.4
1,155.4
1,155.4
2,155.4
2,153.9
3,152.9
3,152.9
4,152.9
4,149.4
5,148.4
5,145.53333333333333
6,145.53333333333333
6,143.4
0,139.9
0,139.9
1,137.4
1,137.4
2,137.4
2,137.4
3,137.4
3,137.4
4,137.4
4,137.4
5,136.15
5,136.15
6,134.9
6,134.9
0,134.9
0,134.9
1,134.9
1,134.9
2,134.9
2,134.9
3,134.9
3,134.9
4,134.9
4,134.9
5,134.9
5,134.9
6,134.9
6,134.9
0,134.9
0,134.9
1,157.9
1,157.9
2,157.9
2,157.9
3,157.9
3,157.4
4,157.4
4,157.4
5,157.4
5,157.4
6,157.4
6,157.4
0,157.4
0,157.4
1,155.65
1,154.9
2,154.9
2,154.9
3,153.9
3,153.9
4,150.9
4,149.9
5,149.9
5,149.9
6,149.9
6,149.9
0,149.9
0,147.9
1,147.9
1,145.9
2,145.9
2,145.9
3,145.9
3,145.9
4,145.9
4,145.9
5,144.9
5,144.9
6,144.9
6,144.9
0,144.9
0,144.9
1,144.9
1,144.9
2,143.9
2,142.1
3,139.9
3,139.16666666666666
4,137.9
4,137.5
5,137.5
5,136.7
6,134.9
6,134.9
0,133.9
0,133.9
1,132.9
1,132.7
2,132.7
2,131.9
3,131.9
3,131.9
4,130.9
4,130.9
5,129.9
5,129.9
6,129.9
6,129.9
0,129.9
0,128.9
1,127.9
1,127.9
2,127.9
2,147.9
3,147.9
3,147.4
4,147.4
4,147.4
5,147.4
5,147.4
6,147.4
6,147.4
0,147.4
0,147.4
1,147.4
1,147.4
2,147.4
2,145.9
3,145.9
3,145.9
4,144.9
4,144.9
5,144.9
5,143.9
6,143.9
6,143.9
0,143.9
0,143.9
1,145.4
1,142.9
2,141.9
2,141.9
3,141.9
3,140.9
4,140.9
4,140.9
5,140.9
5,132.7
6,132.7
6,132.7
0,132.7
0,132.7
1,132.7
1,132.7
2,132.7
2,131.9
3,131.9
3,131.3
4,131.3
4,131.3
5,131.1
5,131.1
6,130.9
6,130.9
0,130.9
0,130.9
1,129.9
1,127.9
2,127.9
2,127.4
3,127.15
3,125.9
4,125.9
4,150.9
5,150.9
5,150.9
6,150.9
6,150.4
0,150.4
0,150.4
1,150.4
1,150.4
2,150.4
2,150.4
3,150.4
3,150.4
4,150.4
4,150.4
5,150.4
5,147.9
6,147.9
6,147.9
0,147.9
0,147.9
1,147.4
1,145.9
2,145.9
2,145.9
3,145.4
3,143.9
4,143.9
4,143.9
5,143.9
5,143.9
6,143.4
6,143.4
0,142.9
0,142.9
1,142.9
1,139.9
2,139.4
2,139.4
3,137.9
3,137.9
4,138.9
4,137.15
5,137.15
5,136.4
6,136.4
6,131.8
0,131.7
0,131.7
1,131.7
1,131.7
2,131.7
2,131.3
3,131.3
3,130.7
4,130.7
4,130.7
5,145.79999999999998
5,145.79999999999998
6,160.9
6,160.9
0,160.4
0,160.4
1,159.9
1,159.9
2,159.9
2,159.7
3,158.99999999999997
3,158.99999999999997
4,156.9
4,156.9
5,155.9
5,155.9
6,155.4
6,155.4
0,154.4
0,154.4
1,153.9
1,150.9
2,150.9
2,149.9
3,149.4
3,149.4
4,148.9
4,147.7
5,147.29999999999998
5,146.7
6,146.7
6,145.7
0,145.7
0,145.7
1,145.29999999999998
1,145.29999999999998
2,141.9
2,141.9
3,139.9
3,139.9
4,135.9
4,135.9
5,135.9
5,135.9
6,132.0
6,132.0
0,132.0
0,132.0
1,132.0
1,132.0
2,132.0
2,132.0
3,160.9
3,160.9
4,160.9
4,160.9
5,160.9
5,160.9
6,160.9
6,160.9
0,160.9
0,160.9
1,160.4
1,160.4
2,159.9
2,159.9
3,157.9
3,157.9
4,157.9
4,155.9
5,153.9
5,153.9
6,153.9
6,153.9
0,153.9
0,151.9
1,151.9
1,151.9
2,151.9
2,148.9
3,148.9
3,148.9
4,140.9
4,139.9
5,137.9
5,137.9
6,137.9
6,137.9
0,137.9
0,136.9
1,135.9
1,135.9
2,135.9
2,135.9
3,162.9
3,162.9
4,162.9
4,162.9
5,162.4
5,162.4
6,162.4
6,162.4
0,162.4
0,162.4
1,162.4
1,161.9
2,161.4
2,160.9
3,160.9
3,160.4
4,159.9
4,159.4
5,157.9
5,156.9
6,156.9
6,156.9
0,156.9
0,156.9
1,156.9
1,156.9
2,156.9
2,156.9
3,153.9
3,153.9
4,151.9
4,151.9
5,151.9
5,150.9
6,149.9
6,149.9
0,149.9
0,148.9
1,147.9
1,147.9
2,146.9
2,146.9
3,146.9
3,142.9
4,140.9
4,141.2
5,167.9
5,167.9
6,167.9
6,167.9
0,167.9
0,167.9
1,167.7
1,167.2
2,167.2
2,167.2
3,166.2
3,166.2
4,166.2
4,166.2
5,166.2
5,166.2
6,166.2
6,166.2
0,165.2
0,165.2
1,165.2
1,165.2
2,165.2
2,165.2
3,165.2
3,165.2
4,164.2
4,163.2
5,163.2
5,163.2
6,163.2
6,163.2
0,159.2
0,157.2
1,157.2
1,157.2
2,156.2
2,156.2
3,156.2
3,153.04999999999998
4,152.2
4,150.2
5,150.2
5,150.2
6,150.2
6,149.2
0,148.55
0,148.55
1,148.55
1,148.55
2,148.55
2,167.9
3,167.9
3,167.9
4,167.9
4,167.9
5,167.9
5,167.9
6,167.9
6,167.9
0,167.2
0,167.2
1,167.2
1,166.2
2,166.2
2,166.2
3,166.2
3,166.2
4,165.2
4,164.2
5,160.2
5,160.2
6,160.2
6,160.2
0,160.2
0,160.2
1,160.2
1,160.2
2,158.2
2,157.2
3,156.2
3,156.2
4,156.2
4,156.2
5,156.2
5,156.2
6,154.2
6,154.2
0,154.2
0,154.2
1,154.2
1,154.2
2,153.2
2,153.2
3,153.2
3,153.2
4,150.2
4,150.2
5,150.2
5,150.2
6,149.2
6,149.2
0,149.2
0,149.2
1,149.2
1,149.2
2,149.2
2,149.2
3,149.2
3,167.9
4,167.9
4,167.9
5,167.9
5,167.9
6,167.9
6,167.9
0,167.9
0,167.9
1,167.9
1,167.9
2,166.9
2,166.2
3,166.2
3,166.2
4,163.2
4,161.2
5,161.2
5,161.2
6,161.2
6,159.9
0,159.9
0,159.9
1,159.9
1,159.2
2,158.2
2,156.2
3,154.2
3,154.2
4,154.2
4,154.2
5,154.2
5,154.2
6,154.2
6,154.2
0,154.2
0,153.2
1,153.2
1,153.2
2,153.2
2,152.2
3,150.2
3,150.2
4,150.2
4,150.2
5,150.2
5,150.2
6,150.2
6,149.2
0,149.2
0,149.2
1,149.2
1,148.2
2,148.2
2,148.2
3,146.5
3,146.5
4,146.2
4,146.2
5,146.2
5,146.2
6,146.2
6,146.2
0,146.2
0,143.9
1,142.9
1,142.9
2,142.9
2,142.9
3,142.2
3,142.2
4,142.2
4,142.2
5,142.2
5,142.2
6,142.2
6,142.2
0,142.2
0,141.9
1,141.9
1,141.9
2,141.9
2,167.9
3,167.9
3,166.9
4,165.9
4,165.9
5,165.9
5,165.9
6,165.9
6,165.9
0,165.9
0,165.9
1,165.9
1,165.9
2,163.9
2,161.9
3,159.9
3,159.9
4,159.9
4,159.9
5,159.9
5,159.9
6,158.9
6,158.9
0,157.9
0,156.9
1,155.9
1,154.9
2,153.9
2,152.9
3,152.9
3,151.9
4,151.9
4,151.4
5,149.9
5,149.9
6,148.9
6,148.9
0,148.9
0,148.9
1,148.9
1,148.9
2,148.9
2,148.9
3,148.9
3,148.9
4,148.9
4,146.9
5,167.9
5,167.4
6,167.4
6,167.4
0,167.4
0,167.4
1,167.4
1,167.4
2,167.4
2,167.4
3,166.9
3,166.9
4,166.9
4,162.9
5,159.9
5,159.9
6,159.9
6,156.4
0,150.9
0,150.7
1,149.9
1,149.9
2,149.9
2,149.9
3,149.9
3,149.9
4,148.7
4,147.9
5,147.9
5,147.9
6,147.9
6,147.9
0,146.9
0,146.9
1,146.9
1,146.9
2,146.9
2,146.9
3,146.9
3,145.9
4,145.9
4,145.9
5,145.9
5,145.9
6,145.9
6,145.9
0,145.9
0,145.9
1,145.9
1,145.9
2,145.9
2,145.9
3,145.9
3,169.9
4,169.9
4,169.9
5,169.9
5,169.9
6,169.9
6,169.9
0,169.9
0,169.9
1,169.9
1,166.9
2,166.9
2,162.9
3,161.9
3,161.9
4,161.9
4,161.9
5,161.9
5,161.9
6,161.9
6,161.9
0,161.9
0,161.9
1,161.9
1,161.9
2,161.9
2,161.9
3,154.4
3,154.4
4,154.4
4,154.4
5,153.9
5,153.9
6,153.9
6,153.9
0,153.9
0,153.9
1,153.9
1,153.9
2,153.9
2,153.9
3,174.9
3,174.9
4,174.9
4,174.9
5,174.4
5,174.4
6,174.4
6,174.4
