0,0
0,129.7
1,126.8
1,126.8
2,126.9
2,126.9
3,125.9
3,123.9
4,122.9
4,122.9
5,121.9
5,120.9
6,120.9
6,120.9
0,119.9
0,119.9
1,119.55000000000001
1,117.9
2,117.9
2,117.4
3,117.4
3,117.4
4,115.9
4,115.9
5,115.9
5,115.9
6,114.4
6,113.9
0,113.9
0,113.9
1,113.4
1,113.4
2,143.65
2,143.65
3,143.65
3,143.65
4,143.65
4,143.65
5,143.65
5,143.65
6,143.65
6,141.9
0,141.9
0,141.9
1,141.9
1,141.9
2,141.9
2,139.05
3,136.4
3,135.4
4,132.4
4,132.4
5,131.4
5,130.9
6,130.9
6,130.9
0,129.9
0,129.9
1,126.9
1,126.9
2,126.9
2,126.9
3,124.9
3,120.2
4,120.2
4,120.2
5,120.2
5,120.2
6,120.2
6,119.4
0,119.4
0,119.4
1,117.9
1,117.9
2,145.9
2,145.9
3,145.9
3,143.4
4,143.4
4,143.4
5,143.4
5,142.9
6,142.9
6,140.7
0,139.9
0,139.9
1,137.4
1,137.4
2,137.4
2,135.9
3,135.9
3,133.9
4,133.9
4,133.9
5,133.9
5,133.9
6,132.9
6,131.65
0,131.65
0,125.9
1,125.45
1,125.45
2,125.45
2,124.7
3,123.9
3,123.9
4,147.4
4,147.4
5,147.4
5,147.4
6,147.4
6,147.4
0,145.9
0,145.9
1,145.9
1,145.9
2,145.9
2,145.9
3,145.9
3,143.9
4,143.9
4,143.4
5,143.4
5,143.4
6,143.4
6,143.4
0,143.4
0,143.4
1,143.4
1,143.4
2,143.4
2,143.4
3,143.4
3,143.4
4,143.4
4,143.4
5,143.4
5,143.4
6,143.4
6,143.4
0,143.4
0,143.4
1,143.4
1,143.4
2,143.4
2,143.4
3,143.4
3,143.4
4,143.4
4,143.4
5,143.4
5,143.4
6,143.4
6,143.4
0,143.4
0,143.4
1,143.4
1,143.4
2,143.4
2,143.4
3,143.4
3,143.4
4,143.4
4,143.4
5,143.4
5,143.4
6,143.4
6,143.4
0,143.4
0,143.4
1,143.4
1,143.4
2,143.4
2,143.4
3,143.4
3,143.4
4,143.4
4,143.4
5,143.4
5,143.4
6,143.4
6,143.4
0,143.4
0,143.4
1,143.4
1,143.4
2,143.4
2,143.4
3,143.4
3,143.4
4,143.4
4,143.4
5,143.4
5,143.4
6,143.4
6,143.4
0,143.4
0,143.4
1,143.4
1,143.4
2,143.4
2,143.4
3,143.4
3,143.4
4,143.4
4,143.4
5,143.4
5,143.4
6,143.4
6,143.4
0,143.4
0,143.4
1,143.4
1,143.4
2,143.4
2,143.4
3,143.4
3,143.4
4,143.4
4,143.4
5,143.4
5,143.4
6,143.4
6,143.4
0,143.4
0,143.4
1,143.4
1,143.4
2,143.4
2,143.4
3,143.4
3,143.4
4,143.4
4,143.4
5,143.4
5,143.4
6,143.4
6,143.4
0,143.4
0,143.4
1,143.4
1,143.4
2,143.4
2,143.4
3,143.4
3,143.4
4,143.4
4,143.4
5,143.4
5,149.9
6,149.9
6,149.9
0,149.9
0,149.9
1,149.9
1,149.9
2,149.9
2,149.9
3,149.9
3,149.9
4,149.9
4,149.9
5,149.9
5,149.9
6,149.9
6,149.9
0,149.9
0,147.9
1,147.9
1,145.9
2,145.9
2,145.9
3,145.9
3,145.9
4,145.9
4,145.9
5,145.9
5,145.9
6,145.9
6,145.9
0,145.9
0,145.9
1,145.9
1,145.9
2,145.9
2,145.9
3,145.4
3,145.4
4,144.9
4,144.4
5,143.9
5,143.9
6,143.9
6,143.9
0,143.9
0,138.4
1,138.4
1,138.4
2,138.4
2,138.4
3,138.4
3,138.4
4,138.4
4,138.4
5,138.4
5,138.4
6,138.4
6,138.4
0,138.4
0,138.4
1,138.4
1,138.4
2,160.9
2,160.9
3,160.9
3,160.9
4,160.9
4,160.9
5,160.9
5,160.9
6,160.9
6,160.9
0,160.9
0,160.9
1,160.9
1,157.9
2,157.9
2,157.9
3,157.9
3,155.9
4,155.9
4,155.9
5,155.9
5,155.9
6,155.9
6,155.9
0,155.9
0,155.9
1,155.9
1,155.9
2,155.3
2,153.4
3,150.9
3,149.9
4,149.9
4,149.9
5,149.9
5,149.9
6,149.9
6,149.9
0,147.4
0,144.4
1,142.4
1,142.4
2,140.4
2,140.4
3,140.4
3,140.4
4,140.4
4,140.4
5,139.2
5,139.2
6,138.4
6,137.9
0,137.9
0,137.9
1,137.9
1,137.9
2,137.9
2,137.9
3,137.9
3,137.9
4,136.9
4,136.9
5,136.9
5,136.9
6,135.9
6,135.9
0,135.9
0,135.9
1,135.15
1,135.15
2,135.15
2,135.15
3,135.15
3,160.9
4,160.9
4,160.9
5,160.9
5,134.9
6,134.9
6,134.9
0,134.9
0,134.9
1,134.9
1,134.9
2,134.9
2,134.9
3,160.9
3,160.9
4,160.9
4,160.9
5,160.9
5,160.9
6,160.9
6,160.9
0,160.9
0,160.9
1,160.9
1,160.9
2,159.9
2,159.9
3,159.9
3,159.9
4,151.9
4,151.9
5,151.9
5,151.9
6,151.9
6,151.9
0,151.9
0,151.9
1,149.4
1,144.9
2,144.9
2,144.9
3,144.9
3,144.9
4,144.9
4,144.9
5,144.9
5,144.9
6,144.9
6,144.9
0,144.9
0,144.9
1,142.3
1,142.3
2,141.9
2,141.9
3,141.9
3,141.9
4,141.9
4,140.9
5,140.9
5,140.9
6,140.9
6,139.9
0,139.9
0,139.9
1,139.9
1,139.9
2,139.9
2,139.9
3,139.9
3,139.9
4,139.9
4,139.9
5,139.9
5,139.9
6,139.9
6,137.5
0,137.5
0,135.8
1,135.8
1,135.3
2,131.9
2,131.9
3,131.9
3,131.4
4,131.4
4,131.4
5,131.4
5,131.4
6,130.5
6,130.5
0,130.5
0,130.5
1,130.5
1,130.5
2,129.9
2,129.9
3,129.9
3,128.9
4,128.9
4,128.9
5,128.9
5,128.9
6,128.9
6,127.9
0,127.9
0,127.9
1,127.9
1,127.9
2,127.9
2,127.9
3,127.9
3,155.9
4,155.9
4,155.9
5,155.9
5,155.9
6,155.9
6,155.9
0,155.9
0,155.9
1,155.9
1,155.9
2,155.9
2,155.9
3,155.9
3,155.9
4,155.9
4,154.65
5,154.65
5,154.65
6,151.9
6,150.4
0,149.9
0,149.9
1,149.9
1,148.3
2,148.3
2,148.3
3,146.9
3,146.9
4,146.9
4,146.9
5,146.9
5,146.9
6,146.9
6,146.9
0,146.9
0,146.7
1,146.7
1,146.7
2,146.7
2,145.9
3,143.9
3,143.9
4,143.9
4,143.9
5,143.9
5,143.9
6,143.9
6,143.9
0,142.9
0,141.9
1,141.9
1,141.9
2,141.9
2,155.9
3,155.9
3,155.9
4,155.9
4,155.9
5,155.9
5,155.9
6,155.9
6,155.9
0,155.4
0,155.4
1,155.4
1,155.4
2,153.9
2,153.9
3,152.9
3,152.9
4,151.9
4,147.9
5,147.9
5,147.4
6,147.4
6,147.4
0,139.96666666666667
0,137.4
1,137.4
1,137.4
2,137.4
2,137.4
3,137.4
3,137.4
4,134.5
4,133.9
5,133.9
5,133.9
6,133.9
6,133.9
0,133.9
0,133.9
1,133.9
1,133.9
2,133.9
2,133.9
3,133.9
3,133.9
4,133.9
4,133.9
5,133.9
5,133.9
6,133.9
6,133.9
0,133.9
0,133.9
1,133.9
1,133.9
2,133.9
2,157.9
3,157.9
3,157.9
4,155.9
4,155.9
5,155.9
5,155.9
6,155.9
6,155.9
0,155.9
0,155.9
1,155.9
1,152.1
2,152.1
2,152.1
3,148.4
3,148.4
4,148.4
4,148.4
5,148.4
5,148.4
6,147.9
6,147.9
0,147.9
0,147.4
1,147.4
1,147.4
2,143.9
2,141.4
3,141.4
3,141.4
4,141.4
4,141.4
5,141.4
5,141.4
6,141.4
6,141.4
0,138.9
0,138.9
1,138.9
1,138.9
2,138.4
2,138.4
3,137.9
3,137.7
4,132.9
4,132.9
5,132.9
5,131.2
6,131.2
6,130.7
0,130.3
0,129.9
1,129.9
1,129.9
2,129.9
2,129.4
3,128.9
3,126.4
4,125.9
4,125.9
5,125.9
5,125.9
6,125.9
6,125.9
0,124.9
0,124.9
1,124.9
1,124.9
2,124.9
2,124.9
3,124.9
3,147.9
4,147.9
4,147.9
5,147.9
5,147.9
6,147.9
6,147.9
0,147.9
0,147.9
1,147.9
1,147.9
2,147.9
2,147.9
3,147.9
3,147.9
4,147.9
4,147.9
5,147.9
5,147.9
6,147.9
6,147.9
0,144.4
0,142.4
1,142.4
1,140.9
2,140.9
2,140.9
3,140.9
3,140.9
4,140.9
4,140.9
5,140.9
5,138.9
6,138.9
6,136.9
0,136.4
0,134.9
1,134.9
1,134.9
2,133.65
2,133.65
3,132.4
3,131.4
4,131.4
4,131.4
5,131.4
5,131.4
6,131.4
6,131.4
0,131.4
0,131.4
1,129.23333333333335
1,129.23333333333335
2,126.65
2,126.65
3,125.9
3,125.9
4,125.9
4,125.9
5,125.9
5,125.9
6,125.9
6,125.9
0,125.9
0,125.9
1,138.4
1,138.4
2,150.9
2,150.9
3,149.65
3,147.4
4,147.4
4,147.4
5,147.4
5,147.4
6,147.4
6,147.4
0,147.4
0,147.4
1,147.4
1,147.4
2,147.4
2,147.4
3,147.4
3,146.9
4,146.9
4,145.9
5,145.9
5,145.9
6,145.15
6,145.15
0,143.9
0,141.4
1,140.65
1,138.15
2,137.9
2,135.4
3,133.9
3,133.9
4,134.4
4,134.4
5,134.4
5,134.4
6,134.4
6,134.4
0,134.4
0,133.9
1,133.9
1,133.9
2,132.4
2,131.7
3,131.7
3,131.7
4,131.7
4,131.7
5,131.7
5,131.7
6,131.7
6,131.7
0,131.7
0,131.7
1,144.8
1,144.8
2,157.9
2,157.9
3,157.9
3,157.9
4,157.9
4,156.9
5,156.9
5,156.9
6,156.9
6,156.9
0,156.9
0,153.3
1,151.7
1,151.7
2,151.05
2,151.05
3,150.15
3,147.4
4,145.4
4,142.65
5,142.4
5,141.9
6,141.4
6,141.4
0,140.9
0,140.9
1,140.9
1,140.9
2,138.9
2,137.15
3,137.15
3,135.9
4,135.9
4,134.9
5,134.9
5,134.9
6,134.9
6,134.4
0,134.4
0,133.9
1,133.9
1,133.9
2,133.9
2,133.9
3,133.9
3,133.9
4,133.9
4,133.9
5,133.9
5,133.9
6,133.9
6,133.9
0,133.9
0,133.9
1,133.9
1,159.4
2,159.4
2,157.9
3,157.9
3,156.15
4,156.15
4,156.15
5,156.15
5,156.15
6,156.15
6,153.9
0,150.9
0,149.9
1,149.9
1,149.9
2,148.9
2,148.9
3,148.9
3,146.9
4,146.9
4,144.9
5,143.4
5,143.4
6,143.4
6,143.4
0,143.4
0,143.4
1,143.4
1,141.9
2,141.9
2,162.9
3,162.9
3,162.9
4,162.9
4,162.9
5,162.9
5,162.9
6,162.9
6,162.9
0,162.9
0,162.4
1,162.4
1,159.9
2,159.9
2,159.4
3,157.9
3,157.9
4,157.9
4,157.9
5,157.9
5,157.9
6,157.9
6,157.9
0,157.9
0,157.9
1,153.9
1,153.9
2,152.9
2,152.9
3,152.9
3,152.9
4,151.9
4,148.9
5,148.9
5,148.9
6,148.9
6,148.9
0,148.9
0,146.9
1,146.9
1,145.9
2,144.9
2,144.9
3,144.9
3,144.9
4,142.9
4,167.9
5,167.9
5,167.9
6,167.9
6,167.9
0,167.9
0,167.9
1,167.9
1,166.7
2,165.9
2,165.9
3,165.9
3,165.9
4,165.9
4,165.9
5,166.7
5,166.7
6,166.7
6,166.7
0,166.7
0,166.7
1,166.7
1,164.7
2,163.9
2,163.9
3,164.7
3,164.7
4,164.7
4,164.7
5,164.7
5,164.7
6,164.7
6,162.7
0,162.7
0,162.7
1,162.7
1,162.7
2,156.7
2,155.7
3,155.7
3,155.7
4,155.7
4,154.7
5,150.7
5,149.7
6,149.7
6,149.7
0,149.7
0,149.7
1,146.6
1,146.6
2,146.6
2,167.9
3,167.9
3,167.9
4,167.9
4,167.9
5,167.9
5,167.9
6,167.9
6,167.9
0,166.7
0,166.7
1,166.7
1,166.7
2,166.7
2,166.7
3,166.7
3,166.7
4,166.7
4,163.7
5,163.7
5,163.7
6,163.7
6,163.7
0,163.7
0,163.7
1,163.7
1,161.3
2,161.3
2,159.9
3,160.7
3,160.7
4,159.7
4,159.7
5,158.7
5,158.7
6,158.7
6,158.7
0,158.7
0,156.7
1,153.7
1,153.7
2,153.7
2,153.7
3,153.7
3,153.7
4,153.7
4,152.7
5,152.7
5,152.7
6,152.7
6,152.7
0,152.7
0,152.7
1,152.7
1,152.7
2,152.7
2,151.7
3,151.7
3,151.7
4,167.9
4,167.9
5,167.9
5,167.9
6,167.9
6,167.9
0,167.9
0,167.7
1,167.7
1,167.7
2,166.7
2,166.7
3,166.7
3,163.7
4,163.7
4,163.7
5,163.7
5,163.7
6,163.7
6,163.7
0,163.7
0,163.7
1,163.7
1,163.7
2,163.7
2,163.7
3,163.7
3,163.7
4,154.7
4,154.7
5,154.7
5,154.7
6,154.7
6,154.7
0,154.7
0,154.7
1,154.7
1,153.7
2,153.7
2,153.7
3,153.7
3,153.7
4,153.7
4,153.7
5,153.7
5,153.7
6,153.7
6,152.7
0,149.7
0,149.7
1,149.7
1,149.7
2,149.7
2,149.7
3,149.7
3,149.7
4,149.7
4,149.7
5,149.7
5,149.7
6,149.7
6,149.7
0,147.7
0,147.7
1,147.7
1,147.7
2,147.14999999999998
2,147.14999999999998
3,147.14999999999998
3,147.14999999999998
4,147.14999999999998
4,147.14999999999998
5,147.14999999999998
5,147.14999999999998
6,147.14999999999998
6,147.14999999999998
0,147.14999999999998
0,145.9
1,145.9
1,145.9
2,145.9
2,167.9
3,167.9
3,167.9
4,165.9
4,165.9
5,165.9
5,165.9
6,165.9
6,165.9
0,162.9
0,162.9
1,162.9
1,162.9
2,162.9
2,162.9
3,162.9
3,162.9
4,162.9
4,162.9
5,157.9
5,157.9
6,157.9
6,157.9
0,157.9
0,156.9
1,156.9
1,156.9
2,152.9
2,151.9
3,149.9
3,149.9
4,149.9
4,149.9
5,149.9
5,149.9
6,149.9
6,146.9
0,146.9
0,146.9
1,146.9
1,146.9
2,146.9
2,146.9
3,145.9
3,145.9
4,145.9
4,144.9
5,144.9
5,144.9
6,144.9
6,167.9
0,167.9
0,167.9
1,167.9
1,167.9
2,167.9
2,162.9
3,162.9
3,162.9
4,162.9
4,162.9
5,162.9
5,162.9
6,162.9
6,160.9
0,160.9
0,160.9
1,160.9
1,159.9
2,159.9
2,159.9
3,159.9
3,156.9
4,156.9
4,156.9
5,153.9
5,152.9
6,152.9
6,152.9
0,152.9
0,152.9
1,150.9
1,150.9
2,150.9
2,150.9
3,150.9
3,150.9
4,150.9
4,150.9
5,146.9
5,146.9
6,146.9
6,146.9
0,146.9
0,146.9
1,146.9
1,146.9
2,146.9
2,146.9
3,146.9
3,146.9
4,169.9
4,169.9
5,169.9
5,169.9
6,169.9
6,169.9
0,169.9
0,169.9
1,169.9
1,168.4
2,168.4
2,168.4
3,166.9
3,166.9
4,166.9
4,166.9
5,166.9
5,165.9
6,165.9
6,164.9
0,164.9
0,164.9
1,163.9
1,163.9
2,162.9
2,162.9
3,162.9
3,159.4
4,159.4
4,159.4
5,159.4
5,159.4
6,159.4
6,159.4
0,159.4
0,159.4
1,159.4
1,159.4
2,159.4
2,159.4
3,159.4
3,174.9
4,174.9
4,174.9
5,174.9
5,174.9
6,174.9
6,174.9
