0,0
0,126.3
1,126.3
1,126.3
2,126.3
2,125.9
3,123.4
3,123.4
4,123.4
4,122.4
5,120.9
5,120.9
6,120.8
6,120.4
0,119.9
0,117.9
1,117.9
1,117.4
2,117.4
2,117.4
3,117.4
3,116.9
4,114.9
4,114.9
5,114.7
5,114.15
6,114.15
6,114.15
0,113.7
0,113.4
1,113.4
1,113.4
2,143.65
2,143.65
3,143.65
3,143.65
4,143.65
4,143.65
5,142.9
5,141.9
6,141.9
6,141.9
0,141.9
0,141.9
1,141.9
1,141.9
2,141.9
2,140.4
3,136.26666666666668
3,134.15
4,132.4
4,132.4
5,131.15
5,131.15
6,131.15
6,130.4
0,129.65
0,126.9
1,126.9
1,126.9
2,126.9
2,126.9
3,124.9
3,122.4
4,122.4
4,122.4
5,119.9
5,119.9
6,119.9
6,119.4
0,119.4
0,119.4
1,118.9
1,117.9
2,144.9
2,144.9
3,143.9
3,143.4
4,143.4
4,143.4
5,142.4
5,142.4
6,142.4
6,142.4
0,142.4
0,142.4
1,138.9
1,138.9
2,138.9
2,137.15
3,137.15
3,135.4
4,133.4
4,133.4
5,133.4
5,133.4
6,133.4
6,133.4
0,130.7
0,128.7
1,128.7
1,127.4
2,125.9
2,124.7
3,135.9
3,135.9
4,147.4
4,147.4
5,147.4
5,147.4
6,147.4
6,147.4
0,145.9
0,145.9
1,145.9
1,145.9
2,145.9
2,145.9
3,145.9
3,143.9
4,143.9
4,143.8
5,143.8
5,143.8
6,143.8
6,143.8
0,143.8
0,143.8
1,143.8
1,143.8
2,143.8
2,143.8
3,143.8
3,143.8
4,143.8
4,143.8
5,143.8
5,143.8
6,143.8
6,143.8
0,143.8
0,143.8
1,143.8
1,143.8
2,143.8
2,143.8
3,143.8
3,143.8
4,143.8
4,143.8
5,143.8
5,143.8
6,143.8
6,143.8
0,143.8
0,143.8
1,143.8
1,143.8
2,143.8
2,143.8
3,143.8
3,143.8
4,143.8
4,143.8
5,143.8
5,143.8
6,143.8
6,143.8
0,143.8
0,143.8
1,143.8
1,143.8
2,143.8
2,143.8
3,143.8
3,143.8
4,143.8
4,143.8
5,143.8
5,143.8
6,143.8
6,143.8
0,143.8
0,143.8
1,143.8
1,143.8
2,143.8
2,143.8
3,143.8
3,143.8
4,143.8
4,143.8
5,143.8
5,143.8
6,143.8
6,143.8
0,143.8
0,143.8
1,143.8
1,143.8
2,143.8
2,143.8
3,143.8
3,143.8
4,143.8
4,143.8
5,143.8
5,143.8
6,143.8
6,143.8
0,143.8
0,143.8
1,143.8
1,143.8
2,143.8
2,143.8
3,143.8
3,143.8
4,143.8
4,143.8
5,143.8
5,143.8
6,143.8
6,143.8
0,143.8
0,143.8
1,143.8
1,143.8
2,143.8
2,143.8
3,143.8
3,143.8
4,143.8
4,143.8
5,143.8
5,143.8
6,143.8
6,143.8
0,143.8
0,143.8
1,143.8
1,143.8
2,143.8
2,143.8
3,143.8
3,143.8
4,149.9
4,149.9
5,149.9
5,149.9
6,149.9
6,149.9
0,149.9
0,149.9
1,149.9
1,145.9
2,145.9
2,145.9
3,145.9
3,145.9
4,145.9
4,145.9
5,145.9
5,145.9
6,145.9
6,145.9
0,145.9
0,145.9
1,145.9
1,145.9
2,145.9
2,145.9
3,145.9
3,145.9
4,145.9
4,145.9
5,145.9
5,145.9
6,145.9
6,145.9
0,145.9
0,145.9
1,145.9
1,145.9
2,145.9
2,145.4
3,145.4
3,145.4
4,144.4
4,143.9
5,143.9
5,143.9
6,143.9
6,143.9
0,143.9
0,141.9
1,141.9
1,141.9
2,141.9
2,141.9
3,141.9
3,141.9
4,141.9
4,141.9
5,141.9
5,141.9
6,141.9
6,140.9
0,140.9
0,140.9
1,138.9
1,138.9
2,160.9
2,160.9
3,160.9
3,160.9
4,160.9
4,160.9
5,160.9
5,160.4
6,160.4
6,160.4
0,155.9
0,155.9
1,155.9
1,155.9
2,155.9
2,155.9
3,155.9
3,155.9
4,155.9
4,155.9
5,155.9
5,155.9
6,155.9
6,155.9
0,155.9
0,155.9
1,155.9
1,155.9
2,155.9
2,155.9
3,155.4
3,152.9
4,147.9
4,147.9
5,147.9
5,147.9
6,147.4
6,147.4
0,142.9
0,142.9
1,142.9
1,142.9
2,137.9
2,137.9
3,137.9
3,137.9
4,137.9
4,137.9
5,137.9
5,137.9
6,137.9
6,137.9
0,135.9
0,135.9
1,135.9
1,135.9
2,135.9
2,135.9
3,135.9
3,135.9
4,135.9
4,135.9
5,135.9
5,135.9
6,135.9
6,135.9
0,135.9
0,135.9
1,134.9
1,134.9
2,134.9
2,134.9
3,134.9
3,134.9
4,134.9
4,134.9
5,134.9
5,134.9
6,134.9
6,134.9
0,134.9
0,134.9
1,134.9
1,134.9
2,134.9
2,160.9
3,160.9
3,160.9
4,160.9
4,160.9
5,160.9
5,160.9
6,160.9
6,160.9
0,160.9
0,160.9
1,155.9
1,155.9
2,155.9
2,155.9
3,155.9
3,155.9
4,155.9
4,155.9
5,155.9
5,155.9
6,155.9
6,155.9
0,155.9
0,155.9
1,155.4
1,152.9
2,145.9
2,145.9
3,145.9
3,145.9
4,145.9
4,145.9
5,145.9
5,145.9
6,145.9
6,145.9
0,145.9
0,145.9
1,142.9
1,142.9
2,142.9
2,142.9
3,142.9
3,142.9
4,142.9
4,142.9
5,142.9
5,142.9
6,142.9
6,140.9
0,140.9
0,140.9
1,140.9
1,140.9
2,140.9
2,140.9
3,140.9
3,140.9
4,140.9
4,140.9
5,140.9
5,140.9
6,140.9
6,137.9
0,133.9
0,133.9
1,133.9
1,133.9
2,133.9
2,133.9
3,133.9
3,133.9
4,133.9
4,133.9
5,133.9
5,133.9
6,133.9
6,133.9
0,133.9
0,133.9
1,131.9
1,131.9
2,129.9
2,129.9
3,129.9
3,129.9
4,129.9
4,129.9
5,129.9
5,129.9
6,129.9
6,128.9
0,128.9
0,128.9
1,127.9
1,127.9
2,127.9
2,127.9
3,127.9
3,127.9
4,155.9
4,155.9
5,155.9
5,155.9
6,155.9
6,155.9
0,155.9
0,155.9
1,152.9
1,152.9
2,150.9
2,150.9
3,150.9
3,150.9
4,150.9
4,150.9
5,150.9
5,150.9
6,150.9
6,150.4
0,149.9
0,149.9
1,148.9
1,148.9
2,148.9
2,147.9
3,146.9
3,146.9
4,146.9
4,146.9
5,146.9
5,146.9
6,146.9
6,146.9
0,143.9
0,143.9
1,143.9
1,143.9
2,143.9
2,143.9
3,143.9
3,143.9
4,143.9
4,143.9
5,143.9
5,143.9
6,143.9
6,143.9
0,138.9
0,138.9
1,138.9
1,138.9
2,138.9
2,138.9
3,138.9
3,155.9
4,155.9
4,155.9
5,155.9
5,155.9
6,155.9
6,155.9
0,155.4
0,155.4
1,155.4
1,155.4
2,153.9
2,153.9
3,149.9
3,149.9
4,149.9
4,149.9
5,149.9
5,149.9
6,149.9
6,149.9
0,143.45
0,138.95
1,137.4
1,137.4
2,137.4
2,137.4
3,137.4
3,137.4
4,137.4
4,133.3
5,133.3
5,133.3
6,133.3
6,133.3
0,131.9
0,131.9
1,131.9
1,131.9
2,131.9
2,131.9
3,131.9
3,131.9
4,131.9
4,131.9
5,131.9
5,131.9
6,131.9
6,131.9
0,131.9
0,131.9
1,131.9
1,131.9
2,131.9
2,157.9
3,157.9
3,157.9
4,157.9
4,157.9
5,157.9
5,157.9
6,155.9
6,155.9
0,152.9
0,152.9
1,152.9
1,146.9
2,146.9
2,146.9
3,146.9
3,146.9
4,146.9
4,146.9
5,145.4
5,145.4
6,145.4
6,145.4
0,145.4
0,145.4
1,145.4
1,145.4
2,145.4
2,145.4
3,145.4
3,145.4
4,143.9
4,143.9
5,143.9
5,143.9
6,139.9
6,139.9
0,137.9
0,137.9
1,137.9
1,137.9
2,137.9
2,133.9
3,133.9
3,133.9
4,133.9
4,133.9
5,133.9
5,133.9
6,133.9
6,133.7
0,133.2
0,132.8
1,132.8
1,132.8
2,132.8
2,132.4
3,130.9
3,128.9
4,128.9
4,128.4
5,128.4
5,128.4
6,128.4
6,128.4
0,126.4
0,124.4
1,124.4
1,124.4
2,124.4
2,124.4
3,124.4
3,147.9
4,147.4
4,147.4
5,146.9
5,145.9
6,145.9
6,145.9
0,145.9
0,145.9
1,145.9
1,145.9
2,145.9
2,145.9
3,145.9
3,145.9
4,145.9
4,145.9
5,145.9
5,145.9
6,145.9
6,145.9
0,145.9
0,145.9
1,145.4
1,144.4
2,144.4
2,144.4
3,144.4
3,144.4
4,144.4
4,144.4
5,143.9
5,143.9
6,143.15
6,143.15
0,141.15
0,135.9
1,135.9
1,135.9
2,135.9
2,135.9
3,135.9
3,134.9
4,134.9
4,134.9
5,134.65
5,134.65
6,134.4
6,134.4
0,133.4
0,131.9
1,131.4
1,129.4
2,129.15
2,127.4
3,127.4
3,127.4
4,127.4
4,127.4
5,127.4
5,127.4
6,127.4
6,127.4
0,127.4
0,127.4
1,139.15
1,139.15
2,150.9
2,150.9
3,149.9
3,147.15
4,146.9
4,146.9
5,146.9
5,146.9
6,146.9
6,146.9
0,146.9
0,146.9
1,146.9
1,146.9
2,146.9
2,146.9
3,145.9
3,145.9
4,144.9
4,144.9
5,144.4
5,144.4
6,143.9
6,140.9
0,140.9
0,140.9
1,140.4
1,138.9
2,138.4
2,135.15
3,133.65
3,133.65
4,134.4
4,134.4
5,134.4
5,134.4
6,133.9
6,133.9
0,133.9
0,133.4
1,133.4
1,133.4
2,133.4
2,132.4
3,132.4
3,131.9
4,131.9
4,131.9
5,131.9
5,160.9
6,160.9
6,160.9
0,160.4
0,157.9
1,157.9
1,157.9
2,157.9
2,157.9
3,157.9
3,157.9
4,157.9
4,157.4
5,156.9
5,156.9
6,156.4
6,156.4
0,156.4
0,153.5666666666667
1,151.4
1,151.4
2,150.9
2,149.9
3,149.9
3,147.15
4,145.4
4,143.65
5,143.15
5,143.15
6,142.9
6,141.9
0,141.4
0,141.4
1,141.4
1,141.4
2,139.4
2,137.15
3,137.15
3,136.4
4,135.9
4,135.9
5,135.9
5,135.9
6,135.9
6,134.9
0,134.9
0,134.9
1,134.9
1,134.9
2,134.9
2,134.9
3,134.9
3,134.9
4,134.9
4,160.9
5,160.9
5,160.9
6,156.9
6,156.9
0,156.9
0,156.9
1,156.9
1,156.9
2,156.9
2,156.9
3,156.9
3,155.9
4,155.9
4,155.4
5,155.4
5,155.4
6,153.9
6,153.9
0,153.4
0,151.73333333333335
1,148.9
1,148.9
2,148.9
2,147.9
3,147.9
3,147.9
4,146.9
4,144.9
5,144.9
5,144.9
6,144.9
6,144.9
0,144.9
0,144.9
1,142.4
1,142.4
2,142.4
2,162.9
3,162.9
3,162.9
4,162.9
4,162.9
5,162.9
5,162.9
6,162.9
6,162.9
0,162.9
0,162.4
1,162.4
1,159.65
2,157.9
2,157.9
3,157.9
3,157.9
4,157.9
4,157.9
5,157.9
5,157.9
6,157.9
6,157.9
0,157.9
0,157.9
1,157.9
1,157.9
2,153.4
2,153.4
3,153.4
3,153.4
4,151.9
4,148.9
5,148.9
5,148.9
6,148.9
6,148.9
0,148.9
0,146.9
1,146.9
1,145.9
2,144.9
2,144.9
3,144.9
3,144.9
4,142.9
4,167.9
5,167.9
5,167.9
6,167.9
6,167.9
0,165.9
0,165.9
1,165.9
1,165.9
2,165.9
2,165.9
3,165.9
3,165.9
4,165.9
4,165.9
5,165.9
5,165.9
6,165.9
6,165.9
0,165.9
0,165.9
1,163.9
1,163.9
2,163.9
2,163.9
3,163.9
3,163.9
4,163.9
4,161.9
5,161.9
5,161.9
6,161.9
6,161.9
0,161.9
0,161.9
1,161.9
1,161.9
2,158.8
2,158.3
3,158.3
3,158.3
4,156.9
4,153.9
5,152.5
5,151.9
6,149.9
6,149.9
0,149.9
0,148.9
1,148.1
1,147.9
2,147.9
2,147.9
3,167.9
3,167.9
4,167.9
4,167.9
5,167.9
5,167.9
6,165.9
6,165.9
0,165.9
0,165.9
1,165.9
1,165.9
2,165.9
2,165.9
3,165.9
3,165.9
4,162.9
4,162.9
5,162.9
5,162.9
6,162.9
6,162.9
0,162.9
0,162.9
1,160.9
1,159.9
2,159.9
2,159.9
3,159.9
3,159.9
4,159.9
4,159.9
5,159.9
5,159.9
6,155.9
6,155.9
0,152.9
0,152.9
1,152.9
1,152.9
2,152.9
2,152.9
3,152.9
3,152.9
4,152.9
4,152.9
5,152.9
5,152.9
6,152.9
6,152.9
0,152.9
0,152.9
1,151.9
1,151.9
2,151.9
2,150.9
3,150.9
3,167.9
4,167.9
4,167.9
5,167.9
5,167.9
6,167.9
6,167.9
0,167.9
0,167.9
1,166.9
1,166.9
2,165.9
2,165.9
3,162.9
3,162.9
4,162.9
4,162.9
5,162.9
5,162.9
6,162.9
6,162.9
0,162.9
0,162.9
1,162.9
1,162.9
2,157.9
2,153.9
3,153.9
3,153.9
4,153.9
4,153.9
5,153.9
5,153.9
6,153.9
6,153.9
0,153.9
0,153.9
1,152.9
1,152.9
2,152.9
2,152.9
3,152.9
3,152.9
4,152.9
4,152.9
5,152.9
5,152.9
6,152.9
6,152.9
0,148.9
0,148.9
1,148.9
1,148.9
2,148.9
2,148.9
3,148.9
3,148.9
4,148.9
4,148.9
5,148.9
5,148.9
6,146.9
6,146.9
0,146.9
0,146.9
1,146.9
1,146.9
2,145.9
2,145.9
3,145.9
3,145.9
4,145.9
4,145.9
5,145.9
5,145.9
6,145.9
6,145.9
0,145.9
0,145.9
1,145.9
1,145.9
2,145.9
2,145.9
3,167.9
3,165.9
4,165.9
4,165.9
5,165.9
5,165.9
6,162.9
6,162.9
0,162.9
0,162.9
1,162.9
1,162.9
2,162.9
2,162.9
3,162.9
3,162.9
4,157.9
4,157.9
5,157.9
5,157.9
6,157.9
6,157.9
0,157.9
0,156.9
1,156.9
1,156.9
2,155.9
2,151.5666666666667
3,151.5666666666667
3,151.5666666666667
4,151.5666666666667
4,151.5666666666667
5,151.5666666666667
5,151.5666666666667
6,151.5666666666667
6,151.5666666666667
0,146.9
0,146.9
1,146.9
1,146.9
2,146.9
2,145.9
3,145.9
3,145.9
4,145.9
4,145.9
5,145.9
5,167.9
6,167.9
6,167.9
0,167.9
0,167.9
1,167.9
1,167.9
2,162.9
2,162.9
3,162.9
3,162.9
4,162.9
4,162.9
5,162.9
5,162.9
6,162.9
6,160.9
0,160.9
0,160.9
1,159.9
1,159.9
2,159.9
2,159.9
3,159.9
3,156.9
4,156.9
4,153.9
5,152.9
5,152.9
6,152.9
6,152.9
0,152.9
0,150.9
1,150.9
1,150.9
2,150.9
2,150.9
3,150.9
3,150.9
4,150.9
4,150.9
5,146.9
5,146.9
6,146.9
6,146.9
0,146.9
0,146.9
1,146.9
1,146.9
2,146.9
2,146.9
3,146.9
3,146.9
4,169.9
4,169.9
5,169.9
5,169.9
6,169.9
6,169.9
0,169.9
0,169.9
1,169.9
1,168.4
2,168.4
2,168.4
3,166.9
3,166.9
4,166.9
4,166.9
5,165.9
5,165.9
6,165.9
6,165.9
0,164.9
0,163.9
1,163.9
1,162.9
2,162.9
2,162.9
3,162.9
3,161.9
4,161.9
4,156.9
5,156.9
5,156.9
6,156.9
6,156.9
0,156.9
0,156.9
1,156.9
1,156.9
2,156.9
2,156.9
3,174.9
3,174.9
4,174.9
4,174.9
5,174.4
5,174.4
6,174.4
6,174.4
