0,126.8
0,126.8
1,124.5
1,124.5
2,124.5
2,123.7
3,122.25
3,122.25
4,122.25
4,121.19999999999999
5,121.19999999999999
5,121.19999999999999
6,119.9
6,119.0
0,119.0
0,119.0
1,117.7
1,116.9
2,116.2
2,116.2
3,115.5
3,114.9
4,114.9
4,114.9
5,114.7
5,114.7
6,114.7
6,114.15
0,113.7
0,113.4
1,113.4
1,113.4
2,143.65
2,140.9
3,143.65
3,142.5
4,142.5
4,142.5
5,142.5
5,142.5
6,142.5
6,141.9
0,141.9
0,141.9
1,141.5
1,140.9
2,140.9
2,139.4
3,136.4
3,134.2
4,133.8
4,131.9
5,131.15
5,130.4
6,130.4
6,128.4
0,127.65
0,127.65
1,126.2
1,125.15
2,125.15
2,125.15
3,121.0
3,119.9
4,119.9
4,119.9
5,119.9
5,119.9
6,119.9
6,119.4
0,119.4
0,118.9
1,118.9
1,117.9
2,145.9
2,145.9
3,145.9
3,144.4
4,144.4
4,142.9
5,142.9
5,142.9
6,142.9
6,142.9
0,140.9
0,140.9
1,138.9
1,137.9
2,137.9
2,135.9
3,135.4
3,133.9
4,133.9
4,133.9
5,133.9
5,132.9
6,131.9
6,130.9
0,129.9
0,124.9
1,124.4
1,123.9
2,123.80000000000001
2,123.05000000000001
3,122.3
3,121.9
4,147.9
4,147.9
5,147.9
5,147.9
6,147.9
6,147.4
0,147.4
0,147.4
1,147.4
1,147.4
2,147.4
2,147.4
3,147.4
3,145.4
4,145.4
4,145.4
5,145.4
5,145.4
6,145.4
6,145.4
0,145.4
0,145.4
1,145.4
1,145.4
2,145.4
2,145.4
3,145.4
3,145.4
4,145.4
4,145.4
5,145.4
5,145.4
6,145.4
6,145.4
0,145.4
0,145.4
1,145.4
1,145.4
2,145.4
2,145.4
3,145.4
3,145.4
4,145.4
4,145.4
5,145.4
5,145.4
6,145.4
6,145.4
0,145.4
0,145.4
1,145.4
1,145.4
2,145.4
2,145.4
3,145.4
3,145.4
4,145.4
4,145.4
5,145.4
5,145.4
6,145.4
6,145.4
0,145.4
0,145.4
1,145.4
1,145.4
2,145.4
2,145.4
3,145.4
3,145.4
4,145.4
4,145.4
5,145.4
5,145.4
6,145.4
6,145.4
0,145.4
0,145.4
1,145.4
1,145.4
2,145.4
2,145.4
3,145.4
3,145.4
4,145.4
4,145.4
5,145.4
5,145.4
6,145.4
6,145.4
0,145.4
0,145.4
1,145.4
1,145.4
2,145.4
2,145.4
3,145.4
3,145.4
4,145.4
4,145.4
5,145.4
5,145.4
6,145.4
6,145.4
0,145.4
0,145.4
1,145.4
1,145.4
2,145.4
2,145.4
3,145.4
3,145.4
4,145.4
4,145.4
5,145.4
5,145.4
6,145.4
6,145.4
0,145.4
0,145.4
1,145.4
1,145.4
2,145.4
2,145.4
3,145.4
3,145.4
4,145.4
4,145.4
5,145.4
5,145.4
6,145.4
6,145.4
0,145.4
0,145.4
1,145.4
1,145.4
2,145.4
2,145.4
3,145.4
3,145.4
4,145.4
4,145.4
5,145.4
5,142.9
6,142.9
6,142.9
0,142.9
0,142.9
1,142.9
1,147.9
2,147.9
2,147.9
3,147.9
3,147.9
4,147.9
4,147.9
5,147.9
5,147.9
6,147.9
6,147.9
0,147.9
0,147.9
1,147.4
1,147.4
2,147.4
2,147.4
3,147.4
3,147.4
4,147.4
4,147.4
5,147.4
5,147.4
6,147.4
6,147.4
0,147.4
0,147.4
1,147.4
1,147.4
2,147.4
2,145.4
3,145.4
3,145.4
4,145.4
4,144.4
5,144.4
5,144.4
6,144.4
6,144.4
0,139.4
0,137.4
1,137.4
1,137.4
2,137.4
2,137.4
3,135.9
3,135.9
4,135.9
4,135.9
5,135.9
5,135.9
6,135.9
6,135.9
0,135.9
0,135.9
1,135.9
1,135.9
2,135.9
2,135.9
3,160.9
3,160.9
4,160.9
4,160.9
5,160.9
5,160.4
6,160.4
6,160.4
0,160.4
0,160.4
1,160.4
1,160.4
2,160.4
2,160.4
3,160.4
3,160.4
4,160.4
4,160.4
5,160.4
5,157.9
6,157.9
6,157.9
0,155.9
0,155.9
1,155.9
1,155.9
2,149.9
2,148.4
3,143.4
3,143.4
4,141.9
4,139.9
5,139.9
5,139.9
6,139.9
6,139.9
0,139.9
0,137.9
1,137.9
1,135.9
2,135.9
2,135.9
3,135.9
3,135.9
4,135.9
4,135.9
5,135.9
5,135.9
6,134.9
6,134.9
0,134.9
0,133.9
1,133.9
1,132.9
2,132.9
2,132.9
3,132.9
3,132.9
4,132.9
4,132.05
5,132.05
5,132.05
6,132.05
6,132.05
0,130.9
0,130.4
1,130.4
1,130.4
2,130.4
2,130.4
3,130.4
3,130.4
4,130.4
4,130.4
5,130.4
5,130.4
6,129.9
6,129.9
0,129.9
0,160.9
1,160.9
1,160.9
2,130.7
2,130.7
3,130.7
3,130.7
4,160.9
4,158.9
5,158.9
5,158.9
6,158.9
6,158.9
0,157.9
0,157.9
1,157.9
1,157.9
2,157.9
2,157.9
3,157.9
3,157.9
4,157.9
4,157.9
5,157.9
5,156.9
6,156.9
6,156.9
0,155.9
0,152.9
1,149.4
1,145.9
2,145.9
2,143.53333333333333
3,141.7
3,141.7
4,141.7
4,141.7
5,141.7
5,141.7
6,141.7
6,141.7
0,139.9
0,139.9
1,137.9
1,137.9
2,135.9
2,135.9
3,135.9
3,135.9
4,134.9
4,133.8
5,133.8
5,133.8
6,133.8
6,133.8
0,133.8
0,132.9
1,132.9
1,132.9
2,132.9
2,132.7
3,131.7
3,131.7
4,130.7
4,129.7
5,129.7
5,129.7
6,129.7
6,128.7
0,128.7
0,128.7
1,127.9
1,127.7
2,127.7
2,127.7
3,127.7
3,127.7
4,126.7
4,126.7
5,126.7
5,126.7
6,126.7
6,126.7
0,126.7
0,125.9
1,125.9
1,125.9
2,124.7
2,124.7
3,124.7
3,123.7
4,123.7
4,123.7
5,123.7
5,123.7
6,123.7
6,123.7
0,123.7
0,123.7
1,123.7
1,123.7
2,123.5
2,123.5
3,123.5
3,123.5
4,155.9
4,155.9
5,155.9
5,155.9
6,153.9
6,153.9
0,153.9
0,150.9
1,150.9
1,150.9
2,150.9
2,150.9
3,147.9
3,145.83333333333334
4,145.83333333333334
4,145.83333333333334
5,145.83333333333334
5,145.83333333333334
6,145.83333333333334
6,145.83333333333334
0,143.1
0,141.5
1,141.5
1,140.5
2,139.5
2,138.5
3,137.6
3,136.5
4,135.5
4,135.5
5,134.5
5,134.5
6,134.5
6,134.5
0,131.5
0,131.5
1,131.5
1,131.5
2,131.5
2,128.5
3,127.5
3,127.5
4,127.5
4,126.5
5,126.5
5,126.5
6,126.5
6,126.5
0,126.5
0,126.5
1,126.5
1,126.5
2,126.5
2,126.5
3,126.5
3,126.5
4,155.9
4,155.9
5,155.9
5,155.9
6,155.9
6,155.9
0,155.4
0,155.4
1,155.4
1,155.4
2,153.9
2,153.9
3,151.4
3,146.65
4,143.9
4,143.9
5,143.9
5,143.9
6,143.9
6,143.9
0,141.9
0,139.16666666666666
1,135.3
1,133.5
2,132.5
2,132.5
3,131.7
3,131.7
4,130.5
4,130.5
5,130.5
5,130.5
6,130.5
6,130.5
0,127.9
0,127.9
1,127.9
1,125.5
2,124.5
2,124.5
3,124.10000000000001
3,124.10000000000001
4,124.10000000000001
4,124.10000000000001
5,124.10000000000001
5,124.10000000000001
6,124.10000000000001
6,124.10000000000001
0,124.10000000000001
0,157.9
1,123.9
1,123.9
2,123.9
2,123.9
3,157.4
3,157.4
4,157.4
4,157.4
5,157.4
5,157.4
6,157.4
6,157.4
0,155.9
0,155.9
1,153.9
1,150.60000000000002
2,146.4
2,146.4
3,146.4
3,141.96666666666667
4,141.3
4,139.9
5,139.9
5,139.9
6,139.9
6,139.3
0,139.3
0,138.4
1,138.4
1,133.3
2,132.10000000000002
2,132.10000000000002
3,130.3
3,129.9
4,127.80000000000001
4,127.80000000000001
5,127.80000000000001
5,127.80000000000001
6,126.3
6,125.9
0,125.9
0,125.9
1,125.9
1,125.5
2,125.5
2,125.5
3,125.5
3,125.5
4,125.5
4,125.4
5,125.4
5,125.4
6,125.4
6,121.9
0,121.9
0,121.9
1,121.9
1,121.9
2,120.7
2,120.7
3,120.5
3,119.7
4,119.7
4,119.7
5,119.7
5,119.7
6,119.7
6,119.7
0,118.7
0,118.7
1,118.7
1,118.7
2,118.7
2,118.7
3,118.7
3,147.65
4,147.65
4,145.9
5,145.9
5,145.9
6,145.9
6,145.9
0,145.9
0,145.9
1,143.9
1,143.9
2,141.7
2,140.7
3,139.7
3,139.7
4,138.3
4,138.3
5,137.7
5,137.7
6,136.4
6,136.4
0,135.5
0,132.8
1,131.1
1,129.29999999999998
2,127.7
2,127.7
3,125.7
3,124.7
4,123.7
4,124.7
5,124.7
5,124.7
6,124.7
6,124.7
0,124.7
0,124.7
1,123.7
1,123.7
2,122.7
2,122.7
3,122.7
3,121.7
4,121.7
4,121.7
5,121.7
5,121.7
6,121.7
6,121.7
0,121.7
0,121.7
1,121.6
1,121.6
2,121.5
2,121.5
3,121.5
3,121.4
4,121.4
4,121.4
5,121.4
5,121.4
6,121.4
6,121.4
0,121.4
0,121.4
1,136.15
1,136.15
2,150.9
2,150.9
3,150.65
3,150.65
4,150.4
4,146.4
5,150.4
5,143.4
6,142.9
6,140.9
0,140.3
0,140.3
1,139.7
1,139.7
2,138.03333333333333
2,138.03333333333333
3,136.2
3,136.2
4,135.7
4,135.7
5,135.7
5,135.7
6,135.7
6,135.7
0,133.7
0,133.7
1,131.1
1,131.1
2,130.2
2,128.9
3,128.9
3,128.7
4,130.7
4,130.7
5,130.7
5,129.5
6,129.5
6,128.9
0,127.5
0,127.5
1,127.1
1,157.9
2,157.9
2,127.4
3,126.9
3,126.9
4,126.9
4,126.9
5,126.9
5,126.9
6,126.9
6,126.9
0,143.4
0,143.4
1,159.9
1,157.8
2,156.8
2,153.9
3,153.4
3,153.4
4,152.9
4,151.4
5,150.55
5,150.55
6,149.7
6,149.7
0,149.55
0,147.9
1,146.9
1,144.9
2,144.9
2,144.2
3,143.9
3,141.4
4,141.4
4,141.4
5,141.4
5,138.15
6,136.9
6,135.4
0,135.4
0,135.4
1,135.4
1,135.4
2,134.7
2,134.7
3,133.7
3,133.7
4,133.7
4,133.7
5,131.8
5,131.8
6,130.7
6,130.7
0,129.9
0,129.9
1,129.7
1,129.7
2,129.7
2,129.7
3,129.7
3,128.5
4,128.5
4,128.5
5,159.9
5,159.9
6,159.9
6,159.9
0,159.9
0,156.9
1,156.9
1,156.9
2,155.7
2,155.7
3,155.7
3,153.9
4,153.5
4,150.7
5,150.7
5,147.9
6,147.9
6,147.9
0,146.4
0,145.0
1,143.5
1,142.5
2,142.5
2,141.4
3,137.0
3,137.0
4,137.0
4,137.0
5,137.0
5,135.5
6,135.5
6,135.5
0,134.5
0,134.5
1,134.5
1,134.5
2,133.5
2,133.5
3,133.5
3,162.9
4,162.9
4,162.9
5,162.9
5,162.9
6,158.9
6,158.9
0,158.9
0,158.9
1,158.9
1,155.9
2,155.9
2,155.9
3,155.9
3,153.9
4,153.9
4,153.9
5,153.9
5,153.9
6,153.9
6,153.9
0,153.9
0,153.9
1,153.9
1,153.9
2,153.9
2,153.9
3,153.9
3,153.9
4,153.9
4,153.9
5,153.9
5,152.9
6,152.4
6,152.4
0,152.4
0,147.9
1,144.9
1,144.9
2,144.9
2,138.9
3,138.9
3,137.7
4,136.5
4,136.5
5,136.5
5,152.10000000000002
6,152.10000000000002
6,152.10000000000002
0,165.7
0,165.7
1,165.7
1,165.7
2,165.7
2,165.7
3,165.7
3,164.9
4,164.9
4,160.9
5,160.9
5,160.9
6,158.7
6,158.7
0,158.3
0,156.7
1,155.1
1,152.3
2,152.3
2,152.3
3,148.7
3,148.7
4,146.7
4,145.0
5,145.0
5,145.0
6,145.0
6,141.5
0,141.3
0,141.3
1,140.5
1,140.5
2,140.5
2,140.5
3,140.5
3,140.5
4,140.5
4,140.5
5,140.5
5,140.5
6,140.5
6,140.5
0,139.5
0,139.5
1,139.5
1,138.5
2,138.5
2,138.5
3,138.5
3,138.5
4,167.9
4,167.9
5,167.9
5,167.9
6,167.9
6,167.9
0,167.9
0,165.7
1,165.7
1,163.7
2,162.9
2,162.9
3,162.9
3,162.9
4,162.9
4,162.9
5,162.9
5,162.9
6,162.9
6,162.9
0,162.9
0,162.9
1,163.7
1,157.85
2,157.85
2,157.85
3,157.85
3,157.85
4,150.5
4,150.5
5,150.5
5,150.5
6,150.5
6,150.5
0,150.5
0,150.5
1,147.5
1,147.5
2,145.5
2,145.5
3,145.5
3,142.7
4,142.7
4,142.7
5,142.7
5,142.7
6,141.5
6,141.5
0,141.3
0,141.5
1,141.5
1,141.5
2,141.5
2,141.5
3,141.5
3,140.5
4,167.9
4,167.9
5,167.9
5,165.9
6,166.7
6,166.7
0,166.7
0,166.7
1,166.7
1,166.7
2,166.7
2,166.7
3,166.7
3,166.7
4,166.7
4,166.7
5,166.7
5,165.7
6,165.7
6,165.7
0,165.7
0,165.7
1,165.7
1,165.7
2,165.7
2,164.7
3,164.7
3,159.7
4,158.7
4,158.7
5,158.7
5,158.7
6,158.7
6,158.7
0,158.7
0,156.7
1,155.7
1,154.45
2,153.7
2,146.5
3,144.5
3,144.5
4,141.7
4,141.5
5,141.5
5,140.5
6,140.5
6,140.5
0,140.5
0,140.5
1,140.5
1,140.5
2,139.5
2,139.5
3,139.5
3,139.5
4,139.5
4,139.5
5,139.5
5,139.5
6,139.5
6,139.5
0,139.5
0,139.5
1,139.5
1,139.5
2,139.5
2,139.5
3,139.5
3,139.5
4,139.5
4,139.5
5,139.5
5,139.5
6,139.5
6,139.5
0,139.5
0,139.5
1,139.5
1,138.7
2,138.7
2,167.9
3,167.9
3,166.9
4,166.9
4,166.9
5,166.9
5,166.9
6,166.9
6,166.9
0,166.9
0,166.9
1,166.9
1,166.9
2,165.9
2,165.9
3,164.9
3,164.9
4,163.9
4,161.9
5,161.4
5,160.9
6,153.7
6,153.7
0,153.7
0,149.7
1,149.7
1,148.9
2,148.9
2,146.8
3,145.7
3,145.7
4,145.7
4,142.7
5,140.7
5,139.7
6,139.7
6,139.7
0,139.7
0,139.4
1,138.9
1,138.7
2,138.7
2,138.7
3,138.7
3,138.7
4,137.9
4,137.9
5,137.9
5,167.9
6,167.9
6,167.9
0,167.9
0,167.9
1,167.9
1,165.9
2,165.9
2,165.9
3,165.9
3,165.9
4,165.9
4,165.9
5,165.9
5,165.9
6,161.65
6,161.65
0,161.65
0,161.65
1,149.7
1,149.7
2,149.7
2,149.7
3,144.7
3,144.7
4,142.7
4,141.9
5,141.7
5,141.5
6,141.5
6,140.7
0,140.7
0,140.7
1,140.7
1,139.7
2,139.7
2,139.7
3,139.7
3,139.7
4,139.7
4,139.7
5,139.7
5,139.7
6,139.7
6,139.7
0,139.7
0,139.7
1,139.7
1,139.7
2,139.7
2,139.7
3,139.7
3,139.7
4,140.7
4,169.9
5,167.9
5,167.9
6,167.9
6,167.9
0,165.9
0,165.9
1,163.9
1,163.9
2,163.9
2,159.9
3,152.7
3,152.7
4,152.7
4,152.7
5,152.7
5,152.7
6,152.7
6,150.7
0,150.7
0,150.7
1,150.7
1,150.7
2,150.7
2,150.7
3,150.7
3,149.3
4,149.3
4,149.3
5,149.3
5,149.3
6,149.3
6,149.3
0,149.3
0,145.7
1,145.7
1,145.7
2,145.7
2,145.7
3,174.9
3,174.9
4,174.9
4,174.9
5,174.4
5,174.4
6,174.4
6,174.4
