0,127.9
0,127.9
1,126.9
1,124.9
2,123.9
2,122.9
3,121.9
3,121.9
4,121.9
4,121.9
5,121.9
5,121.9
6,121.9
6,121.9
0,121.9
0,121.9
1,118.9
1,117.9
2,117.9
2,117.9
3,116.9
3,116.9
4,116.9
4,116.9
5,116.9
5,116.9
6,116.9
6,116.9
0,115.9
0,115.9
1,115.9
1,115.9
2,143.9
2,143.9
3,143.4
3,143.4
4,143.4
4,143.4
5,143.4
5,142.9
6,142.9
6,142.9
0,142.9
0,142.9
1,142.9
1,142.9
2,141.9
2,141.9
3,140.9
3,140.9
4,140.9
4,140.9
5,140.9
5,140.9
6,140.9
6,140.9
0,140.9
0,140.9
1,136.4
1,135.9
2,135.9
2,135.9
3,123.4
3,122.9
4,121.9
4,121.9
5,119.9
5,119.9
6,119.9
6,119.9
0,119.9
0,119.9
1,119.9
1,119.9
2,145.9
2,145.9
3,145.9
3,143.9
4,143.9
4,143.9
5,143.9
5,142.9
6,142.9
6,142.9
0,142.9
0,142.9
1,139.65
1,136.9
2,136.9
2,136.9
3,135.9
3,133.9
4,132.9
4,132.9
5,132.9
5,132.9
6,132.9
6,132.9
0,131.9
0,129.4
1,129.4
1,128.9
2,128.9
2,124.9
3,124.9
3,124.9
4,147.9
4,147.9
5,147.9
5,147.9
6,147.9
6,147.9
0,147.9
0,145.9
1,145.9
1,145.9
2,145.9
2,145.9
3,145.9
3,138.9
4,138.9
4,138.8
5,138.8
5,138.8
6,138.8
6,138.8
0,138.8
0,138.8
1,138.8
1,138.8
2,138.8
2,138.8
3,138.8
3,138.8
4,138.8
4,138.8
5,138.8
5,138.8
6,138.8
6,138.8
0,138.8
0,138.8
1,138.8
1,138.8
2,138.8
2,138.8
3,138.8
3,138.8
4,138.8
4,138.8
5,138.8
5,138.8
6,138.8
6,138.8
0,138.8
0,138.8
1,138.8
1,138.8
2,138.8
2,138.8
3,138.8
3,138.8
4,138.8
4,138.8
5,138.8
5,138.8
6,138.8
6,138.8
0,138.8
0,138.8
1,138.8
1,138.8
2,138.8
2,138.8
3,138.8
3,138.8
4,138.8
4,138.8
5,138.8
5,138.8
6,138.8
6,138.8
0,138.8
0,138.8
1,138.8
1,138.8
2,138.8
2,138.8
3,138.8
3,138.8
4,138.8
4,138.8
5,138.8
5,138.8
6,138.8
6,138.8
0,138.8
0,138.8
1,138.8
1,138.8
2,138.8
2,138.8
3,138.8
3,138.8
4,138.8
4,138.8
5,138.8
5,138.8
6,138.8
6,138.8
0,138.8
0,138.8
1,138.8
1,138.8
2,138.8
2,138.8
3,138.8
3,138.8
4,138.8
4,138.8
5,138.8
5,138.8
6,138.8
6,138.8
0,138.8
0,138.8
1,138.8
1,138.8
2,138.8
2,138.8
3,138.8
3,138.8
4,138.8
4,138.8
5,138.8
5,138.8
6,138.8
6,138.8
0,138.8
0,138.8
1,138.8
1,138.8
2,138.8
2,138.8
3,138.8
3,138.8
4,138.8
4,138.8
5,138.8
5,138.8
6,149.4
6,149.4
0,149.4
0,149.4
1,149.4
1,149.4
2,149.4
2,149.4
3,149.4
3,149.4
4,149.4
4,149.4
5,149.4
5,149.4
6,149.4
6,149.4
0,145.9
0,145.9
1,145.9
1,145.9
2,145.9
2,145.9
3,145.9
3,145.9
4,145.9
4,145.9
5,145.9
5,145.9
6,145.9
6,145.9
0,145.9
0,145.9
1,145.9
1,145.9
2,145.9
2,145.9
3,145.9
3,145.9
4,144.9
4,143.9
5,143.9
5,143.9
6,143.9
6,143.9
0,142.9
0,142.9
1,139.9
1,138.9
2,138.9
2,138.9
3,137.9
3,137.9
4,137.9
4,137.9
5,136.9
5,136.9
6,136.9
6,135.9
0,135.9
0,135.9
1,135.9
1,135.9
2,135.9
2,138.9
3,160.9
3,160.9
4,160.9
4,160.9
5,160.9
5,160.9
6,160.9
6,160.9
0,160.9
0,160.9
1,160.9
1,160.9
2,160.9
2,160.9
3,160.9
3,157.9
4,157.9
4,157.9
5,157.9
5,157.9
6,157.9
6,157.9
0,157.9
0,157.9
1,157.9
1,157.9
2,149.4
2,149.4
3,148.65
3,147.9
4,146.9
4,146.9
5,146.9
5,146.9
6,145.9
6,145.9
0,143.9
0,141.9
1,141.9
1,141.9
2,139.9
2,139.9
3,139.9
3,139.9
4,139.9
4,136.9
5,136.9
5,136.9
6,136.9
6,136.9
0,136.9
0,136.9
1,135.9
1,135.9
2,135.9
2,135.9
3,135.9
3,135.9
4,135.9
4,135.9
5,135.9
5,135.9
6,135.9
6,135.9
0,135.9
0,135.9
1,135.9
1,135.9
2,135.9
2,135.9
3,135.9
3,135.9
4,135.9
4,135.9
5,135.9
5,134.9
6,134.9
6,134.9
0,134.9
0,134.9
1,134.9
1,134.9
2,134.9
2,160.9
3,160.9
3,160.9
4,160.9
4,160.9
5,160.9
5,160.9
6,160.9
6,160.9
0,160.9
0,160.9
1,158.9
1,158.9
2,158.9
2,158.9
3,158.9
3,157.4
4,157.4
4,157.4
5,157.4
5,157.4
6,157.4
6,157.4
0,157.4
0,157.4
1,150.4
1,150.4
2,150.4
2,150.4
3,150.4
3,150.4
4,150.4
4,150.4
5,150.4
5,150.4
6,150.4
6,150.4
0,150.4
0,150.4
1,150.4
1,150.4
2,147.9
2,147.9
3,147.9
3,146.9
4,146.9
4,144.9
5,144.9
5,144.9
6,144.9
6,144.9
0,144.9
0,144.9
1,144.9
1,144.9
2,144.9
2,144.9
3,144.9
3,144.9
4,144.9
4,144.9
5,144.9
5,144.9
6,144.9
6,143.9
0,144.15
0,144.15
1,142.9
1,139.9
2,137.9
2,137.9
3,137.9
3,137.9
4,137.9
4,137.9
5,137.9
5,137.9
6,137.9
6,137.9
0,137.3
0,136.4
1,136.4
1,132.9
2,132.9
2,132.9
3,132.9
3,132.9
4,132.9
4,131.9
5,130.9
5,130.9
6,130.9
6,128.9
0,128.9
0,128.9
1,128.9
1,128.9
2,128.9
2,128.9
3,128.9
3,128.9
4,128.9
4,128.9
5,128.9
5,153.9
6,153.9
6,153.9
0,153.9
0,153.9
1,153.9
1,153.9
2,153.9
2,153.9
3,153.9
3,152.9
4,152.9
4,150.9
5,150.9
5,150.9
6,148.9
6,148.9
0,147.9
0,147.9
1,147.9
1,147.9
2,147.9
2,144.9
3,147.9
3,147.9
4,144.9
4,144.9
5,144.9
5,144.9
6,144.9
6,144.9
0,142.9
0,142.9
1,141.9
1,141.9
2,140.9
2,140.9
3,140.9
3,140.9
4,140.9
4,140.9
5,140.9
5,140.9
6,140.9
6,140.9
0,140.9
0,140.9
1,140.9
1,140.9
2,140.9
2,140.9
3,140.9
3,140.9
4,140.9
4,140.9
5,140.9
5,140.9
6,140.9
6,155.9
0,153.9
0,153.9
1,145.4
1,145.4
2,145.4
2,145.4
3,145.4
3,145.4
4,145.4
4,145.4
5,145.4
5,142.65
6,142.65
6,142.65
0,142.65
0,140.4
1,139.4
1,137.4
2,136.9
2,135.4
3,135.4
3,133.9
4,133.9
4,133.9
5,133.9
5,133.9
6,131.9
6,131.9
0,131.9
0,131.9
1,131.9
1,131.9
2,131.9
2,131.9
3,131.9
3,131.9
4,131.9
4,131.9
5,131.9
5,131.9
6,131.9
6,131.9
0,131.9
0,131.9
1,131.9
1,131.9
2,131.9
2,156.525
3,156.525
3,156.525
4,156.525
4,156.525
5,156.525
5,156.525
6,156.525
6,156.525
0,156.525
0,156.525
1,156.525
1,149.65
2,149.4
2,149.4
3,149.4
3,149.4
4,149.4
4,149.4
5,149.4
5,149.4
6,149.4
6,149.4
0,149.4
0,149.4
1,149.4
1,149.4
2,149.4
2,149.4
3,147.9
3,147.9
4,143.9
4,142.9
5,142.9
5,142.9
6,142.9
6,139.9
0,138.4
0,138.4
1,138.4
1,134.9
2,134.9
2,134.9
3,134.9
3,134.9
4,134.9
4,134.9
5,134.9
5,134.9
6,134.9
6,134.9
0,134.9
0,134.9
1,131.9
1,131.9
2,128.4
2,128.4
3,124.9
3,124.9
4,123.9
4,123.9
5,123.9
5,123.9
6,123.9
6,123.9
0,123.9
0,123.9
1,123.9
1,123.9
2,123.9
2,123.9
3,123.9
3,123.9
4,123.9
4,123.9
5,147.4
5,147.4
6,147.4
6,147.4
0,145.9
0,145.9
1,145.9
1,145.9
2,145.9
2,145.9
3,145.9
3,145.9
4,145.9
4,145.9
5,145.9
5,145.9
6,145.9
6,145.9
0,145.9
0,142.9
1,139.9
1,139.9
2,135.9
2,134.9
3,134.9
3,133.9
4,132.9
4,132.9
5,132.9
5,132.9
6,132.9
6,132.9
0,131.9
0,131.9
1,129.9
1,129.9
2,128.9
2,128.9
3,128.9
3,128.9
4,128.9
4,127.9
5,127.9
5,127.9
6,127.4
6,127.4
0,126.4
0,126.4
1,125.4
1,125.4
2,124.9
2,124.9
3,124.9
3,124.9
4,124.9
4,124.9
5,124.9
5,124.9
6,124.9
6,124.9
0,134.0666666666667
0,134.0666666666667
1,150.9
1,150.9
2,150.23333333333335
2,150.23333333333335
3,149.15
3,149.15
4,148.9
4,147.9
5,147.9
5,147.9
6,147.9
6,147.9
0,147.9
0,147.9
1,147.9
1,145.9
2,144.4
2,144.4
3,142.9
3,142.9
4,142.9
4,142.9
5,140.9
5,140.9
6,138.9
6,138.9
0,138.9
0,138.9
1,136.9
1,136.9
2,134.9
2,134.9
3,134.9
3,134.9
4,136.9
4,136.9
5,136.9
5,136.9
6,132.9
6,132.9
0,132.9
0,132.9
1,132.9
1,132.9
2,132.9
2,132.9
3,132.9
3,132.9
4,132.9
4,132.9
5,132.9
5,132.9
6,132.9
6,132.9
0,157.9
0,157.9
1,157.9
1,157.9
2,157.9
2,157.9
3,157.9
3,157.9
4,154.4
4,154.4
5,150.9
5,150.9
6,150.9
6,150.9
0,150.9
0,150.9
1,150.9
1,150.9
2,150.9
2,147.9
3,145.65
3,145.65
4,142.15
4,139.9
5,138.9
5,138.9
6,137.9
6,137.9
0,137.9
0,137.9
1,136.9
1,136.9
2,136.9
2,136.9
3,134.9
3,134.9
4,134.9
4,134.9
5,134.9
5,134.9
6,134.9
6,134.9
0,133.9
0,133.9
1,133.9
1,133.9
2,133.9
2,133.9
3,133.9
3,133.9
4,160.9
4,160.9
5,160.9
5,160.9
6,160.9
6,160.9
0,160.9
0,156.9
1,156.9
1,156.9
2,156.9
2,156.9
3,155.9
3,155.9
4,155.9
4,155.9
5,155.9
5,155.9
6,155.9
6,155.9
0,150.9
0,149.9
1,149.9
1,149.9
2,149.9
2,147.9
3,145.9
3,144.9
4,141.9
4,141.9
5,141.9
5,141.9
6,141.9
6,141.9
0,141.9
0,141.9
1,138.9
1,138.9
2,137.9
2,137.9
3,137.9
3,137.9
4,162.9
4,162.9
5,159.9
5,159.9
6,159.9
6,159.9
0,157.9
0,157.9
1,157.9
1,157.9
2,157.9
2,157.9
3,157.9
3,157.9
4,150.9
4,150.9
5,150.9
5,150.9
6,150.9
6,150.9
0,150.9
0,150.9
1,150.9
1,150.9
2,150.9
2,150.9
3,150.9
3,150.9
4,150.9
4,150.9
5,150.9
5,150.9
6,150.9
6,150.9
0,148.9
0,148.9
1,148.9
1,148.9
2,145.9
2,145.9
3,145.9
3,145.9
4,145.9
4,142.7
5,142.7
5,142.7
6,167.9
6,167.9
0,167.9
0,167.9
1,165.7
1,165.7
2,165.7
2,165.7
3,165.7
3,164.9
4,164.9
4,164.9
5,165.7
5,165.7
6,165.7
6,165.7
0,163.7
0,163.7
1,163.7
1,163.7
2,162.9
2,162.9
3,161.7
3,161.7
4,159.7
4,159.7
5,159.7
5,159.7
6,159.7
6,159.7
0,155.7
0,152.7
1,151.7
1,150.7
2,149.7
2,149.7
3,148.7
3,147.7
4,147.7
4,146.7
5,144.7
5,143.7
6,143.7
6,143.7
0,143.7
0,143.7
1,143.7
1,143.7
2,143.7
2,143.7
3,143.7
3,143.7
4,167.9
4,167.9
5,166.7
5,166.7
6,166.7
6,166.7
0,166.7
0,166.7
1,166.7
1,166.7
2,166.7
2,166.7
3,166.7
3,166.7
4,162.7
4,162.7
5,162.7
5,159.7
6,159.7
6,159.7
0,159.7
0,159.7
1,155.7
1,155.7
2,155.7
2,155.7
3,155.7
3,155.7
4,155.7
4,154.7
5,154.7
5,154.7
6,150.7
6,150.7
0,148.7
0,148.7
1,148.7
1,148.7
2,148.7
2,148.7
3,148.7
3,148.7
4,148.7
4,148.7
5,148.7
5,148.7
6,146.7
6,146.7
0,146.7
0,146.7
1,146.7
1,146.7
2,146.7
2,146.7
3,146.7
3,146.7
4,146.7
4,167.9
5,167.9
5,167.9
6,166.7
6,166.7
0,166.7
0,166.7
1,166.7
1,166.7
2,166.7
2,166.7
3,166.7
3,166.7
4,166.7
4,166.7
5,166.7
5,166.7
6,161.7
6,160.7
0,160.7
0,160.7
1,160.7
1,160.7
2,160.7
2,160.7
3,160.7
3,160.7
4,156.7
4,156.7
5,156.7
5,156.7
6,153.7
6,153.7
0,153.7
0,153.7
1,153.7
1,153.7
2,148.7
2,148.7
3,148.7
3,145.7
4,145.7
4,145.7
5,145.7
5,145.7
6,145.7
6,144.7
0,144.7
0,143.7
1,143.7
1,143.7
2,143.7
2,143.7
3,142.7
3,142.7
4,142.7
4,142.7
5,142.7
5,142.7
6,142.7
6,142.7
0,142.7
0,142.7
1,142.7
1,142.7
2,142.7
2,142.7
3,142.7
3,142.7
4,142.7
4,142.7
5,142.7
5,142.7
6,142.7
6,142.7
0,142.7
0,142.7
1,142.7
1,142.2
2,167.9
2,167.9
3,167.9
3,167.9
4,165.9
4,165.9
5,164.9
5,164.9
6,164.9
6,164.9
0,164.9
0,164.9
1,164.9
1,164.9
2,162.9
2,162.9
3,161.9
3,159.9
4,159.9
4,158.9
5,158.9
5,158.9
6,158.9
6,158.9
0,157.9
0,157.9
1,157.9
1,157.9
2,152.4
2,149.9
3,149.9
3,145.9
4,145.9
4,145.9
5,144.9
5,144.9
6,143.9
6,142.9
0,142.9
0,142.9
1,141.9
1,141.9
2,141.9
2,141.9
3,141.9
3,141.9
4,141.9
4,140.9
5,140.9
5,140.9
6,140.9
6,167.9
0,165.9
0,165.9
1,165.9
1,165.9
2,165.9
2,165.9
3,165.9
3,165.9
4,160.9
4,159.9
5,159.9
5,159.9
6,159.9
6,159.9
0,157.9
0,157.9
1,156.9
1,154.4
2,149.9
2,149.9
3,149.9
3,147.9
4,145.9
4,145.9
5,145.9
5,145.9
6,145.9
6,145.9
0,143.9
0,143.9
1,143.9
1,143.9
2,143.9
2,143.9
3,143.9
3,143.9
4,143.9
4,143.9
5,143.9
5,143.9
6,145.4
6,145.4
0,145.4
0,145.4
1,145.4
1,145.4
2,145.4
2,145.4
3,145.4
3,145.4
4,145.4
4,169.9
5,169.9
5,169.9
6,168.9
6,168.9
0,168.9
0,168.9
1,167.9
1,167.9
2,165.9
2,165.9
3,165.9
3,165.9
4,159.9
4,159.9
5,154.9
5,154.9
6,154.9
6,154.9
0,150.9
0,150.9
1,150.9
1,150.9
2,150.9
2,149.9
3,149.9
3,148.9
4,148.9
4,147.9
5,147.9
5,147.9
6,146.9
6,146.9
0,146.9
0,146.9
1,146.9
1,146.9
2,146.9
2,146.9
3,146.9
3,174.9
4,170.9
4,170.9
5,169.9
5,169.9
6,169.9
6,169.9
