0,0
0,0
1,0
1,0
2,0
2,0
3,0
3,0
4,0
4,0
5,0
5,0
6,0
6,0
0,0
0,0
1,0
1,0
2,0
2,0
3,0
3,0
4,0
4,0
5,0
5,0
6,0
6,0
0,0
0,0
1,0
1,0
2,0
2,0
3,0
3,0
4,0
4,0
5,0
5,0
6,0
6,0
0,0
0,0
1,0
1,0
2,0
2,0
3,0
3,120.33333333333333
4,120.33333333333333
4,120.33333333333333
5,127.9
5,127.9
6,127.9
6,127.9
0,126.9
0,125.4
1,124.7
1,123.9
2,123.9
2,123.9
3,120.15
3,120.15
4,120.15
4,120.15
5,120.15
5,120.15
6,120.15
6,118.5
0,117.63333333333333
0,117.9
1,117.9
1,117.9
2,145.9
2,117.9
3,144.9
3,143.4
4,143.4
4,143.4
5,142.9
5,142.9
6,142.9
6,139.9
0,139.9
0,139.9
1,139.9
1,137.9
2,137.9
2,135.9
3,135.9
3,133.4
4,133.4
4,133.4
5,133.4
5,133.4
6,133.4
6,129.9
0,128.4
0,124.4
1,124.4
1,124.4
2,124.4
2,124.4
3,120.9
3,119.4
4,119.4
4,147.4
5,147.4
5,147.4
6,147.4
6,145.9
0,145.9
0,145.9
1,145.9
1,145.9
2,145.9
2,145.9
3,145.9
3,144.9
4,140.9
4,140.9
5,140.9
5,140.9
6,140.9
6,140.9
0,140.9
0,140.9
1,140.9
1,140.9
2,140.9
2,140.9
3,140.9
3,140.9
4,140.9
4,140.9
5,140.9
5,140.9
6,140.9
6,140.9
0,140.9
0,140.9
1,140.9
1,140.9
2,140.9
2,140.9
3,140.9
3,140.9
4,140.9
4,140.9
5,140.9
5,140.9
6,140.9
6,140.9
0,140.9
0,140.9
1,140.9
1,140.9
2,140.9
2,140.9
3,140.9
3,140.9
4,140.9
4,140.9
5,140.9
5,140.9
6,140.9
6,140.9
0,140.9
0,140.9
1,140.9
1,140.9
2,140.9
2,140.9
3,140.9
3,140.9
4,140.9
4,140.9
5,140.9
5,140.9
6,140.9
6,140.9
0,140.9
0,140.9
1,140.9
1,140.9
2,140.9
2,140.9
3,140.9
3,140.9
4,140.9
4,140.9
5,140.9
5,140.9
6,140.9
6,140.9
0,140.9
0,140.9
1,140.9
1,140.9
2,140.9
2,140.9
3,140.9
3,140.9
4,140.9
4,140.9
5,140.9
5,140.9
6,140.9
6,140.9
0,140.9
0,140.9
1,140.9
1,140.9
2,140.9
2,140.9
3,140.9
3,140.9
4,140.9
4,140.9
5,140.9
5,140.9
6,140.9
6,140.9
0,140.9
0,140.9
1,140.9
1,140.9
2,140.9
2,140.9
3,140.9
3,140.9
4,140.9
4,140.9
5,140.9
5,140.9
6,140.9
6,140.9
0,140.9
0,140.9
1,140.9
1,140.9
2,140.9
2,140.9
3,140.9
3,140.9
4,140.9
4,140.9
5,140.9
5,149.9
6,149.9
6,149.9
0,149.9
0,149.9
1,149.9
1,149.4
2,149.4
2,149.4
3,149.4
3,149.4
4,149.4
4,149.4
5,149.4
5,149.4
6,149.4
6,149.4
0,147.9
0,147.9
1,147.9
1,147.9
2,145.9
2,145.9
3,145.9
3,141.9
4,138.4
4,138.4
5,138.4
5,138.4
6,138.4
6,138.4
0,134.8
0,132.9
1,132.9
1,131.9
2,131.9
2,130.5
3,130.5
3,130.5
4,130.5
4,130.5
5,130.5
5,130.5
6,130.5
6,130.5
0,130.5
0,130.3
1,130.3
1,130.3
2,130.3
2,130.3
3,129.8
3,129.8
4,129.8
4,129.8
5,129.5
5,129.5
6,129.5
6,129.5
0,129.5
0,129.5
1,129.5
1,129.5
2,129.5
2,129.5
3,129.5
3,160.9
4,160.9
4,160.9
5,160.9
5,160.9
6,157.9
6,157.9
0,156.7
0,155.6
1,155.6
1,154.7
2,154.7
2,154.7
3,154.7
3,154.7
4,154.7
4,154.7
5,154.7
5,154.7
6,154.7
6,154.7
0,153.9
0,153.5
1,153.5
1,153.5
2,153.5
2,153.5
3,150.43333333333334
3,150.43333333333334
4,146.7
4,146.7
5,146.7
5,146.7
6,146.7
6,146.7
0,135.9
0,135.9
1,135.4
1,135.4
2,135.4
2,135.4
3,135.4
3,135.4
4,135.4
4,135.4
5,135.10000000000002
5,135.10000000000002
6,135.10000000000002
6,134.7
0,134.7
0,133.7
1,133.7
1,132.7
2,132.7
2,131.7
3,131.7
3,131.7
4,131.7
4,130.7
5,130.7
5,130.7
6,130.7
6,130.7
0,130.7
0,129.9
1,129.5
1,129.5
2,129.5
2,129.5
3,129.5
3,129.5
4,129.5
4,129.5
5,129.5
5,129.5
6,129.5
6,129.5
0,129.10000000000002
0,129.10000000000002
1,128.5
1,128.5
2,128.5
2,128.5
3,128.5
3,160.9
4,160.9
4,160.9
5,160.9
5,160.9
6,160.9
6,160.9
0,160.9
0,160.9
1,157.9
1,155.0
2,153.5
2,152.5
3,148.7
3,145.5
4,144.7
4,143.9
5,143.9
5,143.9
6,143.9
6,143.9
0,142.5
0,142.5
1,142.5
1,141.9
2,141.5
2,140.7
3,137.9
3,137.9
4,137.9
4,137.9
5,137.9
5,137.9
6,137.9
6,137.9
0,137.9
0,137.9
1,137.9
1,137.9
2,133.35000000000002
2,133.35000000000002
3,133.35000000000002
3,133.35000000000002
4,133.35000000000002
4,132.9
5,132.7
5,132.5
6,132.5
6,132.5
0,132.3
0,131.9
1,131.4
1,131.4
2,131.4
2,131.4
3,131.4
3,131.4
4,130.9
4,130.7
5,130.7
5,130.7
6,130.5
6,130.5
0,130.3
0,129.9
1,129.7
1,129.3
2,128.7
2,128.1
3,128.1
3,128.1
4,128.1
4,128.1
5,128.1
5,128.1
6,128.1
6,128.1
0,128.1
0,127.1
1,127.1
1,125.9
2,125.5
2,124.7
3,124.7
3,124.7
4,124.7
4,124.7
5,124.7
5,124.5
6,124.5
6,124.5
0,124.3
0,124.3
1,124.3
1,124.3
2,124.3
2,124.3
3,123.9
3,155.9
4,155.9
4,155.9
5,155.9
5,153.9
6,153.9
6,153.9
0,153.9
0,153.9
1,152.9
1,152.9
2,151.4
2,151.4
3,147.4
3,145.9
4,145.9
4,145.7
5,145.7
5,145.5
6,145.5
6,145.5
0,144.5
0,144.3
1,143.7
1,143.3
2,143.3
2,143.3
3,142.9
3,142.6
4,142.6
4,141.3
5,141.3
5,141.3
6,141.3
6,141.3
0,141.3
0,139.70000000000002
1,138.7
1,138.7
2,138.7
2,138.0
3,136.1
3,134.5
4,134.5
4,134.5
5,134.5
5,134.5
6,134.5
6,134.5
0,133.7
0,132.7
1,131.8
1,131.03333333333333
2,129.9
2,129.5
3,129.5
3,129.5
4,128.7
4,128.7
5,128.7
5,128.7
6,128.7
6,153.8
0,153.8
0,153.8
1,153.8
1,153.8
2,153.8
2,150.9
3,149.35000000000002
3,149.35000000000002
4,149.35000000000002
4,147.9
5,147.9
5,147.9
6,147.9
6,147.9
0,146.15
0,144.4
1,143.5
1,142.63333333333335
2,140.3
2,137.55
3,130.9
3,129.5
4,128.7
4,128.7
5,128.7
5,128.7
6,128.7
6,128.7
0,128.7
0,128.7
1,128.7
1,127.7
2,127.7
2,127.7
3,127.7
3,127.7
4,127.7
4,127.7
5,127.7
5,127.7
6,127.1
6,126.5
0,126.5
0,126.5
1,125.9
1,157.9
2,157.9
2,157.9
3,157.9
3,155.9
4,155.9
4,155.9
5,155.9
5,155.9
6,155.9
6,155.9
0,151.4
0,151.4
1,151.4
1,149.3
2,149.3
2,149.3
3,147.7
3,144.9
4,143.05
4,143.05
5,143.05
5,143.05
6,141.7
6,140.7
0,140.7
0,140.1
1,140.1
1,139.1
2,139.1
2,137.8
3,136.7
3,136.0
4,134.7
4,134.2
5,134.2
5,134.2
6,134.2
6,134.2
0,131.8
0,130.8
1,129.8
1,128.7
2,128.15
2,127.5
3,127.15
3,126.7
4,126.4
4,125.10000000000001
5,125.10000000000001
5,125.10000000000001
6,125.10000000000001
6,125.10000000000001
0,125.10000000000001
0,125.10000000000001
1,125.10000000000001
1,125.10000000000001
2,125.10000000000001
2,125.10000000000001
3,125.10000000000001
3,125.10000000000001
4,125.10000000000001
4,125.10000000000001
5,125.10000000000001
5,125.10000000000001
6,125.10000000000001
6,125.10000000000001
0,125.10000000000001
0,125.10000000000001
1,125.10000000000001
1,125.10000000000001
2,125.10000000000001
2,125.10000000000001
3,125.10000000000001
3,133.7
4,147.4
4,147.4
5,147.4
5,147.4
6,147.4
6,146.9
0,146.9
0,145.9
1,145.9
1,141.8
2,141.8
2,140.6
3,138.5
3,137.9
4,137.9
4,137.7
5,137.7
5,137.7
6,137.7
6,137.7
0,135.25
0,133.7
1,131.8
1,131.15
2,130.7
2,130.7
3,130.7
3,130.7
4,130.7
4,130.7
5,130.7
5,130.7
6,130.7
6,130.7
0,130.7
0,127.80000000000001
1,127.7
1,126.80000000000001
2,126.10000000000001
2,123.5
3,122.9
3,122.7
4,122.7
4,122.7
5,122.6
5,122.6
6,121.80000000000001
6,121.80000000000001
0,121.7
0,121.7
1,121.6
1,120.9
2,120.9
2,120.9
3,120.9
3,120.9
4,120.9
4,150.9
5,150.9
5,150.9
6,150.9
6,150.9
0,150.9
0,150.9
1,150.9
1,150.9
2,150.9
2,150.9
3,149.4
3,149.4
4,145.9
4,145.9
5,145.9
5,145.9
6,145.9
6,131.9
0,141.1
0,139.9
1,138.9
1,136.4
2,135.43333333333334
2,133.7
3,133.2
3,133.2
4,132.2
4,132.2
5,131.7
5,131.7
6,131.7
6,131.7
0,131.7
0,131.7
1,131.7
1,131.7
2,131.7
2,131.7
3,130.55
3,130.55
4,131.7
4,131.7
5,130.9
5,130.7
6,130.9
6,130.9
0,129.8
0,123.5
1,120.4
1,120.4
2,129.4
2,128.9
3,128.9
3,128.45
4,129.0
4,127.9
5,139.26666666666665
5,139.26666666666665
6,160.9
6,160.9
0,160.4
0,160.4
1,159.9
1,159.5
2,158.7
2,155.9
3,153.9
3,153.9
4,150.9
4,148.9
5,148.4
5,148.4
6,147.9
6,147.9
0,146.9
0,144.9
1,144.9
1,143.9
2,143.9
2,143.9
3,142.9
3,142.9
4,141.9
4,139.9
5,139.9
5,139.9
6,139.9
6,138.9
0,138.35000000000002
0,136.9
1,135.0666666666667
1,135.0666666666667
2,133.9
2,132.9
3,131.73333333333335
3,131.73333333333335
4,129.9
4,129.9
5,129.9
5,129.9
6,129.9
6,129.9
0,129.9
0,129.9
1,129.9
1,128.9
2,128.9
2,128.9
3,128.9
3,128.9
4,160.9
4,160.9
5,160.9
5,160.9
6,160.9
6,160.9
0,160.9
0,160.9
1,159.9
1,159.9
2,157.9
2,157.4
3,153.9
3,151.9
4,148.7
4,146.7
5,146.7
5,145.2
6,145.2
6,145.2
0,145.2
0,145.2
1,145.2
1,145.2
2,145.2
2,143.9
3,143.3
3,139.15
4,138.4
4,137.9
5,137.4
5,137.4
6,135.9
6,135.4
0,135.3
0,134.9
1,134.15
1,134.15
2,132.9
2,132.9
3,131.9
3,131.9
4,131.9
4,162.9
5,162.9
5,162.9
6,162.9
6,162.9
0,162.9
0,162.4
1,162.4
1,159.9
2,159.9
2,158.8
3,158.8
3,158.8
4,158.8
4,158.4
5,158.4
5,158.4
6,158.4
6,158.4
0,158.4
0,158.4
1,158.4
1,158.4
2,158.4
2,158.4
3,155.9
3,152.9
4,149.9
4,149.9
5,147.16666666666666
5,147.16666666666666
6,145.9
6,145.55
0,144.9
0,144.7
1,144.7
1,144.7
2,144.7
2,144.7
3,143.8
3,141.8
4,141.8
4,140.9
5,139.4
5,167.9
6,167.9
6,167.9
0,167.9
0,167.9
1,167.9
1,164.9
2,164.9
2,159.9
3,159.9
3,159.9
4,159.9
4,159.9
5,159.9
5,159.9
6,159.9
6,159.9
0,158.9
0,157.9
1,157.9
1,157.9
2,157.9
2,157.9
3,157.9
3,155.9
4,155.9
4,153.7
5,153.7
5,153.7
6,153.7
6,153.7
0,152.9
0,151.8
1,150.8
1,149.5
2,147.8
2,147.8
3,147.8
3,147.8
4,146.8
4,144.9
5,144.3
5,143.7
6,143.7
6,143.7
0,142.8
0,141.8
1,141.4
1,141.4
2,140.9
2,140.9
3,167.9
3,167.9
4,167.9
4,167.9
5,167.9
5,167.9
6,167.9
6,167.9
0,167.9
0,167.9
1,167.4
1,165.9
2,165.9
2,164.9
3,164.9
3,161.9
4,161.9
4,159.4
5,157.9
5,157.9
6,157.9
6,157.9
0,157.9
0,156.4
1,156.4
1,155.4
2,155.4
2,155.4
3,154.9
3,153.9
4,152.9
4,151.9
5,151.9
5,150.9
6,149.9
6,149.9
0,147.9
0,147.9
1,147.9
1,145.9
2,144.9
2,144.9
3,143.9
3,141.9
4,139.9
4,139.9
5,139.9
5,139.9
6,138.9
6,138.9
0,138.9
0,138.9
1,138.9
1,138.6
2,138.3
2,137.8
3,137.4
3,152.4
4,152.4
4,152.4
5,152.4
5,152.4
6,152.4
6,152.4
0,152.4
0,152.4
1,152.4
1,152.4
2,152.4
2,152.4
3,152.4
3,167.4
4,164.9
4,160.9
5,160.9
5,159.9
6,155.9
6,153.9
0,153.9
0,153.7
1,152.18571428571428
1,150.33333333333334
2,148.5
2,147.9
3,147.7
3,147.4
4,146.9
4,145.70000000000002
5,144.9
5,144.9
6,143.9
6,143.9
0,143.9
0,142.70000000000002
1,142.70000000000002
1,142.3
2,142.3
2,142.3
3,142.3
3,142.3
4,142.3
4,142.3
5,141.9
5,140.9
6,140.9
6,140.9
0,140.9
0,140.7
1,140.7
1,140.4
2,139.9
2,139.9
3,139.9
3,139.9
4,139.9
4,139.9
5,139.9
5,139.9
6,139.9
6,139.9
0,139.9
0,139.9
1,139.9
1,139.9
2,139.9
2,139.9
3,139.9
3,139.9
4,139.9
4,139.9
5,139.7
5,139.7
6,139.5
6,139.5
0,139.5
0,139.5
1,139.5
1,139.5
2,139.5
2,139.5
3,167.9
3,167.9
4,167.9
4,166.9
5,166.9
5,166.9
6,166.9
6,166.9
0,159.15
0,159.15
1,159.15
1,165.9
2,157.9
2,155.4
3,155.4
3,155.4
4,155.4
4,155.4
5,155.4
5,155.4
6,153.9
6,152.4
0,152.4
0,152.4
1,152.4
1,149.9
2,147.4
2,145.83333333333334
3,145.83333333333334
3,142.7
4,139.9
4,139.9
5,137.7
5,137.7
6,137.7
6,137.7
0,137.7
0,137.7
1,137.7
1,137.7
2,137.7
2,137.7
3,137.7
3,137.7
4,137.7
4,137.7
5,137.7
5,167.9
6,167.9
6,167.9
0,167.9
0,167.9
1,167.9
1,166.9
2,166.9
2,164.9
3,159.9
3,156.9
4,151.7
4,148.9
5,148.9
5,148.9
6,145.3
6,145.3
0,143.3
0,140.70000000000002
1,139.7
1,139.7
2,139.7
2,139.7
3,139.3
3,139.3
4,139.3
4,139.3
5,139.3
5,139.3
6,139.3
6,139.3
0,139.3
0,137.7
1,137.7
1,137.7
2,137.7
2,137.7
3,137.7
3,138.9
4,138.9
4,138.9
5,138.9
5,138.9
6,138.9
6,138.9
0,138.9
0,138.9
1,138.9
1,138.9
2,138.9
2,138.9
3,137.7
3,137.7
4,137.7
4,167.7
5,167.7
5,167.7
6,167.7
6,167.7
0,167.7
0,162.16666666666666
1,160.7
1,160.7
2,160.7
2,160.7
3,157.8
3,157.8
4,157.8
4,155.9
5,155.7
5,155.7
6,155.7
6,154.8
0,154.8
0,154.8
1,153.9
1,149.8
2,149.8
2,149.8
3,149.8
3,149.8
4,149.8
4,149.8
5,149.8
5,149.8
6,149.8
6,149.8
0,146.9
0,146.9
1,146.9
1,146.7
2,146.7
2,174.9
3,174.9
3,174.9
4,174.9
4,174.9
5,169.9
5,169.9
6,169.9
6,169.9
