0,0
0,0
1,0
1,0
2,0
2,0
3,126.7
3,122.9
4,122.9
4,122.9
5,120.9
5,120.9
6,120.9
6,120.9
0,120.9
0,117.9
1,117.9
1,117.9
2,117.9
2,117.9
3,117.9
3,117.9
4,117.9
4,117.9
5,115.9
5,115.9
6,115.9
6,115.9
0,115.9
0,115.9
1,115.9
1,115.9
2,115.9
2,115.9
3,141.9
3,141.9
4,141.9
4,141.9
5,141.9
5,141.9
6,141.9
6,141.9
0,141.9
0,141.9
1,141.9
1,141.9
2,139.9
2,137.9
3,135.70000000000002
3,135.70000000000002
4,135.70000000000002
4,134.9
5,133.9
5,132.9
6,132.9
6,131.9
0,131.9
0,126.9
1,126.9
1,126.9
2,126.9
2,126.9
3,126.9
3,126.9
4,126.9
4,125.9
5,125.9
5,125.9
6,125.9
6,125.9
0,124.9
0,124.9
1,123.9
1,117.9
2,117.9
2,117.9
3,135.23333333333335
3,135.23333333333335
4,143.4
4,143.4
5,143.4
5,141.9
6,141.9
6,141.9
0,141.9
0,141.9
1,138.9
1,138.9
2,138.9
2,137.4
3,135.9
3,135.9
4,133.5666666666667
4,133.5666666666667
5,133.5666666666667
5,133.5666666666667
6,133.5666666666667
6,133.5666666666667
0,133.5666666666667
0,133.5666666666667
1,133.5666666666667
1,127.9
2,125.7
2,125.7
3,120.9
3,120.9
4,120.9
4,147.9
5,147.9
5,147.9
6,147.9
6,145.9
0,145.9
0,145.9
1,145.9
1,145.9
2,145.9
2,145.9
3,145.9
3,140.9
4,140.9
4,139.8
5,139.8
5,139.8
6,139.8
6,139.8
0,139.8
0,139.8
1,139.8
1,139.8
2,139.8
2,139.8
3,139.8
3,139.8
4,139.8
4,139.8
5,139.8
5,139.8
6,139.8
6,139.8
0,139.8
0,139.8
1,139.8
1,139.8
2,139.8
2,139.8
3,139.8
3,139.8
4,139.8
4,139.8
5,139.8
5,139.8
6,139.8
6,139.8
0,139.8
0,139.8
1,139.8
1,139.8
2,139.8
2,139.8
3,139.8
3,139.8
4,139.8
4,139.8
5,139.8
5,139.8
6,139.8
6,139.8
0,139.8
0,139.8
1,139.8
1,139.8
2,139.8
2,139.8
3,139.8
3,139.8
4,139.8
4,139.8
5,139.8
5,139.8
6,139.8
6,139.8
0,139.8
0,139.8
1,139.8
1,139.8
2,139.8
2,139.8
3,139.8
3,139.8
4,139.8
4,139.8
5,139.8
5,139.8
6,139.8
6,139.8
0,139.8
0,139.8
1,139.8
1,139.8
2,139.8
2,139.8
3,139.8
3,139.8
4,139.8
4,139.8
5,139.8
5,139.8
6,139.8
6,139.8
0,139.8
0,139.8
1,139.8
1,139.8
2,139.8
2,139.8
3,139.8
3,139.8
4,139.8
4,139.8
5,139.8
5,139.8
6,139.8
6,139.8
0,139.8
0,139.8
1,139.8
1,139.8
2,139.8
2,139.8
3,139.8
3,139.8
4,139.8
4,139.8
5,139.8
5,139.8
6,139.8
6,139.8
0,139.8
0,139.8
1,139.8
1,139.8
2,139.8
2,139.8
3,139.8
3,139.8
4,139.8
4,139.8
5,139.8
5,139.8
6,149.9
6,149.9
0,149.9
0,149.9
1,149.9
1,145.9
2,145.9
2,145.9
3,145.9
3,145.9
4,145.9
4,143.4
5,143.4
5,143.4
6,143.4
6,143.4
0,143.4
0,143.4
1,143.4
1,140.9
2,140.9
2,140.7
3,140.7
3,140.7
4,140.7
4,140.7
5,140.5
5,140.5
6,140.5
6,140.5
0,140.5
0,140.5
1,140.5
1,140.5
2,140.5
2,140.5
3,140.5
3,140.3
4,140.4
4,140.4
5,140.4
5,140.4
6,140.4
6,140.4
0,140.4
0,140.4
1,140.4
1,140.4
2,140.4
2,140.4
3,140.4
3,139.9
4,139.9
4,139.9
5,139.9
5,139.9
6,139.9
6,138.9
0,138.9
0,138.9
1,138.9
1,138.9
2,138.9
2,138.9
3,160.9
3,160.9
4,160.9
4,160.9
5,160.9
5,160.9
6,160.9
6,160.9
0,155.9
0,155.9
1,155.9
1,155.9
2,155.9
2,155.9
3,155.9
3,155.9
4,155.9
4,155.9
5,155.9
5,155.9
6,155.9
6,155.9
0,155.9
0,155.9
1,155.9
1,155.9
2,155.9
2,154.7
3,152.9
3,150.9
4,148.4
4,146.9
5,146.9
5,145.4
6,143.9
6,142.9
0,140.9
0,138.9
1,138.9
1,136.9
2,136.9
2,134.9
3,134.9
3,134.9
4,134.9
4,134.9
5,134.9
5,134.9
6,134.9
6,134.9
0,134.9
0,134.7
1,134.7
1,134.7
2,134.7
2,134.7
3,134.5
3,134.5
4,134.5
4,134.5
5,134.5
5,134.5
6,134.5
6,134.5
0,134.5
0,134.5
1,134.5
1,134.5
2,134.5
2,134.5
3,134.5
3,134.5
4,134.5
4,134.5
5,134.5
5,134.5
6,134.5
6,134.5
0,134.5
0,134.5
1,134.5
1,134.5
2,134.5
2,134.5
3,134.5
3,160.9
4,160.9
4,160.9
5,160.9
5,160.9
6,160.9
6,160.9
0,160.9
0,160.9
1,155.9
1,155.9
2,155.9
2,155.9
3,155.9
3,155.9
4,155.9
4,155.9
5,155.9
5,155.9
6,155.9
6,155.9
0,155.9
0,153.9
1,153.9
1,153.9
2,145.9
2,145.9
3,145.9
3,145.9
4,145.9
4,145.9
5,145.9
5,145.9
6,145.9
6,145.9
0,145.9
0,145.9
1,142.9
1,142.9
2,142.9
2,142.9
3,142.9
3,142.9
4,142.9
4,140.9
5,140.9
5,140.9
6,140.9
6,140.9
0,140.9
0,140.9
1,140.9
1,138.9
2,138.9
2,138.9
3,138.9
3,138.9
4,138.9
4,138.9
5,138.9
5,138.9
6,138.9
6,138.9
0,138.9
0,133.9
1,133.9
1,133.9
2,133.9
2,133.9
3,133.9
3,133.9
4,133.9
4,133.9
5,133.9
5,133.9
6,133.9
6,133.9
0,133.9
0,133.9
1,133.9
1,133.9
2,133.9
2,133.9
3,133.9
3,133.9
4,133.9
4,133.9
5,133.9
5,133.9
6,133.9
6,133.9
0,133.9
0,133.9
1,133.9
1,133.9
2,133.9
2,133.9
3,133.9
3,133.9
4,133.9
4,133.9
5,133.9
5,153.9
6,153.9
6,153.9
0,153.9
0,153.9
1,152.9
1,150.9
2,150.9
2,150.9
3,150.9
3,150.9
4,150.9
4,150.9
5,150.9
5,150.9
6,150.9
6,150.9
0,150.9
0,150.9
1,150.9
1,150.9
2,150.9
2,147.9
3,147.9
3,147.9
4,147.9
4,147.9
5,147.9
5,147.9
6,147.9
6,147.9
0,147.9
0,147.9
1,147.9
1,147.9
2,147.9
2,143.9
3,143.9
3,143.9
4,143.9
4,143.9
5,143.9
5,143.9
6,143.9
6,143.9
0,143.9
0,138.9
1,138.9
1,138.9
2,138.9
2,138.9
3,138.9
3,138.9
4,138.9
4,138.9
5,155.9
5,155.9
6,155.9
6,155.9
0,155.4
0,155.4
1,155.4
1,155.4
2,153.9
2,150.9
3,150.9
3,150.9
4,150.9
4,150.9
5,150.9
5,150.9
6,150.9
6,150.9
0,146.9
0,146.9
1,139.9
1,139.7
2,138.9
2,138.9
3,138.9
3,138.9
4,138.9
4,138.9
5,138.9
5,135.9
6,135.9
6,135.9
0,131.9
0,131.9
1,131.9
1,131.9
2,131.9
2,131.9
3,131.9
3,131.9
4,131.9
4,131.9
5,131.9
5,131.9
6,131.9
6,131.9
0,131.9
0,157.9
1,157.9
1,157.9
2,157.9
2,155.9
3,155.9
3,155.9
4,152.9
4,152.9
5,152.9
5,152.9
6,152.9
6,152.9
0,152.9
0,152.9
1,152.9
1,152.9
2,152.9
2,147.9
3,147.9
3,147.9
4,147.9
4,147.9
5,147.9
5,147.9
6,147.9
6,145.4
0,145.4
0,145.4
1,145.4
1,145.4
2,145.4
2,145.4
3,145.4
3,145.4
4,143.9
4,143.9
5,143.9
5,143.9
6,139.9
6,139.9
0,137.9
0,137.9
1,137.9
1,137.9
2,137.9
2,133.9
3,133.9
3,133.9
4,133.9
4,133.7
5,133.7
5,133.7
6,133.7
6,133.7
0,133.7
0,133.7
1,133.7
1,131.9
2,131.9
2,131.9
3,131.9
3,131.9
4,131.9
4,131.9
5,131.9
5,130.9
6,130.9
6,130.9
0,130.9
0,130.9
1,127.9
1,127.9
2,127.9
2,127.9
3,127.9
3,127.9
4,127.9
4,127.9
5,145.9
5,145.9
6,145.9
6,145.9
0,145.9
0,145.9
1,145.9
1,145.9
2,145.9
2,145.9
3,145.9
3,145.9
4,145.9
4,145.9
5,145.9
5,145.9
6,145.9
6,145.9
0,145.9
0,145.9
1,145.9
1,145.9
2,141.9
2,141.9
3,141.9
3,141.9
4,141.9
4,141.9
5,141.9
5,141.9
6,141.9
6,135.9
0,135.9
0,135.9
1,135.9
1,135.9
2,135.9
2,133.9
3,133.9
3,133.9
4,133.9
4,133.9
5,133.9
5,133.9
6,133.9
6,131.9
0,131.9
0,131.9
1,131.9
1,129.9
2,129.4
2,129.4
3,128.9
3,127.9
4,127.9
4,127.9
5,127.9
5,127.9
6,127.9
6,127.9
0,127.9
0,127.9
1,137.9
1,137.9
2,147.4
2,147.4
3,146.9
3,146.9
4,146.9
4,146.9
5,146.9
5,146.9
6,146.9
6,146.9
0,146.9
0,146.9
1,146.9
1,146.9
2,145.9
2,145.9
3,144.9
3,144.9
4,144.9
4,144.9
5,144.9
5,144.9
6,144.9
6,141.9
0,140.9
0,140.9
1,140.9
1,140.9
2,140.9
2,137.9
3,137.9
3,137.9
4,139.9
4,139.9
5,139.9
5,139.9
6,139.9
6,135.9
0,135.9
0,135.9
1,135.9
1,135.9
2,135.9
2,134.9
3,134.9
3,134.9
4,134.9
4,134.9
5,134.9
5,134.9
6,134.9
6,134.9
0,134.9
0,158.9
1,157.9
1,157.9
2,157.9
2,157.9
3,157.9
3,157.9
4,157.4
4,157.4
5,156.9
5,156.9
6,156.9
6,156.9
0,156.4
0,154.9
1,154.9
1,154.9
2,154.4
2,154.4
3,151.9
3,148.9
4,148.9
4,148.9
5,147.9
5,147.9
6,145.4
6,145.4
0,142.9
0,142.9
1,142.9
1,142.9
2,142.9
2,142.9
3,142.9
3,142.9
4,139.9
4,137.9
5,137.9
5,137.9
6,136.9
6,136.9
0,136.9
0,136.9
1,135.9
1,135.9
2,135.9
2,135.9
3,135.9
3,135.9
4,135.9
4,135.9
5,135.9
5,135.9
6,156.9
6,156.9
0,156.9
0,156.9
1,156.9
1,156.9
2,156.9
2,156.9
3,156.9
3,156.9
4,156.9
4,156.9
5,156.9
5,154.9
6,153.9
6,151.9
0,149.9
0,149.9
1,147.9
1,147.9
2,146.9
2,146.9
3,146.9
3,146.9
4,146.9
4,143.9
5,143.9
5,143.9
6,143.9
6,141.9
0,141.9
0,141.9
1,141.9
1,141.9
2,141.9
2,141.9
3,141.9
3,141.9
4,141.9
4,141.9
5,157.9
5,157.9
6,157.9
6,157.9
0,157.9
0,157.9
1,157.9
1,157.9
2,157.9
2,157.9
3,157.9
3,157.9
4,157.9
4,156.9
5,156.9
5,156.9
6,156.9
6,156.9
0,156.9
0,156.9
1,156.9
1,156.9
2,155.9
2,154.9
3,154.9
3,154.9
4,153.9
4,153.9
5,153.9
5,153.9
6,153.9
6,153.9
0,153.9
0,148.9
1,148.9
1,147.9
2,147.9
2,145.9
3,145.9
3,145.9
4,144.9
4,144.9
5,144.9
5,144.9
6,144.9
6,167.9
0,165.9
0,165.9
1,165.9
1,165.9
2,165.9
2,165.9
3,165.9
3,165.9
4,164.9
4,164.9
5,164.9
5,164.9
6,164.9
6,164.9
0,164.9
0,163.9
1,163.9
1,163.9
2,163.9
2,162.9
3,161.9
3,161.9
4,161.9
4,161.9
5,161.9
5,161.9
6,161.9
6,161.9
0,161.9
0,161.9
1,161.9
1,161.9
2,161.9
2,161.9
3,161.9
3,157.9
4,156.9
4,154.4
5,154.4
5,154.4
6,149.9
6,149.9
0,149.9
0,149.9
1,149.9
1,149.9
2,149.9
2,149.9
3,149.9
3,149.9
4,167.9
4,167.9
5,167.9
5,167.9
6,165.9
6,165.9
0,165.9
0,165.9
1,165.9
1,165.9
2,164.9
2,163.9
3,163.9
3,163.9
4,162.9
4,161.9
5,160.9
5,160.9
6,160.9
6,160.9
0,160.9
0,160.9
1,160.9
1,159.9
2,159.9
2,159.9
3,158.9
3,157.9
4,157.9
4,156.9
5,155.9
5,155.9
6,155.9
6,155.9
0,152.9
0,152.9
1,152.9
1,152.9
2,152.9
2,152.9
3,152.9
3,152.9
4,152.9
4,152.9
5,152.9
5,152.9
6,152.9
6,152.9
0,152.9
0,152.9
1,152.9
1,152.9
2,152.9
2,152.9
3,152.9
3,152.9
4,152.9
4,152.9
5,167.9
5,167.9
6,167.9
6,167.9
0,167.9
0,166.4
1,166.4
1,162.9
2,162.9
2,162.9
3,160.9
3,160.9
4,159.9
4,159.9
5,159.9
5,158.9
6,158.9
6,158.9
0,158.9
0,156.9
1,156.9
1,154.9
2,153.9
2,153.9
3,153.9
3,152.9
4,151.9
4,151.9
5,151.9
5,151.9
6,151.9
6,151.9
0,150.9
0,150.9
1,150.9
1,150.9
2,150.9
2,150.9
3,150.9
3,149.9
4,149.9
4,148.9
5,148.9
5,148.9
6,148.9
6,147.9
0,147.9
0,147.9
1,147.9
1,147.9
2,147.9
2,147.9
3,147.9
3,146.9
4,146.9
4,146.9
5,146.9
5,146.9
6,146.9
6,146.9
0,146.9
0,146.9
1,145.9
1,145.9
2,145.9
2,144.9
3,144.9
3,144.9
4,144.9
4,144.9
5,144.9
5,144.9
6,144.9
6,144.9
0,144.9
0,144.9
1,144.9
1,144.9
2,144.9
2,144.9
3,167.9
3,165.9
4,165.9
4,165.9
5,165.9
5,165.9
6,162.9
6,162.9
0,162.9
0,162.9
1,162.9
1,162.9
2,159.9
2,159.9
3,159.9
3,159.9
4,157.9
4,157.9
5,157.9
5,157.9
6,157.9
6,157.9
0,157.9
0,157.9
1,157.9
1,156.9
2,156.9
2,155.9
3,154.9
3,153.9
4,153.9
4,150.9
5,150.9
5,150.9
6,150.9
6,150.9
0,150.9
0,150.9
1,150.9
1,150.9
2,146.9
2,145.9
3,145.9
3,145.9
4,145.9
4,145.9
5,145.9
5,145.9
6,145.9
6,145.9
0,145.9
0,145.9
1,145.9
1,165.4
2,165.4
2,161.9
3,161.9
3,161.9
4,161.9
4,161.9
5,161.9
5,161.9
6,161.9
6,160.9
0,160.9
0,160.9
1,159.9
1,159.9
2,159.9
2,159.9
3,157.9
3,156.4
4,154.9
4,153.9
5,152.9
5,152.9
6,152.9
6,152.9
0,152.9
0,151.4
1,151.4
1,151.4
2,149.9
2,148.9
3,148.9
3,147.4
4,147.4
4,147.4
5,147.4
5,147.4
6,147.4
6,147.4
0,145.9
0,145.9
1,145.9
1,145.9
2,145.9
2,145.9
3,145.9
3,145.9
4,169.9
4,169.9
5,169.9
5,169.9
6,169.9
6,169.9
0,169.9
0,169.9
1,168.9
1,167.9
2,167.9
2,166.9
3,166.9
3,166.9
4,166.9
4,165.9
5,165.9
5,165.9
6,165.9
6,165.9
0,164.9
0,163.9
1,163.9
1,162.9
2,162.9
2,162.9
3,162.9
3,161.9
4,161.9
4,161.9
5,161.9
5,161.9
6,160.9
6,160.9
0,160.9
0,160.9
1,160.9
1,160.9
2,158.9
2,158.9
3,158.9
3,158.9
4,174.9
4,174.9
5,174.4
5,174.4
6,174.4
6,174.4
