0,0
0,0
1,105.9
1,105.9
2,105.9
2,105.9
3,105.9
3,105.9
4,103.9
4,103.9
5,103.9
5,103.9
6,103.9
6,103.9
0,102.9
0,102.9
1,102.9
1,101.9
2,101.9
2,101.9
3,101.9
3,101.9
4,101.9
4,101.9
5,101.9
5,101.9
6,101.9
6,101.9
0,101.9
0,101.9
1,101.9
1,101.9
2,99.9
2,99.9
3,96.9
3,96.9
4,96.9
4,96.9
5,96.9
5,96.9
6,96.9
6,96.9
0,96.9
0,96.9
1,96.9
1,96.9
2,96.9
2,96.9
3,96.9
3,96.9
4,96.9
4,96.9
5,96.9
5,96.9
6,96.9
6,96.9
0,96.9
0,96.9
1,96.9
1,96.9
2,96.9
2,96.9
3,96.9
3,96.9
4,99.9
4,99.9
5,99.9
5,99.9
6,99.9
6,99.9
0,99.9
0,99.9
1,99.9
1,99.9
2,99.9
2,99.9
3,99.9
3,99.9
4,127.9
4,127.9
5,127.9
5,127.9
6,127.9
6,127.9
0,99.9
0,99.9
1,99.9
1,99.9
2,99.9
2,99.9
3,99.9
3,99.9
4,99.9
4,99.9
5,99.9
5,99.9
6,99.9
6,99.9
0,99.9
0,99.9
1,99.9
1,99.9
2,99.9
2,99.9
3,99.9
3,99.9
4,99.9
4,99.9
5,99.9
5,99.9
6,99.9
6,99.9
0,98.9
0,98.9
1,98.9
1,98.9
2,98.9
2,98.9
3,98.9
3,98.9
4,98.9
4,98.9
5,98.9
5,98.9
6,98.9
6,98.9
0,98.9
0,98.9
1,98.9
1,98.9
2,98.9
2,98.9
3,98.9
3,98.9
4,98.9
4,98.9
5,98.9
5,98.9
6,98.9
6,98.9
0,98.9
0,98.9
1,98.9
1,98.9
2,98.9
2,98.9
3,98.9
3,98.9
4,98.9
4,98.9
5,98.9
5,98.9
6,98.9
6,98.9
0,98.9
0,98.9
1,98.9
1,98.9
2,98.9
2,98.9
3,98.9
3,98.9
4,98.9
4,98.9
5,98.9
5,98.9
6,98.9
6,98.9
0,98.9
0,98.9
1,98.9
1,98.9
2,98.9
2,98.9
3,98.9
3,98.9
4,98.9
4,98.9
5,98.9
5,98.9
6,98.9
6,98.9
0,98.9
0,98.9
1,98.9
1,98.9
2,98.9
2,98.9
3,98.9
3,98.9
4,98.9
4,98.9
5,98.9
5,98.9
6,98.9
6,98.9
0,98.9
0,98.9
1,98.9
1,98.9
2,98.9
2,98.9
3,98.9
3,98.9
4,98.9
4,98.9
5,98.9
5,98.9
6,98.9
6,98.9
0,98.9
0,98.9
1,98.9
1,98.9
2,98.9
2,98.9
3,98.9
3,98.9
4,98.9
4,98.9
5,98.9
5,98.9
6,98.9
6,98.9
0,98.9
0,98.9
1,98.9
1,98.9
2,98.9
2,98.9
3,98.9
3,98.9
4,98.9
4,98.9
5,98.9
5,98.9
6,98.9
6,98.9
0,98.9
0,98.9
1,98.9
1,98.9
2,98.9
2,98.9
3,98.9
3,98.9
4,98.9
4,98.9
5,98.9
5,98.9
6,98.9
6,98.9
0,98.9
0,98.9
1,98.9
1,116.7
2,116.7
2,116.7
3,116.7
3,116.7
4,116.7
4,116.7
5,116.7
5,116.7
6,116.7
6,116.7
0,116.7
0,116.7
1,116.7
1,116.7
2,116.7
2,116.7
3,116.7
3,127.9
4,127.9
4,127.9
5,127.9
5,127.9
6,127.9
6,127.9
0,127.9
0,125.9
1,125.9
1,125.9
2,125.9
2,125.9
3,125.9
3,125.9
4,125.9
4,125.9
5,125.9
5,125.9
6,125.9
6,125.9
0,123.9
0,123.9
1,121.9
1,121.9
2,121.9
2,121.9
3,121.9
3,121.9
4,121.9
4,121.9
5,121.9
5,121.9
6,121.9
6,121.9
0,121.9
0,121.9
1,121.9
1,121.9
2,121.9
2,121.9
3,121.9
3,121.9
4,121.9
4,121.9
5,121.9
5,121.9
6,121.9
6,121.9
0,144.9
0,144.9
1,144.9
1,144.9
2,144.9
2,141.9
3,141.9
3,141.9
4,140.9
4,140.9
5,140.9
5,140.9
6,140.9
6,140.9
0,140.9
0,140.9
1,140.9
1,140.9
2,140.9
2,140.9
3,140.9
3,139.9
4,139.9
4,139.9
5,139.9
5,139.9
6,139.9
6,139.9
0,139.9
0,139.9
1,139.9
1,139.9
2,139.9
2,137.9
3,137.9
3,137.9
4,137.9
4,137.9
5,137.9
5,137.9
6,137.9
6,137.9
0,137.9
0,137.9
1,137.9
1,137.9
2,137.5
2,137.5
3,137.5
3,137.5
4,137.5
4,137.5
5,137.5
5,137.5
6,137.5
6,137.5
0,137.5
0,137.5
1,137.5
1,137.5
2,137.5
2,137.5
3,137.5
3,137.5
4,137.5
4,137.5
5,137.5
5,137.5
6,137.5
6,137.5
0,137.5
0,137.5
1,137.5
1,137.5
2,137.5
2,137.5
3,137.5
3,137.5
4,137.5
4,137.5
5,137.5
5,137.5
6,137.5
6,137.5
0,137.5
0,137.5
1,137.5
1,137.5
2,137.5
2,137.5
3,137.5
3,137.5
4,137.5
4,137.5
5,137.5
5,137.5
6,137.5
6,137.5
0,137.5
0,137.5
1,137.5
1,137.5
2,137.5
2,137.5
3,137.5
3,127.9
4,125.9
4,125.9
5,125.9
5,125.9
6,125.9
6,125.9
0,125.9
0,125.9
1,125.9
1,125.9
2,125.9
2,125.9
3,125.9
3,123.9
4,125.9
4,123.9
5,123.9
5,123.9
6,123.9
6,123.9
0,123.9
0,123.9
1,123.9
1,123.9
2,123.9
2,123.9
3,123.9
3,123.9
4,123.9
4,123.9
5,123.9
5,123.9
6,123.9
6,123.9
0,123.9
0,123.9
1,123.9
1,123.9
2,123.9
2,123.9
3,123.9
3,123.9
4,123.9
4,123.9
5,123.9
5,123.9
6,123.9
6,123.9
0,123.9
0,123.9
1,123.9
1,123.9
2,123.9
2,122.9
3,119.9
3,119.9
4,119.9
4,119.9
5,119.9
5,119.9
6,119.9
6,114.9
0,112.4
0,112.4
1,112.4
1,112.4
2,112.4
2,112.4
3,112.4
3,112.4
4,112.4
4,112.4
5,112.4
5,112.4
6,112.4
6,112.4
0,112.4
0,112.4
1,137.9
1,137.9
2,137.9
2,113.9
3,111.4
3,111.4
4,111.4
4,111.4
5,111.4
5,111.4
6,111.4
6,111.4
0,111.4
0,111.4
1,111.4
1,111.4
2,111.4
2,111.4
3,111.4
3,111.4
4,111.4
4,111.4
5,111.4
5,111.4
6,111.4
6,111.4
0,111.4
0,111.4
1,111.4
1,111.4
2,137.9
2,137.9
3,137.9
3,137.9
4,137.9
4,137.9
5,137.9
5,137.9
6,137.9
6,137.9
0,137.9
0,137.9
1,137.9
1,137.9
2,137.9
2,137.9
3,137.9
3,137.9
4,137.9
4,133.9
5,133.9
5,133.9
6,133.9
6,133.9
0,133.9
0,131.9
1,131.9
1,131.9
2,131.9
2,131.9
3,131.9
3,131.9
4,131.9
4,131.9
5,131.9
5,131.9
6,131.9
6,131.9
0,131.9
0,131.9
1,131.9
1,131.9
2,131.9
2,131.9
3,131.9
3,131.9
4,131.9
4,131.9
5,131.9
5,131.9
6,131.9
6,131.9
0,131.9
0,131.9
1,127.9
1,127.9
2,127.9
2,127.9
3,118.4
3,118.4
4,118.4
4,118.4
5,118.4
5,118.4
6,118.4
6,118.4
0,118.4
0,118.4
1,118.4
1,118.4
2,118.4
2,118.4
3,118.4
3,118.4
4,118.4
4,118.4
5,118.4
5,118.4
6,118.4
6,118.4
0,118.4
0,118.4
1,118.4
1,118.4
2,118.4
2,118.4
3,115.7
3,115.7
4,115.7
4,115.7
5,115.7
5,115.7
6,115.7
6,115.7
0,115.7
0,115.7
1,115.7
1,115.7
2,115.7
2,115.7
3,115.7
3,114.7
4,114.7
4,114.7
5,114.7
5,114.7
6,114.7
6,114.7
0,114.05000000000001
0,114.05000000000001
1,113.4
1,113.4
2,112.9
2,112.9
3,112.9
3,112.9
4,111.7
4,111.7
5,109.675
5,109.675
6,108.5
6,108.4
0,107.9
0,107.7
1,107.7
1,107.7
2,107.7
2,107.5
3,107.5
3,107.5
4,107.5
4,107.5
5,107.5
5,107.5
6,107.5
6,107.5
0,106.7
0,106.7
1,106.7
1,106.7
2,105.5
2,105.5
3,105.5
3,105.5
4,105.5
4,105.5
5,105.5
5,105.5
6,105.5
6,105.5
0,105.5
0,105.5
1,105.5
1,105.5
2,104.9
2,104.9
3,109.4
3,109.4
4,109.4
4,109.4
5,109.4
5,109.4
6,109.4
6,109.4
0,109.4
0,109.4
1,109.4
1,109.4
2,109.4
2,109.4
3,109.4
3,109.4
4,109.4
4,129.9
5,129.9
5,129.9
6,129.9
6,104.5
0,104.5
0,104.5
1,104.5
1,104.5
2,104.5
2,104.5
3,104.5
3,103.9
4,103.9
4,103.9
5,103.9
5,103.9
6,103.9
6,103.9
0,103.9
0,103.9
1,103.9
1,103.9
2,103.9
2,103.5
3,103.5
3,103.5
4,103.5
4,103.5
5,103.5
5,103.5
6,103.5
6,103.5
0,103.5
0,103.5
1,103.5
1,121.4
2,132.9
2,132.9
3,132.9
3,132.9
4,132.9
4,132.9
5,132.9
5,132.9
6,132.9
6,132.9
0,132.9
0,132.9
1,132.9
1,132.9
2,132.9
2,132.9
3,132.9
3,132.9
4,132.9
4,132.9
5,131.4
5,131.4
6,129.9
6,129.9
0,129.9
0,129.9
1,129.9
1,129.9
2,129.9
2,129.9
3,129.9
3,129.9
4,129.9
4,129.9
5,129.9
5,129.9
6,129.9
6,129.9
0,129.9
0,129.9
1,129.9
1,129.9
2,129.9
2,129.9
3,129.9
3,129.9
4,129.9
4,123.80000000000001
5,121.9
5,120.9
6,120.9
6,120.9
0,120.9
0,120.9
1,120.9
1,120.9
2,120.4
2,120.4
3,119.9
3,119.9
4,118.9
4,118.9
5,117.9
5,117.9
6,117.9
6,117.9
0,117.9
0,117.9
1,117.9
1,117.9
2,117.9
2,117.9
3,117.4
3,117.4
4,116.9
4,116.9
5,116.9
5,116.9
6,116.9
6,116.9
0,116.9
0,116.9
1,116.9
1,116.9
2,116.9
2,116.9
3,116.9
3,116.9
4,116.9
4,116.9
5,116.9
5,116.9
6,116.9
6,116.9
0,116.9
0,116.9
1,116.9
1,116.9
2,116.9
2,116.9
3,116.9
3,116.9
4,116.9
4,116.9
5,116.9
5,116.9
6,116.9
6,116.9
0,116.9
0,116.9
1,116.9
1,116.9
2,116.9
2,116.9
3,116.9
3,116.9
4,116.9
4,116.9
5,116.9
5,116.9
6,116.9
6,116.9
0,116.9
0,116.9
1,116.9
1,116.9
2,116.9
2,116.9
3,116.9
3,116.9
4,116.9
4,116.9
5,116.9
5,116.9
6,116.9
6,116.9
0,116.9
0,116.9
1,116.9
1,116.9
2,116.9
2,116.9
3,116.9
3,116.9
4,116.9
4,116.9
5,142.9
5,142.9
6,142.9
6,142.9
0,142.9
0,142.9
1,142.9
1,142.9
2,142.9
2,139.9
3,139.9
3,139.9
4,139.9
4,139.9
5,139.9
5,139.9
6,139.9
6,139.9
0,139.9
0,139.9
1,139.9
1,139.9
2,139.9
2,139.9
3,139.9
3,139.9
4,139.9
4,139.9
5,139.9
5,139.9
6,139.9
6,139.9
0,139.9
0,139.9
1,139.9
1,139.9
2,139.9
2,139.9
3,139.9
3,139.9
4,139.9
4,139.9
5,139.9
5,139.9
6,139.9
6,135.9
0,135.9
0,135.9
1,135.9
1,135.9
2,135.9
2,135.9
3,135.9
3,135.9
4,135.9
4,135.9
5,135.9
5,135.9
6,135.9
6,135.9
0,135.9
0,135.9
1,135.9
1,135.9
2,135.9
2,135.9
3,135.9
3,135.9
4,135.9
4,135.9
5,135.9
5,135.9
6,135.9
6,135.9
0,135.9
0,135.9
1,135.9
1,135.9
2,135.9
2,135.9
3,135.9
3,135.9
4,135.9
4,135.9
5,135.9
5,135.9
6,135.9
6,135.9
0,135.9
0,135.9
1,135.9
1,135.9
2,135.9
2,135.9
3,135.9
3,135.9
4,135.9
4,135.9
5,135.9
5,135.9
6,135.9
6,135.9
0,135.9
0,135.9
1,135.9
1,135.9
2,135.9
2,135.9
3,135.9
3,135.9
4,135.9
4,135.9
5,135.9
5,135.9
6,135.9
6,135.9
0,135.9
0,135.9
1,135.9
1,135.9
2,135.9
2,135.9
3,135.9
3,135.9
4,135.9
4,135.9
5,135.9
5,135.9
6,135.9
6,135.9
0,135.9
0,135.9
1,135.9
1,135.9
2,135.9
2,135.9
3,135.9
3,135.9
4,135.9
4,135.9
5,135.9
5,135.9
6,135.9
6,135.9
0,135.9
0,135.9
1,135.9
1,135.9
2,135.9
2,135.9
3,135.9
3,135.9
4,135.9
4,135.9
5,135.9
5,135.9
6,135.9
6,135.9
0,135.9
0,135.9
1,135.9
1,135.9
2,147.9
2,147.9
3,147.9
3,147.9
4,147.9
4,147.9
5,147.9
5,147.9
6,147.9
6,147.9
0,147.9
0,147.9
1,139.9
1,139.9
2,135.9
2,135.9
3,135.9
3,135.9
4,135.9
4,135.9
5,135.9
5,135.9
6,135.9
6,135.9
0,135.9
0,135.9
1,134.9
1,134.9
2,134.9
2,134.9
3,134.9
3,134.9
4,134.9
4,134.9
5,134.9
5,134.9
6,134.9
6,134.9
0,134.9
0,134.9
1,134.9
1,134.9
2,134.9
2,134.9
3,134.9
3,134.9
4,134.9
4,134.9
5,134.9
5,134.9
6,134.9
6,134.9
0,134.9
0,134.9
1,133.9
1,133.9
2,133.9
2,133.9
3,133.9
3,133.9
4,133.9
4,133.9
5,133.9
5,133.9
6,133.9
6,133.9
0,133.9
0,133.9
1,133.9
1,133.9
2,131.9
2,131.9
3,131.9
3,131.9
4,147.9
4,147.9
5,146.9
5,146.9
6,146.9
6,146.9
0,146.9
0,146.9
1,146.9
1,146.9
2,146.9
2,146.9
3,146.9
3,146.9
4,146.9
4,146.9
5,146.9
5,146.9
6,146.9
6,146.9
0,146.9
0,145.9
1,145.9
1,145.9
2,144.9
2,144.9
3,144.9
3,139.9
4,139.9
4,139.9
5,139.9
5,139.9
6,139.9
6,139.9
0,139.9
0,139.9
1,139.9
1,139.9
2,139.9
2,139.9
3,139.9
3,139.9
4,139.9
4,139.9
5,139.9
5,139.9
6,139.9
6,139.9
0,139.9
0,139.9
1,139.9
1,139.9
2,139.9
2,139.9
3,139.9
3,139.9
4,139.9
4,139.9
5,139.3
5,139.3
6,139.3
6,139.3
0,138.4
0,138.4
1,137.9
1,137.9
2,137.9
2,137.9
3,137.9
3,137.9
4,137.9
4,137.9
5,137.9
5,137.9
6,137.9
6,137.9
0,137.9
0,137.9
1,137.9
1,137.9
2,137.9
2,137.9
3,137.9
3,137.9
4,137.9
4,137.9
5,137.9
5,137.9
6,137.9
6,137.9
0,137.9
0,137.9
1,137.9
1,137.5
2,137.5
2,137.5
3,137.5
3,137.5
4,137.5
4,137.5
5,137.5
5,137.5
6,137.5
6,137.5
0,137.5
0,137.5
1,137.5
1,137.5
2,137.5
2,143.2
3,147.4
3,147.4
4,145.5
4,145.5
5,145.5
5,145.5
6,145.5
6,145.5
0,145.5
0,145.5
1,145.5
1,145.5
2,145.5
2,145.5
3,145.5
3,145.5
4,145.5
4,145.5
5,145.5
5,145.5
6,145.5
6,145.5
0,145.5
0,145.5
1,145.5
1,145.5
2,145.5
2,145.5
3,145.5
3,145.5
4,145.5
4,145.5
5,145.5
5,145.5
6,145.5
6,145.5
