0,124.4
0,124.4
1,123.4
1,123.4
2,122.15
2,122.15
3,120.9
3,120.9
4,119.9
4,119.9
5,119.9
5,119.9
6,119.9
6,119.9
0,119.9
0,119.9
1,119.9
1,116.9
2,115.9
2,115.9
3,114.69999999999999
3,114.69999999999999
4,114.69999999999999
4,114.69999999999999
5,114.69999999999999
5,114.69999999999999
6,114.69999999999999
6,114.69999999999999
0,114.69999999999999
0,114.69999999999999
1,114.69999999999999
1,114.69999999999999
2,143.4
2,143.4
3,143.4
3,143.4
4,142.4
4,142.4
5,141.4
5,141.4
6,141.4
6,141.4
0,141.4
0,141.4
1,139.73333333333332
1,139.73333333333332
2,135.4
2,133.4
3,131.65
3,129.9
4,128.4
4,126.9
5,125.9
5,125.9
6,123.89999999999999
6,121.9
0,120.9
0,119.9
1,119.9
1,119.9
2,119.9
2,119.9
3,119.9
3,119.9
4,119.9
4,119.9
5,119.9
5,119.9
6,119.9
6,118.9
0,118.9
0,118.9
1,117.9
1,117.9
2,117.9
2,117.9
3,145.9
3,145.9
4,143.15
4,143.15
5,143.15
5,141.9
6,140.4
6,138.9
0,137.9
0,137.9
1,135.4
1,135.4
2,135.4
2,135.4
3,130.23333333333335
3,126.9
4,125.9
4,125.9
5,123.90000000000002
5,123.90000000000002
6,121.4
6,121.4
0,121.4
0,121.4
1,121.4
1,121.4
2,121.4
2,121.4
3,121.4
3,121.4
4,147.9
4,147.9
5,147.9
5,147.9
6,146.9
6,146.9
0,146.9
0,146.9
1,146.9
1,146.9
2,146.9
2,146.9
3,146.9
3,140.4
4,139.4
4,139.4
5,139.4
5,139.4
6,139.4
6,139.4
0,139.4
0,139.4
1,139.4
1,139.4
2,139.4
2,139.4
3,139.4
3,139.4
4,139.4
4,139.4
5,139.4
5,139.4
6,139.4
6,139.4
0,139.4
0,139.4
1,139.4
1,139.4
2,139.4
2,139.4
3,139.4
3,139.4
4,139.4
4,139.4
5,139.4
5,139.4
6,139.4
6,139.4
0,139.4
0,139.4
1,139.4
1,139.4
2,139.4
2,139.4
3,139.4
3,139.4
4,139.4
4,139.4
5,139.4
5,139.4
6,139.4
6,139.4
0,139.4
0,139.4
1,139.4
1,139.4
2,139.4
2,139.4
3,139.4
3,139.4
4,139.4
4,139.4
5,139.4
5,139.4
6,139.4
6,139.4
0,139.4
0,139.4
1,139.4
1,139.4
2,139.4
2,139.4
3,139.4
3,139.4
4,139.4
4,139.4
5,139.4
5,139.4
6,139.4
6,139.4
0,139.4
0,139.4
1,139.4
1,139.4
2,139.4
2,139.4
3,139.4
3,139.4
4,139.4
4,139.4
5,139.4
5,139.4
6,139.4
6,139.4
0,139.4
0,139.4
1,139.4
1,139.4
2,139.4
2,139.4
3,139.4
3,139.4
4,139.4
4,139.4
5,139.4
5,139.4
6,139.4
6,139.4
0,139.4
0,139.4
1,139.4
1,139.4
2,139.4
2,139.4
3,139.4
3,139.4
4,139.4
4,139.4
5,139.4
5,139.4
6,139.4
6,139.4
0,139.4
0,139.4
1,139.4
1,139.4
2,139.4
2,139.4
3,139.4
3,139.4
4,139.4
4,139.4
5,139.4
5,149.9
6,149.9
6,149.9
0,149.9
0,149.9
1,149.9
1,149.9
2,149.9
2,149.9
3,149.9
3,149.9
4,149.9
4,149.4
5,149.4
5,149.4
6,149.4
6,149.4
0,149.4
0,149.4
1,149.4
1,147.65
2,147.65
2,147.65
3,147.65
3,147.65
4,147.65
4,147.65
5,147.65
5,147.65
6,147.65
6,147.65
0,147.65
0,147.65
1,147.65
1,147.65
2,147.65
2,145.4
3,145.4
3,145.4
4,145.4
4,144.65
5,144.65
5,144.65
6,144.65
6,144.65
0,144.65
0,139.9
1,139.9
1,139.9
2,139.9
2,139.9
3,139.9
3,139.9
4,139.9
4,139.9
5,139.9
5,139.9
6,139.9
6,139.9
0,139.9
0,139.9
1,139.9
1,138.9
2,138.9
2,160.9
3,160.9
3,160.9
4,160.9
4,160.9
5,160.9
5,160.9
6,160.9
6,160.9
0,160.9
0,160.9
1,160.55
1,160.55
2,160.3
2,159.9
3,159.9
3,159.9
4,159.9
4,159.9
5,159.9
5,159.9
6,159.9
6,159.9
0,159.9
0,159.9
1,159.9
1,159.9
2,155.15
2,155.15
3,152.15
3,150.9
4,148.9
4,148.9
5,148.9
5,148.9
6,147.4
6,147.4
0,147.4
0,146.65
1,146.65
1,146.65
2,144.4
2,144.4
3,144.4
3,144.4
4,143.65
4,143.65
5,143.65
5,141.4
6,141.4
6,141.4
0,139.4
0,138.9
1,136.9
1,135.9
2,134.9
2,134.9
3,133.9
3,133.9
4,133.9
4,132.9
5,132.9
5,132.9
6,132.9
6,132.9
0,131.9
0,131.9
1,131.9
1,131.9
2,131.9
2,130.9
3,130.9
3,130.9
4,130.9
4,130.9
5,130.9
5,130.9
6,129.9
6,129.9
0,129.9
0,129.5
1,129.5
1,129.5
2,129.5
2,129.5
3,160.9
3,160.9
4,160.9
4,160.9
5,160.9
5,160.9
6,160.9
6,160.9
0,156.9
0,156.9
1,155.9
1,154.9
2,154.9
2,152.4
3,152.4
3,148.9
4,148.9
4,144.9
5,142.9
5,142.9
6,142.9
6,142.9
0,142.9
0,142.9
1,142.9
1,142.9
2,142.9
2,142.9
3,142.9
3,142.9
4,142.9
4,142.9
5,142.9
5,142.9
6,142.9
6,142.9
0,138.9
0,138.9
1,138.9
1,138.9
2,137.9
2,137.9
3,137.9
3,137.9
4,137.9
4,137.9
5,137.9
5,137.9
6,137.9
6,137.9
0,137.9
0,137.9
1,133.9
1,133.9
2,133.9
2,133.9
3,133.9
3,133.9
4,133.9
4,133.9
5,133.9
5,133.9
6,133.9
6,133.9
0,133.9
0,133.9
1,129.9
1,129.9
2,128.9
2,127.9
3,127.9
3,127.9
4,127.9
4,127.9
5,127.9
5,127.9
6,127.9
6,127.9
0,127.9
0,127.9
1,127.9
1,127.4
2,126.9
2,126.9
3,126.9
3,126.9
4,126.9
4,126.9
5,126.9
5,126.9
6,126.9
6,126.9
0,126.9
0,126.9
1,126.9
1,126.9
2,126.9
2,126.9
3,126.9
3,126.9
4,155.9
4,155.9
5,155.9
5,155.9
6,154.9
6,154.9
0,154.9
0,154.9
1,153.9
1,153.9
2,152.4
2,150.9
3,150.9
3,148.9
4,148.9
4,146.9
5,146.9
5,145.9
6,145.2
6,145.2
0,145.2
0,144.3
1,143.5
1,141.9
2,141.9
2,139.9
3,137.9
3,137.9
4,137.9
4,136.9
5,136.9
5,136.9
6,136.9
6,136.9
0,134.9
0,134.9
1,134.9
1,134.9
2,134.9
2,132.9
3,132.9
3,132.9
4,132.9
4,132.9
5,132.9
5,132.9
6,132.9
6,132.9
0,132.4
0,131.9
1,131.4
1,130.9
2,130.4
2,142.9
3,142.9
3,142.9
4,142.9
4,142.9
5,142.9
5,142.9
6,142.9
6,142.9
0,155.4
0,155.4
1,155.4
1,155.4
2,153.9
2,153.9
3,148.65
3,148.65
4,148.65
4,143.10000000000002
5,141.9
5,141.9
6,141.9
6,141.9
0,137.46666666666667
0,137.46666666666667
1,137.46666666666667
1,137.46666666666667
2,137.46666666666667
2,134.9
3,134.9
3,134.9
4,134.9
4,133.9
5,132.9
5,131.9
6,131.9
6,131.9
0,131.9
0,131.9
1,131.9
1,131.9
2,131.9
2,130.9
3,130.9
3,128.9
4,127.9
4,127.9
5,127.9
5,127.9
6,127.9
6,127.9
0,127.9
0,127.9
1,127.9
1,127.9
2,157.9
2,157.9
3,157.15
3,155.9
4,155.9
4,154.9
5,154.7
5,154.7
6,154.7
6,154.7
0,153.4
0,150.9
1,147.9
1,147.9
2,144.9
2,143.9
3,143.4
3,141.9
4,137.9
4,137.9
5,137.9
5,136.9
6,136.9
6,135.9
0,135.4
0,134.4
1,134.4
1,133.4
2,133.4
2,133.4
3,132.9
3,132.0
4,132.0
4,132.0
5,132.0
5,132.0
6,132.0
6,132.0
0,129.8
0,129.3
1,129.2
1,128.7
2,128.7
2,128.7
3,128.10000000000002
3,124.9
4,122.9
4,122.9
5,122.9
5,122.9
6,122.4
6,122.4
0,122.4
0,122.4
1,122.4
1,122.4
2,121.9
2,121.9
3,121.9
3,121.9
4,121.9
4,121.9
5,121.9
5,121.9
6,121.4
6,120.4
0,120.4
0,120.4
1,120.4
1,120.4
2,119.4
2,119.4
3,119.4
3,147.9
4,147.15
4,147.15
5,147.15
5,147.15
6,147.15
6,145.4
0,145.4
0,145.4
1,145.4
1,145.4
2,143.9
2,143.9
3,143.9
3,143.9
4,143.9
4,141.9
5,141.9
5,141.9
6,137.65
6,137.65
0,137.65
0,137.65
1,135.4
1,135.4
2,135.4
2,135.4
3,132.9
3,132.9
4,132.9
4,132.9
5,132.9
5,129.4
6,129.4
6,127.6
0,127.25
0,127.25
1,126.7
1,126.7
2,125.95
2,125.95
3,125.2
3,124.7
4,124.3
4,124.3
5,123.32499999999999
5,120.9
6,120.9
6,120.9
0,120.9
0,120.9
1,120.9
1,120.4
2,120.4
2,120.4
3,120.4
3,120.4
4,120.4
4,120.4
5,120.4
5,120.4
6,120.4
6,120.4
0,150.9
0,150.9
1,150.9
1,150.9
2,150.9
2,149.9
3,149.9
3,149.9
4,148.9
4,146.9
5,146.9
5,146.9
6,146.4
6,146.4
0,146.4
0,145.3
1,145.3
1,142.9
2,142.3
2,142.3
3,141.7
3,141.7
4,141.3
4,140.3
5,139.9
5,137.9
6,137.9
6,137.9
0,137.8
0,135.4
1,135.4
1,134.9
2,134.9
2,134.4
3,133.15
3,130.4
4,128.53333333333333
4,128.53333333333333
5,128.53333333333333
5,128.9
6,128.9
6,128.9
0,128.7
0,128.7
1,128.7
1,128.7
2,128.7
2,127.4
3,126.9
3,126.9
4,126.9
4,126.9
5,126.9
5,126.9
6,126.9
6,160.9
0,160.4
0,160.4
1,159.9
1,159.9
2,159.15
2,156.9
3,156.9
3,155.9
4,155.9
4,154.4
5,154.4
5,154.4
6,153.1
6,151.9
0,151.4
0,150.4
1,150.4
1,150.4
2,149.15
2,144.9
3,144.4
3,144.4
4,143.9
4,141.4
5,140.7
5,137.4
6,136.9
6,136.7
0,136.7
0,136.7
1,136.7
1,136.2
2,133.7
2,133.3
3,133.2
3,133.2
4,133.2
4,133.2
5,133.2
5,133.2
6,132.7
6,132.7
0,129.9
0,129.9
1,129.4
1,129.4
2,129.4
2,129.4
3,129.4
3,160.9
4,160.9
4,160.9
5,160.9
5,160.9
6,160.9
6,160.9
0,160.9
0,159.9
1,157.9
1,157.9
2,157.9
2,157.9
3,157.9
3,156.2
4,154.9
4,153.9
5,153.9
5,147.4
6,147.4
6,144.4
0,144.4
0,144.4
1,144.4
1,141.05
2,141.05
2,141.05
3,141.05
3,141.05
4,141.05
4,141.05
5,140.3
5,138.7
6,138.7
6,138.7
0,138.25
0,138.25
1,138.25
1,138.25
2,136.7
2,136.7
3,136.7
3,135.5
4,135.5
4,162.9
5,162.9
5,162.9
6,162.9
6,162.9
0,162.9
0,162.9
1,162.9
1,161.9
2,159.9
2,157.9
3,157.9
3,157.9
4,155.9
4,155.45
5,155.45
5,152.9
6,152.7
6,152.7
0,152.7
0,152.7
1,152.7
1,152.7
2,152.7
2,152.7
3,152.7
3,152.7
4,152.7
4,152.2
5,152.2
5,151.65
6,151.65
6,149.9
0,149.2
0,149.2
1,146.7
1,145.7
2,141.7
2,140.9
3,140.9
3,138.9
4,138.9
4,152.05
5,152.05
5,152.05
6,152.05
6,152.05
0,152.05
0,152.05
1,152.05
1,152.05
2,152.05
2,166.9
3,166.9
3,165.9
4,163.9
4,162.4
5,162.4
5,162.4
6,162.4
6,162.4
0,159.4
0,159.4
1,159.4
1,159.4
2,154.6
2,154.6
3,154.6
3,154.6
4,154.6
4,154.6
5,154.6
5,154.6
6,152.5
6,151.3
0,151.3
0,151.3
1,151.3
1,151.3
2,143.7
2,143.7
3,143.7
3,142.7
4,142.7
4,141.9
5,141.9
5,141.9
6,140.9
6,140.9
0,139.9
0,139.9
1,138.9
1,137.9
2,137.9
2,137.9
3,137.9
3,137.9
4,137.9
4,167.9
5,167.9
5,167.9
6,167.9
6,166.9
0,166.9
0,166.9
1,166.9
1,165.9
2,165.9
2,165.9
3,165.9
3,164.9
4,164.9
4,164.9
5,164.9
5,164.9
6,164.9
6,164.9
0,164.9
0,161.7
1,161.7
1,160.2
2,157.7
2,157.7
3,155.7
3,153.2
4,148.7
4,148.7
5,148.7
5,148.7
6,145.7
6,145.7
0,145.7
0,145.7
1,145.7
1,145.7
2,144.9
2,144.9
3,143.7
3,143.7
4,143.7
4,143.7
5,143.7
5,143.7
6,143.7
6,143.7
0,143.7
0,143.7
1,143.7
1,143.7
2,140.9
2,140.9
3,139.2
3,167.9
4,167.9
4,167.9
5,167.9
5,167.9
6,167.9
6,166.9
0,166.9
0,166.9
1,166.9
1,166.9
2,164.7
2,164.7
3,162.7
3,162.7
4,159.9
4,159.3
5,159.3
5,159.3
6,159.3
6,157.35000000000002
0,157.35000000000002
0,156.9
1,156.9
1,156.9
2,156.9
2,155.9
3,155.4
3,155.4
4,155.4
4,154.9
5,154.9
5,154.9
6,154.9
6,154.9
0,154.9
0,154.9
1,154.9
1,151.4
2,143.9
2,143.9
3,143.9
3,143.9
4,143.9
4,143.9
5,143.9
5,143.9
6,143.9
6,143.9
0,143.9
0,143.9
1,143.7
1,143.7
2,143.7
2,142.7
3,142.7
3,142.7
4,141.7
4,139.7
5,139.7
5,139.7
6,139.7
6,139.7
0,139.7
0,139.7
1,139.7
1,139.7
2,139.7
2,139.7
3,139.7
3,139.7
4,139.7
4,139.7
5,139.7
5,139.7
6,139.7
6,139.7
0,139.7
0,139.7
1,139.7
1,139.7
2,139.7
2,167.9
3,167.9
3,167.9
4,166.9
4,166.9
5,166.9
5,166.9
6,166.9
6,166.9
0,166.9
0,166.9
1,166.9
1,165.9
2,163.7
2,159.7
3,159.7
3,158.7
4,157.9
4,156.8
5,154.7
5,151.9
6,151.7
6,151.2
0,151.2
0,143.7
1,143.7
1,143.7
2,143.7
2,143.7
3,143.7
3,143.7
4,143.7
4,140.9
5,140.9
5,140.9
6,139.9
6,139.7
0,139.7
0,139.7
1,139.7
1,139.7
2,139.3
2,139.3
3,139.3
3,139.3
4,139.3
4,139.3
5,136.9
5,136.9
6,136.9
6,136.9
0,136.9
0,167.9
1,167.9
1,167.9
2,167.9
2,167.9
3,167.9
3,165.9
4,159.9
4,159.9
5,159.9
5,156.9
6,156.9
6,152.9
0,152.9
0,152.9
1,142.7
1,142.7
2,142.7
2,142.7
3,142.7
3,142.7
4,142.7
4,142.7
5,142.7
5,142.7
6,142.7
6,142.7
0,142.7
0,142.7
1,141.7
1,141.7
2,141.7
2,141.7
3,141.7
3,141.7
4,141.7
4,141.7
5,141.7
5,141.7
6,141.7
6,141.7
0,141.7
0,141.7
1,141.7
1,141.7
2,141.7
2,141.7
3,141.7
3,141.7
4,141.7
4,169.9
5,169.9
5,169.9
6,169.9
6,169.9
0,166.9
0,166.9
1,162.9
1,162.9
2,162.9
2,162.9
3,162.9
3,162.9
4,162.9
4,162.9
5,154.7
5,154.7
6,154.7
6,154.7
0,154.7
0,154.7
1,154.7
1,154.7
2,147.7
2,147.7
3,147.7
3,147.7
4,147.7
4,147.7
5,147.7
5,147.7
6,147.7
6,147.7
0,146.8
0,146.8
1,146.8
1,146.8
2,146.8
2,146.8
3,145.9
3,145.9
4,174.9
4,173.9
5,173.9
5,173.9
6,172.9
6,169.9
