0,121.4
0,122.9
1,122.9
1,121.9
2,121.9
2,120.9
3,120.9
3,118.5
4,117.9
4,117.9
5,117.9
5,117.9
6,117.9
6,117.9
0,117.9
0,116.9
1,114.9
1,114.9
2,114.9
2,113.9
3,113.9
3,113.9
4,116.9
4,116.9
5,115.9
5,115.9
6,115.9
6,115.9
0,115.9
0,112.7
1,112.4
1,112.4
2,143.56666666666666
2,135.4
3,143.23333333333332
3,143.3
4,143.3
4,143.3
5,142.9
5,142.9
6,142.9
6,139.9
0,139.9
0,139.9
1,137.9
1,137.9
2,137.9
2,137.9
3,137.9
3,135.9
4,133.9
4,132.9
5,132.9
5,132.9
6,131.9
6,129.3
0,128.2
0,123.25
1,122.69999999999999
1,122.69999999999999
2,122.69999999999999
2,122.69999999999999
3,120.5
3,119.9
4,119.9
4,119.9
5,119.9
5,119.9
6,119.9
6,118.9
0,117.9
0,117.9
1,117.9
1,117.9
2,145.9
2,145.9
3,145.9
3,143.73333333333335
4,143.4
4,143.4
5,142.9
5,141.9
6,141.9
6,139.9
0,139.9
0,138.9
1,137.5666666666667
1,134.4
2,134.4
2,134.4
3,133.9
3,131.9
4,131.9
4,131.9
5,130.4
5,130.4
6,132.5
6,131.3
0,129.4
0,126.96666666666665
1,125.7
1,122.9
2,122.9
2,122.7
3,122.30000000000001
3,122.30000000000001
4,147.9
4,146.9
5,146.9
5,145.9
6,145.9
6,145.9
0,145.9
0,145.9
1,144.8
1,144.8
2,144.8
2,139.9
3,139.9
3,139.9
4,141.53333333333333
4,139.7
5,139.7
5,139.7
6,139.7
6,139.7
0,139.7
0,139.7
1,139.7
1,139.7
2,139.7
2,139.7
3,139.7
3,139.7
4,139.7
4,139.7
5,139.7
5,139.7
6,139.7
6,139.7
0,139.7
0,139.7
1,139.7
1,139.7
2,139.7
2,139.7
3,139.7
3,139.7
4,139.7
4,139.7
5,139.7
5,139.7
6,139.7
6,139.7
0,139.7
0,139.7
1,139.7
1,139.7
2,139.7
2,139.7
3,139.7
3,139.7
4,139.7
4,139.7
5,139.7
5,139.7
6,139.7
6,139.7
0,139.7
0,139.7
1,139.7
1,139.7
2,139.7
2,139.7
3,139.7
3,139.7
4,139.7
4,139.7
5,139.7
5,139.7
6,139.7
6,139.7
0,139.7
0,139.7
1,139.7
1,139.7
2,139.7
2,139.7
3,139.7
3,139.7
4,139.7
4,139.7
5,139.7
5,139.7
6,139.7
6,139.7
0,139.7
0,139.7
1,139.7
1,139.7
2,139.7
2,139.7
3,139.7
3,139.7
4,139.7
4,139.7
5,139.7
5,139.7
6,139.7
6,139.7
0,139.7
0,139.7
1,139.7
1,139.7
2,139.7
2,139.7
3,139.7
3,139.7
4,139.7
4,139.7
5,139.7
5,139.7
6,139.7
6,139.7
0,139.7
0,139.7
1,139.7
1,139.7
2,139.7
2,139.7
3,139.7
3,139.7
4,139.7
4,139.7
5,139.7
5,139.7
6,139.7
6,139.7
0,139.7
0,139.7
1,139.7
1,139.7
2,139.7
2,139.7
3,121.5
3,121.3
4,121.3
4,121.3
5,121.3
5,149.9
6,149.9
6,149.9
0,149.9
0,149.9
1,149.9
1,148.4
2,148.4
2,148.4
3,148.4
3,148.9
4,148.9
4,147.9
5,147.9
5,146.9
6,146.9
6,146.9
0,145.9
0,145.9
1,145.9
1,144.9
2,145.4
2,145.4
3,145.4
3,143.9
4,143.9
4,143.9
5,143.9
5,143.9
6,142.9
6,142.9
0,142.9
0,141.9
1,141.9
1,141.9
2,141.9
2,130.9
3,145.9
3,139.9
4,141.9
4,141.9
5,141.9
5,137.4
6,137.4
6,137.4
0,140.9
0,137.9
1,135.9
1,135.9
2,135.9
2,135.9
3,135.9
3,135.9
4,135.9
4,135.9
5,135.9
5,135.9
6,135.9
6,135.9
0,135.9
0,135.9
1,135.9
1,135.9
2,135.9
2,135.9
3,160.9
3,160.9
4,160.9
4,160.9
5,160.9
5,160.9
6,157.9
6,157.9
0,157.9
0,157.9
1,157.9
1,157.9
2,157.9
2,157.9
3,157.9
3,156.4
4,156.4
4,156.4
5,156.4
5,153.9
6,153.9
6,153.9
0,152.9
0,152.9
1,153.9
1,153.9
2,149.9
2,149.9
3,150.9
3,147.5666666666667
4,141.9
4,141.9
5,141.9
5,147.9
6,140.9
6,140.9
0,140.9
0,142.8
1,144.7
1,142.2
2,141.7
2,141.7
3,141.7
3,141.7
4,140.63333333333335
4,140.63333333333335
5,138.9
5,138.9
6,138.9
6,138.9
0,138.9
0,137.9
1,137.9
1,136.4
2,136.4
2,136.4
3,136.4
3,136.4
4,136.2
4,134.9
5,134.9
5,134.9
6,136.3
6,136.3
0,133.9
0,133.4
1,135.4
1,135.4
2,135.4
2,135.4
3,135.4
3,135.4
4,135.4
4,132.9
5,132.9
5,131.9
6,131.5
6,131.5
0,131.5
0,131.5
1,131.5
1,131.4
2,131.4
2,131.4
3,131.5
3,160.9
4,160.9
4,160.9
5,160.9
5,160.9
6,160.9
6,160.9
0,160.9
0,159.9
1,159.9
1,158.9
2,158.9
2,158.9
3,158.9
3,157.4
4,152.23333333333332
4,152.23333333333332
5,152.23333333333332
5,152.23333333333332
6,152.23333333333332
6,152.23333333333332
0,152.23333333333332
0,149.4
1,149.4
1,149.4
2,149.4
2,147.9
3,147.9
3,146.9
4,146.9
4,146.9
5,146.9
5,146.9
6,146.9
6,145.4
0,143.9
0,144.9
1,138.15
1,138.15
2,140.76666666666665
2,140.76666666666665
3,140.76666666666665
3,140.76666666666665
4,140.76666666666665
4,140.9
5,140.9
5,140.9
6,132.9
6,139.9
0,139.9
0,139.9
1,139.9
1,139.9
2,139.9
2,139.9
3,139.9
3,139.9
4,139.9
4,139.9
5,139.9
5,139.9
6,139.9
6,136.9
0,136.9
0,134.2
1,131.9
1,131.9
2,131.9
2,128.5
3,128.5
3,128.5
4,127.9
4,127.9
5,127.9
5,127.9
6,130.5
6,130.5
0,130.5
0,130.5
1,127.5
1,127.4
2,126.9
2,126.9
3,126.9
3,127.9
4,127.9
4,127.9
5,127.9
5,127.9
6,127.9
6,126.9
0,126.9
0,126.9
1,126.9
1,126.9
2,126.9
2,126.9
3,126.9
3,126.9
4,126.9
4,126.9
5,125.9
5,155.9
6,153.9
6,154.4
0,152.9
0,152.9
1,152.9
1,152.9
2,150.9
2,150.9
3,149.9
3,149.9
4,149.9
4,149.9
5,149.9
5,149.9
6,147.9
6,147.9
0,143.9
0,143.9
1,143.9
1,143.9
2,141.9
2,141.9
3,141.9
3,138.9
4,138.9
4,147.9
5,147.9
5,147.9
6,147.9
6,137.9
0,140.23333333333335
0,140.23333333333335
1,138.9
1,138.9
2,139.9
2,139.9
3,135.9
3,135.9
4,137.9
4,134.9
5,134.9
5,133.9
6,133.9
6,133.9
0,139.65
0,132.9
1,132.4
1,131.9
2,131.9
2,131.9
3,131.9
3,130.9
4,130.9
4,130.9
5,130.9
5,130.9
6,130.9
6,130.9
0,130.9
0,155.4
1,146.9
1,146.9
2,146.9
2,146.9
3,146.9
3,146.9
4,146.9
4,145.9
5,145.9
5,145.9
6,142.9
6,142.9
0,138.5
0,137.23333333333335
1,137.23333333333335
1,135.9
2,135.9
2,135.9
3,135.9
3,134.7
4,133.7
4,132.9
5,132.9
5,132.9
6,131.4
6,131.4
0,131.4
0,131.4
1,131.4
1,131.4
2,131.4
2,131.4
3,131.4
3,131.4
4,131.4
4,131.4
5,131.4
5,131.4
6,157.9
6,157.9
0,157.9
0,157.9
1,157.9
1,157.9
2,157.9
2,157.9
3,157.9
3,157.9
4,157.9
4,155.9
5,155.9
5,155.9
6,155.9
6,155.9
0,153.9
0,153.9
1,153.9
1,156.5
2,148.4
2,149.9
3,145.9
3,145.9
4,145.9
4,145.9
5,145.9
5,145.9
6,147.9
6,145.9
0,145.9
0,145.9
1,145.5
1,143.9
2,143.9
2,141.5
3,141.5
3,139.9
4,139.9
4,137.5
5,136.5
5,136.5
6,136.5
6,136.5
0,131.16666666666666
0,130.9
1,130.9
1,130.9
2,129.2
2,129.2
3,130.6
3,128.1
4,129.3
4,126.93333333333334
5,126.93333333333334
5,124.5
6,124.5
6,125.2
0,125.2
0,125.2
1,125.2
1,125.2
2,123.4
2,124.4
3,123.85
3,121.9
4,124.9
4,124.9
5,124.9
5,124.9
6,124.9
6,124.9
0,123.9
0,121.8
1,121.8
1,119.9
2,119.9
2,119.9
3,119.9
3,147.9
4,147.65
4,147.65
5,147.65
5,147.65
6,147.65
6,147.65
0,147.65
0,145.4
1,145.4
1,145.4
2,145.4
2,145.4
3,145.4
3,140.9
4,144.9
4,144.9
5,144.9
5,144.9
6,144.3
6,144.3
0,138.7
0,137.83333333333334
1,137.9
1,131.9
2,133.4
2,133.4
3,133.4
3,129.9
4,128.9
4,128.9
5,128.9
5,130.9
6,131.5666666666667
6,131.5666666666667
0,130.4
0,130.9
1,129.4
1,126.9
2,128.9
2,125.9
3,128.4
3,125.4
4,125.4
4,125.4
5,125.4
5,125.4
6,125.4
6,125.4
0,125.4
0,123.9
1,124.23333333333335
1,124.23333333333335
2,123.9
2,123.9
3,123.9
3,123.9
4,123.9
4,123.9
5,123.9
5,123.9
6,123.9
6,123.9
0,123.9
0,123.9
1,132.9
1,150.9
2,150.9
2,150.9
3,148.9
3,148.9
4,146.9
4,146.9
5,146.4
5,145.9
6,145.23333333333335
6,145.23333333333335
0,144.9
0,144.9
1,144.9
1,142.9
2,142.9
2,138.9
3,141.4
3,140.9
4,138.4
4,138.16666666666666
5,137.3
5,137.3
6,137.3
6,137.7
0,136.15
0,133.9
1,133.23333333333335
1,133.23333333333335
2,133.4
2,132.9
3,132.43333333333334
3,131.9
4,132.7
4,133.1
5,132.7
5,132.7
6,132.3
6,132.0
0,132.0
0,131.5
1,131.29999999999998
1,130.9
2,130.4
2,130.4
3,130.4
3,127.9
4,129.23333333333335
4,129.23333333333335
5,128.4
5,128.4
6,128.4
6,128.4
0,138.9
0,159.9
1,159.4
1,156.9
2,157.9
2,156.7
3,156.45
3,155.10000000000002
4,154.5
4,154.5
5,153.54999999999998
5,153.54999999999998
6,152.6
6,150.9
0,150.7
0,148.15
1,147.5
1,145.4
2,145.05
2,143.9
3,143.8
3,142.9
4,141.7
4,139.9
5,139.9
5,139.16666666666666
6,138.65
6,137.4
0,137.3
0,137.3
1,136.8
1,134.9
2,134.9
2,134.9
3,132.9
3,132.7
4,132.7
4,132.29999999999998
5,132.29999999999998
5,132.29999999999998
6,132.29999999999998
6,131.5
0,131.5
0,132.3
1,131.4
1,129.9
2,129.9
2,129.4
3,129.4
3,129.4
4,129.4
4,160.9
5,160.9
5,160.9
6,160.9
6,160.9
0,160.9
0,160.9
1,158.9
1,158.9
2,156.9
2,156.5
3,155.4
3,154.9
4,153.9
4,153.23333333333335
5,150.4
5,149.8
6,148.5
6,148.16666666666666
0,148.16666666666666
0,145.9
1,145.9
1,146.7
2,146.5
2,144.25
3,143.7
3,140.5
4,139.9
4,139.9
5,138.9
5,137.9
6,137.9
6,138.83333333333334
0,138.83333333333334
0,135.9
1,135.9
1,135.9
2,134.9
2,134.9
3,134.9
3,162.9
4,162.9
4,162.9
5,160.45
5,160.0
6,160.0
6,160.0
0,160.0
0,160.0
1,146.9
1,146.9
2,159.9
2,145.9
3,159.9
3,159.9
4,157.9
4,157.9
5,157.9
5,157.9
6,157.9
6,157.9
0,157.9
0,156.9
1,156.9
1,156.9
2,156.9
2,156.9
3,153.9
3,153.9
4,149.9
4,157.0
5,157.0
5,157.0
6,157.0
6,157.0
0,154.9
0,154.9
1,154.9
1,143.9
2,143.9
2,144.7
3,144.7
3,144.7
4,141.9
4,143.35
5,143.35
5,140.2
6,167.9
6,167.9
0,167.9
0,167.9
1,167.9
1,167.4
2,167.4
2,167.4
3,166.9
3,166.9
4,166.9
4,163.1
5,163.1
5,163.1
6,163.1
6,163.1
0,163.1
0,163.1
1,162.7
1,161.9
2,166.7
2,160.56666666666666
3,160.8
3,160.8
4,150.2
4,150.2
5,150.2
5,149.2
6,146.73333333333332
6,145.29999999999998
0,145.29999999999998
0,145.29999999999998
1,145.29999999999998
1,145.29999999999998
2,146.0
2,154.7
3,154.7
3,154.7
4,154.7
4,142.7
5,149.7
5,147.5
6,147.5
6,147.5
0,141.2
0,140.2
1,138.9
1,138.2
2,138.2
2,138.2
3,138.2
3,138.2
4,167.9
4,167.9
5,167.9
5,167.9
6,167.9
6,167.9
0,167.9
0,166.95
1,165.9
1,165.9
2,165.9
2,165.9
3,162.8
3,162.8
4,162.8
4,162.8
5,162.8
5,162.8
6,165.7
6,162.7
0,162.7
0,162.7
1,161.7
1,155.05
2,155.05
2,155.05
3,162.7
3,149.2
4,156.2
4,156.8
5,156.8
5,153.3
6,153.3
6,153.3
0,143.2
0,143.2
1,143.35
1,143.35
2,152.7
2,152.7
3,152.7
3,152.7
4,152.7
4,152.7
5,152.7
5,152.7
6,141.35
6,141.2
0,141.2
0,141.2
1,141.2
1,141.2
2,141.2
2,141.5
3,141.35
3,167.9
4,167.9
4,167.9
5,167.9
5,167.9
6,167.9
6,142.2
0,165.9
0,165.9
1,165.2
1,165.2
2,162.95
2,162.95
3,162.95
3,162.95
4,161.7
4,157.7
5,157.7
5,157.7
6,157.7
6,157.7
0,157.7
0,155.7
1,155.7
1,155.7
2,155.2
2,154.7
3,154.7
3,154.7
4,155.85000000000002
4,155.85000000000002
5,155.85000000000002
5,152.7
6,152.7
6,151.7
0,151.7
0,149.9
1,149.9
1,154.7
2,150.7
2,148.2
3,147.8
3,147.8
4,147.8
4,147.8
5,147.2
5,145.7
6,145.7
6,150.7
0,150.7
0,150.7
1,142.2
1,142.2
2,141.2
2,139.8
3,139.8
3,139.6
4,139.6
4,139.6
5,139.6
5,142.7
6,142.7
6,142.7
0,142.7
0,142.7
1,142.7
1,142.7
2,142.7
2,142.7
3,142.7
3,142.7
4,142.7
4,142.7
5,142.7
5,142.7
6,142.7
6,142.7
0,142.7
0,142.7
1,169.9
1,154.9
2,154.9
2,167.9
3,167.9
3,167.9
4,166.9
4,166.9
5,166.9
5,166.9
6,166.9
6,166.9
0,166.9
0,166.9
1,165.9
1,163.9
2,163.9
2,163.9
3,163.9
3,163.9
4,163.9
4,159.9
5,159.9
5,157.9
6,157.7
6,157.7
0,155.15
0,150.5666666666667
1,150.5666666666667
1,150.5666666666667
2,145.9
2,141.9
3,141.9
3,141.9
4,141.9
4,141.9
5,141.5
5,141.5
6,141.5
6,141.5
0,141.5
0,142.9
1,142.9
1,140.2
2,140.2
2,140.2
3,140.2
3,140.2
4,140.2
4,140.2
5,140.2
5,140.2
6,138.9
6,167.9
0,167.9
0,167.9
1,167.9
1,167.9
2,163.9
2,161.9
3,161.9
3,157.9
4,153.9
4,153.9
5,153.9
5,153.9
6,161.9
6,161.9
0,161.9
0,161.9
1,141.9
1,141.9
2,141.9
2,141.9
3,145.9
3,145.9
4,145.9
4,145.9
5,145.9
5,145.9
6,145.9
6,145.9
0,145.9
0,145.9
1,145.9
1,145.9
2,141.9
2,141.9
3,141.9
3,141.9
4,141.9
4,141.9
5,141.9
5,141.9
6,141.9
6,141.9
0,141.9
0,141.9
1,141.9
1,141.9
2,141.9
2,141.9
3,141.9
3,141.9
4,167.9
4,168.9
5,168.9
5,168.9
6,168.9
6,168.9
0,168.9
0,168.9
1,165.9
1,165.9
2,165.9
2,162.9
3,162.9
3,162.9
4,162.9
4,162.9
5,158.9
5,158.9
6,155.9
6,155.9
0,152.4
0,149.9
1,151.9
1,146.9
2,146.9
2,150.4
3,144.9
3,153.9
4,153.9
4,153.9
5,153.9
5,153.9
6,141.9
6,141.9
0,141.9
0,141.9
1,141.9
1,141.9
2,141.9
2,141.9
3,141.9
3,174.9
4,169.9
4,169.9
5,169.9
5,172.9
6,172.9
6,169.9
