0,124.4
0,124.4
1,124.4
1,123.4
2,122.15
2,122.15
3,120.9
3,118.9
4,118.9
4,118.9
5,116.9
5,116.9
6,116.9
6,116.9
0,116.9
0,116.9
1,116.9
1,116.9
2,115.9
2,115.9
3,115.0
3,115.0
4,115.0
4,115.0
5,115.0
5,115.0
6,115.0
6,115.0
0,115.0
0,112.9
1,112.4
1,112.4
2,112.4
2,112.4
3,112.4
3,112.4
4,142.65
4,142.65
5,141.4
5,141.4
6,141.4
6,141.4
0,141.4
0,141.4
1,139.375
1,139.375
2,134.9
2,133.4
3,132.15
3,130.4
4,128.9
4,127.9
5,126.9
5,125.9
6,123.89999999999999
6,123.89999999999999
0,121.4
0,121.4
1,119.9
1,119.9
2,119.9
2,119.9
3,119.9
3,119.9
4,119.9
4,119.9
5,119.9
5,119.9
6,119.9
6,119.9
0,118.9
0,118.9
1,117.9
1,117.9
2,117.9
2,117.9
3,117.9
3,143.9
4,142.9
4,142.9
5,142.9
5,142.9
6,141.4
6,139.4
0,139.4
0,137.9
1,136.4
1,132.9
2,132.9
2,131.9
3,128.9
3,127.9
4,126.4
4,124.9
5,123.9
5,123.9
6,121.90000000000002
6,121.90000000000002
0,121.90000000000002
0,121.90000000000002
1,121.90000000000002
1,121.90000000000002
2,121.90000000000002
2,121.90000000000002
3,121.90000000000002
3,121.90000000000002
4,121.90000000000002
4,147.9
5,147.9
5,147.9
6,146.9
6,146.9
0,146.9
0,146.9
1,146.9
1,146.9
2,146.9
2,146.9
3,146.9
3,140.4
4,140.4
4,139.4
5,139.4
5,139.4
6,139.4
6,139.4
0,139.4
0,139.4
1,139.4
1,139.4
2,139.4
2,139.4
3,139.4
3,139.4
4,139.4
4,139.4
5,139.4
5,139.4
6,139.4
6,139.4
0,139.4
0,139.4
1,139.4
1,139.4
2,139.4
2,139.4
3,139.4
3,139.4
4,139.4
4,139.4
5,139.4
5,139.4
6,139.4
6,139.4
0,139.4
0,139.4
1,139.4
1,139.4
2,139.4
2,139.4
3,139.4
3,139.4
4,139.4
4,139.4
5,139.4
5,139.4
6,139.4
6,139.4
0,139.4
0,139.4
1,139.4
1,139.4
2,139.4
2,139.4
3,139.4
3,139.4
4,139.4
4,139.4
5,139.4
5,139.4
6,139.4
6,139.4
0,139.4
0,139.4
1,139.4
1,139.4
2,139.4
2,139.4
3,139.4
3,139.4
4,139.4
4,139.4
5,139.4
5,139.4
6,139.4
6,139.4
0,139.4
0,139.4
1,139.4
1,139.4
2,139.4
2,139.4
3,139.4
3,139.4
4,139.4
4,139.4
5,139.4
5,139.4
6,139.4
6,139.4
0,139.4
0,139.4
1,139.4
1,139.4
2,139.4
2,139.4
3,139.4
3,139.4
4,139.4
4,139.4
5,139.4
5,139.4
6,139.4
6,139.4
0,139.4
0,139.4
1,139.4
1,139.4
2,139.4
2,139.4
3,139.4
3,139.4
4,139.4
4,139.4
5,139.4
5,139.4
6,139.4
6,139.4
0,139.4
0,139.4
1,139.4
1,139.4
2,139.4
2,139.4
3,139.4
3,139.4
4,139.4
4,139.4
5,139.4
5,139.4
6,149.9
6,149.9
0,148.9
0,148.9
1,148.9
1,148.9
2,148.9
2,148.9
3,148.9
3,148.9
4,147.9
4,147.9
5,147.9
5,147.9
6,147.9
6,147.9
0,146.4
0,144.9
1,143.9
1,141.9
2,141.9
2,139.9
3,139.9
3,138.4
4,138.4
4,138.4
5,138.4
5,138.4
6,138.4
6,138.4
0,138.4
0,138.4
1,138.4
1,138.4
2,138.4
2,138.4
3,138.4
3,138.4
4,138.4
4,138.4
5,138.4
5,138.4
6,138.4
6,138.4
0,138.4
0,138.4
1,138.4
1,138.4
2,138.4
2,138.4
3,138.4
3,138.4
4,138.4
4,136.9
5,136.9
5,136.9
6,136.9
6,136.9
0,136.9
0,136.9
1,136.9
1,135.4
2,135.4
2,135.4
3,135.4
3,159.9
4,159.9
4,159.9
5,159.9
5,159.9
6,159.9
6,159.9
0,159.9
0,159.9
1,158.9
1,158.9
2,158.9
2,158.9
3,158.9
3,158.9
4,158.9
4,158.9
5,158.9
5,158.9
6,158.9
6,158.9
0,157.4
0,157.4
1,157.4
1,157.4
2,155.4
2,153.9
3,152.9
3,151.15
4,146.4
4,146.4
5,146.4
5,146.4
6,146.4
6,146.4
0,144.4
0,140.1
1,136.9
1,136.9
2,136.9
2,135.9
3,135.9
3,135.9
4,135.9
4,135.9
5,135.9
5,134.9
6,134.9
6,134.9
0,134.9
0,134.9
1,134.9
1,133.9
2,133.9
2,133.9
3,132.9
3,132.9
4,132.9
4,132.9
5,132.9
5,132.9
6,132.9
6,132.9
0,131.9
0,131.4
1,131.4
1,131.4
2,131.4
2,130.9
3,130.9
3,130.9
4,130.9
4,130.9
5,130.9
5,130.9
6,130.9
6,129.9
0,129.9
0,129.5
1,129.5
1,129.5
2,129.5
2,129.5
3,160.9
3,159.9
4,159.9
4,159.9
5,159.9
5,159.9
6,159.9
6,157.9
0,157.9
0,157.9
1,156.9
1,155.9
2,154.9
2,152.56666666666666
3,152.56666666666666
3,148.9
4,146.9
4,146.9
5,145.9
5,145.9
6,145.9
6,145.9
0,142.9
0,142.9
1,142.9
1,135.4
2,135.4
2,135.4
3,135.4
3,135.4
4,135.4
4,135.4
5,135.4
5,135.4
6,135.4
6,135.4
0,133.9
0,132.4
1,130.9
1,130.9
2,129.9
2,129.9
3,129.9
3,129.9
4,129.9
4,129.9
5,129.9
5,128.9
6,128.9
6,128.9
0,128.9
0,128.9
1,128.9
1,128.9
2,128.9
2,128.9
3,128.9
3,128.9
4,128.9
4,128.9
5,128.9
5,128.9
6,128.9
6,128.9
0,128.9
0,128.9
1,128.9
1,128.9
2,128.9
2,127.9
3,127.9
3,127.9
4,127.9
4,127.9
5,126.9
5,126.9
6,126.9
6,126.9
0,126.9
0,126.9
1,126.9
1,126.9
2,126.9
2,126.9
3,126.9
3,126.9
4,126.9
4,126.9
5,126.9
5,126.9
6,126.9
6,126.9
0,126.9
0,126.9
1,126.9
1,126.9
2,126.9
2,126.9
3,124.9
3,124.9
4,124.7
4,124.7
5,124.7
5,124.7
6,155.4
6,155.4
0,153.9
0,153.9
1,147.9
1,147.9
2,141.4
2,141.4
3,137.9
3,137.9
4,137.9
4,137.9
5,137.9
5,136.9
6,136.9
6,136.9
0,136.9
0,136.9
1,136.9
1,136.9
2,136.9
2,136.9
3,136.9
3,135.9
4,135.7
4,134.9
5,133.7
5,133.7
6,132.7
6,132.7
0,132.7
0,132.7
1,132.7
1,131.7
2,131.7
2,131.7
3,131.7
3,131.7
4,131.7
4,131.7
5,130.7
5,130.7
6,130.7
6,130.7
0,129.7
0,129.7
1,129.7
1,129.7
2,128.7
2,128.7
3,128.7
3,128.7
4,128.7
4,128.7
5,128.7
5,128.7
6,128.7
6,154.9
0,154.9
0,154.9
1,154.9
1,154.9
2,153.9
2,153.9
3,146.15
3,146.15
4,146.15
4,142.9
5,142.9
5,142.9
6,142.9
6,142.9
0,141.2
0,137.4
1,137.4
1,137.4
2,137.4
2,134.9
3,134.9
3,134.9
4,134.9
4,133.9
5,133.9
5,132.4
6,132.4
6,132.4
0,129.9
0,129.9
1,127.9
1,127.9
2,125.9
2,124.7
3,124.7
3,124.7
4,124.7
4,124.7
5,124.7
5,124.7
6,124.7
6,124.7
0,124.7
0,124.7
1,124.7
1,124.7
2,156.9
2,155.9
3,155.9
3,155.9
4,155.9
4,154.9
5,154.9
5,154.9
6,154.7
6,154.7
0,145.9
0,141.8
1,137.7
1,137.7
2,137.7
2,137.7
3,137.7
3,137.7
4,137.7
4,136.9
5,135.7
5,135.7
6,133.7
6,133.7
0,133.7
0,131.7
1,131.7
1,131.7
2,131.7
2,131.7
3,130.7
3,128.7
4,128.7
4,128.7
5,128.7
5,128.7
6,127.7
6,127.7
0,126.7
0,124.30000000000001
1,124.30000000000001
1,124.30000000000001
2,124.30000000000001
2,124.30000000000001
3,124.30000000000001
3,124.30000000000001
4,121.7
4,121.7
5,121.7
5,121.7
6,121.7
6,121.7
0,121.7
0,121.7
1,121.7
1,120.7
2,120.7
2,120.7
3,120.7
3,120.7
4,120.7
4,120.7
5,120.7
5,120.7
6,120.7
6,119.9
0,119.6
0,119.6
1,119.6
1,119.6
2,119.6
2,119.6
3,119.6
3,147.9
4,146.9
4,146.9
5,146.9
5,146.9
6,146.9
6,145.9
0,145.9
0,145.9
1,145.9
1,145.9
2,144.9
2,143.9
3,143.9
3,143.9
4,143.9
4,141.9
5,141.7
5,141.7
6,140.9
6,140.9
0,131.7
0,128.7
1,128.7
1,126.7
2,126.7
2,124.7
3,122.7
3,122.7
4,122.7
4,122.7
5,122.7
5,122.7
6,122.7
6,122.7
0,122.7
0,122.7
1,122.7
1,122.7
2,122.2
2,122.2
3,121.7
3,121.7
4,121.7
4,121.2
5,121.2
5,121.2
6,121.2
6,121.2
0,121.2
0,121.2
1,121.2
1,121.2
2,121.05000000000001
2,120.7
3,120.7
3,120.7
4,120.7
4,120.7
5,120.7
5,120.7
6,120.7
6,120.7
0,120.7
0,120.7
1,120.7
1,150.4
2,149.9
2,149.9
3,147.9
3,147.9
4,143.9
4,143.9
5,143.9
5,143.9
6,143.9
6,143.9
0,143.9
0,143.9
1,143.9
1,143.9
2,142.9
2,142.9
3,141.9
3,141.9
4,141.9
4,141.9
5,141.9
5,141.9
6,139.9
6,137.7
0,137.7
0,137.7
1,136.55
1,134.9
2,131.8
2,131.8
3,127.69999999999999
3,127.69999999999999
4,125.7
4,125.7
5,125.7
5,125.7
6,125.7
6,125.7
0,125.7
0,125.7
1,126.7
1,126.7
2,126.7
2,126.7
3,126.7
3,126.7
4,126.7
4,126.7
5,126.7
5,126.7
6,126.7
6,126.7
0,126.7
0,159.85000000000002
1,159.8
1,158.4
2,158.15
2,156.9
3,156.4
3,149.7
4,149.7
4,149.7
5,148.7
5,148.7
6,146.7
6,146.7
0,145.2
0,145.2
1,143.7
1,138.3
2,136.9
2,135.7
3,135.7
3,135.7
4,135.7
4,135.7
5,135.7
5,135.7
6,135.7
6,135.7
0,135.7
0,135.7
1,135.2
1,135.2
2,133.7
2,131.7
3,131.7
3,131.7
4,130.7
4,130.7
5,130.7
5,130.7
6,130.7
6,130.7
0,130.7
0,129.9
1,129.9
1,128.7
2,128.7
2,128.7
3,128.7
3,128.7
4,128.7
4,128.7
5,128.7
5,128.7
6,128.7
6,128.7
0,159.9
0,159.9
1,157.9
1,157.9
2,155.9
2,155.9
3,148.7
3,148.7
4,148.7
4,143.9
5,141.7
5,141.7
6,141.7
6,141.7
0,141.7
0,141.7
1,139.7
1,139.7
2,139.7
2,139.7
3,138.7
3,136.7
4,136.7
4,136.7
5,135.2
5,135.2
6,135.2
6,135.2
0,135.2
0,135.2
1,133.7
1,133.7
2,132.7
2,132.7
3,132.7
3,132.7
4,132.7
4,132.7
5,132.7
5,161.9
6,161.9
6,161.9
0,161.9
0,161.9
1,159.9
1,159.9
2,159.9
2,157.9
3,157.9
3,157.9
4,157.9
4,152.16666666666666
5,153.9
5,153.9
6,149.9
6,149.9
0,149.9
0,149.9
1,149.9
1,147.7
2,147.7
2,147.7
3,147.7
3,147.7
4,147.7
4,147.7
5,147.7
5,147.7
6,147.7
6,147.7
0,147.7
0,147.7
1,147.7
1,147.7
2,147.7
2,147.7
3,147.7
3,147.7
4,147.7
4,147.7
5,147.7
5,147.7
6,147.7
6,147.7
0,147.7
0,147.7
1,147.7
1,147.7
2,147.7
2,147.7
3,147.7
3,147.7
4,147.7
4,147.7
5,147.7
5,147.7
6,147.7
6,147.7
0,147.7
0,147.7
1,147.7
1,147.7
2,147.7
2,147.7
3,147.7
3,147.7
4,147.7
4,147.7
5,147.7
5,147.7
6,147.7
6,147.7
0,147.7
0,147.7
1,147.7
1,147.7
2,147.7
2,147.7
3,147.7
3,147.7
4,147.7
4,147.7
5,147.7
5,147.7
6,147.7
6,147.7
0,147.7
0,147.7
1,147.7
1,147.7
2,147.7
2,147.7
3,147.7
3,147.7
4,147.7
4,147.7
5,147.7
5,147.7
6,147.7
6,147.7
0,147.7
0,147.7
1,147.7
1,147.7
2,147.7
2,147.7
3,147.7
3,147.7
4,147.7
4,147.7
5,147.7
5,147.7
6,147.7
6,147.7
0,147.7
0,147.7
1,147.7
1,147.7
2,147.7
2,147.7
3,147.7
3,147.7
4,147.7
4,147.7
5,147.7
5,147.7
6,147.7
6,147.7
0,147.7
0,147.7
1,147.7
1,147.7
2,147.7
2,147.7
3,147.7
3,147.7
4,147.7
4,147.7
5,147.7
5,147.7
6,147.7
6,147.7
0,147.7
0,147.7
1,147.7
1,147.7
2,147.7
2,147.7
3,147.7
3,147.7
4,147.7
4,147.7
5,147.7
5,147.7
6,147.7
6,147.7
0,147.7
0,147.7
1,147.7
1,147.7
2,147.7
2,147.7
3,147.7
3,147.7
4,147.7
4,147.7
5,147.7
5,147.7
6,147.7
6,147.7
0,147.7
0,147.7
1,147.7
1,147.7
2,147.7
2,147.7
3,147.7
3,147.7
4,147.7
4,147.7
5,147.7
5,147.7
6,147.7
6,147.7
0,147.7
0,147.7
1,147.7
1,147.7
2,147.7
2,147.7
3,147.7
3,147.7
4,147.7
4,147.7
5,147.7
5,147.7
6,147.7
6,147.7
0,147.7
0,147.7
1,147.7
1,147.7
2,147.7
2,147.7
3,147.7
3,147.7
4,147.7
4,147.7
5,147.7
5,147.7
6,147.7
6,147.7
0,147.7
0,147.7
1,147.7
1,147.7
2,147.7
2,147.7
3,147.7
3,147.7
4,147.7
4,147.7
5,147.7
5,147.7
6,147.7
6,147.7
0,147.7
0,147.7
1,147.7
1,147.7
2,147.7
2,147.7
3,147.7
3,147.7
4,147.7
4,147.7
5,147.7
5,147.7
6,147.7
6,147.7
0,147.7
0,147.7
1,147.7
1,147.7
2,147.7
2,147.7
3,147.7
3,147.7
4,147.7
4,147.7
5,147.7
5,147.7
6,147.7
6,147.7
0,147.7
0,147.7
1,147.7
1,147.7
2,147.7
2,147.7
3,147.7
3,147.7
4,147.7
4,147.7
5,147.7
5,147.7
6,147.7
6,147.7
0,147.7
0,147.7
1,147.7
1,147.7
2,147.7
2,147.7
3,147.7
3,147.7
4,147.7
4,147.7
5,147.7
5,147.7
6,147.7
6,147.7
0,147.7
0,147.7
1,147.7
1,147.7
2,147.7
2,147.7
3,147.7
3,147.7
4,147.7
4,147.7
5,147.7
5,147.7
6,147.7
6,147.7
0,147.7
0,147.7
1,147.7
1,147.7
2,147.7
2,147.7
3,147.7
3,147.7
4,147.7
4,147.7
5,147.7
5,147.7
6,147.7
6,147.7
0,147.7
0,147.7
1,147.7
1,147.7
2,147.7
2,147.7
3,147.7
3,147.7
4,147.7
4,147.7
5,147.7
5,147.7
6,147.7
6,147.7
0,147.7
0,147.7
1,147.7
1,147.7
2,147.7
2,147.7
3,147.7
3,147.7
4,147.7
4,147.7
5,147.7
5,147.7
6,147.7
6,147.7
0,147.7
0,147.7
1,147.7
1,147.7
2,147.7
2,147.7
3,147.7
3,147.7
4,147.7
4,147.7
5,147.7
5,147.7
6,147.7
6,147.7
0,147.7
0,147.7
1,147.7
1,147.7
2,147.7
2,147.7
3,147.7
3,147.7
4,147.7
4,147.7
5,147.7
5,147.7
6,147.7
6,147.7
0,147.7
0,147.7
1,147.7
1,147.7
2,147.7
2,147.7
3,147.7
3,147.7
4,147.7
4,147.7
5,147.7
5,147.7
6,147.7
6,147.7
