0,0
0,0
1,125.7
1,125.7
2,125.7
2,125.7
3,125.7
3,125.7
4,125.7
4,125.7
5,125.7
5,125.7
6,125.7
6,125.7
0,124.9
0,124.9
1,124.9
1,124.9
2,124.9
2,124.9
3,124.9
3,124.9
4,124.9
4,124.9
5,124.9
5,124.9
6,124.9
6,124.9
0,124.9
0,124.9
1,122.9
1,122.9
2,119.9
2,119.9
3,119.9
3,119.9
4,119.9
4,119.9
5,119.9
5,119.9
6,119.9
6,119.9
0,119.9
0,119.9
1,119.9
1,119.9
2,119.9
2,119.9
3,119.9
3,119.9
4,119.9
4,119.9
5,119.9
5,119.9
6,119.9
6,119.9
0,119.9
0,119.9
1,119.9
1,119.9
2,119.9
2,119.9
3,119.9
3,119.9
4,119.9
4,119.9
5,119.9
5,119.9
6,119.9
6,119.9
0,119.9
0,119.9
1,119.9
1,119.9
2,119.9
2,119.9
3,119.9
3,145.9
4,145.9
4,145.9
5,145.9
5,145.9
6,145.9
6,145.9
0,119.80000000000001
0,119.80000000000001
1,119.80000000000001
1,119.80000000000001
2,119.80000000000001
2,119.80000000000001
3,119.80000000000001
3,119.80000000000001
4,119.80000000000001
4,119.80000000000001
5,119.80000000000001
5,119.80000000000001
6,119.80000000000001
6,119.80000000000001
0,119.80000000000001
0,119.80000000000001
1,119.80000000000001
1,119.80000000000001
2,119.80000000000001
2,119.80000000000001
3,119.80000000000001
3,119.80000000000001
4,119.80000000000001
4,119.80000000000001
5,119.80000000000001
5,119.80000000000001
6,119.80000000000001
6,119.80000000000001
0,119.80000000000001
0,119.80000000000001
1,119.80000000000001
1,119.80000000000001
2,119.80000000000001
2,119.80000000000001
3,119.80000000000001
3,119.80000000000001
4,119.80000000000001
4,119.80000000000001
5,119.80000000000001
5,119.80000000000001
6,119.80000000000001
6,119.80000000000001
0,119.80000000000001
0,119.80000000000001
1,119.80000000000001
1,119.80000000000001
2,119.80000000000001
2,119.80000000000001
3,119.80000000000001
3,119.80000000000001
4,119.80000000000001
4,119.80000000000001
5,119.80000000000001
5,119.80000000000001
6,119.80000000000001
6,119.80000000000001
0,119.80000000000001
0,119.80000000000001
1,119.80000000000001
1,119.80000000000001
2,119.80000000000001
2,119.80000000000001
3,119.80000000000001
3,119.80000000000001
4,119.80000000000001
4,119.80000000000001
5,119.80000000000001
5,119.80000000000001
6,119.80000000000001
6,119.80000000000001
0,119.80000000000001
0,119.80000000000001
1,119.80000000000001
1,119.80000000000001
2,119.80000000000001
2,119.80000000000001
3,119.80000000000001
3,119.80000000000001
4,119.80000000000001
4,119.80000000000001
5,119.80000000000001
5,119.80000000000001
6,119.80000000000001
6,119.80000000000001
0,119.80000000000001
0,119.80000000000001
1,119.80000000000001
1,119.80000000000001
2,119.80000000000001
2,119.80000000000001
3,119.80000000000001
3,119.80000000000001
4,119.80000000000001
4,119.80000000000001
5,119.80000000000001
5,119.80000000000001
6,119.80000000000001
6,119.80000000000001
0,119.80000000000001
0,119.80000000000001
1,119.80000000000001
1,119.80000000000001
2,119.80000000000001
2,119.80000000000001
3,119.80000000000001
3,119.80000000000001
4,119.80000000000001
4,119.80000000000001
5,119.80000000000001
5,119.80000000000001
6,119.80000000000001
6,119.80000000000001
0,119.80000000000001
0,119.80000000000001
1,119.80000000000001
1,119.80000000000001
2,119.80000000000001
2,119.80000000000001
3,119.80000000000001
3,119.80000000000001
4,119.80000000000001
4,119.80000000000001
5,119.80000000000001
5,119.80000000000001
6,119.80000000000001
6,119.80000000000001
0,119.80000000000001
0,119.80000000000001
1,119.80000000000001
1,119.80000000000001
2,119.80000000000001
2,119.80000000000001
3,119.80000000000001
3,119.80000000000001
4,119.80000000000001
4,119.80000000000001
5,119.80000000000001
5,119.80000000000001
6,119.80000000000001
6,119.80000000000001
0,119.80000000000001
0,119.80000000000001
1,119.80000000000001
1,119.80000000000001
2,119.80000000000001
2,119.80000000000001
3,119.80000000000001
3,119.80000000000001
4,119.80000000000001
4,119.80000000000001
5,119.80000000000001
5,119.80000000000001
6,119.80000000000001
6,119.80000000000001
0,119.80000000000001
0,119.80000000000001
1,119.80000000000001
1,119.80000000000001
2,119.80000000000001
2,119.80000000000001
3,145.3
3,145.3
4,145.3
4,145.3
5,145.3
5,145.3
6,145.3
6,145.3
0,145.3
0,145.3
1,145.3
1,145.3
2,145.3
2,145.3
3,145.3
3,145.3
4,145.3
4,145.3
5,145.3
5,145.3
6,145.3
6,145.3
0,145.3
0,145.3
1,145.3
1,145.3
2,145.3
2,145.3
3,145.3
3,145.3
4,145.3
4,145.3
5,145.3
5,145.3
6,145.3
6,145.3
0,145.3
0,145.9
1,145.3
1,145.3
2,143.9
2,143.9
3,143.9
3,143.9
4,143.9
4,143.9
5,143.9
5,143.9
6,143.9
6,143.9
0,143.9
0,143.9
1,143.9
1,143.9
2,143.9
2,143.9
3,143.9
3,143.9
4,143.9
4,143.9
5,143.9
5,143.7
6,143.7
6,143.5
0,143.5
0,143.5
1,143.5
1,143.5
2,143.5
2,143.5
3,143.5
3,143.5
4,143.5
4,143.5
5,143.5
5,143.5
6,143.5
6,143.5
0,161.65
0,161.65
1,161.65
1,161.65
2,161.65
2,161.65
3,161.65
3,161.65
4,161.65
4,161.65
5,161.65
5,161.65
6,161.65
6,161.65
0,161.65
0,161.65
1,161.65
1,161.65
2,159.9
2,159.9
3,157.9
3,157.9
4,157.9
4,157.9
5,157.9
5,157.9
6,157.9
6,157.9
0,152.9
0,152.9
1,152.9
1,152.9
2,152.9
2,152.9
3,152.9
3,152.9
4,152.9
4,152.9
5,152.9
5,152.9
6,152.9
6,152.9
0,152.9
0,152.9
1,152.9
1,152.9
2,152.9
2,152.9
3,152.9
3,152.9
4,152.9
4,150.9
5,150.9
5,150.9
6,150.9
6,150.9
0,145.3
0,145.3
1,145.3
1,145.3
2,145.3
2,145.3
3,145.3
3,145.3
4,145.3
4,145.3
5,145.3
5,145.3
6,145.3
6,145.3
0,145.3
0,145.3
1,145.3
1,145.3
2,145.3
2,145.3
3,145.3
3,145.3
4,145.3
4,145.3
5,145.3
5,145.3
6,145.3
6,145.3
0,145.3
0,145.3
1,145.3
1,145.3
2,145.3
2,145.3
3,145.3
3,145.3
4,145.3
4,145.3
5,145.3
5,145.3
6,145.3
6,145.3
0,145.3
0,145.3
1,145.3
1,145.3
2,145.3
2,145.3
3,145.3
3,145.3
4,145.3
4,145.3
5,145.3
5,145.3
6,145.3
6,145.3
0,145.3
0,145.3
1,145.3
1,145.3
2,145.3
2,145.3
3,145.3
3,145.3
4,145.3
4,145.3
5,145.3
5,145.3
6,145.3
6,145.3
0,145.3
0,145.3
1,145.3
1,145.3
2,145.3
2,145.3
3,145.3
3,145.3
4,145.3
4,145.3
5,145.3
5,145.3
6,145.3
6,145.3
0,145.3
0,145.3
1,145.3
1,145.3
2,145.3
2,145.3
3,145.3
3,145.3
4,145.3
4,145.3
5,145.3
5,145.3
6,145.3
6,145.3
0,145.3
0,145.3
1,145.3
1,145.3
2,145.3
2,145.3
3,145.3
3,145.3
4,145.3
4,145.3
5,145.3
5,145.3
6,145.3
6,145.3
0,145.3
0,145.3
1,145.3
1,145.3
2,145.3
2,145.3
3,145.3
3,145.3
4,145.3
4,145.3
5,145.3
5,145.3
6,145.3
6,145.3
0,145.3
0,145.3
1,150.9
1,150.9
2,150.9
2,145.9
3,145.9
3,145.9
4,145.9
4,145.9
5,145.9
5,145.7
6,145.7
6,145.7
0,145.7
0,145.7
1,145.7
1,145.7
2,145.7
2,145.7
3,145.7
3,145.7
4,145.7
4,145.7
5,145.7
5,145.7
6,145.7
6,145.7
0,145.7
0,145.7
1,145.7
1,155.9
2,155.9
2,155.9
3,155.9
3,155.9
4,155.9
4,155.9
5,155.9
5,155.9
6,155.9
6,155.9
0,155.9
0,155.9
1,155.9
1,155.9
2,155.9
2,155.9
3,155.9
3,155.9
4,155.9
4,155.9
5,155.9
5,155.9
6,155.9
6,155.9
0,155.9
0,155.9
1,155.9
1,155.9
2,155.9
2,155.9
3,155.9
3,155.9
4,151.9
4,151.9
5,151.9
5,151.9
6,151.9
6,151.9
0,151.9
0,151.9
1,151.9
1,151.9
2,151.9
2,151.9
3,151.9
3,151.9
4,151.9
4,151.9
5,151.9
5,151.9
6,151.9
6,151.9
0,151.9
0,151.4
1,151.4
1,151.4
2,151.4
2,151.4
3,151.4
3,151.4
4,151.4
4,151.4
5,151.4
5,151.4
6,151.4
6,151.4
0,151.4
0,151.4
1,151.4
1,151.4
2,151.4
2,151.4
3,151.4
3,151.4
4,151.4
4,151.4
5,151.4
5,151.4
6,151.4
6,151.4
0,151.4
0,151.4
1,151.4
1,151.4
2,151.4
2,151.4
3,151.4
3,151.4
4,151.4
4,151.4
5,151.4
5,151.4
6,151.4
6,151.4
0,151.4
0,151.4
1,151.4
1,151.4
2,151.4
2,151.4
3,151.4
3,151.4
4,151.4
4,151.4
5,151.4
5,151.4
6,151.3
6,151.3
0,150.9
0,149.9
1,149.9
1,149.9
2,149.9
2,149.9
3,149.7
3,149.7
4,149.7
4,149.7
5,149.7
5,149.7
6,149.7
6,149.7
0,149.7
0,149.7
1,149.7
1,146.9
2,142.9
2,142.9
3,139.9
3,139.9
4,139.9
4,139.9
5,139.9
5,139.9
6,139.9
6,137.9
0,137.9
0,137.7
1,133.9
1,131.9
2,131.9
2,129.9
3,129.9
3,129.7
4,129.7
4,129.7
5,129.7
5,129.7
6,129.7
6,129.7
0,147.9
0,147.9
1,129.7
1,129.7
2,129.7
2,129.7
3,129.7
3,129.7
4,129.7
4,129.7
5,129.7
5,129.7
6,129.7
6,129.7
0,129.5
0,129.5
1,129.5
1,129.5
2,129.5
2,129.5
3,129.5
3,129.5
4,129.5
4,129.5
5,129.5
5,129.5
6,129.5
6,129.5
0,129.5
0,129.5
1,129.5
1,129.5
2,129.5
2,129.5
3,129.5
3,129.5
4,129.5
4,129.5
5,129.5
5,129.5
6,129.5
6,129.5
0,129.5
0,129.4
1,129.4
1,129.4
2,129.4
2,129.4
3,129.4
3,129.4
4,129.4
4,129.4
5,129.4
5,129.4
6,129.4
6,129.4
0,129.4
0,129.4
1,129.4
1,150.9
2,150.9
2,150.9
3,150.9
3,150.9
4,150.9
4,150.9
5,150.9
5,150.9
6,150.9
6,150.9
0,150.9
0,150.9
1,150.9
1,150.9
2,150.9
2,150.9
3,150.9
3,150.9
4,150.9
4,150.9
5,150.9
5,150.9
6,150.9
6,150.9
0,150.9
0,150.9
1,150.9
1,150.9
2,150.9
2,150.9
3,150.9
3,150.9
4,152.9
4,152.9
5,152.9
5,152.9
6,152.9
6,152.9
0,152.9
0,152.9
1,152.9
1,152.9
2,152.9
2,152.9
3,152.9
3,152.9
4,152.9
4,152.4
5,152.4
5,152.4
6,152.4
6,152.4
0,152.4
0,152.4
1,152.4
1,152.4
2,152.4
2,152.4
3,152.4
3,152.4
4,152.4
4,152.4
5,152.4
5,152.4
6,152.4
6,152.4
0,152.4
0,152.4
1,152.4
1,152.4
2,151.15
2,151.15
3,149.9
3,149.9
4,149.9
4,149.9
5,149.9
5,149.9
6,149.9
6,149.9
0,149.9
0,149.9
1,149.9
1,149.9
2,149.9
2,149.9
3,147.9
3,147.9
4,147.9
4,147.9
5,147.9
5,147.9
6,147.9
6,147.9
0,147.9
0,147.9
1,147.9
1,147.9
2,147.9
2,147.9
3,147.9
3,147.9
4,147.9
4,147.9
5,147.9
5,147.9
6,147.9
6,147.9
0,147.9
0,147.9
1,147.9
1,147.9
2,147.9
2,147.9
3,147.9
3,159.9
4,148.15
4,148.15
5,148.15
5,148.15
6,148.15
6,148.15
0,148.15
0,148.15
1,148.15
1,148.15
2,148.15
2,148.15
3,148.15
3,148.15
4,148.15
4,148.15
5,148.15
5,148.15
6,148.15
6,148.15
0,148.15
0,148.15
1,148.15
1,148.15
2,148.15
2,148.15
3,148.15
3,148.15
4,148.15
4,161.4
5,161.4
5,161.4
6,161.4
6,161.4
0,161.4
0,161.4
1,161.4
1,161.4
2,161.4
2,161.4
3,161.4
3,161.4
4,161.4
4,161.4
5,161.4
5,161.4
6,161.4
6,161.4
0,161.4
0,161.4
1,161.4
1,161.4
2,160.9
2,160.9
3,160.9
3,160.9
4,160.9
4,160.9
5,160.9
5,160.9
6,160.9
6,160.9
0,160.9
0,160.9
1,160.9
1,160.9
2,160.9
2,160.9
3,160.9
3,160.9
4,157.4
4,157.4
5,157.4
5,157.4
6,157.4
6,156.4
0,156.4
0,156.4
1,155.9
1,155.9
2,155.9
2,155.9
3,155.9
3,155.9
4,155.9
4,155.9
5,155.9
5,155.9
6,155.9
6,155.9
0,155.9
0,155.9
1,155.9
1,155.9
2,155.9
2,155.9
3,155.9
3,155.9
4,155.9
4,155.9
5,155.9
5,155.9
6,155.9
6,155.9
0,155.9
0,155.9
1,155.9
1,155.9
2,155.9
2,155.9
3,155.9
3,155.9
4,155.9
4,155.9
5,155.9
5,155.9
6,155.9
6,155.9
0,155.9
0,155.9
1,155.9
1,155.9
2,155.9
2,155.9
3,155.9
3,155.9
4,167.9
4,167.9
5,167.9
5,167.9
6,167.9
6,167.9
0,167.9
0,167.9
1,167.9
1,165.9
2,165.9
2,165.9
3,165.9
3,165.9
4,165.9
4,165.9
5,165.9
5,165.9
6,165.9
6,165.9
0,165.9
0,165.9
1,165.9
1,165.9
2,165.9
2,165.9
3,165.9
3,165.9
4,165.9
4,165.9
5,165.9
5,165.9
6,165.9
6,165.9
0,162.9
0,162.9
1,162.9
1,162.9
2,162.9
2,162.9
3,162.9
3,162.9
4,159.9
4,159.9
5,159.9
5,159.9
6,159.9
6,159.9
0,159.9
0,159.9
1,159.9
1,159.9
2,157.9
2,157.9
3,157.9
3,157.9
4,157.9
4,157.9
5,157.9
5,157.9
6,167.9
6,167.9
0,167.9
0,167.9
1,167.9
1,167.9
2,167.9
2,167.9
3,167.9
3,167.9
4,167.9
4,167.9
5,167.9
5,167.9
6,167.9
6,167.9
0,167.9
0,167.9
1,159.9
1,159.9
2,159.9
2,159.9
3,159.9
3,159.9
4,159.9
4,159.9
5,159.9
5,159.9
6,159.9
6,159.9
0,159.9
0,157.9
1,157.9
1,157.9
2,157.9
2,157.9
3,157.9
3,157.9
4,157.9
4,157.9
5,157.9
5,157.9
6,157.9
6,157.9
0,157.9
0,157.9
1,157.9
1,157.9
2,157.9
2,157.9
3,157.9
3,157.9
4,157.9
4,157.9
5,157.9
5,157.9
6,157.9
6,157.9
0,157.9
0,157.9
1,157.9
1,157.9
2,157.9
2,157.9
3,157.9
3,157.9
4,156.9
4,156.9
5,156.9
5,156.9
6,156.9
6,156.9
0,156.9
0,156.9
1,156.9
1,156.9
2,156.9
2,156.9
3,156.9
3,156.9
4,167.9
4,167.9
5,167.9
5,167.9
6,167.9
6,167.9
0,167.9
0,167.9
1,167.9
1,167.9
2,167.9
2,167.9
3,167.9
3,167.9
4,166.9
4,166.9
5,166.9
5,166.9
6,166.9
6,166.9
0,166.9
0,165.9
1,165.9
1,163.4
2,159.9
2,159.9
3,159.9
3,159.9
4,159.9
4,159.9
5,159.9
5,159.9
6,159.9
6,159.9
0,159.9
0,159.9
1,159.9
1,159.9
2,158.4
2,158.4
3,158.4
3,158.4
4,152.9
4,152.9
5,149.9
5,149.9
6,149.9
6,149.9
0,147.9
0,147.9
1,147.9
1,147.9
2,147.9
2,147.9
3,163.4
3,163.4
4,163.4
4,161.9
5,161.9
5,161.4
6,161.4
6,161.4
0,161.4
0,161.4
1,159.9
1,159.9
2,158.9
2,158.9
3,158.9
3,158.9
4,158.9
4,158.9
5,158.9
5,158.9
6,158.9
6,158.9
0,158.9
0,158.9
1,158.9
1,158.9
2,158.9
2,158.9
3,158.9
3,158.9
4,158.9
4,158.9
5,158.9
5,158.9
6,158.9
6,158.9
0,158.9
0,158.9
1,158.9
1,158.9
2,158.9
2,158.9
3,158.9
3,158.9
4,157.9
4,157.9
5,157.9
5,157.9
6,157.9
6,157.9
0,157.9
0,169.9
1,159.9
1,159.9
2,159.9
2,169.9
3,167.9
3,167.9
4,167.9
4,165.9
5,165.9
5,165.9
6,165.9
6,165.9
0,165.9
0,165.9
1,165.9
1,165.9
2,165.9
2,165.9
3,165.9
3,165.9
4,165.9
4,165.9
5,165.9
5,165.9
6,165.9
6,165.9
0,165.9
0,165.9
1,165.9
1,165.9
2,165.9
2,165.9
3,165.9
3,165.9
4,165.9
4,165.9
5,165.9
5,165.9
6,165.9
6,165.9
