0,0
0,0
1,0
1,0
2,0
2,0
3,0
3,0
4,0
4,0
5,0
5,0
6,134.7
6,134.7
0,134.7
0,133.9
1,133.9
1,133.9
2,133.9
2,133.9
3,133.9
3,133.9
4,133.9
4,133.9
5,133.9
5,133.9
6,133.9
6,133.9
0,133.9
0,133.9
1,133.9
1,133.9
2,133.9
2,133.9
3,133.9
3,133.9
4,133.9
4,133.9
5,133.9
5,133.9
6,133.9
6,133.9
0,133.9
0,133.9
1,133.6
1,133.6
2,133.3
2,133.3
3,132.9
3,132.9
4,132.9
4,132.5
5,132.5
5,132.2
6,131.9
6,131.7
0,131.7
0,131.7
1,131.7
1,131.3
2,131.3
2,131.3
3,128.6
3,128.6
4,128.6
4,128.6
5,128.6
5,128.6
6,128.6
6,128.6
0,128.6
0,128.3
1,128.3
1,128.3
2,128.3
2,127.9
3,127.7
3,143.9
4,145.9
4,145.9
5,145.9
5,145.9
6,132.9
6,132.7
0,132.7
0,132.7
1,132.7
1,132.7
2,132.7
2,132.5
3,132.10000000000002
3,132.10000000000002
4,131.7
4,131.7
5,131.7
5,131.7
6,131.5
6,131.5
0,131.5
0,130.9
1,130.7
1,130.7
2,130.7
2,130.5
3,130.3
3,130.3
4,129.9
4,129.9
5,129.6
5,129.6
6,129.3
6,129.3
0,128.8
0,128.8
1,128.8
1,128.8
2,128.8
2,128.8
3,128.8
3,127.9
4,127.9
4,127.7
5,127.7
5,127.7
6,127.7
6,127.7
0,127.7
0,127.7
1,127.7
1,127.7
2,127.7
2,127.7
3,127.7
3,127.7
4,127.7
4,127.7
5,127.7
5,127.7
6,127.7
6,127.7
0,127.7
0,127.7
1,127.7
1,127.7
2,127.7
2,127.7
3,127.7
3,127.7
4,127.7
4,127.7
5,127.7
5,127.7
6,127.7
6,127.7
0,127.7
0,127.7
1,127.7
1,127.7
2,127.7
2,127.7
3,127.7
3,127.7
4,127.7
4,127.7
5,127.7
5,127.7
6,127.7
6,127.7
0,127.7
0,127.7
1,127.7
1,127.7
2,127.7
2,127.7
3,127.7
3,127.7
4,127.7
4,127.7
5,127.7
5,127.7
6,127.7
6,127.7
0,127.7
0,127.7
1,127.7
1,127.7
2,127.7
2,127.7
3,127.7
3,127.7
4,127.7
4,127.7
5,127.7
5,127.7
6,127.7
6,127.7
0,127.7
0,127.7
1,127.7
1,127.7
2,127.7
2,127.7
3,127.7
3,127.7
4,127.7
4,127.7
5,127.7
5,127.7
6,127.7
6,127.7
0,127.7
0,127.7
1,127.7
1,127.7
2,127.7
2,127.7
3,127.7
3,127.7
4,127.7
4,127.7
5,127.7
5,127.7
6,127.7
6,127.7
0,127.7
0,127.7
1,127.7
1,127.7
2,127.7
2,127.7
3,127.7
3,127.7
4,127.7
4,127.7
5,127.7
5,127.7
6,127.7
6,127.7
0,127.7
0,127.7
1,127.7
1,127.7
2,127.7
2,127.7
3,127.7
3,127.7
4,127.7
4,127.7
5,127.7
5,127.7
6,127.7
6,127.7
0,127.7
0,127.7
1,127.7
1,127.7
2,127.7
2,127.7
3,127.7
3,127.7
4,127.7
4,127.7
5,127.7
5,127.7
6,127.7
6,127.7
0,127.7
0,127.7
1,127.7
1,127.7
2,127.7
2,127.7
3,127.7
3,127.7
4,127.7
4,127.7
5,127.7
5,127.7
6,127.7
6,127.7
0,127.7
0,142.3
1,142.3
1,142.3
2,142.3
2,142.3
3,142.3
3,142.3
4,142.3
4,142.3
5,142.3
5,142.3
6,142.3
6,142.3
0,142.3
0,142.3
1,142.3
1,142.3
2,142.3
2,142.3
3,142.3
3,142.3
4,142.3
4,142.3
5,142.3
5,142.3
6,142.3
6,142.3
0,142.3
0,142.3
1,142.3
1,142.3
2,142.3
2,142.3
3,142.3
3,142.3
4,142.3
4,141.9
5,141.9
5,141.9
6,162.9
6,162.9
0,162.9
0,162.7
1,162.7
1,162.7
2,162.7
2,162.7
3,162.7
3,162.7
4,162.7
4,162.7
5,162.7
5,162.7
6,162.7
6,162.7
0,162.7
0,162.7
1,162.5
1,162.5
2,162.5
2,162.5
3,162.5
3,162.5
4,162.5
4,162.5
5,162.5
5,162.5
6,162.5
6,162.5
0,162.5
0,162.5
1,160.9
1,160.9
2,160.9
2,160.7
3,160.7
3,158.7
4,158.7
4,157.7
5,157.7
5,157.7
6,157.7
6,157.7
0,157.5
0,157.5
1,157.5
1,157.5
2,156.7
2,156.7
3,156.7
3,156.7
4,156.7
4,156.7
5,156.7
5,156.7
6,156.7
6,156.5
0,156.3
0,156.3
1,155.9
1,155.9
2,155.9
2,155.9
3,155.9
3,155.9
4,155.7
4,155.7
5,155.7
5,155.7
6,155.7
6,155.7
0,155.7
0,155.5
1,155.5
1,155.5
2,155.5
2,155.5
3,155.5
3,155.5
4,155.5
4,155.5
5,155.5
5,155.5
6,155.5
6,155.5
0,155.5
0,155.5
1,155.5
1,155.5
2,155.5
2,155.5
3,155.5
3,155.5
4,155.5
4,155.5
5,155.5
5,155.5
6,155.5
6,155.5
0,155.5
0,155.3
1,155.3
1,155.3
2,155.3
2,155.3
3,153.9
3,153.9
4,153.7
4,153.7
5,153.7
5,153.7
6,153.7
6,153.7
0,153.3
0,153.3
1,152.9
1,152.9
2,151.5
2,151.5
3,151.5
3,151.5
4,151.5
4,151.5
5,151.5
5,151.5
6,151.5
6,151.5
0,151.5
0,151.5
1,151.5
1,151.5
2,150.9
2,150.9
3,150.9
3,150.9
4,149.9
4,149.9
5,149.9
5,149.9
6,149.9
6,149.9
0,149.9
0,149.9
1,149.9
1,149.9
2,149.9
2,147.4
3,147.4
3,147.4
4,147.4
4,147.4
5,147.4
5,147.4
6,147.4
6,147.4
0,147.4
0,144.7
1,143.7
1,141.7
2,141.7
2,141.5
3,141.5
3,141.5
4,141.5
4,141.5
5,141.5
5,141.5
6,141.5
6,141.5
0,141.5
0,141.5
1,141.5
1,141.5
2,141.5
2,141.5
3,141.5
3,141.5
4,141.5
4,141.5
5,141.5
5,141.5
6,141.5
6,141.5
0,141.5
0,141.5
1,155.9
1,155.9
2,155.9
2,147.4
3,147.4
3,147.4
4,147.4
4,147.4
5,147.4
5,147.4
6,147.4
6,147.4
0,141.5
0,141.5
1,141.5
1,141.5
2,141.5
2,141.3
3,141.3
3,141.3
4,141.3
4,141.3
5,141.3
5,141.3
6,141.3
6,141.3
0,141.3
0,141.3
1,141.3
1,141.3
2,155.9
2,155.9
3,155.4
3,155.4
4,155.4
4,155.4
5,155.4
5,155.4
6,155.4
6,155.4
0,155.3
0,155.3
1,155.3
1,155.3
2,155.3
2,155.3
3,155.3
3,155.3
4,155.3
4,155.3
5,155.3
5,147.9
6,147.9
6,147.9
0,147.9
0,147.4
1,147.4
1,147.3
2,147.3
2,147.3
3,146.9
3,146.9
4,146.9
4,146.9
5,146.9
5,146.9
6,146.9
6,146.9
0,146.9
0,146.9
1,146.9
1,146.9
2,146.9
2,146.9
3,146.9
3,146.7
4,146.7
4,146.7
5,146.7
5,146.7
6,146.7
6,146.7
0,146.7
0,146.7
1,146.7
1,146.7
2,146.7
2,146.7
3,146.7
3,146.7
4,146.7
4,146.7
5,146.7
5,146.7
6,146.7
6,146.7
0,146.7
0,146.7
1,146.7
1,146.7
2,146.7
2,146.7
3,146.7
3,146.7
4,146.7
4,157.9
5,147.9
5,147.9
6,147.9
6,147.9
0,147.9
0,147.9
1,147.9
1,147.9
2,147.9
2,147.9
3,147.9
3,147.9
4,147.9
4,147.9
5,147.9
5,147.9
6,147.9
6,147.9
0,147.9
0,147.9
1,147.9
1,147.9
2,142.9
2,142.9
3,142.9
3,137.9
4,137.9
4,137.9
5,137.9
5,137.9
6,137.9
6,136.9
0,135.7
0,135.7
1,135.7
1,135.7
2,135.7
2,135.7
3,133.7
3,133.7
4,131.7
4,131.7
5,130.7
5,129.7
6,129.7
6,129.7
0,129.7
0,127.7
1,127.5
1,127.5
2,127.5
2,127.5
3,127.5
3,127.5
4,127.5
4,127.5
5,127.5
5,127.5
6,127.5
6,127.5
0,127.5
0,127.5
1,127.5
1,127.5
2,127.5
2,127.5
3,127.5
3,127.5
4,127.5
4,127.5
5,127.5
5,127.5
6,127.5
6,127.5
0,127.5
0,127.5
1,127.5
1,127.5
2,127.5
2,127.5
3,127.5
3,127.5
4,127.5
4,127.5
5,127.5
5,127.5
6,127.5
6,127.5
0,127.5
0,127.5
1,127.5
1,127.5
2,127.5
2,127.5
3,127.5
3,127.5
4,127.5
4,127.5
5,127.5
5,127.5
6,127.5
6,127.5
0,127.5
0,127.5
1,127.5
1,127.5
2,127.5
2,127.5
3,127.5
3,127.5
4,127.5
4,127.5
5,125.56666666666666
5,125.56666666666666
6,123.7
6,123.7
0,123.7
0,123.7
1,123.7
1,123.7
2,123.7
2,123.7
3,123.7
3,123.7
4,123.7
4,123.7
5,123.7
5,123.7
6,123.7
6,123.7
0,123.7
0,123.7
1,123.7
1,150.9
2,150.9
2,150.9
3,150.9
3,150.9
4,150.9
4,150.9
5,149.9
5,149.9
6,148.9
6,141.9
0,141.9
0,141.9
1,141.9
1,134.8
2,134.7
2,133.7
3,133.7
3,133.7
4,133.7
4,132.7
5,132.7
5,132.7
6,132.7
6,132.7
0,132.7
0,132.7
1,132.2
1,132.2
2,131.7
2,131.7
3,131.7
3,131.7
4,132.4
4,132.4
5,132.4
5,132.4
6,132.4
6,132.4
0,132.4
0,132.4
1,133.4
1,133.4
2,133.4
2,133.4
3,133.4
3,133.4
4,133.4
4,133.4
5,133.4
5,133.4
6,133.4
6,133.4
0,133.4
0,133.4
1,133.4
1,133.4
2,133.4
2,133.4
3,133.4
3,133.4
4,133.4
4,133.4
5,133.4
5,133.4
6,133.4
6,133.4
0,133.4
0,133.4
1,133.4
1,133.4
2,133.4
2,133.4
3,133.4
3,133.4
4,133.4
4,133.4
5,133.4
5,133.4
6,133.4
6,133.4
0,133.4
0,133.4
1,133.4
1,133.4
2,133.4
2,133.4
3,133.4
3,133.4
4,133.4
4,133.4
5,133.4
5,133.4
6,133.4
6,133.4
0,133.4
0,133.4
1,133.4
1,133.4
2,133.4
2,133.4
3,133.4
3,133.4
4,133.4
4,133.4
5,133.4
5,133.4
6,133.4
6,133.4
0,133.4
0,133.4
1,133.4
1,133.4
2,133.4
2,133.4
3,133.4
3,133.4
4,133.4
4,133.4
5,133.4
5,133.4
6,133.4
6,133.4
0,133.4
0,132.9
1,132.9
1,132.9
2,132.9
2,132.9
3,132.9
3,132.9
4,132.9
4,132.9
5,132.9
5,132.9
6,132.9
6,132.9
0,132.9
0,132.9
1,132.9
1,132.9
2,132.9
2,132.9
3,132.9
3,132.9
4,132.9
4,132.9
5,132.9
5,132.9
6,132.9
6,132.9
0,132.9
0,154.9
1,154.9
1,154.9
2,154.9
2,154.9
3,146.7
3,159.8
4,159.3
4,159.3
5,159.3
5,159.3
6,159.3
6,159.3
0,159.3
0,159.3
1,159.3
1,159.3
2,147.9
2,147.9
3,147.9
3,147.9
4,147.9
4,147.9
5,145.6
5,145.6
6,145.6
6,145.6
0,145.6
0,145.6
1,145.6
1,145.6
2,145.6
2,145.6
3,145.6
3,145.6
4,145.6
4,145.6
5,145.6
5,145.6
6,145.6
6,145.6
0,145.6
0,145.6
1,145.6
1,145.6
2,145.6
2,145.6
3,145.6
3,145.6
4,145.6
4,145.6
5,145.6
5,145.6
6,145.6
6,145.6
0,145.6
0,145.6
1,145.6
1,145.6
2,145.6
2,145.6
3,145.6
3,145.6
4,145.6
4,145.6
5,145.6
5,145.6
6,145.6
6,145.6
0,145.6
0,145.6
1,145.6
1,144.9
2,144.9
2,144.7
3,144.7
3,144.7
4,144.7
4,144.7
5,144.7
5,144.7
6,144.7
6,144.7
0,144.7
0,144.7
1,144.7
1,144.7
2,144.7
2,144.7
3,144.7
3,144.7
4,144.7
4,144.7
5,144.7
5,144.7
6,144.7
6,144.7
0,144.7
0,144.7
1,144.7
1,144.7
2,144.7
2,144.7
3,144.7
3,144.7
4,144.7
4,144.7
5,144.7
5,144.7
6,144.7
6,144.7
0,144.7
0,144.7
1,144.7
1,144.7
2,144.7
2,144.7
3,144.7
3,144.7
4,144.7
4,144.7
5,144.7
5,144.7
6,144.7
6,144.7
0,144.7
0,144.7
1,144.7
1,144.7
2,144.7
2,144.7
3,144.7
3,144.7
4,144.7
4,144.7
5,144.7
5,144.7
6,144.7
6,144.7
0,144.7
0,144.7
1,144.7
1,144.7
2,144.7
2,144.7
3,144.7
3,144.7
4,144.7
4,144.7
5,144.7
5,144.7
6,144.7
6,144.7
0,144.7
0,144.7
1,144.7
1,144.7
2,144.7
2,144.7
3,144.7
3,144.7
4,144.7
4,144.7
5,144.7
5,144.7
6,144.7
6,144.7
0,144.7
0,144.7
1,144.7
1,144.7
2,144.7
2,144.7
3,144.7
3,144.7
4,144.7
4,144.7
5,144.7
5,144.7
6,144.7
6,144.7
0,144.7
0,144.7
1,144.7
1,144.7
2,144.7
2,144.7
3,144.7
3,144.7
4,144.7
4,144.7
5,144.7
5,144.7
6,144.7
6,144.7
0,144.7
0,144.7
1,144.7
1,144.7
2,144.7
2,144.7
3,144.7
3,144.7
4,144.7
4,144.7
5,144.7
5,144.7
6,144.7
6,144.7
0,144.7
0,144.7
1,144.7
1,144.7
2,144.7
2,144.7
3,144.7
3,144.7
4,144.7
4,144.7
5,144.7
5,144.7
6,144.7
6,144.7
0,144.7
0,144.7
1,144.7
1,144.7
2,144.7
2,144.7
3,144.7
3,144.7
4,167.9
4,167.9
5,167.9
5,167.9
6,167.9
6,167.9
0,167.9
0,162.4
1,162.4
1,162.4
2,156.7
2,154.7
3,154.7
3,154.7
4,154.7
4,154.7
5,154.7
5,153.7
6,153.5
6,153.5
0,153.5
0,153.5
1,153.5
1,153.5
2,153.5
2,153.5
3,153.5
3,153.5
4,153.5
4,153.5
5,153.5
5,153.5
6,153.5
6,153.5
0,153.5
0,153.5
1,153.5
1,153.5
2,153.5
2,153.5
3,153.5
3,153.5
4,153.5
4,153.5
5,153.5
5,153.5
6,153.5
6,153.5
0,153.5
0,151.5
1,150.9
1,150.9
2,150.9
2,150.9
3,150.9
3,150.9
4,150.9
4,150.9
5,150.9
5,150.9
6,150.9
6,150.9
0,150.9
0,150.9
1,149.8
1,149.8
2,149.8
2,149.8
3,149.8
3,129.7
4,149.7
4,149.7
5,149.7
5,149.7
6,149.7
6,149.7
0,149.7
0,149.7
1,149.7
1,149.7
2,149.7
2,149.7
3,149.7
3,149.7
4,149.7
4,149.7
5,149.7
5,149.7
6,149.7
6,149.7
0,149.7
0,149.7
1,149.7
1,149.7
2,149.7
2,149.7
3,149.7
3,149.7
4,149.7
4,149.7
5,149.7
5,149.7
6,149.7
6,149.7
0,149.7
0,152.6
1,157.7
1,157.7
2,157.7
2,169.9
3,167.7
3,167.7
4,167.7
4,167.7
5,167.7
5,167.7
6,167.7
6,167.7
0,167.7
0,157.7
1,167.7
1,157.7
2,157.7
2,157.7
3,157.7
3,157.5
4,157.5
4,157.5
5,157.5
5,157.5
6,157.5
6,157.5
0,157.5
0,157.5
1,157.5
1,157.5
2,157.5
2,157.5
3,157.5
3,157.5
4,157.5
4,157.5
5,157.5
5,157.5
6,157.5
6,157.5
