0,0
0,0
1,107.9
1,107.9
2,107.9
2,107.9
3,107.9
3,107.9
4,105.9
4,105.9
5,105.9
5,105.9
6,105.9
6,105.9
0,104.9
0,104.9
1,104.9
1,103.9
2,103.9
2,103.9
3,103.9
3,103.9
4,103.9
4,103.9
5,103.9
5,103.9
6,103.9
6,103.9
0,103.9
0,103.9
1,103.9
1,103.9
2,101.9
2,101.9
3,98.9
3,98.9
4,98.9
4,98.9
5,98.9
5,98.9
6,98.9
6,98.9
0,98.9
0,98.9
1,98.9
1,98.9
2,98.9
2,98.9
3,98.9
3,98.9
4,98.9
4,98.9
5,98.9
5,98.9
6,98.9
6,98.9
0,98.9
0,98.9
1,98.9
1,98.9
2,98.9
2,98.9
3,98.9
3,98.9
4,101.9
4,101.9
5,101.9
5,101.9
6,101.9
6,101.9
0,101.9
0,101.9
1,101.9
1,101.9
2,101.9
2,101.9
3,101.9
3,101.9
4,129.9
4,129.9
5,129.9
5,129.9
6,129.9
6,129.9
0,101.9
0,101.9
1,101.9
1,101.9
2,101.9
2,101.9
3,101.9
3,101.9
4,101.9
4,101.9
5,101.9
5,101.9
6,101.9
6,101.9
0,101.9
0,101.9
1,101.9
1,101.9
2,101.9
2,101.9
3,101.9
3,101.9
4,101.9
4,101.9
5,101.9
5,101.9
6,101.9
6,101.9
0,100.9
0,100.9
1,100.9
1,100.9
2,100.9
2,100.9
3,100.9
3,100.9
4,100.9
4,100.9
5,100.9
5,100.9
6,100.9
6,100.9
0,100.9
0,100.9
1,100.9
1,100.9
2,100.9
2,100.9
3,100.9
3,100.9
4,100.9
4,100.9
5,100.9
5,100.9
6,100.9
6,100.9
0,100.9
0,100.9
1,100.9
1,100.9
2,100.9
2,100.9
3,100.9
3,100.9
4,100.9
4,100.9
5,100.9
5,100.9
6,100.9
6,100.9
0,100.9
0,100.9
1,100.9
1,100.9
2,100.9
2,100.9
3,100.9
3,100.9
4,100.9
4,100.9
5,100.9
5,100.9
6,100.9
6,100.9
0,100.9
0,100.9
1,100.9
1,100.9
2,100.9
2,100.9
3,100.9
3,100.9
4,100.9
4,100.9
5,100.9
5,100.9
6,100.9
6,100.9
0,100.9
0,100.9
1,100.9
1,100.9
2,100.9
2,100.9
3,100.9
3,100.9
4,100.9
4,100.9
5,100.9
5,100.9
6,100.9
6,100.9
0,100.9
0,100.9
1,100.9
1,100.9
2,100.9
2,100.9
3,100.9
3,100.9
4,100.9
4,100.9
5,100.9
5,100.9
6,100.9
6,100.9
0,100.9
0,100.9
1,100.9
1,100.9
2,100.9
2,100.9
3,100.9
3,100.9
4,100.9
4,100.9
5,100.9
5,100.9
6,100.9
6,100.9
0,100.9
0,100.9
1,100.9
1,100.9
2,100.9
2,100.9
3,100.9
3,100.9
4,100.9
4,100.9
5,100.9
5,100.9
6,100.9
6,100.9
0,100.9
0,100.9
1,100.9
1,100.9
2,100.9
2,100.9
3,100.9
3,100.9
4,100.9
4,100.9
5,100.9
5,100.9
6,100.9
6,100.9
0,100.9
0,100.9
1,100.9
1,118.7
2,118.7
2,118.7
3,118.7
3,118.7
4,118.7
4,118.7
5,118.7
5,118.7
6,118.7
6,118.7
0,118.7
0,118.7
1,118.7
1,118.7
2,118.7
2,118.7
3,118.7
3,129.9
4,129.9
4,129.9
5,129.9
5,129.9
6,129.9
6,129.9
0,129.9
0,127.9
1,127.9
1,127.9
2,127.9
2,127.9
3,127.9
3,127.9
4,127.9
4,127.9
5,127.9
5,127.9
6,127.9
6,127.9
0,125.9
0,125.9
1,123.9
1,123.9
2,123.9
2,123.9
3,123.9
3,123.9
4,123.9
4,123.9
5,123.9
5,123.9
6,123.9
6,123.9
0,123.9
0,123.9
1,123.9
1,123.9
2,123.9
2,123.9
3,123.9
3,123.9
4,123.9
4,123.9
5,123.9
5,123.9
6,123.9
6,123.9
0,146.9
0,146.9
1,146.9
1,146.9
2,146.9
2,143.9
3,143.9
3,143.9
4,142.9
4,142.9
5,142.9
5,142.9
6,142.9
6,142.9
0,142.9
0,142.9
1,142.9
1,142.9
2,142.9
2,142.9
3,142.9
3,141.9
4,141.9
4,141.9
5,141.9
5,141.9
6,141.9
6,141.9
0,141.9
0,141.9
1,141.9
1,141.9
2,141.9
2,139.9
3,139.9
3,139.9
4,139.9
4,139.9
5,139.9
5,139.9
6,139.9
6,139.9
0,139.9
0,139.9
1,139.9
1,139.9
2,139.5
2,139.5
3,139.5
3,139.5
4,139.5
4,139.5
5,139.5
5,139.5
6,139.5
6,139.5
0,139.5
0,139.5
1,139.5
1,139.5
2,139.5
2,139.5
3,139.5
3,139.5
4,139.5
4,139.5
5,139.5
5,139.5
6,139.5
6,139.5
0,139.5
0,139.5
1,139.5
1,139.5
2,139.5
2,139.5
3,139.5
3,139.5
4,139.5
4,139.5
5,139.5
5,139.5
6,139.5
6,139.5
0,139.5
0,139.5
1,139.5
1,139.5
2,139.5
2,139.5
3,139.5
3,139.5
4,139.5
4,139.5
5,139.5
5,139.5
6,139.5
6,139.5
0,139.5
0,139.5
1,139.5
1,139.5
2,139.5
2,139.5
3,139.5
3,129.9
4,127.9
4,127.9
5,127.9
5,127.9
6,127.9
6,127.9
0,127.9
0,127.9
1,127.9
1,127.9
2,127.9
2,127.9
3,127.9
3,125.9
4,127.9
4,125.9
5,125.9
5,125.9
6,125.9
6,125.9
0,125.9
0,125.9
1,125.9
1,125.9
2,125.9
2,125.9
3,125.9
3,125.9
4,125.9
4,125.9
5,125.9
5,125.9
6,125.9
6,125.9
0,125.9
0,125.9
1,125.9
1,125.9
2,125.9
2,125.9
3,125.9
3,125.9
4,125.9
4,125.9
5,125.9
5,125.9
6,125.9
6,125.9
0,125.9
0,125.9
1,125.9
1,125.9
2,125.9
2,124.9
3,121.9
3,121.9
4,121.9
4,121.9
5,121.9
5,121.9
6,121.9
6,116.9
0,114.4
0,114.4
1,114.4
1,114.4
2,114.4
2,114.4
3,114.4
3,114.4
4,114.4
4,114.4
5,114.4
5,114.4
6,114.4
6,114.4
0,114.4
0,114.4
1,139.9
1,139.9
2,139.9
2,115.9
3,113.4
3,113.4
4,113.4
4,113.4
5,113.4
5,113.4
6,113.4
6,113.4
0,113.4
0,113.4
1,113.4
1,113.4
2,113.4
2,113.4
3,113.4
3,113.4
4,113.4
4,113.4
5,113.4
5,113.4
6,113.4
6,113.4
0,113.4
0,113.4
1,113.4
1,113.4
2,139.9
2,139.9
3,139.9
3,139.9
4,139.9
4,139.9
5,139.9
5,139.9
6,139.9
6,139.9
0,139.9
0,139.9
1,139.9
1,139.9
2,139.9
2,139.9
3,139.9
3,139.9
4,139.9
4,135.9
5,135.9
5,135.9
6,135.9
6,135.9
0,135.9
0,133.9
1,133.9
1,133.9
2,133.9
2,133.9
3,133.9
3,133.9
4,133.9
4,133.9
5,133.9
5,133.9
6,133.9
6,133.9
0,133.9
0,133.9
1,133.9
1,133.9
2,133.9
2,133.9
3,133.9
3,133.9
4,133.9
4,133.9
5,133.9
5,133.9
6,133.9
6,133.9
0,133.9
0,133.9
1,129.9
1,129.9
2,129.9
2,129.9
3,120.4
3,120.4
4,120.4
4,120.4
5,120.4
5,120.4
6,120.4
6,120.4
0,120.4
0,120.4
1,120.4
1,120.4
2,120.4
2,120.4
3,120.4
3,120.4
4,120.4
4,120.4
5,120.4
5,120.4
6,120.4
6,120.4
0,120.4
0,120.4
1,120.4
1,120.4
2,120.4
2,120.4
3,117.7
3,117.7
4,117.7
4,117.7
5,117.7
5,117.7
6,117.7
6,117.7
0,117.7
0,117.7
1,117.7
1,117.7
2,117.7
2,117.7
3,117.7
3,116.7
4,116.7
4,116.7
5,116.7
5,116.7
6,116.7
6,116.7
0,116.05000000000001
0,116.05000000000001
1,115.4
1,115.4
2,114.9
2,114.9
3,114.9
3,114.9
4,113.7
4,113.7
5,111.675
5,111.675
6,110.5
6,110.4
0,109.9
0,109.7
1,109.7
1,109.7
2,109.7
2,109.5
3,109.5
3,109.5
4,109.5
4,109.5
5,109.5
5,109.5
6,109.5
6,109.5
0,108.7
0,108.7
1,108.7
1,108.7
2,107.5
2,107.5
3,107.5
3,107.5
4,107.5
4,107.5
5,107.5
5,107.5
6,107.5
6,107.5
0,107.5
0,107.5
1,107.5
1,107.5
2,106.9
2,106.9
3,111.4
3,111.4
4,111.4
4,111.4
5,111.4
5,111.4
6,111.4
6,111.4
0,111.4
0,111.4
1,111.4
1,111.4
2,111.4
2,111.4
3,111.4
3,111.4
4,111.4
4,131.9
5,131.9
5,131.9
6,131.9
6,106.5
0,106.5
0,106.5
1,106.5
1,106.5
2,106.5
2,106.5
3,106.5
3,105.9
4,105.9
4,105.9
5,105.9
5,105.9
6,105.9
6,105.9
0,105.9
0,105.9
1,105.9
1,105.9
2,105.9
2,105.5
3,105.5
3,105.5
4,105.5
4,105.5
5,105.5
5,105.5
6,105.5
6,105.5
0,105.5
0,105.5
1,105.5
1,123.4
2,134.9
2,134.9
3,134.9
3,134.9
4,134.9
4,134.9
5,134.9
5,134.9
6,134.9
6,134.9
0,134.9
0,134.9
1,134.9
1,134.9
2,134.9
2,134.9
3,134.9
3,134.9
4,134.9
4,134.9
5,133.4
5,133.4
6,131.9
6,131.9
0,131.9
0,131.9
1,131.9
1,131.9
2,131.9
2,131.9
3,131.9
3,131.9
4,131.9
4,131.9
5,131.9
5,131.9
6,131.9
6,131.9
0,131.9
0,131.9
1,131.9
1,131.9
2,131.9
2,131.9
3,131.9
3,131.9
4,131.9
4,125.80000000000001
5,123.9
5,122.9
6,122.9
6,122.9
0,122.9
0,122.9
1,122.9
1,122.9
2,122.4
2,122.4
3,121.9
3,121.9
4,120.9
4,120.9
5,119.9
5,119.9
6,119.9
6,119.9
0,119.9
0,119.9
1,119.9
1,119.9
2,119.9
2,119.9
3,119.4
3,119.4
4,118.9
4,118.9
5,118.9
5,118.9
6,118.9
6,118.9
0,118.9
0,118.9
1,118.9
1,118.9
2,118.9
2,118.9
3,118.9
3,118.9
4,118.9
4,118.9
5,118.9
5,118.9
6,118.9
6,118.9
0,118.9
0,118.9
1,118.9
1,118.9
2,118.9
2,118.9
3,118.9
3,118.9
4,118.9
4,118.9
5,118.9
5,118.9
6,118.9
6,118.9
0,118.9
0,118.9
1,118.9
1,118.9
2,118.9
2,118.9
3,118.9
3,118.9
4,118.9
4,118.9
5,118.9
5,118.9
6,118.9
6,118.9
0,118.9
0,118.9
1,118.9
1,118.9
2,118.9
2,118.9
3,118.9
3,118.9
4,118.9
4,118.9
5,118.9
5,118.9
6,118.9
6,118.9
0,118.9
0,118.9
1,118.9
1,118.9
2,118.9
2,118.9
3,118.9
3,118.9
4,118.9
4,118.9
5,144.9
5,144.9
6,144.9
6,144.9
0,144.9
0,144.9
1,144.9
1,144.9
2,144.9
2,141.9
3,141.9
3,141.9
4,141.9
4,141.9
5,141.9
5,141.9
6,141.9
6,141.9
0,141.9
0,141.9
1,141.9
1,141.9
2,141.9
2,141.9
3,141.9
3,141.9
4,141.9
4,141.9
5,141.9
5,141.9
6,141.9
6,141.9
0,141.9
0,141.9
1,141.9
1,141.9
2,141.9
2,141.9
3,141.9
3,141.9
4,141.9
4,141.9
5,141.9
5,141.9
6,141.9
6,137.9
0,137.9
0,137.9
1,137.9
1,137.9
2,137.9
2,137.9
3,137.9
3,137.9
4,137.9
4,137.9
5,137.9
5,137.9
6,137.9
6,137.9
0,137.9
0,137.9
1,137.9
1,137.9
2,137.9
2,137.9
3,137.9
3,137.9
4,137.9
4,137.9
5,137.9
5,137.9
6,137.9
6,137.9
0,137.9
0,137.9
1,137.9
1,137.9
2,137.9
2,137.9
3,137.9
3,137.9
4,137.9
4,137.9
5,137.9
5,137.9
6,137.9
6,137.9
0,137.9
0,137.9
1,137.9
1,137.9
2,137.9
2,137.9
3,137.9
3,137.9
4,137.9
4,137.9
5,137.9
5,137.9
6,137.9
6,137.9
0,137.9
0,137.9
1,137.9
1,137.9
2,137.9
2,137.9
3,137.9
3,137.9
4,137.9
4,137.9
5,137.9
5,137.9
6,137.9
6,137.9
0,137.9
0,137.9
1,137.9
1,137.9
2,137.9
2,137.9
3,137.9
3,137.9
4,137.9
4,137.9
5,137.9
5,137.9
6,137.9
6,137.9
0,137.9
0,137.9
1,137.9
1,137.9
2,137.9
2,137.9
3,137.9
3,137.9
4,137.9
4,137.9
5,137.9
5,137.9
6,137.9
6,137.9
0,137.9
0,137.9
1,137.9
1,137.9
2,137.9
2,137.9
3,137.9
3,137.9
4,137.9
4,137.9
5,137.9
5,137.9
6,137.9
6,137.9
0,137.9
0,137.9
1,137.9
1,137.9
2,149.9
2,149.9
3,149.9
3,149.9
4,149.9
4,149.9
5,149.9
5,149.9
6,149.9
6,149.9
0,149.9
0,149.9
1,141.9
1,141.9
2,137.9
2,137.9
3,137.9
3,137.9
4,137.9
4,137.9
5,137.9
5,137.9
6,137.9
6,137.9
0,137.9
0,137.9
1,136.9
1,136.9
2,136.9
2,136.9
3,136.9
3,136.9
4,136.9
4,136.9
5,136.9
5,136.9
6,136.9
6,136.9
0,136.9
0,136.9
1,136.9
1,136.9
2,136.9
2,136.9
3,136.9
3,136.9
4,136.9
4,136.9
5,136.9
5,136.9
6,136.9
6,136.9
0,136.9
0,136.9
1,135.9
1,135.9
2,135.9
2,135.9
3,135.9
3,135.9
4,135.9
4,135.9
5,135.9
5,135.9
6,135.9
6,135.9
0,135.9
0,135.9
1,135.9
1,135.9
2,133.9
2,133.9
3,133.9
3,133.9
4,149.9
4,149.9
5,148.9
5,148.9
6,148.9
6,148.9
0,148.9
0,148.9
1,148.9
1,148.9
2,148.9
2,148.9
3,148.9
3,148.9
4,148.9
4,148.9
5,148.9
5,148.9
6,148.9
6,148.9
0,148.9
0,147.9
1,147.9
1,147.9
2,146.9
2,146.9
3,146.9
3,141.9
4,141.9
4,141.9
5,141.9
5,141.9
6,141.9
6,141.9
0,141.9
0,141.9
1,141.9
1,141.9
2,141.9
2,141.9
3,141.9
3,141.9
4,141.9
4,141.9
5,141.9
5,141.9
6,141.9
6,141.9
0,141.9
0,141.9
1,141.9
1,141.9
2,141.9
2,141.9
3,141.9
3,141.9
4,141.9
4,141.9
5,141.3
5,141.3
6,141.3
6,141.3
0,140.4
0,140.4
1,139.9
1,139.9
2,139.9
2,139.9
3,139.9
3,139.9
4,139.9
4,139.9
5,139.9
5,139.9
6,139.9
6,139.9
0,139.9
0,139.9
1,139.9
1,139.9
2,139.9
2,139.9
3,139.9
3,139.9
4,139.9
4,139.9
5,139.9
5,139.9
6,139.9
6,139.9
0,139.9
0,139.9
1,139.9
1,139.5
2,139.5
2,139.5
3,139.5
3,139.5
4,139.5
4,139.5
5,139.5
5,139.5
6,139.5
6,139.5
0,139.5
0,139.5
1,139.5
1,139.5
2,139.5
2,145.2
3,149.4
3,149.4
4,147.5
4,147.5
5,147.5
5,147.5
6,147.5
6,147.5
0,147.5
0,147.5
1,147.5
1,147.5
2,147.5
2,147.5
3,147.5
3,147.5
4,147.5
4,147.5
5,147.5
5,147.5
6,147.5
6,147.5
0,147.5
0,147.5
1,147.5
1,147.5
2,147.5
2,147.5
3,147.5
3,147.5
4,147.5
4,147.5
5,147.5
5,147.5
6,147.5
6,147.5
