0,0
0,0
1,128.9
1,128.9
2,125.9
2,125.9
3,122.9
3,121.9
4,121.9
4,121.9
5,121.9
5,121.9
6,120.7
6,120.7
0,120.7
0,120.7
1,120.7
1,120.4
2,120.4
2,120.4
3,114.30000000000003
3,113.5
4,113.5
4,113.5
5,113.5
5,113.5
6,113.5
6,113.5
0,113.5
0,113.5
1,113.4
1,113.4
2,143.4
2,143.4
3,143.4
3,143.4
4,143.4
4,143.4
5,143.4
5,143.4
6,143.4
6,143.4
0,143.4
0,143.4
1,142.9
1,142.9
2,142.9
2,140.9
3,138.56666666666666
3,136.9
4,136.4
4,136.4
5,136.4
5,136.4
6,136.4
6,136.3
0,136.3
0,136.3
1,133.9
1,133.4
2,133.4
2,133.4
3,122.9
3,119.9
4,119.9
4,119.9
5,119.9
5,119.9
6,119.9
6,117.9
0,117.9
0,117.9
1,117.9
1,117.9
2,145.9
2,145.9
3,145.9
3,143.9
4,143.4
4,143.4
5,143.4
5,142.65
6,142.65
6,142.65
0,141.65
0,141.65
1,135.9
1,135.9
2,135.9
2,135.9
3,135.4
3,133.9
4,132.9
4,132.9
5,131.9
5,128.9
6,128.75
6,128.75
0,128.75
0,124.9
1,124.4
1,124.4
2,123.9
2,123.9
3,117.9
3,117.9
4,147.9
4,147.9
5,147.9
5,147.9
6,147.9
6,147.4
0,147.4
0,147.4
1,147.4
1,147.4
2,147.4
2,147.4
3,147.4
3,147.4
4,141.9
4,141.4
5,141.4
5,141.4
6,141.4
6,141.4
0,141.4
0,141.4
1,141.4
1,141.4
2,141.4
2,141.4
3,141.4
3,141.4
4,141.4
4,141.4
5,141.4
5,141.4
6,141.4
6,141.4
0,141.4
0,141.4
1,141.4
1,141.4
2,141.4
2,141.4
3,141.4
3,141.4
4,141.4
4,141.4
5,141.4
5,141.4
6,141.4
6,141.4
0,141.4
0,141.4
1,141.4
1,141.4
2,141.4
2,141.4
3,141.4
3,141.4
4,141.4
4,141.4
5,141.4
5,141.4
6,141.4
6,141.4
0,141.4
0,141.4
1,141.4
1,141.4
2,141.4
2,141.4
3,141.4
3,141.4
4,141.4
4,141.4
5,141.4
5,141.4
6,141.4
6,141.4
0,141.4
0,141.4
1,141.4
1,141.4
2,141.4
2,141.4
3,141.4
3,141.4
4,141.4
4,141.4
5,141.4
5,141.4
6,141.4
6,141.4
0,141.4
0,141.4
1,141.4
1,141.4
2,141.4
2,141.4
3,141.4
3,141.4
4,141.4
4,141.4
5,141.4
5,141.4
6,141.4
6,141.4
0,141.4
0,141.4
1,141.4
1,141.4
2,141.4
2,141.4
3,141.4
3,141.4
4,141.4
4,141.4
5,141.4
5,141.4
6,141.4
6,141.4
0,141.4
0,141.4
1,141.4
1,141.4
2,141.4
2,141.4
3,141.4
3,141.4
4,141.4
4,141.4
5,141.4
5,141.4
6,141.4
6,141.4
0,141.4
0,141.4
1,141.4
1,141.4
2,141.4
2,141.4
3,141.4
3,141.4
4,141.4
4,141.4
5,141.4
5,149.9
6,149.9
6,149.9
0,149.9
0,149.9
1,149.9
1,149.9
2,149.9
2,149.9
3,149.9
3,149.9
4,149.9
4,149.9
5,149.4
5,149.4
6,149.4
6,149.4
0,149.4
0,148.9
1,147.9
1,147.4
2,147.4
2,147.4
3,147.4
3,147.4
4,147.3
4,147.3
5,147.3
5,147.3
6,147.3
6,147.3
0,146.9
0,143.9
1,143.9
1,143.9
2,143.9
2,143.9
3,143.9
3,143.9
4,143.9
4,143.9
5,143.9
5,143.9
6,143.9
6,143.9
0,139.9
0,139.15
1,138.4
1,138.4
2,138.4
2,138.4
3,138.4
3,138.4
4,138.4
4,138.4
5,138.4
5,138.4
6,138.4
6,138.4
0,138.4
0,138.4
1,138.4
1,138.4
2,138.4
2,138.4
3,138.4
3,138.4
4,160.9
4,160.9
5,160.9
5,160.4
6,160.4
6,160.4
0,160.4
0,160.4
1,160.4
1,158.9
2,158.9
2,158.9
3,157.7
3,156.9
4,156.9
4,156.9
5,156.9
5,156.9
6,156.9
6,156.9
0,156.9
0,156.9
1,155.9
1,154.6
2,153.65
2,152.9
3,149.9
3,149.15
4,148.4
4,147.9
5,147.9
5,147.9
6,146.9
6,146.9
0,146.9
0,145.4
1,145.4
1,144.4
2,142.65
2,142.65
3,142.65
3,142.65
4,139.3
4,138.3
5,138.3
5,138.3
6,138.3
6,138.3
0,138.3
0,136.9
1,135.9
1,134.9
2,133.9
2,133.9
3,132.9
3,132.9
4,132.9
4,131.9
5,131.9
5,131.9
6,131.9
6,131.9
0,130.9
0,130.4
1,130.4
1,130.4
2,129.4
2,129.4
3,129.4
3,129.4
4,129.4
4,129.4
5,129.4
5,128.9
6,128.9
6,128.9
0,128.5
0,128.5
1,127.9
1,127.9
2,127.9
2,160.9
3,160.9
3,160.9
4,160.9
4,160.9
5,160.9
5,160.9
6,160.9
6,160.9
0,160.9
0,160.9
1,160.9
1,160.9
2,159.9
2,159.4
3,159.4
3,157.9
4,157.9
4,157.9
5,157.9
5,157.9
6,157.9
6,157.9
0,156.9
0,156.5
1,152.9
1,152.4
2,152.4
2,152.4
3,150.4
3,146.4
4,146.4
4,146.4
5,146.4
5,146.4
6,146.4
6,146.4
0,146.4
0,146.4
1,146.4
1,143.9
2,142.7
2,142.7
3,141.65
3,138.7
4,138.7
4,137.9
5,137.9
5,137.9
6,137.9
6,137.9
0,137.9
0,137.9
1,133.8
1,133.8
2,133.8
2,133.8
3,133.8
3,133.8
4,133.8
4,133.8
5,133.8
5,133.8
6,133.8
6,133.8
0,133.8
0,131.9
1,131.9
1,131.9
2,131.9
2,131.9
3,131.9
3,131.9
4,131.9
4,130.9
5,130.9
5,130.9
6,130.3
6,130.3
0,130.3
0,128.9
1,128.9
1,128.4
2,127.9
2,127.9
3,127.9
3,127.9
4,127.9
4,127.9
5,127.9
5,127.9
6,127.7
6,126.5
0,126.5
0,126.5
1,126.5
1,126.5
2,126.5
2,126.5
3,126.5
3,155.9
4,155.9
4,155.9
5,155.9
5,155.9
6,155.9
6,155.4
0,155.4
0,155.4
1,155.4
1,155.4
2,152.9
2,152.9
3,152.9
3,152.9
4,152.9
4,148.9
5,148.9
5,148.9
6,148.4
6,148.4
0,148.4
0,146.7
1,146.05
1,146.05
2,146.05
2,146.05
3,146.05
3,146.05
4,146.05
4,146.05
5,146.05
5,146.05
6,146.05
6,146.05
0,143.4
0,143.4
1,143.4
1,143.4
2,143.4
2,143.4
3,143.4
3,143.4
4,143.4
4,143.4
5,143.4
5,141.9
6,141.9
6,141.9
0,140.3
0,138.4
1,137.4
1,146.4
2,146.4
2,146.4
3,146.4
3,146.4
4,146.4
4,155.4
5,155.4
5,155.4
6,155.4
6,155.4
0,155.4
0,155.4
1,155.4
1,155.4
2,155.4
2,155.4
3,152.9
3,152.9
4,152.9
4,152.9
5,145.9
5,145.4
6,145.4
6,145.4
0,141.53333333333333
0,136.7
1,136.7
1,136.7
2,136.7
2,134.5
3,134.5
3,134.5
4,132.3
4,132.3
5,132.3
5,132.3
6,132.3
6,132.3
0,132.3
0,131.9
1,131.9
1,131.9
2,131.9
2,131.9
3,131.9
3,131.9
4,131.9
4,131.9
5,131.9
5,131.9
6,131.9
6,131.9
0,131.9
0,131.9
1,130.3
1,130.3
2,157.9
2,157.9
3,157.9
3,157.9
4,157.4
4,157.4
5,157.4
5,157.4
6,157.4
6,157.4
0,157.4
0,157.4
1,156.9
1,156.9
2,156.9
2,156.9
3,153.9
3,153.9
4,153.9
4,153.9
5,152.9
5,152.9
6,152.9
6,152.9
0,151.4
0,151.4
1,151.4
1,151.4
2,151.4
2,147.9
3,147.9
3,147.9
4,147.9
4,147.9
5,145.15
5,145.15
6,145.15
6,143.9
0,143.4
0,143.4
1,143.4
1,142.9
2,142.9
2,137.9
3,133.0
3,130.9
4,130.9
4,130.9
5,129.65
5,129.65
6,129.65
6,128.65
0,128.65
0,126.9
1,125.35
1,124.9
2,124.9
2,124.35
3,124.35
3,123.75
4,123.75
4,122.9
5,122.9
5,122.9
6,122.9
6,122.4
0,122.4
0,121.9
1,121.9
1,120.9
2,134.3
2,134.3
3,134.3
3,134.3
4,134.3
4,147.4
5,147.4
5,147.4
6,147.4
6,147.4
0,147.4
0,147.4
1,147.4
1,147.4
2,147.4
2,146.9
3,146.9
3,146.9
4,146.9
4,146.9
5,146.9
5,146.9
6,144.9
6,144.9
0,142.9
0,142.9
1,142.7
1,142.7
2,137.5
2,137.5
3,137.5
3,137.5
4,137.5
4,137.5
5,137.5
5,136.9
6,136.9
6,136.9
0,135.4
0,131.9
1,130.9
1,129.4
2,128.45
2,126.9
3,126.9
3,126.9
4,126.9
4,126.9
5,126.4
5,126.4
6,126.4
6,126.4
0,125.23333333333335
0,125.23333333333335
1,124.4
1,124.4
2,124.4
2,124.4
3,123.90000000000002
3,123.90000000000002
4,123.4
4,123.4
5,123.4
5,123.4
6,137.15
6,137.15
0,150.9
0,150.9
1,150.9
1,150.9
2,150.65
2,150.65
3,150.15
3,150.15
4,149.9
4,149.9
5,149.9
5,147.9
6,146.9
6,146.9
0,145.9
0,141.9
1,141.4
1,141.4
2,140.9
2,140.9
3,140.9
3,140.9
4,140.9
4,140.9
5,140.9
5,140.9
6,140.9
6,140.9
0,140.9
0,140.4
1,140.4
1,139.8
2,139.7
2,139.05
3,138.9
3,138.4
4,140.4
4,139.65
5,136.43333333333334
5,134.5
6,134.5
6,134.5
0,134.5
0,134.5
1,134.5
1,133.9
2,132.76666666666668
2,131.05
3,130.9
3,130.4
4,130.4
4,129.9
5,129.9
5,160.9
6,160.9
6,160.9
0,160.4
0,160.4
1,159.9
1,159.9
2,159.4
2,159.4
3,158.4
3,158.4
4,157.9
4,155.9
5,155.9
5,153.9
6,153.9
6,153.9
0,153.4
0,153.4
1,151.4
1,151.4
2,149.9
2,146.9
3,145.9
3,145.9
4,144.9
4,144.9
5,143.4
5,141.9
6,141.9
6,141.9
0,141.9
0,140.9
1,140.9
1,140.9
2,139.9
2,137.9
3,137.9
3,137.9
4,135.9
4,135.9
5,133.4
5,133.4
6,133.4
6,132.7
0,132.7
0,131.9
1,131.9
1,131.9
2,131.9
2,131.9
3,160.9
3,160.9
4,160.9
4,160.9
5,160.9
5,160.9
6,160.9
6,160.9
0,160.9
0,160.9
1,160.9
1,160.9
2,159.9
2,159.9
3,159.9
3,158.7
4,157.9
4,156.5
5,155.9
5,155.9
6,155.9
6,155.9
0,154.7
0,152.7
1,150.9
1,150.9
2,150.9
2,150.9
3,145.9
3,143.4
4,140.9
4,138.9
5,137.9
5,137.5
6,137.5
6,137.5
0,137.5
0,137.5
1,137.5
1,136.9
2,135.5
2,135.5
3,162.9
3,162.9
4,162.9
4,162.9
5,162.9
5,162.4
6,162.4
6,162.4
0,162.4
0,162.4
1,162.4
1,159.9
2,159.4
2,159.4
3,159.4
3,158.9
4,158.9
4,158.9
5,158.9
5,158.9
6,158.9
6,158.9
0,158.9
0,158.9
1,158.9
1,158.9
2,158.9
2,158.9
3,158.9
3,158.9
4,158.9
4,158.9
5,158.9
5,158.9
6,158.9
6,158.9
0,158.9
0,158.9
1,158.9
1,158.9
2,158.9
2,158.9
3,158.9
3,158.9
4,158.9
4,158.9
5,158.9
5,158.9
6,158.9
6,158.9
0,158.9
0,158.9
1,158.9
1,158.9
2,158.9
2,158.9
3,158.9
3,158.9
4,158.9
4,158.9
5,158.9
5,158.9
6,158.9
6,158.9
0,158.9
0,158.9
1,158.9
1,158.9
2,158.9
2,158.9
3,158.9
3,158.9
4,158.9
4,158.9
5,158.9
5,158.9
6,158.9
6,158.9
0,158.9
0,158.9
1,158.9
1,158.9
2,158.9
2,158.9
3,158.9
3,158.9
4,158.9
4,158.9
5,158.9
5,158.9
6,158.9
6,158.9
0,158.9
0,158.9
1,158.9
1,158.9
2,158.9
2,158.9
3,158.9
3,158.9
4,158.9
4,158.9
5,158.9
5,158.9
6,158.9
6,158.9
0,158.9
0,158.9
1,158.9
1,158.9
2,158.9
2,158.9
3,158.9
3,158.9
4,158.9
4,158.9
5,158.9
5,158.9
6,158.9
6,158.9
0,158.9
0,158.9
1,158.9
1,158.9
2,158.9
2,158.9
3,158.9
3,158.9
4,158.9
4,158.9
5,158.9
5,158.9
6,158.9
6,158.9
0,158.9
0,158.9
1,158.9
1,158.9
2,158.9
2,158.9
3,158.9
3,158.9
4,158.9
4,158.9
5,158.9
5,158.9
6,158.9
6,158.9
0,158.9
0,158.9
1,158.9
1,158.9
2,158.9
2,158.9
3,158.9
3,158.9
4,158.9
4,158.9
5,158.9
5,158.9
6,158.9
6,158.9
0,158.9
0,158.9
1,158.9
1,158.9
2,158.9
2,158.9
3,158.9
3,158.9
4,158.9
4,158.9
5,158.9
5,158.9
6,158.9
6,158.9
0,158.9
0,158.9
1,158.9
1,158.9
2,158.9
2,158.9
3,158.9
3,158.9
4,158.9
4,158.9
5,158.9
5,158.9
6,158.9
6,158.9
0,158.9
0,158.9
1,158.9
1,158.9
2,158.9
2,158.9
3,158.9
3,158.9
4,158.9
4,158.9
5,158.9
5,158.9
6,158.9
6,158.9
0,158.9
0,158.9
1,158.9
1,158.9
2,158.9
2,158.9
3,158.9
3,158.9
4,158.9
4,158.9
5,158.9
5,158.9
6,158.9
6,158.9
0,158.9
0,158.9
1,158.9
1,158.9
2,158.9
2,158.9
3,158.9
3,158.9
4,158.9
4,158.9
5,158.9
5,158.9
6,158.9
6,158.9
0,158.9
0,158.9
1,158.9
1,158.9
2,158.9
2,158.9
3,158.9
3,158.9
4,158.9
4,158.9
5,158.9
5,158.9
6,158.9
6,158.9
0,158.9
0,158.9
1,158.9
1,158.9
2,158.9
2,158.9
3,158.9
3,158.9
4,158.9
4,158.9
5,158.9
5,158.9
6,158.9
6,158.9
0,158.9
0,158.9
1,158.9
1,158.9
2,158.9
2,158.9
3,158.9
3,158.9
4,158.9
4,158.9
5,158.9
5,158.9
6,158.9
6,158.9
0,158.9
0,158.9
1,158.9
1,158.9
2,158.9
2,158.9
3,158.9
3,158.9
4,158.9
4,158.9
5,158.9
5,158.9
6,158.9
6,158.9
0,158.9
0,158.9
1,158.9
1,158.9
2,158.9
2,158.9
3,158.9
3,158.9
4,158.9
4,158.9
5,158.9
5,158.9
6,158.9
6,158.9
0,158.9
0,158.9
1,158.9
1,158.9
2,158.9
2,158.9
3,158.9
3,158.9
4,158.9
4,158.9
5,158.9
5,158.9
6,158.9
6,158.9
0,158.9
0,158.9
1,158.9
1,158.9
2,158.9
2,158.9
3,158.9
3,158.9
4,158.9
4,158.9
5,158.9
5,158.9
6,158.9
6,158.9
0,158.9
0,158.9
1,158.9
1,158.9
2,158.9
2,141.9
3,141.9
3,141.9
4,169.9
4,169.9
5,169.9
5,169.9
6,169.9
6,169.9
0,169.9
0,167.9
1,165.9
1,163.9
2,163.9
2,161.9
3,161.9
3,161.9
4,160.9
4,160.9
5,160.9
5,160.9
6,159.9
6,159.9
0,159.9
0,159.9
1,159.9
1,159.9
2,159.9
2,159.9
3,159.9
3,158.9
4,158.9
4,158.9
5,158.9
5,158.9
6,158.9
6,158.9
0,158.9
0,158.9
1,154.9
1,174.9
2,174.9
2,174.9
3,174.9
3,174.9
4,174.9
4,174.9
5,174.4
5,174.4
6,174.4
6,174.4
