0,0
0,0
1,0
1,127.7
2,127.7
2,127.7
3,123.2
3,123.2
4,123.2
4,123.2
5,123.2
5,123.2
6,119.7
6,117.7
0,117.7
0,117.7
1,117.7
1,117.7
2,117.7
2,117.7
3,117.7
3,117.7
4,116.7
4,116.7
5,116.7
5,116.7
6,116.7
6,116.7
0,116.7
0,116.7
1,116.7
1,116.7
2,117.7
2,117.7
3,143.7
3,143.7
4,143.7
4,143.7
5,143.7
5,143.7
6,143.7
6,143.7
0,143.7
0,143.7
1,140.7
1,140.7
2,140.7
2,140.7
3,140.7
3,140.7
4,140.7
4,140.7
5,131.7
5,131.7
6,131.7
6,131.7
0,129.7
0,127.7
1,127.7
1,127.7
2,126.7
2,126.7
3,126.7
3,125.7
4,125.7
4,125.7
5,125.7
5,125.7
6,125.7
6,125.7
0,125.7
0,125.7
1,125.7
1,125.7
2,125.7
2,125.7
3,125.7
3,125.7
4,125.7
4,125.7
5,125.7
5,125.7
6,125.7
6,125.7
0,125.7
0,125.7
1,125.7
1,125.7
2,125.7
2,125.7
3,125.7
3,127.7
4,127.7
4,127.7
5,127.7
5,127.7
6,127.7
6,127.7
0,127.7
0,127.7
1,127.7
1,127.7
2,127.7
2,127.7
3,125.7
3,125.7
4,144.7
4,144.7
5,144.7
5,144.7
6,144.7
6,144.7
0,144.7
0,144.7
1,144.7
1,144.7
2,144.7
2,144.7
3,137.7
3,137.7
4,137.7
4,137.7
5,137.7
5,137.7
6,137.7
6,137.7
0,137.7
0,137.7
1,137.7
1,137.7
2,137.7
2,137.7
3,137.7
3,137.7
4,137.7
4,137.7
5,137.7
5,137.7
6,137.7
6,137.7
0,137.7
0,137.7
1,137.7
1,137.7
2,137.7
2,137.7
3,137.7
3,137.7
4,137.7
4,137.7
5,137.7
5,137.7
6,137.7
6,137.7
0,137.7
0,137.7
1,137.7
1,137.7
2,137.7
2,137.7
3,137.7
3,137.7
4,137.7
4,137.7
5,137.7
5,137.7
6,137.7
6,137.7
0,137.7
0,137.7
1,137.7
1,137.7
2,137.7
2,137.7
3,137.7
3,137.7
4,137.7
4,137.7
5,137.7
5,137.7
6,137.7
6,137.7
0,137.7
0,137.7
1,137.7
1,137.7
2,137.7
2,137.7
3,137.7
3,137.7
4,137.7
4,137.7
5,137.7
5,137.7
6,137.7
6,137.7
0,137.7
0,137.7
1,137.7
1,137.7
2,137.7
2,137.7
3,137.7
3,137.7
4,137.7
4,137.7
5,137.7
5,137.7
6,137.7
6,137.7
0,137.7
0,137.7
1,137.7
1,137.7
2,137.7
2,137.7
3,137.7
3,137.7
4,137.7
4,137.7
5,137.7
5,137.7
6,137.7
6,137.7
0,137.7
0,137.7
1,137.7
1,137.7
2,137.7
2,137.7
3,137.7
3,137.7
4,137.7
4,137.7
5,137.7
5,137.7
6,137.7
6,137.7
0,137.7
0,137.7
1,137.7
1,137.7
2,137.7
2,137.7
3,137.7
3,137.7
4,137.7
4,137.7
5,137.7
5,137.7
6,137.7
6,137.7
0,147.7
0,147.7
1,147.7
1,147.7
2,147.7
2,147.7
3,147.7
3,147.7
4,147.7
4,147.7
5,147.7
5,147.7
6,147.7
6,147.7
0,147.7
0,147.7
1,147.7
1,147.7
2,147.7
2,147.7
3,147.7
3,147.7
4,147.7
4,147.7
5,147.7
5,147.7
6,147.7
6,147.7
0,147.7
0,147.7
1,147.7
1,147.7
2,147.7
2,147.7
3,147.7
3,147.7
4,147.7
4,147.7
5,147.7
5,147.7
6,147.7
6,147.7
0,144.7
0,144.7
1,144.7
1,144.7
2,144.7
2,143.7
3,143.7
3,143.7
4,142.7
4,142.7
5,142.7
5,142.7
6,142.7
6,142.7
0,142.7
0,141.7
1,141.7
1,141.7
2,141.7
2,141.7
3,141.7
3,157.7
4,157.7
4,157.7
5,157.7
5,157.7
6,157.7
6,157.7
0,157.7
0,157.7
1,157.7
1,157.7
2,157.7
2,157.7
3,157.7
3,157.7
4,157.7
4,157.7
5,157.7
5,157.7
6,157.7
6,157.7
0,157.7
0,155.7
1,155.7
1,155.7
2,155.7
2,155.7
3,155.7
3,155.7
4,155.7
4,152.7
5,152.7
5,152.7
6,152.7
6,152.7
0,147.7
0,147.7
1,147.7
1,147.7
2,147.7
2,147.7
3,147.7
3,147.7
4,145.7
4,145.7
5,144.7
5,144.7
6,142.7
6,142.7
0,142.7
0,140.7
1,140.7
1,138.7
2,138.7
2,138.7
3,138.7
3,135.7
4,135.7
4,135.7
5,135.7
5,135.7
6,135.7
6,135.7
0,135.7
0,138.7
1,138.7
1,138.7
2,138.7
2,138.7
3,138.7
3,138.7
4,138.7
4,138.7
5,154.7
5,137.7
6,137.7
6,137.7
0,137.7
0,137.7
1,137.7
1,137.7
2,137.7
2,137.7
3,137.7
3,137.7
4,157.7
4,157.7
5,157.7
5,157.7
6,157.7
6,157.7
0,157.7
0,157.7
1,157.7
1,157.7
2,157.7
2,157.7
3,157.7
3,157.7
4,157.7
4,157.7
5,157.7
5,157.7
6,157.7
6,157.7
0,156.7
0,156.7
1,156.7
1,156.7
2,156.7
2,156.7
3,156.7
3,152.7
4,152.7
4,152.7
5,152.7
5,152.7
6,148.7
6,148.7
0,148.7
0,148.7
1,148.7
1,148.7
2,141.7
2,141.7
3,141.7
3,141.7
4,141.7
4,137.7
5,137.7
5,137.7
6,137.7
6,137.7
0,137.7
0,137.7
1,137.7
1,137.7
2,137.7
2,137.7
3,137.7
3,135.7
4,135.7
4,135.7
5,135.7
5,135.7
6,135.7
6,135.7
0,135.7
0,135.7
1,135.7
1,135.7
2,135.7
2,135.7
3,133.7
3,133.7
4,133.7
4,133.7
5,133.7
5,131.7
6,131.7
6,131.7
0,131.7
0,131.7
1,131.7
1,131.7
2,131.7
2,131.7
3,131.7
3,131.7
4,131.7
4,131.7
5,131.7
5,131.7
6,131.7
6,131.7
0,131.7
0,131.7
1,131.7
1,131.7
2,131.7
2,131.7
3,131.7
3,131.7
4,152.7
4,152.7
5,152.7
5,152.7
6,152.7
6,152.7
0,152.7
0,152.7
1,152.7
1,152.7
2,152.7
2,152.7
3,152.7
3,152.7
4,152.7
4,152.7
5,150.7
5,150.7
6,150.7
6,150.7
0,149.7
0,149.7
1,149.7
1,144.7
2,144.7
2,144.7
3,142.7
3,142.7
4,142.7
4,142.7
5,142.7
5,142.7
6,142.7
6,142.7
0,142.7
0,142.7
1,141.7
1,141.7
2,141.7
2,141.7
3,141.7
3,141.7
4,141.7
4,137.7
5,137.7
5,137.7
6,137.7
6,137.7
0,137.7
0,137.7
1,137.7
1,137.7
2,137.7
2,137.7
3,137.7
3,137.7
4,155.7
4,155.7
5,155.7
5,155.7
6,155.7
6,155.7
0,155.7
0,155.7
1,147.7
1,147.7
2,147.7
2,147.7
3,147.7
3,147.7
4,147.7
4,147.7
5,147.7
5,147.7
6,147.7
6,147.7
0,143.7
0,143.7
1,143.7
1,139.7
2,139.7
2,139.7
3,136.7
3,136.7
4,136.7
4,136.7
5,136.7
5,136.7
6,136.7
6,136.7
0,136.7
0,136.7
1,136.7
1,136.7
2,136.7
2,136.7
3,136.7
3,134.7
4,135.9
4,135.9
5,135.9
5,135.9
6,135.9
6,135.9
0,135.9
0,135.9
1,135.9
1,135.9
2,135.9
2,135.9
3,135.9
3,135.9
4,154.9
4,154.9
5,154.9
5,154.9
6,154.9
6,154.9
0,154.9
0,152.9
1,152.9
1,152.9
2,147.9
2,147.9
3,142.9
3,142.9
4,142.9
4,139.9
5,139.9
5,140.9
6,140.9
6,140.9
0,140.9
0,140.9
1,136.9
1,136.9
2,138.9
2,138.9
3,136.9
3,136.9
4,136.9
4,136.9
5,136.9
5,136.9
6,136.9
6,136.9
0,134.9
0,134.9
1,134.9
1,134.9
2,134.9
2,134.9
3,131.9
3,131.9
4,131.9
4,129.9
5,129.9
5,129.9
6,129.9
6,129.9
0,129.9
0,129.9
1,129.9
1,129.9
2,129.9
2,129.9
3,129.9
3,129.9
4,129.9
4,129.9
5,129.9
5,129.9
6,129.9
6,129.9
0,129.9
0,129.9
1,129.9
1,129.9
2,129.9
2,129.9
3,129.9
3,129.9
4,129.9
4,148.9
5,148.9
5,148.9
6,148.9
6,148.9
0,148.9
0,148.9
1,148.9
1,148.9
2,146.9
2,146.9
3,146.9
3,146.9
4,146.9
4,146.9
5,146.9
5,144.9
6,144.9
6,144.9
0,144.9
0,142.4
1,142.4
1,142.4
2,136.9
2,136.9
3,136.9
3,136.9
4,136.9
4,133.9
5,133.9
5,133.9
6,133.9
6,133.9
0,133.9
0,131.9
1,130.9
1,130.9
2,129.9
2,129.9
3,129.9
3,129.9
4,129.9
4,129.9
5,129.9
5,129.9
6,129.9
6,129.9
0,129.9
0,129.9
1,129.9
1,129.9
2,129.9
2,130.9
3,130.9
3,131.9
4,131.9
4,131.9
5,132.9
5,132.9
6,132.9
6,132.9
0,132.9
0,132.9
1,132.9
1,132.9
2,132.9
2,132.9
3,133.9
3,133.9
4,133.9
4,133.9
5,133.9
5,133.9
6,133.9
6,133.9
0,133.9
0,133.9
1,133.9
1,133.9
2,133.9
2,133.9
3,133.9
3,133.9
4,133.9
4,133.9
5,133.9
5,133.9
6,133.9
6,133.9
0,133.9
0,133.9
1,133.9
1,133.9
2,133.9
2,133.9
3,133.9
3,133.9
4,133.9
4,133.9
5,133.9
5,133.9
6,133.9
6,133.9
0,133.9
0,133.9
1,133.9
1,133.9
2,133.9
2,133.9
3,133.9
3,133.9
4,133.9
4,133.9
5,133.9
5,133.9
6,133.9
6,133.9
0,133.9
0,133.9
1,133.9
1,133.9
2,133.9
2,133.9
3,133.9
3,133.9
4,133.9
4,133.9
5,133.9
5,136.9
6,136.9
6,136.9
0,136.9
0,136.9
1,136.9
1,136.9
2,136.9
2,136.9
3,136.9
3,136.9
4,136.9
4,136.9
5,136.9
5,136.9
6,136.9
6,136.9
0,136.9
0,136.9
1,136.9
1,136.9
2,136.9
2,136.9
3,136.9
3,136.9
4,136.9
4,136.9
5,136.9
5,136.9
6,136.9
6,136.9
0,136.9
0,136.9
1,136.9
1,136.9
2,136.9
2,136.9
3,136.9
3,136.9
4,136.9
4,136.9
5,136.9
5,136.9
6,136.9
6,136.9
0,136.9
0,136.9
1,157.9
1,157.9
2,157.9
2,157.9
3,157.9
3,157.9
4,157.9
4,157.9
5,157.9
5,157.9
6,154.9
6,154.9
0,154.9
0,154.9
1,154.9
1,148.9
2,148.9
2,146.9
3,146.9
3,141.9
4,141.9
4,141.9
5,141.9
5,141.9
6,141.9
6,141.9
0,139.9
0,139.9
1,139.9
1,139.9
2,139.9
2,139.9
3,138.9
3,138.9
4,138.9
4,138.9
5,138.9
5,138.9
6,158.9
6,158.9
0,158.9
0,158.9
1,158.9
1,158.9
2,158.9
2,158.9
3,158.9
3,158.9
4,156.9
4,156.9
5,156.9
5,156.9
6,156.9
6,156.9
0,153.9
0,153.9
1,153.9
1,153.9
2,153.9
2,153.9
3,153.9
3,153.9
4,153.9
4,153.9
5,153.9
5,153.9
6,150.9
6,150.9
0,150.9
0,150.9
1,148.9
1,147.9
2,147.9
2,145.9
3,143.9
3,143.9
4,143.9
4,143.9
5,143.9
5,143.9
6,143.9
6,143.9
0,164.9
0,164.9
1,164.9
1,164.9
2,164.9
2,164.9
3,164.9
3,164.9
4,164.9
4,164.9
5,164.9
5,164.9
6,164.9
6,164.9
0,160.9
0,160.9
1,160.9
1,160.9
2,160.9
2,158.9
3,158.9
3,158.9
4,158.9
4,158.9
5,158.9
5,158.9
6,158.9
6,158.9
0,158.9
0,158.9
1,158.9
1,155.9
2,151.9
2,151.9
3,151.9
3,150.9
4,150.9
4,150.9
5,148.9
5,148.9
6,148.9
6,148.9
0,148.9
0,147.9
1,147.9
1,147.9
2,147.9
2,147.9
3,147.9
3,144.9
4,144.9
4,168.9
5,168.9
5,168.9
6,168.9
6,166.9
0,166.9
0,166.9
1,166.9
1,166.9
2,166.9
2,166.9
3,166.9
3,166.9
4,162.9
4,162.9
5,162.9
5,162.9
6,162.9
6,162.9
0,161.9
0,161.9
1,161.9
1,161.9
2,158.9
2,158.9
3,158.9
3,158.9
4,158.9
4,158.9
5,156.9
5,156.9
6,156.9
6,156.9
0,156.9
0,156.9
1,154.9
1,154.9
2,154.9
2,154.9
3,154.9
3,150.9
4,150.9
4,150.9
5,150.9
5,150.9
6,147.9
6,147.9
0,147.9
0,147.9
1,147.9
1,147.9
2,147.9
2,147.9
3,147.9
3,147.9
4,147.9
4,147.9
5,147.9
5,147.9
6,147.9
6,147.9
0,147.9
0,147.9
1,147.9
1,147.9
2,147.9
2,162.9
3,162.9
3,162.9
4,162.9
4,159.9
5,159.9
5,159.9
6,159.9
6,159.9
0,157.9
0,157.9
1,157.9
1,157.9
2,157.9
2,157.9
3,157.9
3,156.9
4,156.9
4,156.9
5,154.9
5,154.9
6,154.9
6,152.9
0,150.9
0,150.9
1,150.9
1,150.9
2,150.9
2,148.9
3,147.9
3,147.9
4,146.9
4,146.9
5,146.9
5,146.9
6,146.9
6,146.9
0,146.9
0,146.9
1,146.9
1,146.9
2,146.9
2,146.9
3,145.9
3,145.9
4,145.9
4,144.9
5,144.9
5,144.9
6,144.9
6,144.9
0,144.9
0,144.9
1,144.9
1,144.9
2,144.9
2,144.9
3,144.9
3,144.9
4,144.9
4,144.9
5,144.9
5,144.9
6,144.9
6,144.9
0,144.9
0,144.9
1,144.9
1,144.9
2,144.9
2,144.9
3,144.9
3,144.9
4,166.9
4,166.9
5,166.9
5,166.9
6,165.9
6,164.9
0,164.9
0,164.9
1,160.9
1,160.9
2,160.9
2,158.9
3,157.9
3,155.9
4,153.9
4,153.9
5,152.9
5,152.9
6,152.9
6,152.9
0,151.9
0,150.9
1,150.9
1,149.9
2,144.9
2,144.9
3,144.9
3,143.9
4,142.9
4,142.9
5,142.9
5,142.9
6,142.9
6,142.9
0,142.9
0,142.9
1,141.9
1,141.9
2,141.9
2,141.9
3,141.9
3,140.9
4,140.9
4,140.9
5,140.9
5,140.9
6,140.9
6,140.9
0,140.9
0,140.9
1,140.9
1,140.9
2,161.9
2,140.5
3,140.5
3,140.5
4,140.5
4,140.5
5,140.5
5,140.5
6,140.5
6,140.5
0,140.5
0,140.5
1,140.5
1,140.5
2,140.5
2,140.5
3,140.5
3,141.9
4,141.9
4,141.9
5,141.9
5,141.9
6,141.9
6,141.9
0,141.9
0,143.9
1,143.9
1,143.9
2,143.9
2,143.9
3,143.9
3,143.9
4,143.9
4,145.9
5,145.9
5,145.9
6,145.9
6,145.9
0,145.9
0,145.9
1,145.9
1,145.9
2,145.9
2,145.9
3,145.9
3,145.9
4,168.9
4,164.9
5,164.9
5,164.9
6,164.9
6,164.9
0,164.9
0,164.9
1,163.9
1,163.9
2,162.9
2,161.9
3,161.9
3,160.9
4,160.9
4,160.9
5,158.9
5,158.9
6,158.9
6,158.9
0,157.9
0,157.9
1,157.9
1,157.9
2,157.9
2,157.9
3,157.9
3,157.9
4,157.9
4,157.9
5,157.9
5,157.9
6,157.9
6,157.9
0,157.9
0,156.9
1,156.9
1,155.9
2,155.9
2,155.9
3,155.9
3,155.9
4,155.9
4,155.9
5,155.9
5,155.9
6,155.9
6,155.9
