0,0
0,0
1,0
1,0
2,0
2,0
3,0
3,0
4,0
4,0
5,0
5,0
6,0
6,0
0,0
0,0
1,0
1,0
2,0
2,0
3,0
3,0
4,0
4,0
5,0
5,0
6,0
6,0
0,0
0,0
1,0
1,0
2,0
2,0
3,0
3,0
4,0
4,0
5,0
5,0
6,0
6,0
0,0
0,0
1,0
1,0
2,0
2,0
3,0
3,0
4,0
4,0
5,0
5,0
6,0
6,0
0,0
0,0
1,0
1,0
2,0
2,0
3,0
3,0
4,0
4,0
5,0
5,0
6,0
6,0
0,0
0,0
1,0
1,0
2,0
2,0
3,0
3,0
4,0
4,0
5,0
5,0
6,0
6,0
0,0
0,0
1,0
1,0
2,0
2,0
3,0
3,0
4,0
4,0
5,0
5,0
6,0
6,0
0,0
0,0
1,0
1,0
2,0
2,0
3,0
3,0
4,0
4,0
5,0
5,0
6,0
6,0
0,0
0,0
1,0
1,0
2,0
2,0
3,0
3,0
4,0
4,0
5,0
5,0
6,0
6,0
0,0
0,0
1,0
1,0
2,0
2,0
3,0
3,0
4,0
4,0
5,0
5,0
6,0
6,0
0,0
0,0
1,0
1,0
2,0
2,0
3,0
3,0
4,0
4,0
5,0
5,0
6,0
6,0
0,0
0,0
1,0
1,0
2,0
2,0
3,0
3,0
4,0
4,0
5,0
5,0
6,0
6,0
0,0
0,0
1,0
1,0
2,0
2,0
3,0
3,0
4,0
4,0
5,0
5,0
6,0
6,0
0,0
0,0
1,0
1,0
2,0
2,0
3,0
3,0
4,0
4,0
5,0
5,0
6,0
6,0
0,0
0,0
1,0
1,0
2,0
2,0
3,0
3,0
4,0
4,0
5,0
5,0
6,0
6,0
0,0
0,0
1,0
1,0
2,0
2,0
3,0
3,0
4,0
4,0
5,0
5,0
6,0
6,0
0,0
0,0
1,0
1,0
2,0
2,0
3,0
3,0
4,0
4,0
5,0
5,0
6,0
6,0
0,0
0,0
1,0
1,0
2,0
2,0
3,0
3,0
4,0
4,0
5,0
5,0
6,0
6,0
0,0
0,0
1,0
1,0
2,0
2,0
3,0
3,0
4,0
4,0
5,0
5,0
6,0
6,0
0,0
0,0
1,0
1,0
2,0
2,0
3,0
3,0
4,0
4,0
5,0
5,0
6,0
6,0
0,0
0,0
1,0
1,0
2,0
2,0
3,0
3,0
4,0
4,0
5,0
5,0
6,0
6,0
0,0
0,0
1,0
1,0
2,0
2,0
3,0
3,0
4,0
4,0
5,0
5,0
6,0
6,0
0,0
0,0
1,0
1,0
2,0
2,0
3,0
3,0
4,0
4,0
5,0
5,0
6,0
6,0
0,0
0,0
1,0
1,0
2,0
2,0
3,0
3,0
4,0
4,0
5,0
5,0
6,0
6,0
0,0
0,0
1,0
1,0
2,0
2,0
3,0
3,0
4,0
4,0
5,0
5,0
6,0
6,0
0,0
0,0
1,0
1,0
2,0
2,0
3,0
3,0
4,0
4,0
5,0
5,0
6,0
6,0
0,0
0,0
1,0
1,0
2,0
2,117.9
3,117.9
3,117.9
4,117.9
4,117.9
5,117.9
5,117.9
6,117.9
6,117.9
0,117.9
0,117.9
1,117.9
1,117.9
2,117.9
2,117.9
3,117.9
3,117.9
4,117.9
4,117.9
5,117.9
5,117.9
6,117.9
6,117.9
0,117.9
0,117.9
1,117.9
1,117.9
2,117.9
2,117.9
3,117.9
3,144.9
4,144.9
4,144.9
5,144.9
5,144.9
6,144.9
6,141.9
0,141.9
0,141.9
1,141.9
1,141.9
2,141.9
2,138.9
3,138.9
3,136.9
4,136.9
4,131.9
5,131.9
5,131.9
6,131.9
6,131.9
0,129.9
0,129.9
1,129.9
1,129.9
2,129.9
2,129.9
3,129.9
3,129.9
4,129.9
4,126.9
5,126.9
5,126.9
6,126.9
6,126.9
0,126.9
0,124.9
1,124.9
1,121.9
2,121.9
2,121.9
3,121.9
3,121.9
4,121.9
4,121.9
5,121.9
5,121.9
6,121.9
6,117.9
0,117.9
0,117.9
1,117.9
1,117.9
2,117.9
2,117.9
3,117.9
3,115.9
4,115.9
4,115.9
5,115.9
5,115.9
6,115.9
6,115.9
0,115.9
0,115.9
1,115.9
1,115.9
2,115.9
2,115.9
3,115.9
3,115.9
4,115.9
4,115.9
5,115.9
5,115.9
6,115.9
6,115.9
0,115.9
0,115.9
1,111.9
1,111.9
2,111.9
2,111.9
3,111.9
3,111.9
4,111.9
4,111.9
5,111.9
5,111.9
6,111.9
6,111.9
0,111.9
0,111.9
1,111.9
1,111.9
2,111.9
2,109.9
3,109.9
3,109.9
4,109.9
4,109.9
5,109.9
5,139.9
6,139.9
6,139.9
0,139.9
0,139.9
1,139.9
1,136.9
2,136.9
2,136.9
3,136.9
3,136.9
4,136.9
4,136.9
5,136.9
5,136.9
6,136.9
6,131.9
0,131.9
0,131.9
1,131.9
1,131.9
2,131.9
2,131.9
3,131.9
3,131.9
4,131.9
4,131.9
5,131.9
5,131.9
6,131.9
6,131.9
0,131.9
0,131.9
1,131.9
1,131.9
2,131.9
2,131.9
3,119.9
3,119.9
4,119.9
4,119.9
5,119.9
5,119.9
6,119.9
6,119.9
0,119.9
0,119.9
1,119.9
1,119.9
2,119.9
2,119.9
3,119.9
3,119.9
4,119.9
4,119.9
5,119.9
5,119.9
6,139.9
6,139.9
0,139.9
0,139.9
1,139.9
1,139.9
2,139.9
2,139.9
3,139.9
3,139.9
4,139.9
4,130.9
5,130.9
5,130.9
6,130.9
6,130.9
0,130.9
0,125.4
1,125.4
1,125.4
2,125.4
2,125.4
3,125.4
3,125.4
4,125.4
4,125.4
5,125.4
5,125.4
6,125.4
6,125.4
0,125.4
0,115.9
1,115.9
1,115.9
2,115.9
2,115.9
3,115.9
3,115.9
4,115.9
4,115.9
5,115.9
5,115.9
6,115.9
6,115.9
0,115.9
0,115.9
1,115.9
1,115.9
2,115.9
2,141.9
3,141.9
3,141.9
4,141.9
4,141.9
5,141.9
5,141.9
6,141.9
6,141.9
0,139.9
0,139.9
1,139.9
1,139.9
2,139.9
2,139.9
3,139.9
3,139.9
4,139.9
4,139.9
5,139.9
5,139.9
6,139.9
6,139.9
0,139.9
0,139.9
1,127.9
1,127.9
2,127.9
2,127.9
3,121.9
3,121.9
4,121.9
4,121.9
5,121.9
5,121.9
6,121.9
6,121.9
0,121.9
0,121.9
1,121.9
1,121.9
2,111.9
2,111.9
3,111.9
3,111.9
4,111.9
4,111.9
5,111.9
5,111.9
6,111.9
6,111.9
0,111.9
0,111.9
1,111.9
1,111.9
2,111.9
2,111.9
3,111.9
3,111.9
4,111.9
4,111.9
5,111.9
5,111.9
6,111.9
6,111.9
0,105.5
0,105.5
1,105.5
1,105.5
2,105.5
2,105.5
3,105.5
3,131.9
4,131.9
4,131.9
5,131.9
5,131.9
6,131.9
6,130.9
0,130.9
0,129.9
1,129.9
1,129.9
2,129.9
2,127.9
3,127.9
3,125.9
4,125.9
4,125.9
5,125.9
5,125.9
6,125.9
6,125.9
0,123.9
0,121.9
1,121.9
1,118.9
2,118.9
2,118.9
3,118.9
3,113.9
4,113.9
4,113.9
5,113.9
5,113.9
6,113.9
6,111.9
0,111.9
0,111.9
1,111.9
1,107.9
2,107.9
2,107.9
3,107.9
3,107.9
4,107.9
4,107.9
5,107.9
5,107.9
6,107.9
6,107.9
0,107.9
0,107.9
1,107.9
1,107.9
2,107.9
2,107.9
3,107.9
3,107.9
4,107.9
4,134.9
5,134.9
5,134.9
6,134.9
6,134.9
0,134.9
0,134.9
1,134.9
1,134.9
2,134.9
2,134.9
3,134.9
3,134.9
4,133.9
4,130.9
5,129.9
5,129.9
6,129.9
6,129.9
0,129.9
0,124.9
1,124.9
1,124.9
2,124.9
2,124.9
3,124.9
3,120.9
4,120.9
4,120.9
5,120.9
5,120.9
6,117.9
6,117.9
0,117.9
0,116.4
1,116.4
1,116.4
2,116.4
2,116.4
3,116.4
3,116.4
4,116.4
4,111.9
5,111.9
5,111.9
6,111.9
6,111.9
0,111.9
0,111.9
1,111.9
1,111.9
2,111.9
2,111.9
3,111.9
3,111.9
4,111.9
4,111.9
5,111.9
5,111.9
6,111.9
6,111.9
0,141.9
0,141.9
1,141.9
1,141.9
2,141.9
2,141.9
3,139.9
3,137.9
4,137.9
4,136.9
5,136.9
5,136.9
6,136.9
6,136.9
0,133.9
0,132.9
1,132.9
1,129.9
2,127.9
2,127.9
3,125.9
3,124.9
4,124.9
4,124.9
5,124.9
5,124.9
6,124.9
6,119.9
0,119.9
0,118.9
1,118.9
1,117.9
2,117.9
2,117.9
3,117.9
3,117.9
4,117.9
4,115.9
5,115.9
5,115.9
6,115.9
6,115.9
0,115.9
0,115.9
1,115.9
1,115.9
2,115.9
2,115.9
3,115.9
3,142.9
4,142.9
4,142.9
5,142.9
5,142.9
6,142.9
6,142.9
0,142.9
0,142.9
1,142.9
1,140.9
2,140.9
2,140.9
3,140.9
3,138.9
4,138.9
4,136.9
5,136.9
5,136.9
6,136.9
6,130.9
0,130.9
0,130.9
1,130.9
1,124.9
2,124.9
2,124.9
3,124.9
3,120.9
4,120.9
4,118.9
5,118.9
5,118.9
6,118.9
6,118.9
0,116.9
0,116.9
1,116.9
1,116.9
2,116.9
2,116.9
3,116.9
3,116.9
4,144.9
4,144.9
5,144.9
5,144.9
6,144.9
6,144.9
0,144.9
0,144.9
1,144.9
1,144.9
2,144.9
2,141.9
3,141.9
3,141.9
4,141.9
4,141.9
5,141.9
5,141.9
6,141.9
6,141.9
0,141.9
0,141.9
1,141.9
1,141.9
2,141.9
2,141.9
3,138.9
3,138.9
4,138.9
4,138.9
5,138.9
5,135.9
6,135.9
6,135.9
0,133.9
0,133.9
1,133.9
1,133.9
2,133.9
2,129.9
3,129.9
3,129.9
4,129.9
4,129.9
5,150.9
5,150.9
6,150.9
6,150.9
0,150.9
0,150.9
1,150.9
1,150.9
2,150.9
2,150.9
3,150.9
3,148.9
4,148.9
4,148.9
5,146.9
5,146.9
6,146.9
6,146.9
0,146.9
0,146.9
1,144.9
1,144.9
2,144.9
2,144.9
3,144.9
3,144.9
4,144.9
4,144.9
5,144.9
5,144.9
6,144.9
6,144.9
0,136.9
0,136.9
1,132.9
1,132.9
2,132.9
2,132.9
3,132.9
3,132.9
4,132.9
4,132.9
5,132.9
5,132.9
6,132.9
6,132.9
0,132.9
0,128.9
1,128.9
1,126.9
2,126.9
2,126.9
3,126.9
3,126.9
4,126.9
4,150.9
5,150.9
5,150.9
6,150.9
6,150.9
0,150.9
0,149.9
1,148.9
1,148.9
2,148.9
2,148.9
3,148.9
3,148.9
4,148.9
4,148.9
5,148.9
5,148.9
6,148.9
6,148.9
0,148.9
0,148.9
1,148.9
1,142.9
2,142.9
2,138.9
3,138.9
3,138.9
4,138.9
4,136.9
5,132.9
5,132.9
6,132.9
6,132.9
0,132.9
0,132.9
1,132.9
1,132.9
2,131.9
2,131.9
3,131.9
3,131.9
4,131.9
4,129.9
5,129.9
5,129.9
6,129.9
6,129.9
0,129.9
0,129.9
1,129.9
1,128.9
2,128.9
2,128.9
3,128.9
3,128.9
4,128.9
4,128.9
5,150.9
5,150.9
6,150.9
6,150.9
0,150.9
0,150.9
1,150.9
1,150.9
2,150.9
2,150.9
3,148.9
3,148.9
4,148.9
4,148.9
5,148.9
5,146.9
6,146.9
6,146.9
0,142.9
0,142.9
1,142.9
1,142.9
2,138.9
2,138.9
3,138.9
3,132.9
4,132.9
4,132.9
5,132.9
5,132.9
6,132.9
6,132.9
0,132.9
0,132.9
1,132.9
1,127.9
2,127.9
2,127.9
3,127.9
3,127.9
4,127.9
4,127.9
5,127.9
5,127.9
6,127.9
6,127.9
0,127.9
0,127.9
1,127.9
1,127.9
2,127.9
2,127.9
3,127.9
3,127.9
4,127.9
4,127.9
5,127.9
5,127.9
6,124.9
6,124.9
0,124.9
0,124.9
1,124.9
1,124.9
2,124.9
2,124.9
3,124.9
3,124.9
4,124.9
4,124.9
5,124.9
5,124.9
6,124.9
6,124.9
0,124.9
0,124.9
1,124.9
1,124.9
2,124.9
2,150.9
3,150.9
3,150.9
4,150.9
4,150.9
5,150.9
5,150.9
6,150.9
6,150.9
0,150.9
0,149.9
1,149.9
1,149.9
2,149.9
2,149.9
3,145.9
3,142.9
4,142.9
4,142.9
5,142.9
5,142.9
6,142.9
6,142.9
0,137.9
0,137.9
1,137.9
1,132.9
2,132.9
2,132.9
3,132.9
3,132.9
4,132.9
4,132.9
5,132.9
5,132.9
6,132.9
6,127.9
0,127.9
0,127.9
1,127.9
1,125.9
2,125.9
2,125.9
3,125.9
3,125.9
4,125.9
4,125.9
5,125.9
5,125.9
6,125.9
6,125.9
0,125.9
0,150.9
1,150.9
1,150.9
2,150.9
2,150.9
3,150.9
3,146.9
4,146.9
4,146.9
5,146.9
5,146.9
6,146.9
6,144.9
0,142.9
0,142.9
1,142.9
1,138.9
2,138.9
2,138.9
3,138.9
3,135.9
4,135.9
4,132.9
5,132.9
5,132.9
6,132.9
6,132.9
0,132.9
0,132.9
1,132.9
1,129.9
2,129.9
2,129.9
3,129.9
3,129.9
4,129.9
4,129.9
5,129.9
5,129.9
6,129.9
6,129.9
0,129.9
0,129.9
1,129.9
1,129.9
2,129.9
2,129.9
3,129.9
3,129.9
4,129.9
4,154.9
5,154.9
5,154.9
6,154.9
6,154.9
0,154.9
0,153.9
1,153.9
1,151.9
2,151.9
2,151.9
3,151.9
3,151.9
4,151.9
4,151.9
5,145.9
5,145.9
6,145.9
6,145.9
0,145.9
0,143.9
1,143.9
1,143.9
2,143.9
2,139.9
3,139.9
3,139.9
4,139.9
4,139.9
5,139.9
5,139.9
6,139.9
6,139.9
0,136.9
0,136.9
1,136.9
1,136.9
2,158.9
2,158.9
3,158.9
3,158.9
4,158.9
4,158.9
5,156.9
5,156.9
6,156.9
6,156.9
