0,0
0,124.5
1,124.5
1,123.9
2,123.9
2,123.5
3,123.5
3,122.9
4,122.9
4,122.9
5,122.9
5,122.9
6,122.9
6,122.9
0,122.9
0,122.9
1,122.9
1,123.5
2,123.5
2,123.7
3,123.7
3,124.5
4,124.5
4,123.9
5,123.9
5,123.9
6,123.9
6,123.9
0,123.9
0,124.5
1,124.5
1,125.5
2,125.5
2,125.5
3,125.5
3,144.9
4,144.9
4,144.9
5,144.9
5,144.9
6,144.9
6,144.9
0,144.9
0,144.9
1,144.9
1,140.9
2,136.2
2,136.2
3,136.2
3,134.7
4,134.7
4,134.7
5,134.7
5,134.7
6,134.7
6,133.9
0,130.9
0,130.9
1,130.9
1,131.5
2,131.5
2,131.5
3,131.5
3,132.5
4,132.5
4,132.5
5,132.5
5,132.5
6,132.5
6,132.5
0,132.5
0,132.5
1,132.5
1,130.9
2,130.9
2,130.9
3,145.9
3,145.9
4,145.9
4,145.9
5,145.9
5,145.9
6,145.9
6,143.9
0,141.5
0,138.9
1,137.5
1,136.9
2,136.9
2,136.9
3,135.9
3,135.9
4,135.9
4,132.5
5,132.5
5,132.5
6,132.5
6,132.5
0,132.5
0,132.5
1,132.5
1,132.5
2,132.5
2,132.5
3,132.5
3,131.7
4,131.7
4,148.9
5,148.9
5,146.9
6,146.9
6,146.9
0,146.9
0,146.9
1,146.9
1,146.9
2,144.9
2,144.5
3,144.5
3,144.5
4,142.5
4,142.5
5,142.5
5,142.5
6,142.5
6,142.5
0,142.5
0,142.5
1,142.5
1,142.5
2,142.5
2,142.5
3,142.5
3,142.5
4,142.5
4,142.5
5,142.5
5,142.5
6,142.5
6,142.5
0,142.5
0,142.5
1,142.5
1,142.5
2,142.5
2,142.5
3,142.5
3,142.5
4,142.5
4,142.5
5,142.5
5,142.5
6,142.5
6,142.5
0,142.5
0,142.5
1,142.5
1,142.5
2,142.5
2,142.5
3,142.5
3,142.5
4,142.5
4,142.5
5,142.5
5,142.5
6,142.5
6,142.5
0,142.5
0,142.5
1,142.5
1,142.5
2,142.5
2,142.5
3,142.5
3,142.5
4,142.5
4,142.5
5,142.5
5,142.5
6,142.5
6,142.5
0,142.5
0,142.5
1,142.5
1,142.5
2,142.5
2,142.5
3,142.5
3,142.5
4,142.5
4,142.5
5,142.5
5,142.5
6,142.5
6,142.5
0,142.5
0,142.5
1,142.5
1,142.5
2,142.5
2,142.5
3,142.5
3,142.5
4,142.5
4,142.5
5,142.5
5,142.5
6,142.5
6,142.5
0,142.5
0,142.5
1,142.5
1,142.5
2,142.5
2,142.5
3,142.5
3,142.5
4,142.5
4,142.5
5,142.5
5,142.5
6,142.5
6,142.5
0,142.5
0,142.5
1,142.5
1,142.5
2,142.5
2,142.5
3,142.5
3,142.5
4,142.5
4,142.5
5,142.5
5,142.5
6,142.5
6,142.5
0,142.5
0,142.5
1,142.5
1,142.5
2,142.5
2,142.5
3,134.4
3,134.4
4,134.4
4,149.9
5,149.9
5,149.9
6,149.9
6,149.9
0,149.9
0,149.9
1,149.9
1,149.9
2,149.9
2,149.9
3,149.9
3,149.9
4,149.9
4,149.9
5,149.9
5,149.9
6,149.9
6,149.9
0,149.9
0,149.9
1,149.5
1,145.9
2,144.9
2,144.9
3,144.9
3,144.9
4,144.9
4,144.9
5,144.9
5,144.9
6,144.9
6,144.9
0,144.9
0,144.9
1,142.9
1,142.9
2,141.9
2,141.9
3,141.9
3,142.5
4,142.5
4,142.5
5,142.9
5,142.9
6,142.9
6,142.9
0,142.9
0,142.9
1,142.9
1,142.9
2,142.9
2,144.4
3,144.4
3,144.4
4,144.9
4,144.9
5,145.5
5,145.5
6,145.5
6,145.5
0,145.5
0,145.5
1,145.5
1,145.5
2,145.5
2,145.5
3,146.5
3,162.9
4,162.9
4,162.9
5,160.9
5,160.9
6,160.9
6,160.9
0,160.9
0,160.9
1,160.9
1,160.9
2,159.9
2,159.9
3,159.9
3,156.9
4,155.9
4,155.9
5,155.9
5,155.9
6,155.9
6,155.9
0,152.9
0,152.9
1,152.9
1,150.9
2,150.9
2,150.9
3,150.9
3,147.9
4,147.9
4,147.9
5,147.9
5,147.9
6,147.9
6,144.9
0,144.9
0,144.9
1,144.9
1,144.9
2,144.9
2,143.5
3,143.5
3,143.5
4,143.5
4,143.5
5,143.5
5,143.5
6,143.5
6,143.5
0,143.5
0,143.5
1,144.5
1,144.5
2,144.5
2,144.5
3,144.5
3,144.5
4,144.5
4,144.5
5,144.9
5,144.9
6,144.9
6,144.9
0,144.9
0,144.9
1,144.9
1,144.9
2,144.9
2,144.9
3,144.9
3,144.9
4,144.9
4,144.9
5,144.9
5,144.9
6,144.9
6,144.9
0,144.9
0,144.9
1,144.9
1,144.9
2,144.9
2,144.9
3,144.9
3,144.9
4,162.9
4,161.9
5,161.9
5,161.9
6,161.9
6,161.9
0,161.9
0,161.9
1,161.9
1,161.9
2,160.9
2,160.9
3,160.9
3,159.9
4,159.9
4,155.9
5,155.9
5,155.9
6,153.9
6,153.9
0,153.9
0,151.9
1,151.9
1,148.9
2,146.9
2,146.9
3,146.9
3,146.9
4,144.5
4,144.5
5,144.5
5,144.5
6,144.5
6,144.5
0,144.5
0,144.5
1,140.7
1,140.7
2,140.7
2,140.5
3,140.5
3,140.5
4,140.5
4,140.5
5,141.4
5,141.4
6,141.4
6,141.4
0,141.4
0,141.4
1,141.4
1,141.4
2,141.2
2,141.2
3,140.5
3,140.5
4,140.5
4,140.5
5,139.2
5,139.2
6,139.2
6,139.2
0,139.2
0,139.2
1,139.2
1,139.2
2,138.35
2,138.35
3,138.35
3,138.35
4,138.35
4,138.35
5,138.35
5,138.35
6,138.35
6,138.35
0,138.35
0,138.35
1,138.35
1,138.35
2,138.35
2,138.35
3,138.5
3,138.5
4,138.9
4,138.9
5,139.3
5,139.3
6,139.3
6,139.3
0,139.3
0,139.3
1,139.8
1,139.8
2,140.7
2,140.7
3,141.3
3,141.3
4,142.1
4,142.1
5,157.9
5,157.9
6,157.9
6,157.9
0,157.9
0,157.9
1,157.9
1,155.9
2,155.9
2,153.9
3,150.9
3,150.9
4,150.9
4,150.9
5,150.9
5,150.9
6,150.9
6,150.9
0,150.9
0,150.9
1,147.9
1,144.9
2,144.9
2,145.8
3,145.8
3,145.8
4,144.5
4,144.5
5,144.2
5,144.2
6,144.2
6,144.2
0,144.2
0,144.2
1,144.2
1,144.2
2,144.2
2,144.2
3,143.3
3,142.5
4,142.5
4,142.5
5,141.9
5,141.9
6,141.9
6,141.9
0,141.9
0,141.9
1,141.4
1,141.4
2,141.4
2,141.4
3,140.9
3,140.9
4,139.9
4,139.9
5,156.9
5,139.9
6,139.9
6,139.9
0,157.9
0,157.9
1,150.4
1,150.4
2,146.4
2,146.4
3,145.9
3,145.9
4,145.9
4,145.9
5,145.9
5,145.9
6,143.9
6,143.9
0,142.9
0,142.9
1,140.5
1,140.5
2,141.4
2,141.4
3,141.7
3,141.7
4,141.7
4,141.7
5,141.7
5,141.7
6,141.7
6,141.7
0,141.7
0,141.7
1,141.7
1,141.7
2,141.7
2,141.7
3,141.7
3,141.7
4,142.9
4,142.9
5,142.9
5,142.9
6,142.9
6,142.9
0,142.9
0,142.9
1,142.9
1,142.9
2,142.9
2,159.9
3,159.9
3,159.9
4,159.9
4,159.9
5,159.9
5,159.9
6,159.9
6,159.9
0,159.9
0,154.5
1,154.5
1,154.5
2,154.5
2,151.5
3,147.9
3,147.9
4,146.9
4,146.9
5,145.9
5,145.9
6,145.9
6,145.9
0,144.9
0,144.9
1,144.9
1,140.9
2,140.9
2,140.5
3,137.5
3,137.5
4,136.9
4,136.9
5,136.3
5,136.3
6,136.3
6,136.3
0,136.3
0,136.3
1,135.7
1,135.7
2,135.3
2,135.3
3,134.6
3,134.6
4,134.2
4,134.2
5,133.9
5,133.9
6,133.9
6,133.9
0,133.9
0,133.9
1,133.9
1,133.9
2,133.9
2,133.9
3,133.9
3,133.9
4,134.3
4,134.3
5,134.9
5,134.9
6,134.9
6,134.9
0,134.9
0,134.9
1,134.9
1,134.9
2,134.9
2,134.9
3,135.7
3,135.7
4,150.9
4,150.9
5,150.9
5,150.9
6,150.9
6,150.9
0,150.9
0,149.9
1,149.9
1,149.9
2,148.9
2,148.9
3,147.9
3,147.5
4,143.5
4,143.5
5,142.4
5,142.4
6,142.4
6,142.4
0,135.9
0,135.9
1,135.7
1,135.7
2,136.3
2,136.3
3,136.3
3,136.3
4,135.7
4,135.7
5,135.7
5,135.7
6,136.4
6,136.4
0,136.4
0,136.4
1,136.4
1,136.8
2,136.8
2,136.8
3,136.6
3,136.6
4,136.9
4,136.9
5,137.2
5,137.2
6,137.2
6,137.2
0,137.2
0,137.2
1,137.2
1,137.2
2,137.8
2,137.8
3,138.7
3,138.7
4,138.7
4,138.7
5,138.7
5,138.7
6,138.7
6,138.7
0,138.7
0,152.9
1,154.9
1,154.9
2,154.9
2,154.9
3,153.9
3,153.9
4,150.4
4,148.9
5,148.9
5,148.9
6,145.7
6,145.7
0,144.5
0,144.5
1,142.9
1,142.9
2,142.9
2,142.9
3,142.9
3,142.9
4,140.39999999999998
4,140.39999999999998
5,140.39999999999998
5,140.39999999999998
6,140.39999999999998
6,140.39999999999998
0,140.39999999999998
0,140.39999999999998
1,140.39999999999998
1,140.39999999999998
2,141.2
2,141.2
3,141.2
3,141.2
4,141.9
4,141.9
5,141.9
5,141.9
6,141.9
6,141.9
0,141.9
0,141.9
1,141.6
1,141.6
2,141.7
2,141.7
3,141.7
3,141.7
4,142.1
4,142.1
5,142.1
5,142.1
6,161.9
6,161.9
0,161.9
0,161.9
1,160.9
1,160.9
2,160.9
2,160.9
3,159.9
3,159.9
4,159.9
4,159.9
5,155.9
5,155.9
6,155.9
6,155.9
0,149.10000000000002
0,144.9
1,144.9
1,143.7
2,143.7
2,143.7
3,143.6
3,143.6
4,143.3
4,143.3
5,143.3
5,143.3
6,143.3
6,143.3
0,143.3
0,143.3
1,143.6
1,143.6
2,143.6
2,143.6
3,143.9
3,143.9
4,143.8
4,143.8
5,143.8
5,143.8
6,143.8
6,143.8
0,143.8
0,143.8
1,143.8
1,143.8
2,143.6
2,143.6
3,143.8
3,143.8
4,144.2
4,162.9
5,162.9
5,162.9
6,162.9
6,162.9
0,162.9
0,162.9
1,162.9
1,161.9
2,161.9
2,155.9
3,155.9
3,155.9
4,150.5
4,150.5
5,149.9
5,149.9
6,147.5
6,147.5
0,145.9
0,145.9
1,145.9
1,143.5
2,143.5
2,143.8
3,143.8
3,143.8
4,143.9
4,143.9
5,143.9
5,143.9
6,143.9
6,143.9
0,143.9
0,143.9
1,143.8
1,143.8
2,144.2
2,144.2
3,144.5
3,144.5
4,144.5
4,163.9
5,163.9
5,163.9
6,163.9
6,163.9
0,163.9
0,163.9
1,159.9
1,159.9
2,159.9
2,159.9
3,159.9
3,159.9
4,159.9
4,159.9
5,159.9
5,159.9
6,159.9
6,159.9
0,159.9
0,159.9
1,159.9
1,158.9
2,158.9
2,158.9
3,156.9
3,156.9
4,153.4
4,153.4
5,148.7
5,148.7
6,148.7
6,148.7
0,148.7
0,148.7
1,148.9
1,148.9
2,148.9
2,149.4
3,150.3
3,150.3
4,150.7
4,150.7
5,151.3
5,151.3
6,151.3
6,167.9
0,167.9
0,167.9
1,167.9
1,167.9
2,167.9
2,167.9
3,167.9
3,167.9
4,167.9
4,167.9
5,167.9
5,167.9
6,167.9
6,167.9
0,166.9
0,166.9
1,166.9
1,164.9
2,164.9
2,163.9
3,162.9
3,159.9
4,159.9
4,159.9
5,158.9
5,158.9
6,158.9
6,157.9
0,156.5
0,152.9
1,152.9
1,152.1
2,152.1
2,152.1
3,152.2
3,152.2
4,152.2
4,152.2
5,152.2
5,152.2
6,152.2
6,152.2
0,152.2
0,152.2
1,152.2
1,152.2
2,152.2
2,152.2
3,168.9
3,168.9
4,168.9
4,168.9
5,168.9
5,168.9
6,168.9
6,168.9
0,168.9
0,167.9
1,167.9
1,167.9
2,157.9
2,157.9
3,157.9
3,157.9
4,157.9
4,157.9
5,157.9
5,157.9
6,157.9
6,157.9
0,154.9
0,154.9
1,154.9
1,154.9
2,154.9
2,154.9
3,154.5
3,150.9
4,150.7
4,150.7
5,150.7
5,150.7
6,150.7
6,150.7
0,150.7
0,150.7
1,150.7
1,150.7
2,150.7
2,150.7
3,150.7
3,150.7
4,150.7
4,150.7
5,150.7
5,150.7
6,150.7
6,150.7
0,150.7
0,150.7
1,150.7
1,150.9
2,150.9
2,150.9
3,150.9
3,150.9
4,150.9
4,150.9
5,168.9
5,168.9
6,167.9
6,167.9
0,167.9
0,161.5
1,161.5
1,161.5
2,161.5
2,161.5
3,161.5
3,161.5
4,157.9
4,157.9
5,156.9
5,156.9
6,156.9
6,156.9
0,156.9
0,156.9
1,156.9
1,156.9
2,155.9
2,155.9
3,151.5
3,151.5
4,151.9
4,151.9
5,151.2
5,151.2
6,151.2
6,151.2
0,151.2
0,151.2
1,151.2
1,151.2
2,150.8
2,150.8
3,150.9
3,150.9
4,151.4
4,151.4
5,151.4
5,151.4
6,151.4
6,151.4
0,151.4
0,151.4
1,151.4
1,151.4
2,151.7
2,151.7
3,151.7
3,151.7
4,151.7
4,151.7
5,152.4
5,152.4
6,152.4
6,152.4
0,152.4
0,152.4
1,152.9
1,152.9
2,152.9
2,152.9
3,153.2
3,153.2
4,153.2
4,153.2
5,153.2
5,153.2
6,153.2
6,153.2
0,153.2
0,153.2
1,151.9
1,151.9
2,151.9
2,168.9
3,168.9
3,168.9
4,168.9
4,168.9
5,168.9
5,168.9
6,168.9
6,168.9
0,168.9
0,168.9
1,168.9
1,168.9
2,166.9
2,166.9
3,166.9
3,166.9
4,166.9
4,163.9
5,160.9
5,160.9
6,159.9
6,159.9
0,159.9
0,159.9
1,155.9
1,155.9
2,155.9
2,155.9
3,150.4
3,150.4
4,154.9
4,151.3
5,151.3
5,151.3
6,151.3
6,151.3
0,151.3
0,151.3
1,151.3
1,151.3
2,151.3
2,151.3
3,150.9
3,150.9
4,150.9
4,150.9
5,150.5
5,150.5
6,150.5
6,150.5
0,167.9
0,167.9
1,167.9
1,167.9
2,167.9
2,167.9
3,167.9
3,167.9
4,166.9
4,166.9
5,166.9
5,166.9
6,164.9
6,164.9
0,159.9
0,159.9
1,159.9
1,159.9
2,155.9
2,155.9
3,150.9
3,150.9
4,151.9
4,151.9
5,152.9
5,152.9
6,152.9
6,152.9
0,152.9
0,152.9
1,153.9
1,153.9
2,153.9
2,153.9
3,153.9
3,153.9
4,155.7
4,155.7
5,155.7
5,155.7
6,155.7
6,155.7
0,155.7
0,155.7
1,155.7
1,155.7
2,155.9
2,155.9
3,155.9
3,155.9
4,155.9
4,171.9
5,170.9
5,170.9
6,170.9
6,170.9
0,170.9
0,170.9
1,166.63333333333333
1,166.63333333333333
2,166.63333333333333
2,166.63333333333333
3,159.9
3,159.9
4,159.9
4,159.9
5,159.9
5,159.9
6,159.9
6,159.9
0,158.9
0,158.9
1,155.9
1,155.9
2,156.1
2,156.1
3,156.1
3,156.1
4,156.2
4,156.2
5,156.2
5,156.2
6,156.2
6,156.2
0,156.2
0,156.2
1,156.4
1,156.4
2,156.4
2,156.4
3,156.4
3,156.4
4,174.9
4,174.9
5,174.9
5,174.9
6,174.9
6,174.9
