0,0
0,0
1,0
1,0
2,0
2,0
3,0
3,0
4,118.9
4,118.9
5,117.9
5,117.9
6,117.9
6,117.9
0,117.9
0,117.9
1,117.9
1,117.9
2,117.9
2,117.9
3,117.9
3,117.9
4,117.9
4,117.9
5,117.9
5,117.9
6,117.9
6,117.9
0,117.9
0,117.9
1,117.9
1,117.9
2,117.9
2,117.9
3,117.9
3,143.9
4,142.9
4,142.9
5,141.9
5,141.9
6,141.9
6,140.9
0,140.9
0,140.9
1,139.9
1,139.9
2,138.9
2,137.9
3,136.9
3,135.9
4,133.9
4,133.9
5,130.9
5,130.9
6,129.9
6,129.9
0,127.9
0,127.9
1,126.9
1,126.9
2,126.9
2,126.9
3,125.9
3,125.9
4,125.9
4,125.9
5,125.9
5,125.9
6,125.9
6,125.9
0,125.9
0,125.9
1,125.9
1,125.9
2,125.9
2,125.9
3,124.9
3,145.9
4,144.9
4,143.9
5,143.9
5,142.9
6,142.9
6,142.9
0,141.4
0,139.9
1,137.9
1,137.9
2,136.9
2,136.9
3,135.9
3,135.9
4,134.9
4,134.9
5,133.9
5,133.9
6,133.9
6,133.9
0,130.9
0,128.9
1,126.9
1,126.9
2,124.9
2,124.9
3,124.9
3,124.9
4,124.9
4,147.9
5,146.9
5,146.9
6,146.9
6,146.9
0,145.9
0,145.9
1,145.9
1,145.9
2,144.9
2,144.9
3,143.9
3,143.9
4,142.4
4,142.4
5,142.4
5,142.4
6,142.4
6,142.4
0,142.4
0,142.4
1,142.4
1,142.4
2,142.4
2,142.4
3,142.4
3,142.4
4,142.4
4,142.4
5,142.4
5,142.4
6,142.4
6,142.4
0,142.4
0,142.4
1,142.4
1,142.4
2,142.4
2,142.4
3,142.4
3,142.4
4,142.4
4,142.4
5,142.4
5,142.4
6,142.4
6,142.4
0,142.4
0,142.4
1,142.4
1,142.4
2,142.4
2,142.4
3,142.4
3,142.4
4,142.4
4,142.4
5,142.4
5,142.4
6,142.4
6,142.4
0,142.4
0,142.4
1,142.4
1,142.4
2,142.4
2,142.4
3,142.4
3,142.4
4,142.4
4,142.4
5,142.4
5,142.4
6,142.4
6,142.4
0,142.4
0,142.4
1,142.4
1,142.4
2,142.4
2,142.4
3,142.4
3,142.4
4,142.4
4,142.4
5,142.4
5,142.4
6,142.4
6,142.4
0,142.4
0,142.4
1,142.4
1,142.4
2,142.4
2,142.4
3,142.4
3,142.4
4,142.4
4,142.4
5,142.4
5,142.4
6,142.4
6,142.4
0,142.4
0,142.4
1,142.4
1,142.4
2,142.4
2,142.4
3,142.4
3,142.4
4,142.4
4,142.4
5,142.4
5,142.4
6,142.4
6,142.4
0,142.4
0,142.4
1,142.4
1,142.4
2,142.4
2,142.4
3,142.4
3,142.4
4,142.4
4,142.4
5,142.4
5,142.4
6,142.4
6,142.4
0,142.4
0,142.4
1,142.4
1,142.4
2,142.4
2,142.4
3,142.4
3,142.4
4,142.4
4,142.4
5,142.4
5,142.4
6,147.9
6,147.9
0,147.9
0,147.9
1,147.9
1,147.9
2,147.9
2,146.9
3,146.9
3,146.9
4,146.9
4,146.9
5,146.9
5,146.9
6,146.9
6,145.9
0,145.9
0,145.9
1,145.9
1,145.9
2,145.9
2,144.9
3,144.9
3,144.9
4,144.9
4,144.9
5,144.9
5,144.9
6,144.9
6,144.9
0,144.9
0,144.9
1,143.9
1,143.9
2,143.9
2,142.9
3,142.9
3,142.9
4,142.9
4,141.9
5,141.9
5,140.9
6,140.9
6,140.9
0,140.9
0,140.9
1,140.9
1,140.9
2,140.9
2,139.4
3,139.4
3,139.4
4,139.4
4,139.4
5,139.4
5,139.4
6,139.4
6,139.4
0,139.4
0,139.4
1,139.4
1,139.4
2,139.4
2,139.4
3,139.4
3,157.9
4,157.9
4,157.9
5,157.9
5,157.9
6,157.9
6,157.9
0,157.9
0,157.9
1,157.9
1,157.9
2,157.9
2,157.9
3,157.9
3,156.9
4,156.9
4,156.9
5,156.9
5,155.9
6,155.9
6,155.9
0,155.9
0,154.9
1,154.9
1,153.4
2,150.9
2,150.9
3,150.9
3,147.9
4,147.9
4,146.9
5,146.9
5,145.9
6,145.9
6,144.9
0,144.9
0,144.9
1,143.9
1,143.9
2,143.9
2,142.9
3,142.9
3,140.9
4,140.9
4,138.9
5,138.9
5,137.9
6,137.9
6,137.9
0,137.9
0,137.9
1,137.9
1,137.9
2,137.9
2,137.9
3,137.9
3,137.9
4,137.9
4,137.9
5,137.9
5,137.9
6,137.9
6,137.9
0,137.9
0,137.9
1,137.9
1,137.9
2,137.9
2,137.9
3,138.9
3,138.9
4,138.9
4,138.9
5,138.9
5,138.9
6,138.9
6,138.9
0,138.9
0,138.9
1,138.9
1,138.9
2,138.9
2,138.4
3,138.4
3,138.4
4,138.4
4,157.9
5,157.9
5,157.9
6,157.9
6,157.9
0,157.9
0,157.9
1,157.9
1,157.9
2,157.9
2,157.9
3,157.9
3,157.9
4,157.9
4,157.9
5,157.9
5,156.9
6,156.9
6,156.9
0,156.9
0,156.9
1,156.9
1,153.9
2,149.9
2,149.9
3,149.9
3,149.9
4,148.9
4,147.9
5,147.9
5,146.9
6,146.9
6,146.9
0,145.9
0,143.9
1,143.9
1,142.9
2,142.9
2,141.9
3,140.9
3,140.9
4,139.9
4,139.9
5,139.9
5,137.9
6,137.9
6,137.9
0,137.9
0,137.9
1,137.9
1,137.9
2,135.9
2,135.9
3,135.9
3,135.9
4,135.9
4,135.9
5,135.9
5,135.9
6,135.9
6,135.9
0,135.9
0,135.9
1,135.9
1,135.9
2,135.9
2,135.9
3,135.9
3,135.9
4,135.9
4,134.9
5,132.9
5,132.9
6,132.9
6,132.9
0,132.9
0,132.9
1,132.9
1,132.9
2,132.9
2,132.9
3,132.9
3,130.9
4,130.9
4,130.9
5,130.9
5,130.9
6,130.9
6,131.9
0,131.9
0,131.9
1,131.9
1,133.9
2,133.9
2,133.9
3,133.9
3,133.9
4,152.9
4,152.9
5,152.9
5,152.9
6,152.9
6,152.9
0,152.9
0,152.9
1,152.9
1,152.9
2,152.9
2,152.9
3,152.9
3,152.9
4,152.9
4,152.9
5,152.9
5,152.9
6,152.9
6,152.9
0,152.9
0,148.9
1,148.9
1,148.9
2,147.9
2,145.9
3,145.9
3,145.9
4,145.9
4,144.9
5,143.9
5,143.9
6,143.9
6,143.9
0,141.9
0,141.9
1,139.9
1,139.9
2,139.9
2,137.9
3,137.9
3,137.9
4,137.9
4,137.9
5,137.9
5,137.9
6,137.9
6,137.9
0,136.9
0,136.9
1,136.9
1,136.9
2,136.9
2,154.9
3,154.9
3,154.9
4,154.9
4,154.9
5,154.9
5,154.9
6,154.9
6,154.9
0,154.9
0,154.9
1,154.9
1,154.9
2,154.9
2,154.9
3,154.9
3,154.9
4,154.9
4,147.9
5,144.9
5,144.9
6,144.9
6,144.9
0,144.9
0,143.9
1,143.9
1,137.9
2,137.9
2,137.9
3,135.9
3,135.9
4,134.9
4,134.9
5,134.9
5,134.9
6,134.9
6,134.9
0,134.9
0,134.9
1,134.9
1,134.9
2,134.9
2,134.9
3,134.9
3,134.9
4,134.9
4,134.9
5,134.9
5,134.9
6,134.9
6,134.9
0,134.9
0,134.9
1,134.9
1,144.9
2,144.9
2,144.9
3,144.9
3,144.9
4,144.9
4,144.9
5,144.9
5,144.9
6,144.9
6,144.9
0,144.9
0,144.9
1,144.9
1,144.9
2,144.9
2,150.9
3,147.9
3,147.9
4,147.9
4,145.9
5,145.9
5,145.9
6,145.9
6,145.9
0,145.9
0,143.9
1,143.9
1,143.9
2,143.9
2,139.7
3,138.9
3,138.9
4,138.9
4,138.9
5,138.9
5,138.9
6,138.9
6,136.9
0,136.9
0,134.9
1,134.9
1,134.9
2,133.9
2,133.9
3,133.9
3,133.9
4,133.9
4,133.9
5,131.9
5,131.9
6,131.9
6,131.9
0,131.9
0,131.9
1,131.9
1,128.9
2,128.9
2,128.9
3,127.9
3,127.9
4,127.9
4,127.9
5,127.9
5,127.9
6,127.9
6,127.9
0,127.9
0,127.9
1,127.9
1,127.9
2,127.9
2,127.9
3,148.9
3,148.9
4,148.9
4,148.9
5,148.9
5,148.9
6,148.9
6,148.9
0,148.9
0,148.9
1,148.9
1,148.9
2,148.9
2,148.9
3,148.9
3,148.9
4,148.9
4,148.9
5,143.9
5,143.9
6,143.9
6,142.9
0,142.9
0,140.9
1,138.9
1,138.9
2,134.9
2,134.9
3,134.9
3,134.9
4,133.9
4,133.9
5,133.9
5,133.9
6,130.9
6,130.9
0,129.9
0,129.9
1,129.9
1,129.9
2,129.9
2,129.9
3,129.9
3,129.9
4,129.9
4,129.9
5,129.9
5,129.9
6,129.9
6,129.9
0,129.9
0,129.9
1,129.9
1,129.9
2,129.9
2,129.9
3,129.9
3,129.9
4,129.9
4,129.9
5,129.9
5,129.9
6,129.9
6,129.9
0,129.9
0,129.9
1,129.9
1,129.9
2,129.9
2,129.9
3,129.9
3,129.9
4,129.9
4,129.9
5,129.9
5,129.9
6,129.9
6,129.9
0,129.9
0,129.9
1,144.9
1,144.9
2,144.9
2,144.9
3,144.9
3,144.9
4,144.9
4,144.9
5,138.9
5,138.9
6,137.9
6,137.9
0,137.9
0,134.9
1,134.9
1,134.9
2,134.9
2,134.9
3,133.9
3,133.9
4,133.9
4,133.9
5,133.9
5,133.9
6,133.9
6,133.9
0,133.9
0,133.9
1,133.9
1,133.9
2,133.9
2,134.9
3,134.9
3,134.9
4,134.9
4,134.9
5,134.9
5,134.9
6,134.9
6,134.9
0,134.9
0,134.9
1,158.9
1,158.9
2,158.9
2,158.9
3,156.9
3,156.9
4,154.9
4,154.9
5,152.9
5,152.9
6,152.9
6,152.9
0,148.9
0,148.9
1,146.9
1,146.9
2,144.9
2,144.9
3,143.9
3,143.9
4,141.9
4,138.9
5,138.9
5,138.9
6,138.9
6,138.9
0,138.9
0,138.9
1,138.9
1,138.9
2,136.9
2,136.9
3,136.9
3,136.9
4,136.9
4,136.9
5,136.9
5,136.9
6,136.9
6,136.9
0,136.9
0,136.9
1,136.9
1,136.9
2,136.9
2,136.9
3,136.9
3,136.9
4,136.9
4,136.9
5,158.9
5,158.9
6,158.9
6,158.9
0,158.9
0,158.9
1,158.9
1,158.9
2,158.9
2,158.9
3,156.9
3,156.9
4,154.9
4,154.9
5,151.9
5,151.9
6,151.9
6,151.9
0,150.9
0,150.9
1,148.9
1,148.9
2,147.9
2,147.9
3,147.9
3,143.9
4,142.9
4,142.9
5,142.9
5,142.9
6,141.9
6,141.9
0,140.9
0,140.9
1,138.9
1,138.9
2,138.9
2,138.9
3,138.9
3,137.9
4,137.9
4,137.9
5,158.9
5,158.9
6,158.9
6,158.9
0,158.9
0,158.9
1,158.9
1,158.9
2,158.9
2,158.9
3,158.9
3,158.9
4,158.9
4,158.9
5,158.9
5,158.9
6,157.9
6,157.9
0,156.9
0,156.9
1,156.9
1,156.9
2,156.9
2,156.9
3,156.9
3,156.9
4,156.9
4,156.9
5,156.9
5,155.9
6,155.9
6,155.9
0,154.9
0,152.9
1,152.9
1,151.9
2,151.9
2,151.9
3,151.9
3,144.9
4,144.9
4,144.9
5,144.9
5,144.9
6,144.9
6,164.9
0,164.9
0,164.9
1,164.9
1,164.9
2,164.9
2,164.9
3,164.9
3,164.9
4,164.9
4,164.9
5,164.9
5,164.9
6,164.9
6,164.9
0,164.9
0,164.9
1,164.9
1,164.9
2,164.9
2,161.9
3,161.9
3,161.9
4,161.9
4,161.9
5,161.9
5,161.9
6,161.9
6,161.9
0,161.9
0,161.9
1,161.9
1,159.9
2,159.9
2,154.9
3,154.9
3,154.9
4,154.9
4,152.9
5,149.9
5,149.9
6,149.9
6,147.9
0,147.9
0,146.9
1,146.9
1,145.9
2,144.9
2,144.9
3,144.9
3,144.9
4,144.9
4,166.9
5,166.9
5,166.9
6,166.9
6,166.9
0,166.9
0,166.9
1,166.9
1,166.9
2,166.9
2,166.9
3,166.9
3,166.9
4,166.9
4,166.9
5,166.9
5,165.9
6,165.9
6,165.9
0,165.9
0,165.9
1,165.9
1,163.9
2,162.9
2,162.9
3,162.9
3,158.9
4,158.9
4,158.9
5,158.9
5,158.9
6,152.9
6,152.9
0,152.9
0,152.9
1,148.9
1,148.9
2,148.9
2,148.9
3,148.9
3,148.9
4,148.9
4,148.9
5,148.9
5,147.9
6,147.9
6,147.9
0,147.9
0,146.9
1,146.9
1,144.9
2,144.9
2,144.9
3,143.9
3,143.9
4,143.9
4,143.9
5,143.9
5,168.9
6,168.9
6,168.9
0,168.9
0,168.9
1,168.9
1,166.9
2,166.9
2,166.9
3,166.9
3,166.9
4,166.9
4,165.9
5,165.9
5,165.9
6,165.9
6,165.9
0,164.9
0,164.9
1,164.9
1,160.9
2,158.9
2,158.9
3,158.9
3,158.9
4,154.9
4,154.9
5,154.9
5,154.9
6,154.9
6,152.9
0,148.9
0,147.9
1,147.9
1,147.9
2,146.9
2,146.9
3,146.9
3,146.9
4,146.9
4,145.9
5,145.9
5,145.9
6,145.9
6,145.9
0,144.9
0,144.9
1,144.9
1,144.9
2,144.9
2,144.9
3,144.9
3,144.9
4,144.9
4,144.9
5,144.9
5,144.9
6,144.9
6,144.9
0,144.9
0,144.9
1,144.9
1,144.9
2,144.9
2,144.9
3,144.9
3,144.9
4,144.9
4,145.9
5,145.9
5,145.9
6,145.9
6,145.9
0,145.9
0,145.9
1,145.9
1,145.9
2,145.9
2,145.9
3,145.9
3,145.9
4,168.9
4,168.9
5,167.9
5,167.9
6,167.9
6,164.9
0,164.9
0,161.9
1,161.9
1,161.9
2,161.9
2,161.9
3,161.9
3,161.9
4,161.9
4,158.9
5,158.9
5,158.9
6,158.9
6,158.9
0,158.9
0,158.9
1,158.9
1,158.9
2,158.9
2,158.9
3,153.9
3,151.9
4,149.9
4,149.9
5,148.9
5,148.9
6,148.9
6,143.9
0,143.9
0,143.9
1,143.9
1,143.9
2,141.9
2,141.9
3,141.9
3,141.9
4,141.9
4,141.9
5,141.9
5,141.9
6,141.9
6,141.9
0,141.9
0,168.9
1,168.9
1,168.9
2,166.9
2,166.9
3,166.9
3,166.9
4,163.9
4,163.9
5,163.9
5,163.9
6,162.9
6,162.9
0,162.9
0,162.9
1,162.9
1,158.9
2,158.9
2,156.9
3,156.9
3,148.9
4,148.9
4,148.9
5,148.9
5,147.9
6,147.9
6,147.9
0,147.9
0,147.9
1,147.9
1,147.9
2,145.4
2,145.4
3,145.4
3,145.9
4,145.9
4,145.9
5,145.9
5,145.9
6,145.9
6,145.9
0,145.9
0,145.9
1,145.9
1,145.9
2,145.9
2,145.9
3,145.9
3,145.9
4,145.9
4,168.9
5,168.9
5,168.9
6,168.9
6,168.9
0,168.9
0,168.9
1,168.9
1,166.9
2,164.9
2,164.9
3,164.9
3,163.9
4,163.9
4,163.9
5,161.9
5,161.9
6,161.9
6,161.9
0,158.9
0,158.9
1,158.9
1,158.9
2,158.9
2,158.9
3,158.9
3,158.9
4,158.9
4,158.9
5,152.9
5,152.9
6,152.9
6,152.9
0,152.9
0,152.9
1,152.9
1,152.9
2,151.9
2,151.9
3,151.9
3,173.9
4,173.9
4,173.9
5,173.9
5,173.9
6,170.9
6,170.9
