0,137.7
0,137.7
1,137.7
1,137.7
2,137.7
2,137.7
3,137.7
3,137.7
4,137.7
4,137.7
5,137.7
5,137.7
6,137.7
6,137.7
0,137.7
0,137.7
1,137.7
1,137.7
2,137.7
2,137.7
3,137.7
3,137.7
4,137.7
4,137.7
5,137.7
5,137.7
6,137.7
6,137.7
0,137.7
0,137.7
1,137.7
1,137.7
2,137.7
2,137.7
3,137.7
3,137.7
4,137.7
4,137.7
5,137.7
5,137.7
6,137.7
6,137.7
0,137.7
0,137.7
1,137.7
1,137.7
2,137.7
2,137.7
3,137.7
3,136.1
4,136.1
4,136.1
5,136.1
5,136.1
6,136.1
6,136.1
0,136.1
0,136.1
1,136.1
1,136.1
2,136.1
2,136.1
3,136.1
3,136.1
4,136.1
4,136.1
5,136.1
5,136.1
6,136.1
6,136.1
0,136.1
0,136.1
1,136.1
1,136.1
2,136.1
2,136.1
3,136.1
3,136.1
4,136.1
4,136.1
5,136.1
5,136.1
6,136.1
6,136.1
0,136.1
0,136.1
1,136.1
1,136.1
2,136.1
2,136.1
3,136.1
3,136.1
4,136.1
4,136.1
5,136.1
5,136.1
6,136.1
6,136.1
0,136.1
0,136.1
1,136.1
1,136.1
2,136.1
2,136.1
3,136.1
3,136.1
4,136.1
4,136.1
5,136.1
5,136.1
6,136.1
6,136.1
0,131.9
0,131.9
1,131.9
1,131.9
2,131.9
2,131.9
3,131.9
3,129.1
4,129.1
4,129.1
5,129.1
5,129.1
6,129.1
6,129.1
0,129.1
0,129.1
1,129.1
1,129.1
2,129.1
2,129.1
3,129.1
3,129.1
4,129.1
4,129.1
5,129.1
5,129.1
6,129.1
6,129.1
0,129.1
0,129.1
1,129.1
1,129.1
2,129.1
2,129.1
3,129.1
3,129.1
4,129.1
4,129.1
5,129.1
5,129.1
6,129.1
6,129.1
0,129.1
0,129.1
1,129.1
1,129.1
2,129.1
2,129.1
3,129.1
3,129.1
4,129.1
4,129.1
5,129.1
5,129.1
6,129.1
6,129.1
0,129.1
0,129.1
1,129.1
1,129.1
2,129.1
2,129.1
3,129.1
3,129.1
4,129.1
4,129.1
5,129.1
5,129.1
6,129.1
6,129.1
0,129.1
0,129.1
1,129.1
1,129.1
2,129.1
2,129.1
3,129.1
3,129.1
4,129.1
4,129.1
5,129.1
5,129.1
6,129.1
6,129.1
0,129.1
0,129.1
1,129.1
1,129.1
2,129.1
2,129.1
3,129.1
3,129.1
4,129.1
4,129.1
5,129.1
5,129.1
6,129.1
6,129.1
0,129.1
0,129.1
1,129.1
1,129.1
2,129.1
2,129.1
3,129.1
3,129.1
4,129.1
4,129.1
5,129.1
5,129.1
6,129.1
6,129.1
0,129.1
0,129.1
1,129.1
1,129.1
2,129.1
2,129.1
3,129.1
3,129.1
4,129.1
4,129.1
5,129.1
5,129.1
6,129.1
6,129.1
0,129.1
0,129.1
1,129.1
1,129.1
2,129.1
2,129.1
3,129.1
3,129.1
4,129.1
4,129.1
5,129.1
5,129.1
6,129.1
6,129.1
0,129.1
0,129.1
1,153.9
1,153.9
2,153.9
2,153.9
3,153.9
3,153.9
4,153.9
4,153.9
5,153.9
5,153.9
6,153.9
6,153.9
0,153.9
0,153.9
1,153.9
1,153.9
2,153.9
2,153.9
3,153.9
3,153.9
4,153.9
4,153.9
5,153.9
5,153.9
6,153.9
6,151.9
0,151.9
0,151.9
1,150.9
1,150.9
2,150.9
2,150.9
3,150.9
3,150.9
4,150.9
4,150.9
5,150.9
5,150.9
6,150.9
6,150.9
0,150.9
0,150.9
1,150.9
1,150.9
2,150.9
2,150.9
3,150.9
3,150.9
4,150.9
4,150.9
5,150.9
5,150.9
6,150.9
6,150.9
0,150.9
0,150.9
1,150.9
1,150.9
2,150.9
2,150.9
3,150.9
3,150.9
4,150.9
4,150.9
5,150.9
5,150.9
6,150.9
6,150.9
0,150.9
0,150.9
1,165.9
1,165.9
2,165.9
2,165.9
3,165.9
3,165.9
4,158.9
4,158.9
5,158.9
5,158.9
6,158.9
6,158.9
0,158.9
0,158.9
1,158.9
1,158.9
2,158.9
2,158.9
3,158.9
3,158.9
4,158.9
4,158.9
5,158.9
5,158.9
6,158.9
6,158.9
0,158.9
0,158.9
1,158.9
1,158.9
2,158.9
2,158.9
3,158.9
3,158.9
4,158.9
4,158.9
5,158.9
5,158.9
6,158.9
6,158.9
0,158.9
0,158.9
1,158.9
1,158.9
2,158.9
2,158.9
3,157.9
3,157.9
4,157.9
4,157.9
5,157.9
5,157.9
6,157.9
6,157.9
0,157.9
0,157.9
1,157.9
1,157.9
2,157.5
2,157.5
3,157.5
3,157.5
4,157.5
4,157.5
5,157.5
5,157.5
6,157.5
6,157.5
0,156.7
0,156.7
1,156.7
1,156.7
2,156.7
2,156.7
3,156.7
3,156.7
4,156.7
4,156.7
5,156.7
5,156.7
6,155.9
6,155.9
0,155.9
0,155.9
1,155.9
1,155.9
2,155.9
2,155.9
3,155.9
3,155.9
4,154.9
4,154.9
5,154.9
5,154.9
6,154.7
6,154.7
0,154.7
0,154.7
1,154.5
1,154.5
2,154.5
2,154.5
3,154.5
3,154.3
4,154.3
4,154.3
5,154.3
5,153.9
6,153.9
6,153.9
0,153.5
0,152.9
1,152.9
1,152.9
2,152.5
2,148.9
3,148.9
3,148.9
4,148.9
4,148.9
5,147.9
5,147.9
6,147.9
6,147.9
0,147.9
0,147.9
1,147.9
1,146.9
2,146.9
2,146.9
3,144.9
3,144.9
4,142.9
4,142.9
5,142.9
5,140.9
6,140.9
6,140.9
0,140.4
0,140.4
1,139.9
1,139.9
2,138.9
2,138.9
3,138.9
3,138.9
4,138.9
4,138.9
5,138.9
5,138.9
6,138.9
6,138.9
0,138.9
0,138.9
1,136.9
1,136.9
2,136.9
2,136.9
3,136.9
3,136.9
4,136.9
4,136.9
5,136.9
5,132.9
6,132.9
6,132.9
0,132.9
0,132.9
1,132.9
1,132.9
2,132.9
2,132.9
3,132.9
3,132.9
4,132.9
4,132.9
5,132.9
5,132.9
6,132.9
6,132.9
0,143.9
0,143.9
1,132.9
1,132.9
2,132.9
2,132.9
3,132.9
3,132.9
4,132.9
4,132.9
5,132.9
5,132.9
6,132.9
6,132.9
0,132.9
0,132.9
1,132.9
1,132.9
2,132.9
2,132.9
3,132.9
3,132.9
4,132.9
4,132.9
5,132.9
5,132.9
6,132.9
6,132.9
0,132.9
0,132.9
1,149.9
1,149.9
2,149.9
2,149.9
3,148.9
3,148.9
4,148.9
4,148.9
5,148.9
5,148.9
6,148.9
6,148.9
0,148.9
0,148.9
1,148.9
1,148.9
2,148.9
2,148.9
3,148.9
3,148.9
4,148.9
4,148.9
5,148.9
5,148.9
6,148.9
6,148.9
0,148.9
0,148.9
1,148.9
1,148.9
2,148.9
2,148.9
3,148.9
3,146.9
4,146.9
4,146.9
5,146.9
5,146.9
6,146.9
6,146.9
0,146.9
0,146.9
1,146.9
1,146.9
2,146.9
2,146.9
3,146.9
3,146.9
4,146.9
4,146.9
5,146.9
5,146.9
6,146.9
6,146.9
0,146.9
0,146.9
1,146.9
1,146.9
2,146.9
2,146.9
3,146.9
3,146.9
4,146.9
4,146.9
5,146.9
5,146.9
6,146.9
6,146.9
0,146.9
0,146.9
1,146.9
1,146.9
2,146.9
2,146.9
3,146.9
3,146.9
4,146.9
4,146.9
5,146.9
5,146.9
6,146.9
6,146.9
0,146.9
0,146.9
1,146.9
1,146.9
2,146.9
2,146.9
3,146.9
3,146.9
4,146.9
4,146.9
5,146.9
5,146.9
6,146.9
6,146.9
0,146.9
0,146.9
1,146.9
1,146.9
2,146.9
2,146.9
3,146.9
3,146.9
4,146.9
4,146.9
5,146.9
5,146.9
6,146.9
6,146.9
0,146.9
0,146.9
1,146.9
1,146.9
2,146.9
2,146.9
3,146.9
3,146.9
4,146.9
4,146.9
5,146.9
5,146.9
6,146.9
6,146.9
0,146.9
0,146.9
1,146.9
1,146.9
2,146.9
2,146.9
3,146.9
3,146.9
4,146.9
4,146.9
5,146.9
5,146.9
6,146.9
6,146.9
0,146.9
0,146.9
1,146.9
1,146.9
2,146.9
2,146.9
3,146.9
3,146.9
4,146.9
4,146.9
5,146.9
5,146.9
6,146.9
6,146.9
0,146.9
0,146.9
1,146.9
1,146.9
2,146.9
2,146.9
3,146.9
3,146.9
4,146.9
4,146.9
5,146.9
5,146.9
6,146.9
6,146.9
0,146.9
0,146.9
1,146.9
1,146.9
2,146.9
2,146.9
3,146.9
3,146.9
4,146.9
4,146.9
5,146.9
5,146.9
6,146.9
6,146.9
0,146.9
0,142.9
1,142.9
1,142.9
2,142.9
2,142.9
3,142.9
3,142.9
4,142.9
4,142.9
5,142.9
5,142.9
6,142.9
6,142.9
0,142.9
0,142.9
1,142.9
1,142.9
2,142.9
2,142.9
3,142.9
3,142.9
4,142.9
4,142.9
5,142.9
5,142.9
6,142.9
6,142.9
0,142.9
0,142.9
1,142.9
1,142.9
2,142.9
2,142.9
3,142.9
3,142.9
4,142.9
4,142.9
5,142.9
5,142.9
6,142.9
6,142.9
0,142.9
0,142.9
1,142.9
1,142.9
2,142.9
2,142.9
3,142.9
3,142.9
4,142.9
4,142.9
5,142.9
5,142.9
6,142.9
6,142.9
0,142.9
0,142.9
1,142.9
1,142.9
2,138.9
2,138.9
3,138.9
3,138.9
4,138.9
4,138.9
5,138.9
5,138.9
6,138.9
6,138.9
0,138.9
0,138.9
1,138.9
1,138.9
2,138.9
2,138.9
3,138.9
3,138.9
4,138.9
4,138.9
5,138.9
5,138.9
6,138.9
6,138.9
0,138.9
0,138.9
1,138.9
1,138.9
2,138.9
2,138.9
3,138.9
3,138.9
4,138.9
4,138.9
5,139.9
5,139.9
6,139.9
6,139.9
0,139.9
0,139.9
1,139.9
1,139.9
2,139.9
2,139.9
3,136.9
3,136.9
4,136.9
4,136.9
5,136.9
5,136.9
6,136.9
6,136.9
0,136.9
0,136.9
1,136.9
1,136.9
2,136.9
2,136.9
3,136.9
3,136.9
4,136.9
4,136.9
5,136.9
5,136.9
6,136.9
6,136.9
0,136.9
0,136.9
1,136.9
1,136.9
2,136.9
2,136.9
3,136.9
3,136.9
4,136.9
4,136.9
5,136.9
5,136.9
6,136.9
6,136.9
0,136.9
0,136.9
1,138.9
1,138.9
2,138.9
2,138.9
3,138.9
3,138.9
4,138.9
4,138.9
5,138.9
5,138.9
6,138.9
6,138.9
0,138.9
0,138.9
1,138.9
1,138.9
2,138.9
2,137.9
3,137.9
3,137.9
4,137.9
4,137.9
5,137.9
5,137.9
6,137.9
6,137.9
0,137.9
0,137.9
1,137.9
1,137.9
2,137.9
2,137.9
3,137.9
3,137.9
4,137.9
4,157.9
5,157.9
5,157.9
6,157.9
6,157.9
0,157.9
0,157.9
1,157.9
1,157.9
2,157.9
2,157.9
3,157.9
3,157.9
4,157.9
4,157.9
5,157.9
5,157.9
6,157.9
6,157.9
0,157.9
0,157.9
1,157.9
1,157.9
2,157.9
2,157.9
3,157.9
3,157.9
4,157.9
4,157.9
5,157.9
5,157.9
6,157.9
6,157.9
0,157.9
0,157.9
1,157.9
1,157.9
2,157.9
2,157.9
3,157.9
3,157.9
4,157.9
4,157.9
5,157.9
5,157.9
6,157.9
6,157.9
0,157.9
0,157.9
1,157.9
1,157.9
2,157.9
2,157.9
3,157.9
3,157.9
4,157.9
4,157.9
5,157.9
5,157.9
6,157.9
6,157.9
0,157.9
0,157.9
1,157.9
1,157.9
2,157.9
2,157.9
3,157.9
3,157.9
4,157.9
4,157.9
5,157.9
5,156.9
6,156.9
6,156.9
0,156.9
0,156.9
1,156.9
1,156.9
2,156.9
2,156.9
3,156.9
3,156.9
4,156.9
4,156.9
5,156.9
5,156.9
6,156.9
6,156.9
0,156.9
0,156.9
1,156.9
1,156.9
2,156.9
2,156.9
3,156.9
3,165.9
4,165.9
4,165.9
5,165.9
5,165.9
6,165.9
6,165.9
0,165.9
0,165.9
1,165.9
1,165.9
2,165.9
2,165.9
3,165.9
3,165.9
4,165.9
4,165.9
5,165.9
5,165.9
6,165.9
6,165.9
0,165.9
0,165.9
1,165.9
1,165.9
2,165.9
2,165.9
3,165.9
3,162.9
4,162.9
4,162.9
5,162.9
5,162.9
6,162.9
6,162.9
0,162.9
0,162.9
1,162.9
1,162.9
2,162.9
2,162.9
3,162.9
3,162.9
4,162.9
4,162.9
5,162.9
5,162.9
6,162.9
6,162.9
0,162.9
0,162.9
1,162.9
1,162.9
2,162.9
2,162.9
3,162.9
3,162.9
4,162.9
4,162.9
5,162.9
5,162.9
6,162.9
6,162.9
0,162.9
0,162.9
1,162.9
1,162.9
2,162.9
2,162.9
3,162.9
3,162.9
4,162.9
4,162.9
5,162.9
5,162.9
6,162.9
6,162.9
0,162.9
0,162.9
1,162.9
1,162.9
2,162.9
2,162.9
3,162.9
3,162.9
4,162.9
4,162.9
5,162.9
5,162.9
6,162.9
6,162.9
0,162.9
0,162.9
1,162.9
1,162.9
2,162.9
2,162.8
3,162.8
3,162.8
4,162.8
4,162.8
5,162.8
5,162.8
6,162.8
6,162.8
0,162.8
0,162.8
1,162.8
1,160.8
2,160.8
2,160.8
3,160.8
3,160.8
4,160.8
4,160.8
5,160.8
5,160.8
6,160.8
6,160.8
0,160.8
0,160.8
1,160.8
1,160.8
2,160.8
2,160.8
3,160.8
3,156.9
4,156.9
4,156.9
5,156.9
5,156.9
6,156.9
6,156.9
0,156.9
0,156.9
1,156.9
1,156.9
2,156.9
2,156.5
3,156.5
3,156.5
4,156.5
4,156.5
5,156.5
5,156.5
6,156.5
6,156.5
0,166.7
0,156.3
1,156.3
1,153.3
2,153.3
2,153.3
3,153.3
3,153.3
4,153.3
4,152.9
5,152.9
5,151.9
6,151.9
6,151.9
0,151.9
0,151.9
1,151.9
1,151.9
2,151.9
2,151.9
3,151.9
3,151.9
4,151.9
4,151.9
5,151.9
5,151.9
6,151.9
6,151.9
0,151.9
0,151.9
1,151.9
1,151.9
2,151.3
2,151.3
3,151.3
3,151.3
4,151.3
4,151.3
5,151.3
5,151.3
6,151.3
6,151.3
0,151.3
0,151.3
1,151.3
1,151.3
2,151.3
2,151.3
3,151.3
3,151.3
4,151.3
4,151.3
5,151.3
5,151.3
6,151.3
6,151.3
0,151.3
0,151.3
1,151.3
1,151.3
2,151.3
2,151.3
3,151.3
3,151.3
4,151.3
4,151.3
5,151.3
5,151.3
6,151.3
6,151.3
0,151.3
0,151.3
1,151.3
1,151.3
2,151.3
2,151.3
3,151.3
3,151.3
4,151.3
4,151.3
5,151.3
5,151.3
6,151.3
6,151.3
0,151.3
0,151.3
1,151.3
1,151.3
2,151.3
2,151.3
3,151.3
3,151.3
4,151.3
4,157.9
5,157.9
5,153.7
6,153.7
6,153.7
0,153.7
0,153.7
1,159.9
1,169.9
2,169.9
2,169.9
3,169.9
3,169.9
4,169.9
4,169.9
5,169.9
5,169.9
6,169.9
6,169.9
0,169.9
0,169.9
1,169.9
1,169.9
2,169.9
2,169.9
3,169.9
3,169.9
4,169.9
4,169.9
5,169.9
5,169.9
6,169.9
6,169.9
0,169.9
0,169.9
1,169.9
1,169.9
2,169.9
2,169.9
3,169.9
3,169.9
4,169.9
4,169.9
5,169.9
5,169.9
6,169.9
6,169.9
