0,0
0,0
1,0
1,0
2,0
2,0
3,0
3,0
4,0
4,0
5,0
5,0
6,0
6,0
0,0
0,0
1,0
1,0
2,0
2,0
3,0
3,0
4,0
4,0
5,0
5,0
6,0
6,0
0,0
0,0
1,0
1,0
2,0
2,0
3,0
3,0
4,0
4,0
5,0
5,0
6,0
6,0
0,0
0,0
1,0
1,0
2,0
2,0
3,0
3,0
4,0
4,0
5,0
5,0
6,0
6,0
0,0
0,0
1,0
1,0
2,0
2,0
3,0
3,0
4,0
4,0
5,0
5,0
6,0
6,0
0,0
0,0
1,0
1,0
2,0
2,0
3,0
3,0
4,0
4,0
5,0
5,0
6,0
6,0
0,0
0,0
1,0
1,0
2,0
2,0
3,0
3,0
4,0
4,0
5,0
5,0
6,0
6,0
0,0
0,0
1,0
1,0
2,0
2,0
3,0
3,0
4,0
4,0
5,0
5,0
6,0
6,0
0,0
0,0
1,0
1,0
2,0
2,0
3,0
3,0
4,0
4,0
5,0
5,0
6,0
6,0
0,0
0,0
1,0
1,0
2,0
2,0
3,0
3,0
4,0
4,0
5,0
5,0
6,0
6,0
0,0
0,0
1,0
1,0
2,0
2,0
3,0
3,0
4,0
4,0
5,0
5,0
6,0
6,0
0,0
0,0
1,0
1,0
2,0
2,0
3,0
3,0
4,0
4,0
5,0
5,0
6,0
6,0
0,0
0,0
1,0
1,0
2,0
2,0
3,0
3,0
4,0
4,0
5,0
5,0
6,0
6,0
0,0
0,0
1,0
1,0
2,0
2,0
3,0
3,0
4,0
4,0
5,0
5,0
6,0
6,0
0,0
0,0
1,0
1,0
2,0
2,0
3,0
3,0
4,0
4,0
5,0
5,0
6,0
6,0
0,0
0,0
1,0
1,0
2,0
2,0
3,0
3,0
4,0
4,0
5,0
5,0
6,0
6,0
0,0
0,0
1,0
1,0
2,0
2,0
3,0
3,0
4,0
4,0
5,0
5,0
6,0
6,0
0,0
0,0
1,0
1,0
2,0
2,0
3,0
3,0
4,0
4,0
5,0
5,0
6,0
6,0
0,0
0,0
1,0
1,0
2,0
2,0
3,0
3,0
4,0
4,0
5,0
5,0
6,0
6,0
0,0
0,0
1,0
1,0
2,0
2,0
3,0
3,0
4,0
4,0
5,0
5,0
6,0
6,0
0,0
0,0
1,0
1,0
2,0
2,0
3,0
3,0
4,0
4,0
5,0
5,0
6,0
6,0
0,0
0,0
1,0
1,0
2,0
2,0
3,0
3,0
4,0
4,0
5,0
5,0
6,0
6,0
0,0
0,0
1,0
1,0
2,0
2,0
3,0
3,0
4,0
4,0
5,0
5,0
6,0
6,0
0,0
0,0
1,0
1,0
2,0
2,0
3,0
3,0
4,0
4,0
5,0
5,0
6,0
6,0
0,0
0,0
1,0
1,0
2,0
2,0
3,0
3,0
4,0
4,0
5,0
5,0
6,0
6,0
0,0
0,0
1,0
1,0
2,0
2,0
3,0
3,0
4,0
4,0
5,0
5,0
6,0
6,0
0,0
0,0
1,0
1,0
2,0
2,0
3,0
3,0
4,0
4,0
5,0
5,0
6,0
6,0
0,0
0,0
1,0
1,0
2,0
2,0
3,0
3,0
4,0
4,0
5,0
5,0
6,0
6,0
0,0
0,0
1,0
1,0
2,0
2,0
3,0
3,0
4,0
4,0
5,0
5,0
6,0
6,0
0,0
0,0
1,0
1,0
2,0
2,0
3,0
3,0
4,0
4,0
5,0
5,0
6,0
6,0
0,0
0,0
1,0
1,0
2,0
2,0
3,0
3,0
4,0
4,0
5,0
5,0
6,0
6,0
0,0
0,0
1,0
1,0
2,0
2,0
3,0
3,0
4,0
4,0
5,0
5,0
6,0
6,0
0,0
0,0
1,0
1,0
2,0
2,0
3,0
3,0
4,0
4,126.9
5,126.9
5,126.9
6,126.9
6,126.9
0,126.9
0,126.9
1,126.9
1,126.9
2,126.9
2,126.9
3,126.9
3,126.9
4,126.9
4,126.9
5,126.9
5,126.9
6,126.9
6,126.9
0,126.9
0,126.9
1,125.9
1,125.9
2,125.9
2,125.9
3,125.9
3,125.9
4,125.9
4,125.9
5,125.9
5,125.9
6,125.9
6,125.9
0,125.9
0,125.9
1,125.9
1,125.9
2,125.9
2,125.9
3,125.9
3,125.9
4,125.9
4,125.9
5,125.9
5,125.9
6,125.9
6,125.9
0,125.9
0,125.9
1,125.9
1,125.9
2,125.9
2,125.9
3,125.9
3,125.9
4,125.9
4,125.9
5,125.9
5,125.9
6,125.9
6,127.9
0,127.9
0,127.9
1,127.9
1,127.9
2,127.9
2,127.9
3,127.9
3,127.9
4,127.9
4,127.9
5,127.9
5,127.9
6,127.9
6,127.9
0,127.9
0,127.9
1,127.9
1,127.9
2,127.9
2,127.9
3,125.9
3,125.9
4,125.9
4,125.9
5,125.9
5,125.9
6,125.9
6,125.9
0,125.9
0,125.9
1,125.9
1,125.9
2,125.9
2,125.9
3,125.9
3,125.9
4,125.9
4,125.9
5,125.9
5,125.9
6,125.9
6,125.9
0,125.9
0,125.9
1,125.9
1,125.9
2,125.9
2,125.9
3,125.9
3,125.9
4,125.9
4,125.9
5,125.9
5,125.9
6,125.9
6,125.9
0,125.9
0,125.9
1,125.9
1,125.9
2,125.9
2,125.9
3,125.9
3,125.9
4,125.9
4,125.9
5,125.9
5,125.9
6,125.9
6,125.9
0,125.9
0,125.9
1,125.9
1,125.9
2,125.9
2,125.9
3,125.9
3,125.9
4,125.9
4,125.9
5,125.9
5,125.9
6,125.9
6,125.9
0,125.9
0,125.9
1,125.9
1,125.9
2,125.9
2,125.9
3,125.9
3,125.9
4,125.9
4,125.9
5,125.9
5,125.9
6,125.9
6,125.9
0,125.9
0,125.9
1,125.9
1,125.9
2,125.9
2,125.9
3,125.9
3,125.9
4,125.9
4,125.9
5,125.9
5,125.9
6,125.9
6,125.9
0,125.9
0,125.9
1,125.9
1,125.9
2,125.9
2,125.9
3,125.9
3,125.9
4,125.9
4,125.9
5,125.9
5,125.9
6,125.9
6,125.9
0,125.9
0,125.9
1,125.9
1,125.9
2,125.9
2,125.9
3,125.9
3,125.9
4,125.9
4,125.9
5,125.9
5,125.9
6,125.9
6,125.9
0,125.9
0,125.9
1,125.9
1,125.9
2,125.9
2,125.9
3,125.9
3,125.9
4,125.9
4,125.9
5,125.9
5,125.9
6,125.9
6,125.9
0,125.9
0,125.9
1,125.9
1,125.9
2,125.9
2,125.9
3,125.9
3,125.9
4,125.9
4,125.9
5,125.9
5,125.9
6,125.9
6,125.9
0,125.9
0,125.9
1,125.9
1,125.9
2,125.9
2,125.9
3,125.9
3,125.9
4,125.9
4,125.9
5,125.9
5,125.9
6,125.9
6,125.9
0,125.9
0,125.9
1,125.9
1,125.9
2,125.9
2,125.9
3,125.9
3,125.9
4,125.9
4,125.9
5,125.9
5,125.9
6,125.9
6,125.9
0,125.9
0,125.9
1,125.9
1,125.9
2,125.9
2,125.9
3,125.9
3,125.9
4,125.9
4,125.9
5,125.9
5,125.9
6,125.9
6,125.9
0,125.9
0,125.9
1,125.9
1,125.9
2,125.9
2,125.9
3,125.9
3,125.9
4,125.9
4,127.9
5,127.9
5,127.9
6,127.9
6,127.9
0,127.9
0,127.9
1,127.9
1,127.9
2,127.9
2,127.9
3,127.9
3,127.9
4,127.9
4,127.9
5,127.9
5,127.9
6,127.9
6,127.9
0,127.9
0,127.9
1,127.9
1,127.9
2,127.9
2,127.9
3,127.9
3,127.9
4,127.9
4,127.9
5,127.9
5,127.9
6,127.9
6,127.9
0,127.9
0,127.9
1,127.9
1,127.9
2,127.9
2,127.9
3,127.9
3,127.9
4,127.9
4,126.9
5,126.9
5,126.9
6,126.9
6,126.9
0,126.9
0,126.9
1,126.9
1,126.9
2,126.9
2,126.9
3,126.9
3,126.9
4,126.9
4,126.9
5,126.9
5,126.9
6,126.9
6,126.9
0,126.9
0,126.9
1,126.9
1,126.9
2,126.9
2,126.9
3,126.9
3,127.9
4,127.9
4,128.9
5,128.9
5,128.9
6,128.9
6,128.9
0,128.9
0,128.9
1,128.9
1,128.9
2,128.9
2,128.9
3,128.9
3,128.9
4,128.9
4,128.9
5,128.9
5,128.9
6,128.9
6,128.9
0,128.9
0,128.9
1,128.9
1,128.9
2,128.9
2,128.9
3,128.9
3,128.9
4,128.9
4,128.9
5,128.9
5,128.9
6,128.9
6,128.9
0,128.9
0,128.9
1,128.9
1,128.9
2,128.9
2,128.9
3,128.9
3,130.9
4,130.9
4,130.9
5,130.9
5,130.9
6,130.9
6,130.9
0,130.9
0,130.9
1,130.9
1,130.9
2,130.9
2,130.9
3,130.9
3,130.9
4,130.9
4,130.9
5,130.9
5,130.9
6,130.9
6,130.9
0,130.9
0,130.9
1,130.9
1,130.9
2,130.9
2,130.9
3,130.9
3,130.9
4,130.9
4,130.9
5,130.9
5,130.9
6,130.9
6,130.9
0,130.9
0,130.9
1,130.9
1,130.9
2,130.9
2,130.9
3,130.9
3,130.9
4,130.9
4,130.9
5,130.9
5,130.9
6,130.9
6,130.9
0,130.9
0,130.9
1,130.9
1,130.9
2,130.9
2,130.9
3,130.9
3,130.9
4,130.9
4,130.9
5,130.9
5,130.9
6,130.9
6,130.9
0,131.9
0,131.9
1,131.9
1,131.9
2,131.9
2,131.9
3,132.9
3,132.9
4,132.9
4,132.9
5,132.9
5,132.9
6,132.9
6,132.9
0,132.9
0,132.9
1,132.9
1,132.9
2,132.9
2,133.9
3,133.9
3,133.9
4,133.9
4,133.9
5,133.9
5,133.9
6,133.9
6,133.9
0,133.9
0,133.9
1,135.9
1,135.9
2,135.9
2,135.9
3,135.9
3,135.9
4,135.9
4,135.9
5,135.9
5,135.9
6,135.9
6,135.9
0,135.9
0,135.9
1,136.9
1,136.9
2,136.9
2,136.9
3,136.9
3,136.9
4,136.9
4,136.9
5,136.9
5,136.9
6,136.9
6,136.9
0,136.9
0,136.9
1,137.9
1,137.9
2,137.9
2,137.9
3,137.9
3,137.9
4,137.9
4,137.9
5,137.9
5,137.9
6,137.9
6,137.9
0,137.9
0,137.9
1,137.9
1,137.9
2,137.9
2,137.9
3,137.9
3,137.9
4,137.9
4,137.9
5,137.9
5,137.9
6,137.9
6,137.9
0,137.9
0,137.9
1,137.9
1,137.9
2,137.9
2,137.9
3,137.9
3,137.9
4,137.9
4,137.9
5,137.9
5,137.9
6,137.9
6,137.9
0,137.9
0,137.9
1,137.9
1,137.9
2,137.9
2,137.9
3,137.9
3,137.9
4,137.9
4,137.9
5,137.9
5,137.9
6,137.9
6,137.9
0,137.9
0,137.9
1,137.9
1,137.9
2,137.9
2,137.9
3,137.9
3,137.9
4,137.9
4,137.9
5,137.9
5,137.9
6,137.9
6,137.9
0,137.9
0,137.9
1,137.9
1,137.9
2,137.9
2,137.9
3,137.9
3,137.9
4,137.9
4,137.9
5,137.9
5,137.9
6,137.9
6,137.9
0,137.9
0,137.9
1,137.9
1,137.9
2,137.9
2,137.9
3,137.9
3,137.9
4,137.9
4,137.9
5,137.9
5,137.9
6,137.9
6,137.9
0,137.9
0,137.9
1,137.9
1,137.9
2,138.9
2,138.9
3,138.9
3,139.9
4,139.9
4,139.9
5,139.9
5,139.9
6,139.9
6,139.9
0,139.9
0,139.9
1,139.9
1,139.9
2,139.9
2,139.9
3,139.9
3,139.9
4,139.9
4,139.9
5,139.9
5,139.9
6,139.9
6,139.9
0,139.9
0,139.9
1,139.9
1,139.9
2,139.9
2,139.9
3,139.9
3,139.9
4,139.9
4,139.9
5,139.9
5,139.9
6,139.9
6,139.9
0,139.9
0,139.9
1,139.9
1,139.9
2,139.9
2,139.9
3,139.9
3,139.9
4,139.9
4,139.9
5,139.9
5,139.9
6,139.9
6,139.9
0,139.9
0,139.9
1,139.9
1,139.9
2,139.9
2,139.9
3,139.9
3,139.9
4,139.9
4,139.9
5,139.9
5,139.9
6,139.9
6,139.9
0,139.9
0,139.9
1,139.9
1,139.9
2,139.9
2,139.9
3,137.9
3,137.9
4,137.9
4,137.9
5,137.9
5,137.9
6,137.9
6,137.9
0,137.9
0,137.9
1,137.9
1,138.9
2,138.9
2,138.9
3,138.9
3,138.9
4,138.9
4,138.9
5,138.9
5,138.9
6,138.9
6,138.9
0,138.9
0,138.9
1,138.9
1,138.9
2,138.9
2,138.9
3,138.9
3,138.9
4,138.9
4,138.9
5,138.9
5,138.9
6,138.9
6,138.9
0,138.9
0,138.9
1,138.9
1,138.9
2,138.9
2,138.9
3,138.9
3,138.9
4,138.9
4,138.9
5,138.9
5,138.9
6,138.9
6,138.9
0,138.9
0,138.9
1,138.9
1,139.9
2,139.9
2,139.9
3,139.9
3,139.9
4,139.9
4,139.9
5,139.9
5,139.9
6,139.9
6,139.9
0,139.9
0,139.9
1,139.9
1,139.9
2,139.9
2,139.9
3,139.9
3,142.9
4,142.9
4,142.9
5,142.9
5,142.9
6,142.9
6,142.9
0,142.9
0,142.9
1,142.9
1,142.9
2,142.9
2,142.9
3,142.9
3,142.9
4,142.9
4,142.9
5,142.9
5,142.9
6,142.9
6,142.9
0,142.9
0,142.9
1,142.9
1,142.9
2,142.9
2,142.9
3,142.9
3,142.9
4,142.9
4,142.9
5,142.9
5,142.9
6,142.9
6,142.9
0,142.9
0,142.9
1,142.9
1,142.9
2,142.9
2,142.9
3,142.9
3,142.9
4,142.9
4,142.9
5,142.9
5,142.9
6,142.9
6,142.9
0,142.9
0,144.9
1,144.9
1,144.9
2,144.9
2,144.9
3,146.9
3,146.9
4,146.9
4,146.9
5,146.9
5,146.9
6,146.9
6,146.9
