0,0
0,0
1,0
1,0
2,0
2,0
3,0
3,0
4,0
4,0
5,0
5,0
6,0
6,0
0,0
0,0
1,0
1,0
2,0
2,0
3,0
3,0
4,0
4,0
5,0
5,0
6,0
6,0
0,0
0,0
1,0
1,0
2,0
2,0
3,0
3,0
4,0
4,0
5,0
5,0
6,0
6,0
0,0
0,0
1,0
1,0
2,0
2,0
3,0
3,0
4,0
4,0
5,0
5,0
6,0
6,0
0,0
0,0
1,0
1,0
2,0
2,0
3,0
3,0
4,0
4,0
5,0
5,0
6,0
6,0
0,0
0,0
1,0
1,0
2,0
2,0
3,0
3,0
4,0
4,0
5,0
5,0
6,0
6,0
0,0
0,0
1,0
1,0
2,0
2,0
3,0
3,0
4,0
4,0
5,0
5,0
6,0
6,0
0,0
0,0
1,0
1,0
2,0
2,0
3,0
3,0
4,0
4,0
5,0
5,0
6,0
6,0
0,0
0,0
1,0
1,0
2,0
2,0
3,0
3,0
4,0
4,0
5,0
5,0
6,0
6,0
0,0
0,0
1,0
1,0
2,0
2,0
3,0
3,0
4,0
4,0
5,0
5,0
6,0
6,0
0,0
0,0
1,0
1,0
2,0
2,0
3,0
3,0
4,0
4,0
5,0
5,0
6,0
6,0
0,0
0,0
1,0
1,0
2,0
2,0
3,0
3,0
4,0
4,0
5,0
5,0
6,0
6,0
0,0
0,0
1,0
1,0
2,0
2,0
3,0
3,0
4,0
4,0
5,0
5,0
6,0
6,0
0,0
0,0
1,0
1,0
2,0
2,0
3,0
3,0
4,0
4,0
5,0
5,0
6,0
6,0
0,0
0,0
1,0
1,0
2,0
2,0
3,0
3,0
4,0
4,0
5,0
5,0
6,0
6,0
0,0
0,0
1,0
1,0
2,0
2,0
3,0
3,0
4,0
4,0
5,0
5,0
6,0
6,0
0,0
0,0
1,0
1,0
2,0
2,0
3,0
3,0
4,0
4,0
5,0
5,0
6,0
6,0
0,0
0,0
1,0
1,0
2,0
2,0
3,0
3,0
4,0
4,0
5,0
5,0
6,0
6,0
0,0
0,0
1,0
1,0
2,0
2,0
3,0
3,0
4,0
4,0
5,0
5,0
6,0
6,0
0,0
0,0
1,0
1,0
2,0
2,0
3,0
3,0
4,0
4,0
5,0
5,0
6,0
6,0
0,0
0,0
1,0
1,0
2,0
2,0
3,0
3,0
4,0
4,0
5,0
5,0
6,0
6,0
0,0
0,0
1,0
1,0
2,0
2,0
3,0
3,0
4,0
4,0
5,0
5,0
6,0
6,0
0,0
0,0
1,0
1,0
2,0
2,0
3,0
3,0
4,0
4,0
5,0
5,0
6,0
6,0
0,0
0,0
1,0
1,0
2,0
2,0
3,0
3,0
4,0
4,0
5,0
5,0
6,0
6,0
0,0
0,0
1,0
1,0
2,0
2,0
3,0
3,0
4,0
4,0
5,0
5,0
6,0
6,0
0,0
0,0
1,0
1,0
2,0
2,0
3,0
3,0
4,0
4,0
5,0
5,0
6,0
6,0
0,0
0,0
1,0
1,0
2,0
2,0
3,0
3,0
4,0
4,0
5,0
5,0
6,0
6,0
0,0
0,0
1,0
1,0
2,0
2,0
3,0
3,0
4,0
4,0
5,0
5,0
6,0
6,0
0,0
0,0
1,0
1,0
2,0
2,0
3,0
3,142.9
4,142.9
4,142.9
5,142.9
5,142.9
6,142.9
6,139.9
0,139.9
0,139.9
1,139.9
1,139.9
2,139.9
2,136.9
3,136.9
3,134.9
4,134.9
4,129.9
5,129.9
5,129.9
6,129.9
6,129.9
0,127.9
0,127.9
1,127.9
1,127.9
2,127.9
2,127.9
3,127.9
3,127.9
4,127.9
4,124.9
5,124.9
5,124.9
6,124.9
6,124.9
0,124.9
0,122.9
1,122.9
1,119.9
2,119.9
2,119.9
3,119.9
3,119.9
4,119.9
4,119.9
5,119.9
5,119.9
6,119.9
6,115.9
0,115.9
0,115.9
1,115.9
1,115.9
2,115.9
2,115.9
3,115.9
3,113.9
4,113.9
4,113.9
5,113.9
5,113.9
6,113.9
6,113.9
0,113.9
0,113.9
1,113.9
1,113.9
2,113.9
2,113.9
3,113.9
3,113.9
4,113.9
4,113.9
5,113.9
5,113.9
6,113.9
6,113.9
0,113.9
0,113.9
1,109.9
1,109.9
2,109.9
2,109.9
3,109.9
3,109.9
4,109.9
4,109.9
5,109.9
5,109.9
6,109.9
6,109.9
0,109.9
0,109.9
1,109.9
1,109.9
2,109.9
2,106.9
3,106.9
3,106.9
4,106.9
4,106.9
5,106.9
5,137.9
6,137.9
6,137.9
0,137.9
0,137.9
1,137.9
1,134.9
2,134.9
2,134.9
3,134.9
3,134.9
4,134.9
4,134.9
5,134.9
5,134.9
6,134.9
6,129.9
0,129.9
0,129.9
1,129.9
1,129.9
2,129.9
2,129.9
3,129.9
3,129.9
4,129.9
4,129.9
5,129.9
5,129.9
6,129.9
6,129.9
0,129.9
0,129.9
1,129.9
1,129.9
2,129.9
2,129.9
3,117.9
3,117.9
4,117.9
4,117.9
5,117.9
5,117.9
6,117.9
6,117.9
0,117.9
0,117.9
1,117.9
1,117.9
2,117.9
2,117.9
3,117.9
3,117.9
4,117.9
4,117.9
5,117.9
5,117.9
6,137.9
6,137.9
0,137.9
0,137.9
1,137.9
1,137.9
2,137.9
2,137.9
3,137.9
3,137.9
4,137.9
4,128.9
5,128.9
5,128.9
6,128.9
6,128.9
0,128.9
0,123.4
1,123.4
1,123.4
2,123.4
2,123.4
3,123.4
3,123.4
4,123.4
4,123.4
5,123.4
5,123.4
6,123.4
6,123.4
0,123.4
0,113.9
1,113.9
1,113.9
2,113.9
2,113.9
3,113.9
3,113.9
4,113.9
4,113.9
5,113.9
5,113.9
6,113.9
6,113.9
0,113.9
0,113.9
1,113.9
1,113.9
2,113.9
2,139.9
3,139.9
3,139.9
4,139.9
4,139.9
5,139.9
5,139.9
6,139.9
6,139.9
0,137.9
0,137.9
1,137.9
1,137.9
2,137.9
2,137.9
3,137.9
3,137.9
4,137.9
4,137.9
5,137.9
5,137.9
6,137.9
6,137.9
0,137.9
0,137.9
1,125.9
1,125.9
2,125.9
2,125.9
3,119.9
3,119.9
4,119.9
4,119.9
5,119.9
5,119.9
6,119.9
6,119.9
0,119.9
0,119.9
1,119.9
1,119.9
2,109.9
2,109.9
3,109.9
3,109.9
4,109.9
4,109.9
5,109.9
5,109.9
6,109.9
6,109.9
0,109.9
0,109.9
1,109.9
1,109.9
2,109.9
2,109.9
3,109.9
3,109.9
4,109.9
4,109.9
5,109.9
5,109.9
6,109.9
6,109.9
0,103.5
0,103.5
1,103.5
1,103.5
2,103.5
2,103.5
3,103.5
3,129.9
4,129.9
4,129.9
5,129.9
5,129.9
6,129.9
6,128.9
0,128.9
0,127.9
1,127.9
1,127.9
2,127.9
2,125.9
3,125.9
3,123.9
4,123.9
4,123.9
5,123.9
5,123.9
6,123.9
6,123.9
0,121.9
0,119.9
1,119.9
1,116.9
2,116.9
2,116.9
3,116.9
3,111.9
4,111.9
4,111.9
5,111.9
5,111.9
6,111.9
6,109.9
0,109.9
0,109.9
1,109.9
1,105.9
2,105.9
2,105.9
3,105.9
3,105.9
4,105.9
4,105.9
5,105.9
5,105.9
6,105.9
6,105.9
0,105.9
0,105.9
1,105.9
1,105.9
2,105.9
2,105.9
3,105.9
3,105.9
4,105.9
4,132.9
5,132.9
5,132.9
6,132.9
6,132.9
0,132.9
0,132.9
1,132.9
1,132.9
2,132.9
2,132.9
3,132.9
3,132.9
4,131.9
4,128.9
5,127.9
5,127.9
6,127.9
6,127.9
0,127.9
0,122.9
1,122.9
1,122.9
2,122.9
2,122.9
3,122.9
3,118.9
4,118.9
4,118.9
5,118.9
5,118.9
6,115.9
6,115.9
0,115.9
0,114.4
1,114.4
1,114.4
2,114.4
2,114.4
3,114.4
3,114.4
4,114.4
4,109.9
5,109.9
5,109.9
6,109.9
6,109.9
0,109.9
0,109.9
1,109.9
1,109.9
2,109.9
2,109.9
3,109.9
3,109.9
4,109.9
4,109.9
5,109.9
5,109.9
6,109.9
6,109.9
0,139.9
0,139.9
1,139.9
1,139.9
2,139.9
2,139.9
3,137.9
3,135.9
4,135.9
4,134.9
5,134.9
5,134.9
6,134.9
6,134.9
0,131.9
0,130.9
1,130.9
1,132.9
2,125.9
2,125.9
3,123.9
3,122.9
4,122.9
4,122.9
5,122.9
5,122.9
6,122.9
6,117.9
0,117.9
0,116.9
1,116.9
1,115.9
2,115.9
2,115.9
3,115.9
3,115.9
4,115.9
4,113.9
5,113.9
5,113.9
6,113.9
6,113.9
0,113.9
0,113.9
1,113.9
1,113.9
2,113.9
2,113.9
3,113.9
3,140.9
4,140.9
4,140.9
5,140.9
5,140.9
6,140.9
6,140.9
0,140.9
0,140.9
1,140.9
1,138.9
2,138.9
2,138.9
3,138.9
3,136.9
4,136.9
4,134.9
5,134.9
5,134.9
6,134.9
6,128.9
0,128.9
0,128.9
1,128.9
1,122.9
2,122.9
2,122.9
3,122.9
3,118.9
4,118.9
4,116.9
5,116.9
5,116.9
6,116.9
6,116.9
0,114.9
0,114.9
1,114.9
1,114.9
2,114.9
2,114.9
3,114.9
3,114.9
4,142.9
4,142.9
5,142.9
5,142.9
6,142.9
6,142.9
0,142.9
0,142.9
1,142.9
1,142.9
2,142.9
2,139.9
3,139.9
3,139.9
4,139.9
4,139.9
5,139.9
5,139.9
6,139.9
6,139.9
0,137.9
0,137.9
1,137.9
1,137.9
2,137.9
2,137.9
3,136.9
3,136.9
4,136.9
4,136.9
5,136.9
5,133.9
6,133.9
6,133.9
0,129.9
0,129.9
1,129.9
1,129.9
2,129.9
2,126.9
3,126.9
3,126.9
4,126.9
4,126.9
5,147.9
5,147.9
6,147.9
6,147.9
0,147.9
0,147.9
1,147.9
1,147.9
2,147.9
2,147.9
3,147.9
3,145.9
4,145.9
4,145.9
5,143.9
5,143.9
6,143.9
6,143.9
0,143.9
0,143.9
1,141.9
1,141.9
2,141.9
2,141.9
3,141.9
3,141.9
4,141.9
4,141.9
5,141.9
5,141.9
6,141.9
6,141.9
0,133.9
0,133.9
1,129.9
1,129.9
2,129.9
2,129.9
3,129.9
3,129.9
4,129.9
4,129.9
5,129.9
5,129.9
6,129.9
6,129.9
0,129.9
0,125.9
1,125.9
1,122.9
2,123.9
2,123.9
3,123.9
3,123.9
4,123.9
4,147.9
5,147.9
5,147.9
6,147.9
6,147.9
0,147.9
0,146.9
1,145.9
1,145.9
2,145.9
2,145.9
3,145.9
3,145.9
4,145.9
4,145.9
5,145.9
5,145.9
6,145.9
6,145.9
0,145.9
0,145.9
1,145.9
1,139.9
2,139.9
2,135.9
3,135.9
3,135.9
4,135.9
4,133.9
5,129.9
5,129.9
6,129.9
6,129.9
0,129.9
0,129.9
1,129.9
1,129.9
2,128.9
2,128.9
3,128.9
3,128.9
4,128.9
4,126.9
5,126.9
5,126.9
6,126.9
6,126.9
0,126.9
0,126.9
1,126.9
1,125.9
2,125.9
2,125.9
3,125.9
3,125.9
4,125.9
4,125.9
5,147.9
5,147.9
6,147.9
6,147.9
0,147.9
0,147.9
1,147.9
1,147.9
2,147.9
2,147.9
3,145.9
3,145.9
4,145.9
4,145.9
5,145.9
5,143.9
6,143.9
6,143.9
0,139.9
0,139.9
1,139.9
1,139.9
2,135.9
2,135.9
3,135.9
3,129.9
4,129.9
4,129.9
5,129.9
5,129.9
6,129.9
6,129.9
0,129.9
0,129.9
1,129.9
1,124.9
2,124.9
2,124.9
3,124.9
3,124.9
4,124.9
4,124.9
5,124.9
5,124.9
6,124.9
6,124.9
0,124.9
0,124.9
1,124.9
1,124.9
2,124.9
2,124.9
3,124.9
3,124.9
4,124.9
4,124.9
5,124.9
5,124.9
6,121.9
6,121.9
0,121.9
0,121.9
1,121.9
1,121.9
2,121.9
2,121.9
3,121.9
3,121.9
4,121.9
4,121.9
5,121.9
5,121.9
6,121.9
6,121.9
0,121.9
0,121.9
1,121.9
1,121.9
2,121.9
2,147.9
3,147.9
3,147.9
4,147.9
4,147.9
5,147.9
5,147.9
6,147.9
6,147.9
0,147.9
0,146.9
1,146.9
1,146.9
2,146.9
2,146.9
3,142.9
3,139.9
4,139.9
4,139.9
5,139.9
5,139.9
6,139.9
6,139.9
0,134.9
0,134.9
1,134.9
1,129.9
2,129.9
2,129.9
3,129.9
3,129.9
4,129.9
4,129.9
5,129.9
5,129.9
6,129.9
6,124.9
0,124.9
0,124.9
1,124.9
1,122.9
2,122.9
2,122.9
3,122.9
3,122.9
4,122.9
4,122.9
5,122.9
5,122.9
6,122.9
6,122.9
0,122.9
0,147.5666666666667
1,147.5666666666667
1,147.5666666666667
2,147.5666666666667
2,147.5666666666667
3,147.5666666666667
3,144.4
4,144.4
4,144.4
5,144.4
5,144.4
6,144.4
6,141.9
0,139.9
0,139.9
1,139.9
1,135.9
2,135.9
2,135.9
3,135.9
3,132.9
4,132.9
4,129.9
5,129.9
5,129.9
6,129.9
6,129.9
0,129.9
0,129.9
1,129.9
1,125.9
2,125.9
2,125.9
3,125.9
3,125.9
4,125.9
4,125.9
5,125.9
5,125.9
6,125.9
6,125.9
0,125.9
0,125.9
1,125.9
1,125.9
2,125.9
2,125.9
3,125.9
3,125.9
4,125.9
4,150.9
5,150.9
5,150.9
6,150.9
6,150.9
0,150.9
0,149.9
1,149.9
1,147.9
2,147.9
2,147.9
3,147.9
3,147.9
4,147.9
4,147.9
5,141.9
5,141.9
6,141.9
6,141.9
0,141.9
0,139.9
1,139.9
1,139.9
2,139.9
2,135.9
3,135.9
3,135.9
4,135.9
4,135.9
5,135.9
5,135.9
6,135.9
6,135.9
0,132.9
0,132.9
1,132.9
1,132.9
2,154.9
2,154.9
3,154.9
3,154.9
4,154.9
4,154.9
5,152.9
5,152.9
6,152.9
6,152.9
