0,0
0,121.0
1,121.0
1,120.9
2,120.9
2,120.9
3,119.9
3,119.9
4,118.9
4,118.9
5,118.9
5,118.9
6,118.9
6,118.9
0,118.9
0,118.9
1,117.9
1,117.9
2,117.9
2,117.9
3,117.9
3,117.9
4,117.9
4,117.9
5,117.9
5,117.9
6,117.9
6,117.9
0,117.9
0,117.9
1,117.9
1,117.9
2,117.9
2,117.9
3,117.9
3,117.9
4,143.9
4,143.9
5,143.9
5,141.9
6,141.9
6,141.9
0,141.9
0,141.9
1,141.9
1,141.9
2,141.9
2,138.9
3,138.9
3,138.9
4,138.9
4,132.9
5,132.9
5,132.9
6,132.9
6,132.9
0,132.9
0,129.9
1,129.9
1,129.9
2,129.9
2,129.9
3,129.9
3,129.9
4,129.9
4,129.9
5,129.9
5,129.9
6,129.9
6,129.9
0,129.9
0,125.9
1,125.9
1,125.9
2,125.9
2,125.9
3,125.9
3,144.9
4,144.9
4,144.9
5,144.9
5,144.9
6,144.9
6,138.9
0,138.9
0,135.9
1,135.9
1,134.9
2,134.9
2,134.9
3,130.9
3,130.9
4,130.9
4,130.9
5,130.9
5,129.7
6,129.7
6,129.7
0,129.7
0,129.7
1,129.7
1,129.7
2,128.7
2,128.7
3,128.7
3,128.7
4,128.7
4,128.7
5,128.7
5,128.7
6,128.7
6,128.7
0,128.7
0,128.7
1,128.7
1,128.7
2,138.7
2,138.7
3,138.7
3,137.7
4,137.7
4,137.7
5,137.7
5,137.7
6,137.7
6,137.7
0,137.7
0,137.7
1,137.7
1,137.7
2,137.7
2,137.7
3,137.7
3,137.7
4,137.7
4,137.7
5,137.7
5,137.7
6,137.7
6,137.7
0,137.7
0,137.7
1,137.7
1,137.7
2,137.7
2,137.7
3,137.7
3,137.7
4,137.7
4,137.7
5,137.7
5,137.7
6,137.7
6,137.7
0,137.7
0,137.7
1,137.7
1,137.7
2,137.7
2,137.7
3,137.7
3,137.7
4,137.7
4,137.7
5,137.7
5,137.7
6,137.7
6,137.7
0,137.7
0,137.7
1,137.7
1,137.7
2,137.7
2,137.7
3,137.7
3,137.7
4,137.7
4,137.7
5,137.7
5,137.7
6,137.7
6,137.7
0,137.7
0,137.7
1,137.7
1,137.7
2,137.7
2,137.7
3,137.7
3,137.7
4,137.7
4,137.7
5,137.7
5,137.7
6,137.7
6,137.7
0,137.7
0,137.7
1,137.7
1,137.7
2,137.7
2,137.7
3,137.7
3,137.7
4,137.7
4,137.7
5,137.7
5,137.7
6,137.7
6,137.7
0,137.7
0,137.7
1,137.7
1,137.7
2,137.7
2,137.7
3,137.7
3,137.7
4,137.7
4,137.7
5,137.7
5,137.7
6,137.7
6,137.7
0,137.7
0,137.7
1,137.7
1,137.7
2,137.7
2,137.7
3,137.7
3,137.7
4,137.7
4,137.7
5,137.7
5,137.7
6,137.7
6,137.7
0,137.7
0,137.7
1,137.7
1,137.7
2,137.7
2,137.7
3,137.7
3,137.7
4,137.7
4,137.7
5,137.7
5,137.7
6,148.4
6,148.4
0,148.4
0,148.4
1,148.4
1,148.4
2,148.4
2,148.4
3,148.4
3,148.4
4,148.4
4,148.4
5,148.4
5,148.4
6,148.4
6,148.4
0,148.4
0,148.4
1,144.4
1,144.4
2,144.4
2,144.4
3,144.4
3,144.4
4,142.4
4,142.4
5,142.4
5,142.4
6,142.4
6,142.4
0,142.4
0,142.4
1,142.4
1,142.4
2,142.4
2,142.4
3,142.4
3,142.4
4,142.4
4,142.4
5,142.4
5,142.4
6,142.4
6,142.4
0,142.4
0,142.4
1,142.4
1,142.4
2,142.4
2,142.4
3,142.4
3,142.4
4,142.4
4,142.4
5,142.4
5,142.4
6,142.4
6,142.4
0,142.4
0,142.4
1,142.4
1,142.4
2,142.4
2,142.4
3,139.4
3,158.9
4,158.9
4,158.9
5,158.9
5,158.9
6,158.9
6,158.9
0,158.9
0,158.9
1,158.9
1,158.9
2,158.9
2,158.9
3,158.9
3,158.9
4,158.9
4,158.9
5,158.9
5,158.9
6,158.9
6,158.9
0,158.9
0,158.9
1,158.9
1,158.9
2,158.9
2,158.9
3,158.9
3,158.9
4,158.9
4,158.9
5,158.9
5,158.9
6,158.9
6,158.9
0,158.9
0,158.9
1,158.9
1,158.9
2,158.9
2,158.9
3,158.9
3,158.9
4,158.9
4,158.9
5,158.9
5,158.9
6,158.9
6,158.9
0,158.9
0,158.9
1,158.9
1,158.9
2,139.9
2,139.9
3,139.9
3,139.9
4,139.9
4,139.9
5,139.9
5,139.9
6,139.9
6,139.9
0,139.9
0,139.9
1,139.9
1,139.9
2,139.9
2,139.9
3,139.9
3,139.9
4,139.9
4,139.9
5,139.9
5,139.9
6,139.9
6,139.9
0,139.9
0,139.9
1,139.9
1,139.9
2,139.9
2,139.9
3,139.9
3,139.9
4,139.9
4,157.9
5,157.9
5,157.9
6,157.9
6,157.9
0,157.9
0,157.9
1,157.9
1,157.9
2,157.9
2,157.9
3,157.9
3,157.9
4,157.9
4,157.9
5,157.9
5,157.9
6,157.9
6,157.9
0,157.9
0,157.9
1,157.9
1,157.9
2,157.9
2,157.9
3,157.9
3,157.9
4,157.9
4,157.9
5,157.9
5,157.9
6,157.9
6,157.9
0,157.9
0,157.9
1,138.9
1,138.9
2,138.9
2,138.9
3,138.9
3,138.9
4,138.9
4,138.9
5,138.9
5,138.9
6,138.9
6,138.9
0,138.9
0,138.9
1,138.9
1,138.9
2,138.9
2,138.9
3,134.9
3,134.9
4,134.9
4,134.9
5,134.9
5,134.9
6,134.9
6,134.9
0,134.9
0,134.9
1,134.9
1,134.9
2,134.9
2,134.9
3,134.9
3,134.9
4,134.9
4,134.9
5,134.9
5,134.9
6,134.9
6,134.9
0,134.9
0,134.9
1,134.9
1,134.9
2,134.9
2,134.9
3,134.9
3,134.9
4,134.9
4,134.9
5,134.9
5,134.9
6,134.9
6,134.9
0,134.9
0,134.9
1,134.9
1,134.9
2,134.9
2,134.9
3,134.9
3,134.9
4,134.9
4,130.9
5,130.9
5,130.9
6,152.9
6,152.9
0,152.9
0,152.9
1,152.9
1,152.9
2,149.9
2,149.9
3,149.9
3,149.9
4,148.9
4,148.9
5,148.9
5,148.9
6,147.9
6,147.9
0,145.9
0,145.9
1,141.9
1,141.9
2,139.9
2,139.9
3,137.9
3,137.9
4,136.9
4,136.9
5,136.9
5,136.9
6,135.9
6,135.9
0,135.9
0,135.9
1,134.9
1,134.9
2,134.9
2,134.9
3,134.9
3,134.9
4,134.9
4,134.9
5,134.9
5,134.9
6,134.9
6,134.9
0,134.9
0,134.9
1,134.9
1,134.9
2,134.9
2,134.9
3,134.9
3,134.9
4,134.9
4,134.9
5,134.9
5,134.9
6,134.9
6,134.9
0,134.9
0,134.9
1,134.9
1,144.9
2,144.9
2,144.9
3,144.9
3,144.9
4,144.9
4,144.9
5,144.9
5,144.9
6,142.9
6,142.9
0,142.9
0,139.9
1,139.9
1,137.9
2,137.9
2,137.9
3,134.9
3,134.9
4,134.9
4,134.9
5,134.9
5,134.9
6,134.9
6,134.9
0,134.9
0,134.9
1,133.9
1,133.9
2,133.9
2,133.9
3,133.9
3,133.9
4,133.9
4,133.9
5,133.9
5,133.9
6,133.9
6,133.9
0,133.9
0,133.9
1,133.9
1,133.9
2,135.9
2,135.9
3,156.9
3,156.9
4,156.9
4,156.9
5,156.9
5,156.9
6,153.9
6,153.9
0,153.9
0,153.9
1,153.9
1,152.9
2,152.9
2,147.9
3,144.9
3,143.9
4,139.4
4,139.4
5,139.4
5,139.4
6,139.4
6,139.4
0,137.9
0,137.9
1,137.9
1,137.9
2,132.9
2,132.9
3,130.9
3,130.9
4,128.9
4,128.9
5,128.9
5,128.9
6,128.9
6,128.9
0,127.9
0,127.9
1,125.9
1,125.9
2,123.9
2,123.9
3,123.9
3,123.9
4,122.9
4,122.9
5,122.9
5,122.9
6,122.9
6,122.9
0,122.9
0,122.9
1,122.9
1,122.9
2,121.9
2,121.9
3,121.9
3,121.9
4,121.9
4,121.9
5,121.9
5,121.9
6,121.9
6,121.9
0,121.9
0,121.9
1,121.9
1,121.9
2,121.9
2,121.9
3,121.9
3,121.9
4,145.9
4,145.9
5,145.9
5,145.9
6,145.9
6,145.9
0,145.9
0,145.9
1,141.9
1,141.9
2,141.9
2,141.9
3,139.9
3,138.9
4,137.4
4,137.4
5,137.4
5,137.4
6,134.9
6,134.9
0,134.9
0,133.9
1,129.9
1,129.9
2,127.9
2,127.9
3,127.9
3,127.9
4,127.9
4,127.9
5,127.9
5,127.9
6,127.9
6,127.9
0,127.9
0,127.9
1,127.9
1,127.9
2,127.9
2,127.9
3,127.9
3,127.9
4,127.9
4,127.9
5,127.9
5,127.9
6,127.9
6,127.9
0,127.9
0,127.9
1,127.9
1,127.9
2,127.9
2,127.9
3,127.9
3,127.9
4,127.9
4,127.9
5,127.9
5,127.9
6,127.9
6,127.9
0,124.9
0,124.9
1,124.9
1,124.9
2,148.9
2,148.9
3,148.9
3,146.9
4,146.9
4,146.9
5,144.9
5,144.9
6,144.9
6,144.9
0,139.65
0,139.65
1,139.65
1,139.65
2,136.4
2,136.4
3,136.4
3,133.9
4,133.9
4,133.9
5,131.7
5,131.7
6,131.7
6,131.7
0,131.7
0,131.7
1,131.7
1,129.5
2,129.5
2,129.5
3,128.5
3,128.5
4,128.5
4,128.5
5,129.5
5,129.5
6,129.5
6,129.5
0,128.5
0,128.5
1,127.4
1,127.4
2,126.4
2,126.4
3,126.4
3,126.4
4,126.4
4,126.4
5,126.4
5,126.4
6,126.4
6,126.4
0,126.4
0,157.9
1,157.9
1,157.4
2,154.4
2,151.4
3,151.4
3,151.4
4,151.4
4,151.4
5,151.4
5,151.4
6,149.4
6,149.4
0,149.4
0,145.9
1,143.9
1,143.9
2,142.9
2,142.9
3,141.4
3,139.4
4,139.4
4,139.4
5,138.4
5,138.4
6,135.9
6,135.9
0,135.9
0,135.9
1,135.9
1,135.9
2,134.7
2,134.7
3,132.8
3,132.8
4,132.8
4,132.8
5,131.4
5,131.4
6,131.4
6,131.4
0,131.4
0,131.4
1,131.4
1,131.4
2,128.5
2,128.5
3,128.5
3,128.2
4,128.2
4,128.2
5,128.2
5,157.5
6,157.5
6,157.5
0,157.5
0,157.5
1,157.5
1,154.5
2,154.5
2,152.9
3,152.9
3,152.9
4,151.9
4,149.9
5,148.2
5,145.5
6,145.5
6,145.5
0,145.5
0,143.5
1,139.5
1,139.5
2,137.5
2,136.5
3,136.5
3,136.5
4,136.5
4,136.5
5,136.5
5,135.5
6,135.5
6,134.9
0,134.9
0,134.9
1,134.3
1,134.3
2,132.5
2,132.5
3,132.5
3,132.5
4,132.5
4,132.5
5,159.9
5,158.9
6,158.9
6,155.7
0,155.7
0,155.7
1,154.7
1,154.7
2,154.7
2,151.5
3,151.5
3,143.5
4,143.5
4,143.5
5,143.5
5,143.5
6,143.5
6,143.5
0,143.5
0,143.5
1,143.5
1,143.5
2,143.5
2,143.5
3,143.5
3,143.5
4,143.5
4,143.5
5,143.5
5,140.7
6,140.7
6,140.7
0,140.7
0,140.7
1,140.7
1,139.7
2,139.7
2,139.7
3,137.7
3,136.7
4,135.9
4,135.9
5,135.9
5,135.9
6,135.9
6,135.9
0,163.9
0,163.9
1,163.9
1,163.9
2,163.9
2,163.9
3,161.2
3,161.2
4,160.2
4,159.2
5,158.2
5,158.2
6,158.2
6,158.2
0,155.2
0,153.2
1,153.2
1,150.2
2,147.2
2,147.2
3,147.2
3,144.2
4,144.2
4,142.2
5,140.7
5,140.7
6,140.7
6,140.7
0,140.7
0,139.7
1,139.7
1,139.7
2,139.7
2,139.7
3,139.7
3,139.7
4,139.7
4,139.7
5,139.7
5,139.7
6,138.7
6,138.7
0,138.7
0,138.7
1,137.7
1,137.7
2,136.7
2,136.7
3,136.7
3,136.7
4,140.7
4,163.7
5,163.7
5,163.7
6,163.7
6,163.7
0,163.7
0,163.7
1,162.7
1,162.7
2,157.7
2,157.7
3,157.7
3,157.7
4,157.7
4,157.7
5,156.7
5,156.7
6,155.7
6,155.7
0,154.7
0,154.7
1,152.7
1,151.7
2,149.7
2,149.7
3,148.7
3,148.7
4,147.7
4,147.7
5,147.7
5,143.7
6,143.7
6,143.7
0,143.7
0,143.7
1,142.7
1,142.7
2,142.7
2,141.7
3,141.7
3,141.7
4,141.7
4,141.7
5,141.7
5,141.7
6,141.7
6,141.7
0,139.5
0,139.5
1,139.5
1,139.5
2,139.5
2,139.5
3,139.5
3,139.5
4,139.5
4,139.5
5,145.7
5,145.7
6,145.7
6,145.7
0,155.7
0,155.7
1,155.7
1,155.7
2,155.7
2,155.7
3,155.7
3,155.7
4,155.7
4,155.7
5,153.7
5,153.7
6,152.7
6,152.7
0,151.2
0,149.7
1,148.7
1,148.7
2,146.7
2,146.7
3,144.7
3,144.7
4,144.7
4,142.7
5,142.7
5,142.7
6,142.7
6,142.7
0,142.7
0,142.7
1,142.7
1,141.7
2,141.7
2,141.7
3,141.7
3,141.7
4,140.7
4,140.7
5,139.7
5,139.7
6,139.7
6,138.7
0,138.7
0,137.7
1,137.7
1,137.7
2,137.7
2,137.7
3,137.7
3,137.7
4,137.7
4,137.7
5,137.7
5,137.7
6,137.7
6,137.7
0,136.7
0,136.7
1,136.7
1,136.7
2,136.7
2,136.7
3,136.7
3,136.7
4,136.7
4,136.7
5,136.7
5,136.7
6,136.7
6,136.7
0,136.7
0,136.7
1,136.7
1,136.7
2,136.7
2,136.7
3,136.7
3,136.7
4,159.7
4,159.7
5,159.7
5,159.7
6,159.7
6,159.7
0,159.7
0,159.7
1,153.7
1,153.7
2,155.7
2,155.7
3,155.7
3,155.7
4,155.7
4,155.7
5,153.7
5,153.7
6,151.7
6,150.7
0,149.7
0,146.7
1,144.7
1,144.7
2,142.7
2,142.7
3,142.7
3,142.7
4,141.7
4,141.7
5,140.7
5,139.2
6,139.2
6,139.2
0,139.2
0,139.2
1,139.2
1,139.2
2,136.7
2,136.7
3,136.7
3,136.7
4,136.7
4,136.7
5,136.7
5,136.7
6,136.7
6,136.7
0,136.7
0,143.7
1,163.7
1,163.7
2,159.7
2,159.7
3,158.7
3,158.7
4,157.7
4,155.7
5,152.2
5,152.2
6,152.2
6,149.7
0,149.7
0,149.7
1,147.7
1,147.7
2,147.7
2,147.7
3,146.7
3,143.7
4,143.7
4,143.7
5,142.7
5,140.7
6,140.7
6,139.7
0,139.7
0,139.7
1,138.5
1,138.5
2,138.5
2,138.5
3,138.5
3,138.5
4,138.5
4,138.5
5,138.5
5,138.5
6,138.5
6,138.5
0,138.5
0,138.5
1,138.5
1,138.5
2,138.5
2,138.5
3,138.5
3,138.5
4,138.5
4,138.5
5,159.7
5,162.7
6,162.7
6,162.7
0,162.7
0,162.7
1,161.7
1,160.7
2,160.7
2,160.7
3,159.7
3,159.7
4,158.7
4,158.7
5,157.2
5,157.2
6,151.7
6,151.7
0,149.7
0,149.7
1,149.7
1,149.7
2,147.7
2,147.7
3,147.7
3,147.7
4,147.7
4,147.7
5,146.7
5,146.7
6,146.7
6,146.7
0,144.7
0,144.7
1,143.7
1,143.7
2,143.7
2,143.7
3,143.7
3,143.7
4,148.7
4,167.7
5,167.7
5,167.7
6,167.7
6,167.7
