0,0
0,0
1,0
1,0
2,0
2,0
3,0
3,0
4,0
4,0
5,0
5,0
6,0
6,0
0,128.9
0,128.9
1,128.9
1,128.9
2,126.9
2,126.9
3,126.9
3,126.9
4,126.9
4,126.9
5,126.9
5,126.9
6,126.9
6,126.9
0,126.9
0,126.9
1,126.9
1,126.9
2,126.9
2,126.9
3,126.9
3,126.9
4,126.9
4,126.9
5,126.9
5,126.9
6,126.9
6,126.9
0,126.9
0,126.9
1,126.9
1,126.9
2,126.9
2,126.9
3,126.9
3,126.9
4,126.9
4,126.9
5,126.9
5,126.9
6,126.9
6,126.9
0,126.9
0,126.9
1,126.9
1,126.9
2,126.9
2,126.9
3,126.9
3,126.9
4,131.9
4,131.9
5,131.9
5,131.9
6,131.9
6,131.9
0,131.9
0,131.9
1,131.9
1,131.9
2,131.9
2,131.9
3,131.9
3,131.9
4,150.9
4,150.9
5,150.9
5,150.9
6,150.9
6,150.9
0,131.9
0,131.9
1,131.9
1,131.9
2,131.9
2,131.9
3,131.9
3,131.9
4,131.9
4,131.9
5,131.9
5,131.9
6,131.9
6,131.9
0,131.9
0,131.9
1,131.9
1,131.9
2,135.9
2,135.9
3,135.9
3,135.9
4,135.9
4,135.9
5,135.9
5,135.9
6,135.9
6,135.9
0,135.9
0,135.9
1,135.9
1,135.9
2,135.9
2,135.9
3,135.9
3,135.9
4,135.9
4,135.9
5,135.9
5,135.9
6,135.9
6,135.9
0,135.9
0,135.9
1,135.9
1,135.9
2,135.9
2,135.9
3,135.9
3,135.9
4,135.9
4,135.9
5,135.9
5,135.9
6,135.9
6,135.9
0,135.9
0,135.9
1,135.9
1,135.9
2,135.9
2,135.9
3,135.9
3,135.9
4,135.9
4,135.9
5,135.9
5,135.9
6,135.9
6,135.9
0,135.9
0,135.9
1,135.9
1,135.9
2,135.9
2,135.9
3,135.9
3,135.9
4,135.9
4,135.9
5,135.9
5,135.9
6,135.9
6,135.9
0,135.9
0,135.9
1,135.9
1,135.9
2,135.9
2,135.9
3,135.9
3,135.9
4,135.9
4,135.9
5,135.9
5,135.9
6,135.9
6,135.9
0,135.9
0,135.9
1,135.9
1,135.9
2,135.9
2,135.9
3,135.9
3,135.9
4,135.9
4,135.9
5,135.9
5,135.9
6,135.9
6,135.9
0,135.9
0,135.9
1,135.9
1,135.9
2,135.9
2,135.9
3,135.9
3,135.9
4,135.9
4,135.9
5,135.9
5,135.9
6,135.9
6,135.9
0,135.9
0,135.9
1,135.9
1,135.9
2,135.9
2,135.9
3,135.9
3,135.9
4,135.9
4,135.9
5,135.9
5,135.9
6,135.9
6,135.9
0,135.9
0,135.9
1,135.9
1,135.9
2,135.9
2,135.9
3,135.9
3,135.9
4,135.9
4,135.9
5,135.9
5,135.9
6,135.9
6,135.9
0,135.9
0,135.9
1,135.9
1,135.9
2,135.9
2,135.9
3,135.9
3,135.9
4,135.9
4,135.9
5,135.9
5,135.9
6,135.9
6,135.9
0,135.9
0,135.9
1,135.9
1,135.9
2,135.9
2,135.9
3,135.9
3,135.9
4,135.9
4,135.9
5,135.9
5,135.9
6,135.9
6,135.9
0,135.9
0,135.9
1,135.9
1,154.7
2,154.7
2,154.7
3,154.7
3,154.7
4,154.7
4,154.7
5,154.7
5,154.7
6,154.7
6,154.7
0,154.7
0,154.7
1,154.7
1,146.4
2,146.4
2,146.4
3,146.4
3,146.4
4,146.4
4,146.4
5,146.4
5,146.4
6,146.4
6,146.4
0,146.4
0,146.4
1,146.4
1,146.4
2,146.4
2,146.4
3,146.4
3,146.4
4,146.4
4,146.4
5,146.4
5,146.4
6,146.4
6,146.4
0,146.4
0,146.4
1,146.4
1,146.4
2,146.4
2,146.4
3,146.4
3,146.4
4,146.4
4,152.7
5,152.7
5,152.7
6,152.7
6,171.7
0,171.7
0,171.7
1,171.7
1,169.7
2,169.7
2,169.7
3,169.7
3,169.7
4,169.7
4,169.7
5,169.7
5,165.7
6,165.7
6,165.7
0,165.7
0,165.7
1,165.7
1,165.7
2,165.7
2,165.7
3,165.7
3,165.7
4,165.7
4,165.7
5,165.7
5,165.7
6,165.7
6,165.7
0,165.7
0,165.7
1,165.7
1,165.7
2,165.7
2,165.7
3,165.7
3,164.7
4,164.7
4,164.7
5,164.7
5,164.7
6,164.7
6,164.7
0,164.7
0,164.7
1,164.7
1,162.7
2,162.7
2,162.7
3,162.7
3,162.7
4,162.7
4,162.7
5,162.7
5,162.7
6,162.7
6,162.7
0,162.7
0,162.7
1,162.7
1,156.7
2,156.7
2,156.7
3,156.7
3,156.7
4,156.7
4,156.7
5,156.7
5,156.7
6,156.7
6,156.7
0,156.7
0,156.7
1,156.7
1,156.7
2,156.7
2,156.7
3,156.7
3,156.7
4,156.7
4,156.7
5,156.7
5,156.7
6,156.7
6,164.7
0,164.7
0,164.7
1,164.7
1,164.7
2,156.7
2,156.7
3,156.7
3,154.7
4,154.7
4,154.7
5,154.7
5,154.7
6,154.7
6,154.7
0,154.7
0,154.7
1,154.7
1,154.7
2,154.7
2,154.7
3,154.7
3,154.7
4,154.7
4,154.7
5,154.7
5,154.7
6,154.7
6,151.7
0,151.7
0,151.7
1,151.7
1,151.7
2,151.7
2,150.7
3,150.7
3,150.7
4,150.7
4,150.7
5,150.7
5,150.7
6,150.7
6,150.7
0,150.7
0,150.7
1,150.7
1,150.7
2,150.7
2,149.7
3,149.7
3,149.7
4,149.7
4,149.7
5,149.7
5,149.7
6,149.7
6,149.7
0,149.7
0,149.7
1,149.7
1,147.7
2,147.7
2,147.7
3,147.7
3,147.7
4,145.7
4,145.7
5,145.7
5,145.7
6,145.7
6,145.7
0,145.7
0,145.7
1,145.7
1,145.7
2,145.7
2,145.7
3,145.7
3,145.7
4,145.7
4,145.7
5,145.7
5,145.7
6,142.7
6,142.7
0,142.7
0,142.7
1,142.7
1,142.7
2,142.7
2,142.7
3,142.7
3,142.7
4,142.7
4,142.7
5,142.7
5,142.7
6,142.7
6,142.7
0,142.7
0,142.7
1,142.7
1,160.7
2,160.7
2,160.7
3,160.7
3,160.7
4,160.7
4,160.7
5,160.7
5,142.7
6,142.7
6,142.7
0,142.7
0,142.7
1,142.7
1,146.7
2,146.7
2,146.7
3,146.7
3,146.7
4,146.7
4,146.7
5,146.7
5,146.7
6,146.7
6,146.7
0,146.7
0,146.7
1,146.7
1,146.7
2,146.7
2,162.7
3,162.7
3,162.7
4,162.7
4,162.7
5,162.7
5,162.7
6,162.7
6,162.7
0,162.7
0,162.7
1,162.7
1,162.7
2,162.7
2,162.7
3,162.7
3,162.7
4,162.7
4,158.7
5,158.7
5,158.7
6,158.7
6,158.7
0,158.7
0,158.7
1,158.7
1,158.7
2,158.7
2,158.7
3,158.7
3,158.7
4,156.7
4,156.7
5,156.7
5,156.7
6,156.7
6,156.7
0,156.7
0,154.7
1,154.7
1,154.7
2,154.7
2,154.7
3,154.7
3,152.7
4,152.7
4,152.7
5,152.7
5,152.7
6,152.7
6,152.7
0,152.7
0,152.7
1,152.7
1,147.7
2,147.7
2,146.7
3,146.7
3,146.7
4,146.7
4,146.7
5,146.7
5,146.7
6,146.7
6,144.7
0,144.7
0,144.7
1,144.7
1,144.7
2,144.7
2,143.7
3,143.7
3,143.7
4,143.7
4,164.7
5,164.7
5,159.7
6,159.7
6,159.7
0,159.7
0,159.7
1,159.7
1,159.7
2,159.7
2,159.7
3,159.7
3,159.7
4,156.7
4,156.7
5,154.7
5,154.7
6,154.7
6,154.7
0,154.7
0,154.7
1,154.7
1,154.7
2,153.7
2,153.7
3,153.7
3,153.7
4,153.7
4,153.7
5,153.7
5,146.7
6,146.7
6,146.7
0,146.7
0,145.7
1,145.7
1,145.7
2,145.7
2,145.7
3,145.7
3,139.7
4,139.7
4,138.7
5,138.7
5,138.7
6,138.7
6,138.7
0,138.7
0,138.7
1,138.7
1,138.7
2,138.7
2,138.7
3,138.7
3,138.7
4,138.7
4,138.7
5,138.7
5,138.7
6,138.7
6,138.7
0,138.7
0,138.7
1,138.7
1,138.7
2,138.7
2,138.7
3,138.7
3,138.7
4,138.7
4,138.7
5,138.7
5,138.7
6,138.7
6,138.7
0,138.7
0,138.7
1,138.7
1,138.7
2,138.7
2,138.7
3,138.7
3,138.7
4,138.7
4,138.7
5,138.7
5,138.7
6,138.7
6,138.7
0,138.7
0,138.7
1,138.7
1,138.7
2,138.7
2,138.7
3,138.7
3,138.7
4,138.7
4,138.7
5,138.7
5,138.7
6,138.7
6,138.7
0,138.7
0,138.7
1,138.7
1,138.7
2,138.7
2,138.7
3,138.7
3,138.7
4,138.7
4,138.7
5,138.7
5,138.7
6,138.7
6,138.7
0,138.7
0,138.7
1,138.7
1,138.7
2,138.7
2,138.7
3,138.7
3,138.7
4,138.7
4,138.7
5,138.7
5,138.7
6,138.7
6,138.7
0,138.7
0,138.7
1,138.7
1,138.7
2,138.7
2,138.7
3,154.7
3,154.7
4,154.7
4,154.7
5,154.7
5,154.7
6,154.7
6,154.7
0,154.7
0,154.7
1,154.7
1,154.7
2,154.7
2,154.7
3,154.7
3,154.7
4,154.7
4,154.7
5,154.7
5,154.7
6,154.7
6,154.7
0,154.7
0,152.7
1,152.7
1,152.7
2,152.7
2,152.7
3,152.7
3,152.7
4,152.7
4,150.7
5,150.7
5,150.7
6,150.7
6,150.7
0,150.7
0,147.7
1,147.7
1,147.7
2,147.7
2,147.7
3,147.7
3,146.7
4,146.7
4,146.7
5,146.7
5,146.7
6,146.7
6,146.7
0,145.7
0,145.7
1,145.7
1,145.7
2,145.7
2,145.7
3,145.7
3,145.7
4,145.7
4,145.7
5,145.7
5,145.7
6,145.7
6,145.7
0,145.7
0,145.7
1,145.7
1,145.7
2,145.7
2,145.7
3,145.7
3,145.7
4,145.7
4,145.7
5,145.7
5,145.7
6,145.7
6,145.7
0,145.7
0,145.7
1,145.7
1,145.7
2,145.7
2,145.7
3,145.7
3,145.7
4,145.7
4,145.7
5,145.7
5,145.7
6,145.7
6,145.7
0,145.7
0,145.7
1,145.7
1,145.7
2,145.7
2,145.7
3,145.7
3,145.7
4,145.7
4,145.7
5,145.7
5,145.7
6,145.7
6,145.7
0,145.7
0,145.7
1,145.7
1,145.7
2,145.7
2,145.7
3,145.7
3,145.7
4,145.7
4,145.7
5,145.7
5,145.7
6,145.7
6,145.7
0,145.7
0,145.7
1,145.7
1,145.7
2,145.7
2,145.7
3,145.7
3,145.7
4,145.7
4,145.7
5,145.7
5,145.7
6,145.7
6,145.7
0,145.7
0,145.7
1,145.7
1,145.7
2,145.7
2,145.7
3,145.7
3,145.7
4,145.7
4,145.7
5,168.7
5,168.7
6,168.7
6,168.7
0,168.7
0,168.7
1,168.7
1,168.7
2,168.7
2,168.7
3,168.7
3,168.7
4,168.7
4,168.7
5,168.7
5,168.7
6,168.7
6,168.7
0,168.7
0,168.7
1,168.7
1,168.7
2,165.7
2,165.7
3,165.7
3,165.7
4,164.7
4,164.7
5,164.7
5,164.7
6,164.7
6,164.7
0,164.7
0,164.7
1,164.7
1,164.7
2,164.7
2,164.7
3,164.7
3,164.7
4,164.7
4,164.7
5,164.7
5,164.7
6,164.7
6,164.7
0,164.7
0,164.7
1,164.7
1,164.7
2,164.7
2,164.7
3,164.7
3,164.7
4,164.7
4,164.7
5,164.7
5,164.7
6,164.7
6,164.7
0,164.7
0,164.7
1,164.7
1,164.7
2,164.7
2,164.7
3,164.7
3,164.7
4,164.7
4,164.7
5,164.7
5,164.7
6,164.7
6,164.7
0,164.7
0,164.7
1,164.7
1,164.7
2,164.7
2,164.7
3,164.7
3,164.7
4,164.7
4,164.7
5,164.7
5,164.7
6,164.7
6,164.7
0,164.7
0,164.7
1,164.7
1,164.7
2,164.7
2,164.7
3,164.7
3,164.7
4,164.7
4,164.7
5,164.7
5,164.7
6,164.7
6,164.7
0,164.7
0,164.7
1,164.7
1,164.7
2,173.7
2,173.7
3,173.7
3,173.7
4,173.7
4,173.7
5,173.7
5,173.7
6,173.7
6,173.7
0,173.7
0,173.7
1,173.7
1,173.7
2,173.7
2,174.7
3,174.7
3,174.7
4,174.7
4,174.7
5,174.7
5,172.7
6,172.7
6,172.7
0,172.7
0,172.7
1,172.7
1,172.7
2,172.7
2,172.7
3,172.7
3,172.7
4,172.7
4,168.7
5,168.7
5,168.7
6,168.7
6,168.7
0,168.7
0,168.7
1,168.7
1,168.7
2,168.7
2,168.7
3,168.7
3,167.7
4,167.7
4,166.7
5,166.7
5,166.7
6,166.7
6,166.7
0,166.7
0,166.7
1,166.7
1,177.7
2,177.7
2,177.7
3,177.7
3,177.7
4,177.7
4,177.7
5,177.7
5,177.7
6,177.7
6,177.7
0,177.7
0,177.7
1,177.7
1,177.7
2,169.7
2,169.7
3,169.7
3,169.7
4,169.7
4,169.7
5,169.7
5,169.7
6,169.7
6,169.7
0,169.7
0,169.7
1,169.7
1,169.7
2,169.7
2,166.7
3,166.7
3,165.7
4,165.7
4,165.7
5,165.7
5,165.7
6,165.7
6,165.7
0,165.7
0,165.7
1,165.7
1,165.7
2,165.7
2,165.7
3,165.7
3,165.7
4,165.7
4,165.7
5,165.7
5,165.7
6,165.7
6,165.7
0,165.7
0,165.7
1,165.7
1,165.7
2,165.7
2,165.7
3,165.7
3,165.7
4,165.7
4,165.7
5,165.7
5,165.7
6,165.7
6,165.7
0,165.7
0,165.7
1,165.7
1,165.7
2,165.7
2,165.7
3,165.7
3,165.7
4,165.7
4,177.7
5,177.7
5,177.7
6,177.7
6,177.7
0,177.7
0,177.7
1,177.7
1,177.7
2,177.7
2,177.7
3,177.7
3,175.7
4,175.7
4,175.7
5,175.7
5,175.7
6,175.7
6,175.7
0,175.7
0,174.7
1,174.7
1,169.7
2,169.7
2,169.7
3,169.7
3,169.7
4,169.7
4,169.7
5,169.7
5,169.7
6,169.7
6,169.7
0,169.7
0,169.7
1,169.7
1,169.7
2,169.7
2,169.7
3,169.7
3,169.7
4,169.7
4,169.7
5,169.7
5,169.7
6,169.7
6,169.7
0,169.7
0,169.7
1,169.7
1,169.7
2,169.7
2,169.7
3,169.7
3,177.7
4,177.7
4,169.7
5,169.7
5,169.7
6,169.7
6,166.7
0,166.7
0,166.7
1,166.7
1,166.7
2,166.7
2,166.7
3,166.7
3,166.7
4,166.7
4,166.7
5,166.7
5,161.7
6,161.7
6,161.7
0,161.7
0,161.7
1,161.7
1,161.7
2,161.7
2,161.7
3,161.7
3,161.7
4,161.7
4,161.7
5,161.7
5,161.7
6,161.7
6,161.7
0,161.7
0,161.7
1,161.7
1,161.7
2,161.7
2,169.7
3,169.7
3,169.7
4,169.7
4,169.7
5,169.7
5,179.7
6,179.7
6,179.7
0,179.7
0,179.7
1,179.7
1,179.7
2,179.7
2,179.7
3,179.7
3,177.7
4,177.7
4,177.7
5,177.7
5,177.7
6,177.7
6,177.7
0,177.7
0,177.7
1,177.7
1,177.7
2,177.7
2,177.7
3,173.7
3,173.7
4,173.7
4,173.7
5,173.7
5,173.7
6,173.7
6,173.7
0,173.7
0,173.7
1,173.7
1,173.7
2,173.7
2,173.7
3,173.7
3,173.7
4,173.7
4,177.7
5,177.7
5,177.7
6,177.7
6,177.7
