0,127.9
0,127.9
1,124.89999999999999
1,129.9
2,129.9
2,122.9
3,122.9
3,122.9
4,120.9
4,120.9
5,120.9
5,120.9
6,120.9
6,120.9
0,120.9
0,120.9
1,120.9
1,120.9
2,120.9
2,120.9
3,120.9
3,120.9
4,120.9
4,120.9
5,120.9
5,120.9
6,120.9
6,120.9
0,120.9
0,120.9
1,120.9
1,120.9
2,120.9
2,120.9
3,120.9
3,120.9
4,120.9
4,120.9
5,120.9
5,120.9
6,120.9
6,120.9
0,120.9
0,120.9
1,120.9
1,120.9
2,120.9
2,120.9
3,120.9
3,120.9
4,120.9
4,120.9
5,120.9
5,120.9
6,120.9
6,120.9
0,120.9
0,120.9
1,120.9
1,120.9
2,120.9
2,120.9
3,120.9
3,120.9
4,120.9
4,120.9
5,120.9
5,120.9
6,120.9
6,120.9
0,120.9
0,120.9
1,120.9
1,120.9
2,120.9
2,120.9
3,120.9
3,120.9
4,120.9
4,120.9
5,120.9
5,120.9
6,140.9
6,140.9
0,140.9
0,140.9
1,138.9
1,138.9
2,136.9
2,136.9
3,134.9
3,133.9
4,133.9
4,133.9
5,133.9
5,133.9
6,133.9
6,133.9
0,131.9
0,129.9
1,128.9
1,128.9
2,127.9
2,125.9
3,125.9
3,125.9
4,125.9
4,125.9
5,125.9
5,125.9
6,142.9
6,142.9
0,142.9
0,142.9
1,142.9
1,142.9
2,142.9
2,142.9
3,142.9
3,142.9
4,140.9
4,139.9
5,139.9
5,139.9
6,139.9
6,139.9
0,139.9
0,139.9
1,139.9
1,139.9
2,139.9
2,139.9
3,139.9
3,139.9
4,139.9
4,139.9
5,139.9
5,139.9
6,139.9
6,139.9
0,139.9
0,139.9
1,139.9
1,139.9
2,139.9
2,139.9
3,139.9
3,139.9
4,139.9
4,139.9
5,139.9
5,139.9
6,139.9
6,139.9
0,139.9
0,139.9
1,139.9
1,139.9
2,139.9
2,139.9
3,139.9
3,139.9
4,139.9
4,139.9
5,139.9
5,139.9
6,139.9
6,139.9
0,139.9
0,139.9
1,139.9
1,139.9
2,139.9
2,139.9
3,139.9
3,139.9
4,139.9
4,139.9
5,139.9
5,139.9
6,139.9
6,139.9
0,139.9
0,139.9
1,139.9
1,139.9
2,139.9
2,139.9
3,139.9
3,139.9
4,139.9
4,139.9
5,139.9
5,139.9
6,139.9
6,139.9
0,139.9
0,139.9
1,139.9
1,139.9
2,139.9
2,139.9
3,139.9
3,139.9
4,139.9
4,139.9
5,139.9
5,139.9
6,139.9
6,139.9
0,139.9
0,139.9
1,139.9
1,139.9
2,139.9
2,139.9
3,139.9
3,139.9
4,139.9
4,139.9
5,139.9
5,139.9
6,139.9
6,139.9
0,139.9
0,139.9
1,139.9
1,139.9
2,139.9
2,139.9
3,139.9
3,139.9
4,139.9
4,139.9
5,139.9
5,139.9
6,139.9
6,139.9
0,139.9
0,139.9
1,139.9
1,139.9
2,139.9
2,139.9
3,139.9
3,139.9
4,139.9
4,139.9
5,132.7
5,132.7
6,132.7
6,132.7
0,149.7
0,149.7
1,149.7
1,149.7
2,149.7
2,149.7
3,149.7
3,149.7
4,149.7
4,149.7
5,149.7
5,149.7
6,149.7
6,149.7
0,149.7
0,149.7
1,149.7
1,147.7
2,147.7
2,147.7
3,147.7
3,147.7
4,147.7
4,146.7
5,146.7
5,146.7
6,146.7
6,146.7
0,146.7
0,146.7
1,146.7
1,144.7
2,144.7
2,142.7
3,142.7
3,142.7
4,142.7
4,140.7
5,140.7
5,140.7
6,140.7
6,140.7
0,140.7
0,140.7
1,140.7
1,137.7
2,137.7
2,137.7
3,137.7
3,137.7
4,137.7
4,137.7
5,137.7
5,137.7
6,137.7
6,137.7
0,137.7
0,137.7
1,137.7
1,139.7
2,139.7
2,139.7
3,140.7
3,140.7
4,140.7
4,140.7
5,143.7
5,143.7
6,155.7
6,155.7
0,155.7
0,155.7
1,155.7
1,155.7
2,155.7
2,155.7
3,155.7
3,155.7
4,155.7
4,155.7
5,155.7
5,155.7
6,152.7
6,152.7
0,152.7
0,152.7
1,152.7
1,149.7
2,149.7
2,148.7
3,147.7
3,147.7
4,147.7
4,146.2
5,146.2
5,146.2
6,144.7
6,144.7
0,144.7
0,144.7
1,144.7
1,144.7
2,142.7
2,142.7
3,141.7
3,140.7
4,140.7
4,140.7
5,140.7
5,139.7
6,138.7
6,138.7
0,138.7
0,138.7
1,137.7
1,137.7
2,137.7
2,137.7
3,137.7
3,137.7
4,136.7
4,136.7
5,136.7
5,136.7
6,136.7
6,136.7
0,136.7
0,136.7
1,136.7
1,136.7
2,136.7
2,136.7
3,136.7
3,136.7
4,136.7
4,136.7
5,136.7
5,136.7
6,136.7
6,136.7
0,136.7
0,136.7
1,136.7
1,136.7
2,136.7
2,136.7
3,136.7
3,136.7
4,139.2
4,139.2
5,145.7
5,145.7
6,145.7
6,145.7
0,159.7
0,159.7
1,157.7
1,157.7
2,157.7
2,155.7
3,155.7
3,153.7
4,152.7
4,152.7
5,152.7
5,152.7
6,152.7
6,152.7
0,150.7
0,150.7
1,149.7
1,149.7
2,149.7
2,149.7
3,149.7
3,147.7
4,147.7
4,147.7
5,146.7
5,145.7
6,145.7
6,145.7
0,145.7
0,144.7
1,144.7
1,142.7
2,142.7
2,141.7
3,140.7
3,139.7
4,139.7
4,139.7
5,138.7
5,138.7
6,138.7
6,138.7
0,138.7
0,138.7
1,139.7
1,139.7
2,139.7
2,139.7
3,138.7
3,138.7
4,138.7
4,138.7
5,138.7
5,138.7
6,138.7
6,138.7
0,136.7
0,136.7
1,136.7
1,136.7
2,135.7
2,135.7
3,133.7
3,132.7
4,132.7
4,132.7
5,132.7
5,132.7
6,132.7
6,132.7
0,132.7
0,131.7
1,131.7
1,131.7
2,131.7
2,131.7
3,131.7
3,131.7
4,131.7
4,131.7
5,131.7
5,131.7
6,131.7
6,131.7
0,131.7
0,131.7
1,131.7
1,131.7
2,131.7
2,131.7
3,131.7
3,133.7
4,133.7
4,133.7
5,133.7
5,133.7
6,133.7
6,133.7
0,152.7
0,152.7
1,152.7
1,152.7
2,152.7
2,152.7
3,150.7
3,150.7
4,150.7
4,150.7
5,150.7
5,150.7
6,150.7
6,150.7
0,150.7
0,150.7
1,150.7
1,148.7
2,148.7
2,148.7
3,148.7
3,146.7
4,146.7
4,146.7
5,144.7
5,144.7
6,144.7
6,143.2
0,143.2
0,143.2
1,143.2
1,140.7
2,140.7
2,140.7
3,140.7
3,139.7
4,139.7
4,139.7
5,138.2
5,138.2
6,138.2
6,138.2
0,138.2
0,138.2
1,137.7
1,137.7
2,136.7
2,136.7
3,136.7
3,136.7
4,137.7
4,137.7
5,137.7
5,137.7
6,137.7
6,137.7
0,152.7
0,152.7
1,152.7
1,152.7
2,149.7
2,149.7
3,149.7
3,149.7
4,149.7
4,149.7
5,149.7
5,148.7
6,145.7
6,145.7
0,143.7
0,142.7
1,142.7
1,141.7
2,140.7
2,139.7
3,138.7
3,137.7
4,137.7
4,136.7
5,135.7
5,135.7
6,135.7
6,135.7
0,135.7
0,135.7
1,135.7
1,135.7
2,135.7
2,135.7
3,135.7
3,135.7
4,135.7
4,135.7
5,135.7
5,135.7
6,135.7
6,135.7
0,135.7
0,135.7
1,135.7
1,135.7
2,135.7
2,135.7
3,135.7
3,135.7
4,152.7
4,152.7
5,152.7
5,152.7
6,152.7
6,152.7
0,152.7
0,152.7
1,152.7
1,150.7
2,150.7
2,148.7
3,148.7
3,148.7
4,147.7
4,147.7
5,147.7
5,147.7
6,147.7
6,145.7
0,145.7
0,145.7
1,145.7
1,145.7
2,142.7
2,142.7
3,139.7
3,138.7
4,138.7
4,135.2
5,135.2
5,135.2
6,135.2
6,135.2
0,135.2
0,135.2
1,135.2
1,132.7
2,132.7
2,132.7
3,132.7
3,132.7
4,132.7
4,132.7
5,129.2
5,129.2
6,127.7
6,127.7
0,127.7
0,127.7
1,127.7
1,127.7
2,127.7
2,127.7
3,127.7
3,127.7
4,127.7
4,127.7
5,127.7
5,127.7
6,127.7
6,127.7
0,127.7
0,127.7
1,127.7
1,127.7
2,127.7
2,127.7
3,127.7
3,127.7
4,127.7
4,127.7
5,146.7
5,146.7
6,146.7
6,146.7
0,146.7
0,142.7
1,142.7
1,142.7
2,142.7
2,142.7
3,142.7
3,142.7
4,142.7
4,142.7
5,142.7
5,141.7
6,140.7
6,140.7
0,140.7
0,140.7
1,136.7
1,136.7
2,134.7
2,134.7
3,134.7
3,134.7
4,132.7
4,131.2
5,131.2
5,129.7
6,129.7
6,129.7
0,129.7
0,129.7
1,129.7
1,129.7
2,129.7
2,129.7
3,129.7
3,129.7
4,129.7
4,129.7
5,129.7
5,129.7
6,129.7
6,129.7
0,129.7
0,129.7
1,129.7
1,129.7
2,129.7
2,129.7
3,129.7
3,129.7
4,129.7
4,129.7
5,129.7
5,129.7
6,129.7
6,129.7
0,129.7
0,129.7
1,129.7
1,129.7
2,133.7
2,133.7
3,145.7
3,145.7
4,145.7
4,145.7
5,145.7
5,145.7
6,145.7
6,145.7
0,145.7
0,143.7
1,143.7
1,143.7
2,141.7
2,141.7
3,139.7
3,139.7
4,139.7
4,139.7
5,139.7
5,139.7
6,137.7
6,137.7
0,137.7
0,135.7
1,135.7
1,134.7
2,134.7
2,134.7
3,134.7
3,134.7
4,134.7
4,134.7
5,134.7
5,134.7
6,134.7
6,134.7
0,134.7
0,134.7
1,134.7
1,134.7
2,134.7
2,134.7
3,134.7
3,134.7
4,134.7
4,134.7
5,134.7
5,134.7
6,135.7
6,135.7
0,135.7
0,135.7
1,155.7
1,155.7
2,155.7
2,155.7
3,154.7
3,154.7
4,154.7
4,151.7
5,151.7
5,151.7
6,151.7
6,151.7
0,151.7
0,149.7
1,148.7
1,148.7
2,146.7
2,144.7
3,144.7
3,142.7
4,142.7
4,142.7
5,141.7
5,140.7
6,139.7
6,138.7
0,137.7
0,136.7
1,136.7
1,136.7
2,136.7
2,136.7
3,136.7
3,136.7
4,136.7
4,136.7
5,136.7
5,136.7
6,136.7
6,136.7
0,136.7
0,136.7
1,136.7
1,136.7
2,136.7
2,136.7
3,136.7
3,136.7
4,136.7
4,136.7
5,136.7
5,136.7
6,136.7
6,136.7
0,150.7
0,150.7
1,150.7
1,150.7
2,150.7
2,150.7
3,150.7
3,150.7
4,150.7
4,150.7
5,150.7
5,150.7
6,150.7
6,148.7
0,148.7
0,146.7
1,146.7
1,144.7
2,144.7
2,142.7
3,142.7
3,140.7
4,139.7
4,139.7
5,139.7
5,138.7
6,138.7
6,138.7
0,137.7
0,137.7
1,137.7
1,137.7
2,137.7
2,137.7
3,137.7
3,137.7
4,137.7
4,137.7
5,137.7
5,139.7
6,139.7
6,139.7
0,155.7
0,155.7
1,155.7
1,155.7
2,152.7
2,152.7
3,152.7
3,152.7
4,152.7
4,152.7
5,152.7
5,152.7
6,152.7
6,152.7
0,152.7
0,152.7
1,152.7
1,152.7
2,152.7
2,152.7
3,152.7
3,152.7
4,150.7
4,150.7
5,150.7
5,150.7
6,149.7
6,149.7
0,149.7
0,147.7
1,147.7
1,147.7
2,147.7
2,145.7
3,145.7
3,143.7
4,143.7
4,143.7
5,145.7
5,145.7
6,149.7
6,159.7
0,159.7
0,159.7
1,159.7
1,159.7
2,159.7
2,159.7
3,159.7
3,159.7
4,159.7
4,159.7
5,159.7
5,159.7
6,159.7
6,159.7
0,159.7
0,159.7
1,159.7
1,159.7
2,159.7
2,159.7
3,159.7
3,157.7
4,155.7
4,154.7
5,152.7
5,152.7
6,152.7
6,150.7
0,150.7
0,149.7
1,147.7
1,147.7
2,146.7
2,146.7
3,145.7
3,145.7
4,145.7
4,145.7
5,145.7
5,145.7
6,145.7
6,145.7
0,145.7
0,145.7
1,145.7
1,145.7
2,145.7
2,145.7
3,145.7
3,145.7
4,149.7
4,149.7
5,159.7
5,159.7
6,159.7
6,162.7
0,162.7
0,162.7
1,162.7
1,162.7
2,162.7
2,159.7
3,159.7
3,159.7
4,159.7
4,159.7
5,159.7
5,159.7
6,159.7
6,158.7
0,158.7
0,158.7
1,156.7
1,156.7
2,154.7
2,153.7
3,153.7
3,153.7
4,153.7
4,151.7
5,150.7
5,150.7
6,150.7
6,148.7
0,148.7
0,148.7
1,147.7
1,147.7
2,146.7
2,146.7
3,146.7
3,146.7
4,146.7
4,146.7
5,146.7
5,146.7
6,146.7
6,146.7
0,146.7
0,146.7
1,146.7
1,146.7
2,146.7
2,144.7
3,144.7
3,144.7
4,144.7
4,144.7
5,144.7
5,144.7
6,144.7
6,144.7
0,163.7
0,163.7
1,163.7
1,163.7
2,163.7
2,163.7
3,163.7
3,161.7
4,159.7
4,159.7
5,159.7
5,157.7
6,156.7
6,156.7
0,156.7
0,156.7
1,154.7
1,154.7
2,152.7
2,152.7
3,150.2
3,150.2
4,150.2
4,150.2
5,150.2
5,150.2
6,150.2
6,150.2
0,150.2
0,150.2
1,147.7
1,147.7
2,147.7
2,147.7
3,147.7
3,147.7
4,145.7
4,145.7
5,145.7
5,145.7
6,144.7
6,144.7
0,144.7
0,144.7
1,144.7
1,144.7
2,144.7
2,144.7
3,144.7
3,144.7
4,144.7
4,144.7
5,144.7
5,144.7
6,144.7
6,144.7
0,144.7
0,144.7
1,144.7
1,144.7
2,144.7
2,144.7
3,144.7
3,144.7
4,144.7
4,144.7
5,144.7
5,144.7
6,144.7
6,144.7
0,144.7
0,144.7
1,144.7
1,144.7
2,144.7
2,144.7
3,144.7
3,144.7
4,153.7
4,153.7
5,153.7
5,153.7
6,153.7
6,153.7
0,153.7
0,153.7
1,153.7
1,153.7
2,153.7
2,153.7
3,153.7
3,157.7
4,157.7
4,155.7
5,154.7
5,154.7
6,154.7
6,154.7
0,152.7
0,152.7
1,150.7
1,150.7
2,148.7
2,148.7
3,146.7
3,146.7
4,145.7
4,145.7
5,145.7
5,145.7
6,145.7
6,145.7
0,143.7
0,143.7
1,143.7
1,143.7
2,143.7
2,143.7
3,143.7
3,143.7
4,142.7
4,142.7
5,142.7
5,142.7
6,142.7
6,142.7
0,142.7
0,142.7
1,145.7
1,145.7
2,162.7
2,162.7
3,162.7
3,162.7
4,159.7
4,157.7
5,154.7
5,154.7
6,152.7
6,152.7
0,150.7
0,150.7
1,150.7
1,150.7
2,149.7
2,148.7
3,148.7
3,148.7
4,146.7
4,146.7
5,146.7
5,146.7
6,146.7
6,146.7
0,145.7
0,145.7
1,145.7
1,145.7
2,145.7
2,145.7
3,145.7
3,145.7
4,145.7
4,145.7
5,146.7
5,146.7
6,146.7
6,146.7
0,146.7
0,146.7
1,146.7
1,146.7
2,146.7
2,146.7
3,147.7
3,147.7
4,147.7
4,149.7
5,149.7
5,149.7
6,152.7
6,152.7
0,162.7
0,162.7
1,162.7
1,162.7
2,162.7
2,162.7
3,160.7
3,160.7
4,160.7
4,158.7
5,157.7
5,157.7
6,156.7
6,156.7
0,155.7
0,155.7
1,154.7
1,154.7
2,153.7
2,153.7
3,152.7
3,152.7
4,152.7
4,152.7
5,151.7
5,151.7
6,151.7
6,151.7
0,151.7
0,150.7
1,150.7
1,150.7
2,149.7
2,149.7
3,149.7
3,149.7
4,153.7
4,153.7
5,153.7
5,155.7
6,155.7
6,169.7
