0,124.9
0,124.9
1,123.9
1,123.4
2,123.4
2,123.4
3,118.9
3,118.9
4,118.9
4,118.9
5,117.9
5,117.9
6,117.9
6,117.9
0,117.9
0,117.9
1,119.94999999999999
1,115.9
2,119.96666666666665
2,119.96666666666665
3,114.9
3,114.9
4,119.9
4,119.9
5,119.9
5,119.9
6,119.9
6,119.9
0,113.9
0,113.9
1,113.9
1,113.9
2,120.63333333333333
2,120.63333333333333
3,120.63333333333333
3,139.1
4,139.1
4,142.9
5,139.5
5,139.5
6,140.4333333333333
6,140.4333333333333
0,140.4333333333333
0,139.5
1,137.9
1,137.9
2,138.4
2,137.29999999999998
3,135.9
3,135.4
4,135.4
4,134.9
5,133.9
5,133.9
6,132.9
6,132.9
0,131.3
0,130.9
1,129.4555555555556
1,127.64999999999999
2,127.64999999999999
2,127.64999999999999
3,124.90000000000002
3,124.90000000000002
4,121.9
4,121.9
5,121.9
5,121.9
6,121.9
6,121.9
0,120.9
0,120.9
1,119.9
1,124.9
2,130.4
2,130.4
3,142.9
3,141.9
4,143.9
4,143.9
5,140.9
5,139.9
6,141.9
6,138.9
0,139.5
0,137.4
1,137.9
1,137.9
2,137.9
2,137.9
3,136.9
3,135.9
4,134.9
4,133.9
5,132.9
5,132.9
6,134.23333333333335
6,133.9
0,131.65
0,128.9
1,128.9
1,127.23333333333335
2,125.9
2,126.3
3,125.16666666666667
3,125.16666666666667
4,130.04999999999998
4,130.04999999999998
5,144.9
5,145.9
6,145.9
6,139.9
0,139.9
0,139.9
1,143.9
1,142.9
2,142.9
2,140.23333333333335
3,143.9
3,141.4
4,141.9
4,141.9
5,141.9
5,141.9
6,141.9
6,141.9
0,141.9
0,141.9
1,141.9
1,141.9
2,141.9
2,141.9
3,141.9
3,141.9
4,141.9
4,141.9
5,141.9
5,141.9
6,141.9
6,141.9
0,141.9
0,141.9
1,141.9
1,141.9
2,141.9
2,141.9
3,141.9
3,141.9
4,141.9
4,141.9
5,141.9
5,141.9
6,141.9
6,141.9
0,141.9
0,141.9
1,141.9
1,141.9
2,141.9
2,141.9
3,141.9
3,141.9
4,141.9
4,141.9
5,141.9
5,141.9
6,141.9
6,141.9
0,141.9
0,141.9
1,141.9
1,141.9
2,141.9
2,141.9
3,141.9
3,141.9
4,141.9
4,141.9
5,141.9
5,141.9
6,141.9
6,141.9
0,141.9
0,141.9
1,141.9
1,141.9
2,141.9
2,141.9
3,141.9
3,141.9
4,141.9
4,141.9
5,141.9
5,141.9
6,141.9
6,141.9
0,141.9
0,141.9
1,141.9
1,141.9
2,141.9
2,141.9
3,141.9
3,141.9
4,141.9
4,141.9
5,141.9
5,141.9
6,141.9
6,141.9
0,141.9
0,141.9
1,141.9
1,141.9
2,141.9
2,141.9
3,141.9
3,141.9
4,141.9
4,141.9
5,141.9
5,141.9
6,141.9
6,141.9
0,141.9
0,141.9
1,141.9
1,141.9
2,141.9
2,141.9
3,141.9
3,141.9
4,141.9
4,141.9
5,141.9
5,141.9
6,141.9
6,141.9
0,141.9
0,141.9
1,141.9
1,141.9
2,141.9
2,141.9
3,121.9
3,121.9
4,121.9
4,121.9
5,121.9
5,130.9
6,130.9
6,143.76666666666665
0,140.9
0,141.23333333333335
1,141.23333333333335
1,144.5666666666667
2,145.9
2,142.7
3,142.7
3,142.7
4,142.7
4,142.7
5,142.7
5,142.7
6,144.9
6,144.9
0,145.9
0,144.9
1,144.9
1,143.9
2,143.9
2,144.9
3,144.9
3,144.9
4,142.96666666666667
4,143.9
5,143.9
5,143.9
6,141.9
6,141.9
0,142.9
0,142.9
1,139.7
1,138.5
2,138.5
2,138.5
3,138.5
3,138.5
4,138.5
4,141.4
5,146.7
5,146.7
6,146.7
6,146.7
0,146.7
0,139.1
1,139.9
1,139.9
2,140.7
2,137.5
3,137.5
3,137.5
4,137.5
4,137.5
5,137.5
5,137.5
6,137.5
6,137.5
0,137.5
0,137.5
1,138.9
1,133.5
2,140.9
2,140.4333333333333
3,157.7
3,153.16666666666666
4,153.16666666666666
4,152.5666666666667
5,152.5666666666667
5,153.9
6,153.9
6,153.9
0,153.9
0,155.5
1,155.5
1,155.5
2,153.8
2,154.5
3,154.5
3,154.5
4,154.2
4,154.1
5,152.9
5,151.9
6,153.9
6,150.9
0,150.5
0,151.1285714285714
1,150.9
1,150.9
2,147.5
2,142.7
3,149.7
3,146.7
4,146.7
4,147.2
5,147.2
5,147.2
6,148.9
6,148.9
0,146.9
0,142.0
1,143.76666666666665
1,139.5
2,144.16666666666666
2,138.5
3,138.5
3,142.9
4,142.9
4,137.5
5,141.9
5,141.9
6,141.9
6,140.9
0,138.2
0,137.9
1,137.29999999999998
1,134.5
2,134.5
2,134.6
3,134.6
3,134.6
4,134.6
4,139.9
5,139.9
5,132.5
6,132.5
6,132.5
0,138.7
0,138.7
1,138.9
1,131.5
2,131.5
2,131.5
3,136.7
3,136.7
4,136.7
4,136.7
5,136.7
5,136.7
6,136.7
6,136.7
0,136.7
0,136.7
1,136.7
1,136.7
2,136.7
2,131.9
3,131.9
3,131.9
4,150.3
4,140.23333333333332
5,158.8
5,158.8
6,158.8
6,149.9
0,156.9
0,155.9
1,155.9
1,155.9
2,155.9
2,151.9
3,151.9
3,155.4
4,156.7
4,150.9
5,150.9
5,151.2
6,150.9
6,150.7
0,150.7
0,147.8
1,152.7
1,145.9
2,147.9
2,146.7
3,145.9
3,144.4
4,144.5
4,142.7
5,142.9
5,143.4
6,143.4
6,143.4
0,144.6
0,140.9
1,141.4333333333333
1,142.9
2,140.5
2,138.7
3,141.9
3,138.4
4,140.06
4,140.06
5,138.9
5,138.9
6,137.9
6,136.4
0,136.9
0,137.9
1,137.9
1,135.83333333333334
2,133.9
2,133.9
3,136.9
3,133.9
4,133.9
4,133.9
5,135.9
5,132.9
6,132.9
6,132.9
0,136.5
0,136.5
1,135.7
1,131.5666666666667
2,131.5666666666667
2,131.5666666666667
3,131.5666666666667
3,131.5666666666667
4,131.5666666666667
4,130.7
5,130.7
5,130.7
6,130.7
6,130.7
0,130.7
0,133.5666666666667
1,133.5666666666667
1,133.5666666666667
2,133.5666666666667
2,129.9
3,129.9
3,128.9
4,128.9
4,128.9
5,128.9
5,128.9
6,128.9
6,128.9
0,128.9
0,128.9
1,128.9
1,127.9
2,127.9
2,127.9
3,130.9
3,134.5666666666667
4,134.5666666666667
4,134.5666666666667
5,140.9
5,139.4
6,152.7
6,146.4
0,146.4
0,149.9
1,149.9
1,149.9
2,149.9
2,149.9
3,149.9
3,149.9
4,149.9
4,149.9
5,149.9
5,147.9
6,147.9
6,147.23333333333335
0,148.7
0,148.7
1,147.9
1,145.9
2,144.9
2,144.7
3,146.23333333333335
3,146.23333333333335
4,143.33333333333334
4,144.9
5,144.9
5,143.15
6,143.15
6,142.9
0,140.7
0,142.9
1,141.525
1,143.8
2,140.9
2,139.9
3,138.3
3,135.9
4,135.9
4,134.9
5,138.9
5,138.9
6,138.9
6,138.9
0,139.0142857142857
0,139.0142857142857
1,139.83333333333334
1,130.9
2,130.9
2,139.9
3,139.9
3,139.9
4,142.23333333333335
4,142.23333333333335
5,142.23333333333335
5,142.23333333333335
6,142.23333333333335
6,153.4
0,149.85
0,149.85
1,156.7
1,156.7
2,150.8
2,141.9
3,152.9
3,150.12222222222223
4,147.9
4,148.16666666666666
5,150.8
5,147.4
6,146.23333333333335
6,146.23333333333335
0,143.78571428571428
0,141.4
1,146.7
1,140.43333333333334
2,140.8
2,137.9
3,137.9
3,136.35
4,136.35
4,140.16666666666666
5,139.9
5,135.9
6,135.9
6,135.9
0,133.9
0,139.9
1,134.7
1,134.7
2,136.7
2,136.7
3,136.7
3,132.9
4,132.9
4,132.9
5,132.9
5,134.9
6,134.9
6,134.9
0,134.9
0,134.9
1,128.9
1,128.9
2,128.9
2,144.82
3,144.82
3,146.5666666666667
4,155.9
4,152.9
5,154.9
5,154.9
6,154.9
6,154.9
0,152.4
0,152.4
1,150.9
1,150.4
2,150.9
2,145.9
3,148.5
3,150.9
4,147.4
4,147.9
5,147.9
5,148.23333333333335
6,143.9
6,143.9
0,145.9
0,145.9
1,143.83333333333334
1,143.9
2,146.5
2,142.23333333333335
3,147.7
3,139.35
4,138.9
4,144.4
5,141.9
5,139.9
6,140.83333333333334
6,139.9
0,137.65
0,131.9
1,134.8
1,136.1
2,133.3
2,132.9
3,135.9
3,130.9
4,130.4
4,130.85
5,134.5
5,134.9
6,129.9
6,130.9
0,133.4
0,129.3
1,129.3
1,130.73333333333332
2,126.4
2,127.30000000000001
3,133.7
3,133.7
4,130.4
4,130.4
5,124.9
5,126.7
6,126.7
6,128.9
0,128.9
0,128.9
1,129.7
1,139.9
2,139.9
2,138.9
3,131.9
3,138.9
4,142.3
4,147.5
5,135.9
5,139.9
6,137.9
6,145.9
0,143.6
0,146.2
1,144.5
1,144.2
2,144.2
2,144.1
3,144.1
3,143.5666666666667
4,143.5666666666667
4,141.4333333333333
5,141.2
5,138.9
6,141.9
6,139.2
0,138.8
0,137.3
1,141.1
1,132.9
2,136.4
2,134.9
3,141.3
3,130.4
4,130.4
4,130.4
5,127.9
5,135.5666666666667
6,137.9
6,137.9
0,132.5666666666667
0,135.16666666666666
1,131.54999999999998
1,130.76666666666665
2,130.9
2,125.9
3,125.9
3,124.9
4,127.3
4,127.3
5,127.3
5,127.3
6,127.3
6,129.8
0,128.7
0,128.7
1,128.7
1,128.7
2,132.9
2,132.9
3,132.9
3,132.9
4,133.4
4,134.9
5,135.8
5,135.8
6,135.8
6,139.3
0,139.3
0,139.3
1,139.3
1,145.83333333333331
2,139.9
2,144.9
3,142.9
3,145.8
4,145.8
4,145.9
5,147.9
5,141.9
6,141.9
6,141.9
0,143.1
0,144.5666666666667
1,144.5666666666667
1,142.4
2,139.8
2,141.4
3,142.85
3,143.0
4,143.0
4,139.7
5,138.4
5,137.9
6,138.16666666666666
6,137.4
0,135.9
0,137.9
1,134.9
1,134.9
2,136.3
2,135.7
3,134.5
3,135.8
4,135.8
4,135.8
5,132.9
5,129.9
6,129.9
6,129.9
0,137.9
0,134.9
1,134.04999999999998
1,134.9
2,134.9
2,134.9
3,127.9
3,130.9
4,130.9
4,130.9
5,130.9
5,130.9
6,130.9
6,139.9
0,156.7
0,147.5
1,129.9
1,149.9
2,150.9
2,150.9
3,152.7
3,154.9
4,155.7
4,150.9
5,150.9
5,149.9
6,149.9
6,150.4
0,150.4
0,148.7
1,149.04999999999998
1,148.83333333333334
2,145.9
2,144.73333333333332
3,146.33333333333331
3,142.7
4,142.8
4,143.15
5,142.15
5,138.9
6,140.2
6,137.9
0,137.9
0,140.9
1,139.23333333333335
1,138.1
2,136.9
2,136.9
3,133.9
3,149.7
4,132.9
4,137.3
5,131.9
5,131.9
6,131.9
6,131.9
0,136.23333333333335
0,136.23333333333335
1,136.23333333333335
1,129.9
2,130.9
2,130.9
3,130.9
3,130.9
4,130.9
4,139.9
5,159.7
5,147.9
6,146.4
6,146.4
0,146.4
0,152.83333333333334
1,154.55
1,154.55
2,154.55
2,154.55
3,152.5666666666667
3,154.9
4,151.9
4,151.0666666666667
5,150.9
5,150.4
6,151.9
6,151.9
0,150.61999999999998
0,147.73333333333335
1,144.4
1,145.88333333333333
2,143.61999999999998
2,144.625
3,142.83333333333334
3,141.64
4,143.06666666666666
4,139.875
5,144.3
5,135.9
6,140.4
6,134.8
0,134.8
0,139.325
1,133.8
1,132.8
2,132.8
2,140.9
3,131.8
3,131.8
4,147.7
4,157.79999999999998
5,144.48000000000002
5,144.48000000000002
6,140.9
6,152.8
0,144.9
0,152.9
1,151.85000000000002
1,151.85000000000002
2,150.85000000000002
2,150.85000000000002
3,150.9
3,155.9
4,150.9
4,152.9
5,150.9
5,154.9
6,154.9
6,148.9
0,148.9
0,157.7
1,149.9
1,152.9
2,152.9
2,152.9
3,149.7
3,148.9
4,148.46666666666667
4,147.9
5,147.9
5,148.125
6,148.125
6,148.125
0,146.9
0,143.74
1,148.9
1,145.5
2,141.9
2,144.16666666666666
3,140.7
3,146.16666666666666
4,145.5666666666667
4,145.5666666666667
5,152.8
5,152.8
6,138.9
6,138.9
0,152.99999999999997
0,162.83333333333334
1,154.9
1,148.9
2,159.85000000000002
2,159.85000000000002
3,159.8
3,159.9
4,159.9
4,159.9
5,159.9
5,159.9
6,158.5
6,158.5
0,157.9
0,157.7
1,157.7
1,157.7
2,155.5
2,155.5
3,157.9
3,154.5
4,152.76666666666665
4,152.76666666666665
5,155.55
5,155.55
6,149.9
6,149.9
0,154.82
0,150.9
1,151.9
1,154.4
2,151.3
2,150.9
3,150.4
3,144.8
4,153.83333333333334
4,150.5
5,152.8
5,144.9
6,143.5666666666667
6,139.9
0,151.8
0,138.9
1,145.4
1,145.4
2,143.65
2,150.9
3,156.3
3,169.7
4,169.7
4,154.9
5,139.9
5,139.9
6,139.9
6,139.9
0,157.9
0,155.9
1,140.9
1,162.9
2,162.9
2,162.9
3,162.9
3,150.9
4,159.9
4,158.9
5,158.9
5,158.9
6,158.9
6,158.9
0,157.9
0,156.9
1,157.9
1,157.9
2,157.85000000000002
2,149.9
3,155.1
3,156.5
4,153.5666666666667
4,147.4
5,153.9
5,154.7
6,152.9
6,145.4
0,153.4
0,153.4
1,153.4
1,144.9
2,154.1
2,154.1
3,150.9
3,152.83333333333334
4,152.83333333333334
4,143.9
5,140.9
5,150.76666666666668
6,150.76666666666668
6,142.9
0,142.9
0,142.9
1,145.7
1,149.23333333333335
2,140.7
2,140.7
3,140.7
3,140.4
4,140.4
4,150.9
5,156.4333333333333
5,149.9
6,152.65
6,163.9
0,156.5666666666667
0,156.5666666666667
1,159.5666666666667
1,159.9
2,159.9
2,154.7
3,154.7
3,154.7
4,154.7
4,154.9
5,156.8
5,156.8
6,152.3
6,151.7
0,158.23333333333335
0,156.9
1,157.79999999999998
1,155.9
2,153.4333333333333
2,153.9
3,155.4
3,151.45999999999998
4,150.8
4,148.9
5,147.7
5,147.7
6,146.3
6,152.4
0,151.4333333333333
0,145.9
1,148.3
1,145.6
2,151.55
2,149.8
3,151.9
3,145.16666666666666
4,148.9
4,150.1
5,150.1
5,144.8
6,144.8
6,144.8
0,146.04999999999998
0,142.9
1,140.7
1,140.7
2,148.9
2,152.9
3,146.9
3,144.4
4,139.7
4,145.9
5,145.9
5,145.9
6,145.7
6,145.7
0,139.9
0,139.9
1,138.9
1,138.9
2,138.9
2,138.9
3,138.9
3,138.9
4,138.9
4,138.7
5,138.7
5,138.7
6,138.7
6,138.7
0,144.9
0,144.9
1,144.9
1,147.16666666666666
2,147.16666666666666
2,156.26
3,156.83333333333334
3,154.86666666666665
4,163.9
4,149.3
5,151.9
5,151.9
6,151.9
6,151.9
0,155.8
0,157.9
1,161.9
1,161.9
2,159.7
2,159.7
3,157.8
3,155.8
4,159.9
4,153.8
5,156.4
5,150.7
6,153.4
6,155.16666666666666
0,155.16666666666666
0,151.3
1,155.75
1,150.45999999999998
2,150.54000000000002
2,150.03333333333333
3,150.03333333333333
3,150.41428571428574
4,149.7
4,146.12857142857143
5,146.01999999999998
5,146.01999999999998
6,143.4
6,145.7
0,145.9
0,144.7
1,146.42
1,141.5
2,143.9
2,143.9
3,137.7
3,142.9
4,144.8
4,144.8
5,144.8
5,144.8
6,144.8
6,148.9
0,164.7
0,158.16666666666666
1,149.8
1,155.8
2,149.3
2,160.5
3,153.7
3,153.7
4,158.16666666666666
4,155.3
5,155.3
5,153.8
6,157.4
6,155.9
0,155.4
0,151.35
1,157.7
1,151.9
2,148.16666666666666
2,146.76666666666668
3,157.7
3,147.8
4,149.7
4,147.16666666666666
5,146.9
5,143.9
6,154.7
6,147.5666666666667
0,142.7
0,140.7
1,140.7
1,144.7
2,145.8
2,145.8
3,145.8
3,145.8
4,145.8
4,140.9
5,148.9
5,145.5
6,145.5
6,145.5
0,147.7
0,144.5
1,156.9
1,156.9
2,156.9
2,149.9
3,150.9
3,151.9
4,150.4333333333333
4,154.98
5,157.3
5,156.8
6,160.5
6,164.5
0,161.3
0,164.4
1,164.4
1,158.9
2,158.9
2,162.4
3,157.7
3,162.9
4,160.1
4,157.2
5,156.8
5,153.7
6,153.7
6,153.7
0,152.7
0,152.7
1,155.0
1,150.7
2,148.7
2,149.7
3,157.02000000000004
3,152.8
4,157.26
4,153.7
5,153.1
5,147.7
6,152.9
6,151.9
0,151.9
0,151.9
1,150.9
1,146.7
2,146.7
2,146.7
3,163.4
3,164.4333333333333
4,151.4
4,166.4
5,154.8
5,161.8
6,161.8
6,165.9
