0,0
0,0
1,0
1,123.9
2,123.9
2,123.9
3,123.9
3,123.9
4,123.9
4,123.9
5,123.9
5,123.9
6,123.9
6,123.9
0,123.9
0,123.9
1,119.9
1,119.9
2,118.9
2,118.9
3,118.9
3,118.9
4,118.9
4,118.9
5,118.9
5,118.9
6,118.9
6,118.9
0,118.9
0,118.9
1,118.9
1,118.9
2,120.9
2,120.9
3,120.9
3,139.9
4,139.9
4,139.9
5,139.9
5,139.9
6,139.7
6,139.7
0,139.7
0,139.7
1,137.9
1,137.9
2,137.9
2,136.9
3,136.9
3,135.9
4,135.9
4,135.9
5,134.9
5,132.9
6,132.9
6,132.9
0,130.9
0,130.9
1,129.4
1,127.9
2,127.9
2,127.9
3,125.9
3,125.9
4,125.9
4,125.9
5,125.9
5,125.9
6,125.9
6,125.9
0,125.9
0,125.9
1,125.9
1,124.9
2,126.9
2,126.9
3,142.9
3,142.9
4,142.9
4,142.9
5,140.9
5,139.9
6,139.9
6,138.9
0,138.9
0,138.9
1,137.9
1,136.9
2,136.9
2,136.9
3,135.9
3,134.9
4,134.9
4,133.9
5,133.9
5,133.9
6,132.9
6,132.9
0,130.9
0,129.9
1,127.9
1,126.9
2,126.9
2,126.3
3,125.7
3,125.7
4,129.2
4,129.2
5,143.9
5,143.9
6,143.9
6,143.9
0,143.9
0,143.9
1,142.9
1,141.9
2,141.9
2,140.9
3,140.9
3,139.9
4,139.9
4,139.9
5,139.9
5,139.9
6,139.9
6,139.9
0,139.9
0,139.9
1,139.9
1,139.9
2,139.9
2,139.9
3,139.9
3,139.9
4,139.9
4,139.9
5,139.9
5,139.9
6,139.9
6,139.9
0,139.9
0,139.9
1,139.9
1,139.9
2,139.9
2,139.9
3,139.9
3,139.9
4,139.9
4,139.9
5,139.9
5,139.9
6,139.9
6,139.9
0,139.9
0,139.9
1,139.9
1,139.9
2,139.9
2,139.9
3,139.9
3,139.9
4,139.9
4,139.9
5,139.9
5,139.9
6,139.9
6,139.9
0,139.9
0,139.9
1,139.9
1,139.9
2,139.9
2,139.9
3,139.9
3,139.9
4,139.9
4,139.9
5,139.9
5,139.9
6,139.9
6,139.9
0,139.9
0,139.9
1,139.9
1,139.9
2,139.9
2,139.9
3,139.9
3,139.9
4,139.9
4,139.9
5,139.9
5,139.9
6,139.9
6,139.9
0,139.9
0,139.9
1,139.9
1,139.9
2,139.9
2,139.9
3,139.9
3,139.9
4,139.9
4,139.9
5,139.9
5,139.9
6,139.9
6,139.9
0,139.9
0,139.9
1,139.9
1,139.9
2,139.9
2,139.9
3,139.9
3,139.9
4,139.9
4,139.9
5,139.9
5,139.9
6,139.9
6,139.9
0,139.9
0,139.9
1,139.9
1,139.9
2,139.9
2,139.9
3,139.9
3,139.9
4,139.9
4,139.9
5,139.9
5,139.9
6,139.9
6,139.9
0,139.9
0,139.9
1,139.9
1,139.9
2,139.9
2,139.9
3,139.9
3,139.9
4,139.9
4,139.9
5,139.9
5,139.9
6,139.9
6,129.9
0,129.9
0,134.9
1,134.9
1,139.9
2,145.9
2,145.9
3,145.9
3,145.9
4,145.9
4,145.9
5,145.9
5,145.9
6,144.9
6,144.9
0,144.9
0,144.9
1,143.9
1,143.9
2,143.9
2,143.9
3,143.9
3,143.9
4,142.9
4,142.9
5,142.9
5,142.9
6,141.9
6,141.9
0,141.9
0,141.9
1,141.9
1,141.9
2,141.9
2,141.9
3,141.9
3,141.9
4,141.9
4,140.9
5,140.9
5,140.9
6,140.9
6,140.9
0,140.9
0,138.9
1,138.9
1,138.9
2,138.9
2,138.9
3,138.9
3,138.9
4,138.9
4,138.9
5,138.9
5,138.9
6,138.9
6,138.9
0,138.9
0,138.9
1,138.9
1,138.9
2,138.9
2,143.9
3,143.9
3,143.9
4,143.9
4,146.9
5,146.9
5,150.9
6,150.9
6,150.9
0,150.9
0,150.9
1,150.9
1,150.9
2,156.9
2,156.9
3,156.9
3,156.9
4,155.9
4,153.9
5,153.9
5,151.9
6,151.9
6,150.9
0,150.9
0,150.9
1,150.9
1,150.9
2,150.9
2,150.9
3,150.9
3,150.9
4,150.9
4,150.9
5,150.9
5,150.9
6,150.9
6,150.9
0,150.9
0,150.9
1,150.9
1,150.9
2,150.9
2,150.9
3,150.9
3,150.9
4,150.9
4,150.9
5,150.9
5,150.9
6,150.9
6,150.9
0,150.9
0,150.9
1,150.9
1,150.9
2,150.9
2,150.9
3,150.9
3,150.9
4,150.9
4,150.9
5,150.9
5,150.9
6,150.9
6,150.9
0,150.9
0,150.9
1,150.9
1,150.9
2,150.9
2,150.9
3,150.9
3,150.9
4,150.9
4,150.9
5,150.9
5,150.9
6,150.9
6,150.9
0,150.9
0,150.9
1,150.9
1,150.9
2,150.9
2,150.9
3,150.9
3,150.9
4,150.9
4,150.9
5,150.9
5,150.9
6,150.9
6,150.9
0,150.9
0,150.9
1,150.9
1,150.9
2,150.9
2,150.9
3,150.9
3,150.9
4,150.9
4,147.9
5,147.9
5,147.9
6,147.9
6,147.9
0,147.9
0,146.9
1,146.9
1,145.9
2,145.9
2,145.9
3,144.9
3,143.9
4,143.9
4,143.9
5,142.9
5,141.9
6,141.9
6,141.9
0,141.9
0,140.9
1,139.9
1,139.9
2,139.9
2,139.9
3,139.9
3,138.9
4,138.9
4,138.9
5,138.9
5,138.9
6,137.9
6,137.9
0,136.9
0,136.9
1,136.9
1,135.9
2,134.9
2,134.9
3,134.9
3,133.9
4,133.9
4,133.9
5,133.9
5,132.9
6,132.9
6,132.9
0,132.9
0,132.9
1,132.9
1,130.9
2,130.9
2,130.9
3,130.9
3,130.9
4,130.9
4,130.9
5,130.9
5,130.9
6,130.9
6,130.9
0,130.9
0,130.9
1,130.9
1,130.9
2,130.9
2,129.9
3,129.9
3,129.9
4,129.9
4,129.9
5,129.9
5,129.9
6,129.9
6,129.9
0,129.9
0,129.9
1,129.9
1,128.9
2,128.9
2,128.9
3,130.9
3,134.9
4,134.9
4,134.9
5,134.9
5,137.9
6,137.9
6,139.9
0,139.9
0,139.9
1,149.9
1,149.9
2,149.9
2,149.9
3,149.9
3,149.9
4,149.9
4,149.9
5,149.9
5,147.9
6,147.9
6,146.9
0,146.9
0,146.9
1,146.9
1,145.9
2,145.9
2,145.9
3,144.9
3,144.9
4,144.9
4,143.9
5,143.9
5,143.9
6,143.9
6,142.9
0,142.9
0,142.9
1,141.9
1,141.9
2,140.9
2,140.9
3,139.9
3,139.9
4,139.9
4,139.9
5,138.9
5,138.9
6,138.9
6,138.9
0,137.9
0,137.9
1,137.9
1,137.9
2,137.9
2,137.9
3,137.9
3,137.9
4,139.9
4,139.9
5,139.9
5,139.9
6,139.9
6,151.9
0,151.9
0,151.9
1,151.9
1,151.9
2,150.9
2,150.9
3,150.9
3,149.9
4,149.9
4,149.9
5,148.9
5,146.9
6,145.9
6,145.9
0,144.2
0,140.4
1,140.4
1,140.4
2,138.9
2,138.9
3,138.9
3,137.9
4,137.9
4,137.9
5,137.9
5,136.9
6,135.9
6,135.9
0,135.9
0,135.9
1,135.9
1,135.9
2,135.9
2,135.9
3,135.9
3,135.9
4,135.9
4,135.9
5,135.9
5,134.9
6,134.9
6,134.9
0,134.9
0,134.9
1,134.9
1,134.9
2,134.9
2,139.9
3,139.9
3,139.9
4,139.9
4,139.9
5,154.9
5,154.9
6,154.9
6,154.9
0,152.4
0,152.4
1,152.4
1,152.4
2,150.9
2,150.9
3,149.4
3,149.4
4,149.4
4,147.9
5,147.9
5,146.9
6,146.9
6,146.9
0,145.9
0,145.9
1,144.9
1,143.9
2,143.9
2,142.9
3,142.9
3,142.9
4,141.9
4,141.9
5,140.9
5,140.9
6,140.9
6,139.9
0,137.9
0,137.9
1,136.9
1,135.9
2,135.9
2,134.9
3,134.9
3,133.9
4,133.9
4,132.9
5,131.9
5,131.9
6,131.9
6,130.9
0,130.9
0,129.9
1,129.9
1,128.9
2,127.9
2,126.9
3,126.9
3,126.9
4,126.9
4,126.9
5,126.9
5,126.9
6,126.9
6,126.9
0,126.9
0,126.9
1,126.9
1,126.9
2,126.9
2,126.9
3,130.9
3,130.9
4,130.9
4,130.9
5,135.9
5,135.9
6,137.9
6,137.9
0,145.9
0,144.9
1,144.5
1,143.5
2,143.5
2,142.5
3,142.5
3,142.5
4,142.5
4,141.5
5,140.5
5,140.5
6,140.5
6,139.5
0,139.5
0,138.5
1,138.5
1,138.5
2,138.5
2,136.5
3,136.5
3,136.5
4,136.5
4,136.5
5,136.5
5,133.9
6,133.9
6,133.9
0,131.9
0,131.5
1,131.5
1,130.5
2,130.5
2,130.5
3,130.5
3,130.5
4,129.7
4,129.7
5,129.7
5,129.7
6,129.7
6,129.7
0,128.7
0,128.7
1,128.7
1,128.7
2,128.7
2,128.7
3,128.7
3,128.7
4,128.7
4,128.7
5,129.7
5,129.7
6,129.7
6,135.7
0,135.7
0,135.7
1,135.7
1,136.9
2,136.9
2,136.9
3,136.9
3,143.9
4,143.9
4,142.9
5,142.9
5,142.9
6,142.9
6,142.9
0,141.9
0,141.9
1,141.9
1,140.9
2,140.9
2,139.9
3,139.9
3,139.9
4,139.9
4,139.9
5,138.9
5,138.9
6,138.9
6,137.9
0,137.9
0,136.9
1,136.9
1,136.9
2,135.9
2,135.9
3,135.9
3,135.9
4,135.9
4,135.9
5,135.9
5,135.9
6,135.9
6,135.9
0,135.9
0,133.9
1,133.9
1,133.9
2,133.9
2,133.9
3,133.9
3,133.9
4,133.9
4,133.9
5,133.9
5,133.9
6,133.9
6,133.9
0,133.9
0,137.9
1,137.9
1,137.9
2,143.9
2,152.9
3,152.9
3,152.9
4,152.9
4,150.9
5,150.9
5,149.9
6,149.9
6,148.9
0,148.9
0,147.5
1,146.9
1,146.9
2,145.9
2,144.9
3,144.9
3,143.9
4,143.9
4,142.9
5,141.9
5,141.9
6,140.9
6,140.9
0,139.9
0,138.9
1,138.9
1,138.9
2,137.9
2,137.9
3,137.9
3,137.9
4,137.9
4,137.9
5,137.9
5,137.9
6,137.9
6,137.9
0,137.9
0,137.9
1,137.9
1,137.9
2,137.9
2,137.9
3,137.9
3,137.9
4,137.9
4,137.9
5,137.9
5,139.9
6,139.9
6,139.9
0,139.9
0,149.9
1,149.9
1,149.9
2,149.9
2,149.9
3,150.9
3,150.9
4,151.9
4,151.9
5,150.9
5,149.9
6,149.9
6,149.9
0,148.9
0,148.9
1,148.9
1,147.4
2,147.4
2,145.9
3,144.9
3,144.9
4,139.9
4,139.9
5,138.9
5,138.9
6,137.9
6,137.9
0,137.9
0,137.9
1,137.9
1,137.9
2,137.9
2,136.9
3,136.9
3,136.9
4,136.9
4,136.9
5,137.9
5,137.9
6,140.9
6,140.9
0,144.9
0,144.9
1,152.9
1,152.9
2,151.9
2,151.9
3,150.9
3,150.9
4,149.9
4,149.9
5,149.9
5,149.9
6,149.9
6,148.9
0,148.9
0,148.9
1,148.9
1,148.9
2,148.9
2,148.9
3,148.9
3,148.9
4,147.9
4,147.9
5,147.9
5,147.9
6,147.9
6,147.9
0,147.9
0,147.9
1,148.9
1,145.9
2,145.9
2,144.9
3,144.9
3,143.9
4,143.9
4,143.9
5,142.9
5,142.9
6,142.9
6,142.9
0,144.9
0,144.9
1,146.9
1,148.9
2,158.9
2,158.9
3,158.9
3,158.9
4,158.9
4,158.9
5,158.9
5,158.9
6,158.9
6,158.9
0,158.9
0,157.9
1,157.9
1,157.9
2,157.9
2,157.9
3,157.9
3,157.9
4,157.9
4,157.9
5,156.9
5,156.9
6,156.9
6,156.9
0,155.9
0,154.9
1,154.9
1,154.9
2,153.4
2,151.9
3,150.9
3,150.9
4,149.9
4,148.9
5,147.9
5,147.9
6,147.9
6,147.9
0,147.9
0,147.9
1,146.9
1,146.9
2,146.9
2,146.9
3,146.9
3,146.9
4,146.9
4,149.9
5,149.9
5,149.9
6,149.9
6,149.9
0,152.9
0,155.9
1,155.9
1,162.9
2,162.9
2,162.9
3,162.9
3,162.9
4,159.9
4,159.9
5,159.9
5,159.9
6,159.9
6,158.9
0,157.9
0,157.9
1,156.9
1,156.9
2,155.9
2,155.9
3,155.9
3,154.9
4,154.9
4,154.9
5,153.9
5,153.9
6,152.9
6,152.9
0,152.9
0,152.9
1,152.9
1,152.9
2,151.9
2,151.9
3,150.9
3,149.9
4,149.9
4,149.9
5,140.9
5,148.9
6,148.9
6,148.9
0,148.9
0,148.9
1,148.9
1,147.9
2,147.9
2,147.9
3,147.9
3,147.9
4,147.9
4,147.9
5,149.9
5,149.9
6,152.9
6,152.9
0,155.9
0,155.9
1,158.9
1,158.9
2,158.9
2,158.9
3,158.9
3,158.9
4,158.9
4,158.9
5,158.9
5,158.9
6,158.9
6,158.9
0,158.23333333333335
0,156.9
1,156.9
1,155.9
2,154.9
2,154.9
3,153.9
3,153.9
4,152.9
4,152.9
5,152.9
5,152.9
6,152.9
6,151.9
0,151.9
0,151.9
1,151.9
1,150.9
2,150.9
2,150.9
3,150.9
3,149.9
4,148.9
4,148.9
5,148.9
5,147.9
6,147.9
6,147.9
0,147.9
0,147.9
1,147.9
1,147.9
2,147.9
2,147.9
3,146.9
3,146.9
4,146.9
4,145.9
5,145.9
5,145.9
6,145.9
6,145.9
0,145.9
0,145.9
1,145.9
1,145.9
2,145.9
2,145.9
3,145.9
3,145.9
4,145.9
4,145.9
5,145.9
5,145.9
6,145.9
6,145.9
0,144.9
0,144.9
1,144.9
1,144.9
2,144.9
2,144.9
3,144.9
3,146.9
4,146.9
4,150.9
5,150.9
5,150.9
6,150.9
6,150.9
0,155.9
0,157.9
1,157.9
1,157.9
2,157.9
2,157.9
3,157.9
3,156.9
4,156.9
4,156.9
5,155.9
5,155.9
6,155.9
6,154.9
0,154.9
0,154.9
1,153.9
1,152.9
2,152.9
2,151.4
3,151.4
3,149.4
4,149.4
4,147.9
5,147.9
5,147.9
6,146.9
6,146.9
0,145.9
0,145.9
1,144.9
1,144.9
2,143.9
2,143.9
3,143.9
3,143.9
4,143.9
4,143.9
5,143.9
5,143.9
6,143.9
6,146.9
0,146.9
0,149.9
1,159.9
1,159.9
2,159.9
2,159.9
3,159.9
3,159.9
4,158.9
4,158.9
5,158.9
5,157.9
6,156.9
6,155.9
0,154.9
0,151.9
1,151.9
1,151.9
2,148.9
2,148.9
3,148.9
3,148.9
4,148.9
4,147.9
5,147.9
5,147.9
6,147.9
6,146.9
0,146.9
0,146.9
1,146.9
1,146.5
2,146.5
2,146.5
3,146.5
3,146.5
4,146.5
4,146.5
5,146.5
5,145.5
6,145.5
6,145.5
0,145.5
0,144.5
1,144.5
1,144.5
2,144.5
2,144.5
3,144.5
3,144.5
4,145.5
4,148.7
5,148.7
5,148.7
6,154.5
6,164.5
0,164.5
0,163.9
1,163.9
1,163.9
2,163.9
2,162.4
3,162.4
3,162.4
4,160.9
4,160.9
5,159.9
5,159.9
6,159.9
6,159.9
0,159.9
0,159.9
1,159.9
1,159.9
2,159.9
2,159.9
3,157.9
3,156.9
4,155.4
4,155.4
5,153.9
5,153.9
6,152.9
6,151.9
0,151.9
0,151.9
1,150.9
1,150.9
2,150.9
2,150.9
3,150.9
3,153.9
4,156.9
4,159.9
5,159.9
5,159.9
6,159.9
6,159.9
