0,124.9
0,124.9
1,122.9
1,122.9
2,122.9
2,121.9
3,119.5
3,118.9
4,118.9
4,118.9
5,117.5
5,117.5
6,117.5
6,117.5
0,117.5
0,117.5
1,117.5
1,115.9
2,115.9
2,115.9
3,115.9
3,114.5
4,114.5
4,114.5
5,114.5
5,114.5
6,114.5
6,114.5
0,114.5
0,114.5
1,114.5
1,114.5
2,113.5
2,113.5
3,113.5
3,113.5
4,113.5
4,139.5
5,139.5
5,139.5
6,139.5
6,139.5
0,139.5
0,139.5
1,139.5
1,139.5
2,137.5
2,137.5
3,137.5
3,137.5
4,136.0
4,133.5
5,133.5
5,133.5
6,133.5
6,130.5
0,130.5
0,130.5
1,127.5
1,127.5
2,126.5
2,126.5
3,122.5
3,121.5
4,121.5
4,121.5
5,121.5
5,121.5
6,121.5
6,121.5
0,119.5
0,119.5
1,119.5
1,119.5
2,119.5
2,119.5
3,119.5
3,119.5
4,119.5
4,139.5
5,139.5
5,139.5
6,139.5
6,139.5
0,139.5
0,139.5
1,137.5
1,137.5
2,135.5
2,135.5
3,133.5
3,133.5
4,133.5
4,133.5
5,133.5
5,133.5
6,133.5
6,133.5
0,131.5
0,127.5
1,127.5
1,127.5
2,125.0
2,125.0
3,123.5
3,123.5
4,122.5
4,122.5
5,122.5
5,122.5
6,122.5
6,143.5
0,143.5
0,143.5
1,143.5
1,143.5
2,143.5
2,143.5
3,143.5
3,143.5
4,143.5
4,143.5
5,143.5
5,143.5
6,143.5
6,143.5
0,143.5
0,143.5
1,143.5
1,143.5
2,143.5
2,143.5
3,143.5
3,143.5
4,143.5
4,143.5
5,143.5
5,143.5
6,143.5
6,143.5
0,143.5
0,143.5
1,143.5
1,143.5
2,143.5
2,143.5
3,143.5
3,143.5
4,143.5
4,143.5
5,143.5
5,143.5
6,143.5
6,143.5
0,143.5
0,143.5
1,143.5
1,143.5
2,143.5
2,143.5
3,143.5
3,143.5
4,143.5
4,143.5
5,143.5
5,143.5
6,143.5
6,143.5
0,143.5
0,143.5
1,143.5
1,143.5
2,143.5
2,143.5
3,143.5
3,143.5
4,143.5
4,143.5
5,143.5
5,143.5
6,143.5
6,143.5
0,143.5
0,143.5
1,143.5
1,143.5
2,143.5
2,143.5
3,143.5
3,143.5
4,143.5
4,143.5
5,143.5
5,143.5
6,143.5
6,143.5
0,143.5
0,143.5
1,143.5
1,143.5
2,143.5
2,143.5
3,143.5
3,143.5
4,143.5
4,143.5
5,143.5
5,143.5
6,143.5
6,143.5
0,143.5
0,143.5
1,143.5
1,143.5
2,143.5
2,143.5
3,143.5
3,143.5
4,143.5
4,143.5
5,143.5
5,143.5
6,143.5
6,143.5
0,143.5
0,143.5
1,143.5
1,143.5
2,143.5
2,143.5
3,143.5
3,143.5
4,143.5
4,143.5
5,143.5
5,143.5
6,143.5
6,143.5
0,143.5
0,143.5
1,143.5
1,143.5
2,143.5
2,143.5
3,143.5
3,143.5
4,143.5
4,143.5
5,143.5
5,143.5
6,143.5
6,143.5
0,146.5
0,146.5
1,146.5
1,146.5
2,146.5
2,146.5
3,146.5
3,146.5
4,146.5
4,146.5
5,146.5
5,146.5
6,146.5
6,146.5
0,146.5
0,146.5
1,144.5
1,144.5
2,144.5
2,144.5
3,144.5
3,142.5
4,142.5
4,142.5
5,142.5
5,142.5
6,142.5
6,142.5
0,142.5
0,142.5
1,142.5
1,142.5
2,142.5
2,138.5
3,138.5
3,138.5
4,138.5
4,138.5
5,138.5
5,138.5
6,138.5
6,138.5
0,138.5
0,138.5
1,138.5
1,138.5
2,138.5
2,138.5
3,137.5
3,137.5
4,137.5
4,137.5
5,137.5
5,137.5
6,137.5
6,137.5
0,137.5
0,137.5
1,136.5
1,136.5
2,136.5
2,136.5
3,136.5
3,136.5
4,136.5
4,136.5
5,156.5
5,156.5
6,156.5
6,156.5
0,156.5
0,156.5
1,156.5
1,156.5
2,155.5
2,155.5
3,155.5
3,155.5
4,155.5
4,155.5
5,155.5
5,155.5
6,155.5
6,155.5
0,152.5
0,152.5
1,152.5
1,152.5
2,152.5
2,152.5
3,149.0
3,146.5
4,146.5
4,146.5
5,146.5
5,146.5
6,146.5
6,146.5
0,146.5
0,142.5
1,142.5
1,142.5
2,139.5
2,139.5
3,139.5
3,139.5
4,138.5
4,138.5
5,138.5
5,136.5
6,136.5
6,136.5
0,136.5
0,135.5
1,135.5
1,135.5
2,135.5
2,135.5
3,133.0
3,133.0
4,133.0
4,133.0
5,133.0
5,133.0
6,133.0
6,133.0
0,133.0
0,133.0
1,133.0
1,131.5
2,131.5
2,131.5
3,131.5
3,131.5
4,131.5
4,131.5
5,131.5
5,131.5
6,131.5
6,131.5
0,131.5
0,131.5
1,131.5
1,131.5
2,131.5
2,131.5
3,131.5
3,131.5
4,129.5
4,129.5
5,129.5
5,129.5
6,129.5
6,129.5
0,157.5
0,157.5
1,157.5
1,154.5
2,154.5
2,154.5
3,151.5
3,151.5
4,151.5
4,151.5
5,151.5
5,151.5
6,151.5
6,151.5
0,149.5
0,149.5
1,149.5
1,149.5
2,149.5
2,149.5
3,149.5
3,146.5
4,146.5
4,146.5
5,146.5
5,143.5
6,143.5
6,143.5
0,143.5
0,142.0
1,142.0
1,142.0
2,139.5
2,139.5
3,138.5
3,135.5
4,135.5
4,135.5
5,134.5
5,134.5
6,134.5
6,133.5
0,133.5
0,133.5
1,133.5
1,133.5
2,133.5
2,132.5
3,132.5
3,132.5
4,132.5
4,132.5
5,132.5
5,131.5
6,131.5
6,131.5
0,131.5
0,131.5
1,130.5
1,130.5
2,130.5
2,130.5
3,130.5
3,130.5
4,130.5
4,130.5
5,130.5
5,128.5
6,128.5
6,128.5
0,128.5
0,128.5
1,128.5
1,128.5
2,128.5
2,128.5
3,128.5
3,128.5
4,128.5
4,128.5
5,128.5
5,128.5
6,128.5
6,128.5
0,128.5
0,128.5
1,128.5
1,128.5
2,128.5
2,128.5
3,128.5
3,128.5
4,128.5
4,128.5
5,152.5
5,152.5
6,152.5
6,152.5
0,152.5
0,152.5
1,152.5
1,152.5
2,152.5
2,152.5
3,149.5
3,149.5
4,149.5
4,149.5
5,149.5
5,149.5
6,149.5
6,147.5
0,147.5
0,147.5
1,147.5
1,147.5
2,147.5
2,144.5
3,144.5
3,144.5
4,144.5
4,142.5
5,142.5
5,141.5
6,141.5
6,141.5
0,141.5
0,139.5
1,139.5
1,139.5
2,137.5
2,136.5
3,136.5
3,135.5
4,133.5
4,132.5
5,132.5
5,132.5
6,132.5
6,132.5
0,132.5
0,132.5
1,132.5
1,132.5
2,130.5
2,130.5
3,130.5
3,130.5
4,130.5
4,130.5
5,130.5
5,152.5
6,152.5
6,152.5
0,152.5
0,149.5
1,149.5
1,149.5
2,149.5
2,149.5
3,149.5
3,149.5
4,149.5
4,147.5
5,146.5
5,146.5
6,146.5
6,146.5
0,136.5
0,136.5
1,136.5
1,136.5
2,137.5
2,137.5
3,134.5
3,134.5
4,134.5
4,130.5
5,130.5
5,130.5
6,130.5
6,130.5
0,130.5
0,129.5
1,129.5
1,129.5
2,129.5
2,129.5
3,129.5
3,129.5
4,129.5
4,128.5
5,128.5
5,128.5
6,128.5
6,128.5
0,128.5
0,128.5
1,128.5
1,128.5
2,128.5
2,128.5
3,128.5
3,128.5
4,154.5
4,154.5
5,151.5
5,151.5
6,151.5
6,151.5
0,151.5
0,149.5
1,149.5
1,149.5
2,149.5
2,148.5
3,146.5
3,145.5
4,145.5
4,144.5
5,144.5
5,143.5
6,143.5
6,143.5
0,143.5
0,143.5
1,143.5
1,141.5
2,141.5
2,141.5
3,141.5
3,139.5
4,139.5
4,135.5
5,135.5
5,135.5
6,134.5
6,134.5
0,132.0
0,132.0
1,132.0
1,130.5
2,129.5
2,126.5
3,124.5
3,124.5
4,124.5
4,122.5
5,122.5
5,122.5
6,122.5
6,122.5
0,122.5
0,122.5
1,122.5
1,122.5
2,122.5
2,122.5
3,122.5
3,122.5
4,122.5
4,122.5
5,122.5
5,122.5
6,122.5
6,122.5
0,122.5
0,122.5
1,122.5
1,122.5
2,122.5
2,122.5
3,122.5
3,122.5
4,144.5
4,144.5
5,132.5
5,132.5
6,132.5
6,132.5
0,132.5
0,132.5
1,132.5
1,132.5
2,132.5
2,132.5
3,132.5
3,132.5
4,132.5
4,132.5
5,132.5
5,132.5
6,132.5
6,132.5
0,132.5
0,132.5
1,132.5
1,132.5
2,129.5
2,129.5
3,129.5
3,129.5
4,129.5
4,129.5
5,129.5
5,127.5
6,127.5
6,127.5
0,127.5
0,126.5
1,126.5
1,126.5
2,126.5
2,126.5
3,126.5
3,124.5
4,124.5
4,124.5
5,124.5
5,124.5
6,124.5
6,124.5
0,124.5
0,123.5
1,123.5
1,123.5
2,123.5
2,123.5
3,123.5
3,123.5
4,123.5
4,123.5
5,123.5
5,123.5
6,123.5
6,123.5
0,123.5
0,123.5
1,123.5
1,123.5
2,145.0
2,145.0
3,145.0
3,145.0
4,145.0
4,145.0
5,145.0
5,145.0
6,145.0
6,145.0
0,142.5
0,142.5
1,140.5
1,140.5
2,140.5
2,139.5
3,139.5
3,139.5
4,139.5
4,137.5
5,137.5
5,137.5
6,137.5
6,137.5
0,135.5
0,135.5
1,132.5
1,130.5
2,130.5
2,130.5
3,130.5
3,130.5
4,130.5
4,129.5
5,129.5
5,129.5
6,129.5
6,129.5
0,129.5
0,129.5
1,129.5
1,129.5
2,129.5
2,127.5
3,127.5
3,127.5
4,127.5
4,127.5
5,127.5
5,127.5
6,127.5
6,127.5
0,127.5
0,127.5
1,153.5
1,153.5
2,153.5
2,153.5
3,151.5
3,149.5
4,149.5
4,149.5
5,149.5
5,149.5
6,149.5
6,149.5
0,147.5
0,147.5
1,147.5
1,147.5
2,145.5
2,144.5
3,142.5
3,141.5
4,141.5
4,139.5
5,139.5
5,139.5
6,137.5
6,137.5
0,137.5
0,136.5
1,133.5
1,133.5
2,133.5
2,133.5
3,133.5
3,133.5
4,131.5
4,131.5
5,131.5
5,131.5
6,131.5
6,131.5
0,131.5
0,129.5
1,129.5
1,129.5
2,129.5
2,129.5
3,129.5
3,129.5
4,129.5
4,129.5
5,129.5
5,152.5
6,152.5
6,152.5
0,152.5
0,152.5
1,152.5
1,149.5
2,149.5
2,149.5
3,149.5
3,149.5
4,149.5
4,149.5
5,147.5
5,147.5
6,147.5
6,147.5
0,147.5
0,144.5
1,144.5
1,140.5
2,140.5
2,137.5
3,137.5
3,137.5
4,137.5
4,137.5
5,137.5
5,133.5
6,133.5
6,133.5
0,133.5
0,133.5
1,133.5
1,130.5
2,130.5
2,130.5
3,130.5
3,130.5
4,130.5
4,130.5
5,156.5
5,156.5
6,156.5
6,156.5
0,152.5
0,150.5
1,150.5
1,150.5
2,150.5
2,150.5
3,150.5
3,150.5
4,150.5
4,149.5
5,149.5
5,149.5
6,149.5
6,149.5
0,149.5
0,149.5
1,149.5
1,149.5
2,149.5
2,149.5
3,149.5
3,149.5
4,149.5
4,149.5
5,147.5
5,147.5
6,147.5
6,147.5
0,146.5
0,144.5
1,144.5
1,144.5
2,142.5
2,142.5
3,142.5
3,142.5
4,140.5
4,140.5
5,140.5
5,140.5
6,140.5
6,140.5
0,140.5
0,140.5
1,162.5
1,162.5
2,159.5
2,159.5
3,159.5
3,159.5
4,159.5
4,159.5
5,159.5
5,159.5
6,159.5
6,159.5
0,159.5
0,158.0
1,158.0
1,158.0
2,158.0
2,156.5
3,156.5
3,156.5
4,156.5
4,155.5
5,150.5
5,150.5
6,150.5
6,149.5
0,146.5
0,146.5
1,146.5
1,146.5
2,143.5
2,143.5
3,143.5
3,143.5
4,142.5
4,142.5
5,142.5
5,142.5
6,142.5
6,142.5
0,140.5
0,140.5
1,138.5
1,138.5
2,138.5
2,138.5
3,138.5
3,138.5
4,138.5
4,138.5
5,159.5
5,159.5
6,159.5
6,159.5
0,157.5
0,157.5
1,157.5
1,157.5
2,157.5
2,157.5
3,157.5
3,157.5
4,157.5
4,157.5
5,157.5
5,157.5
6,157.5
6,157.5
0,157.5
0,157.5
1,155.5
1,149.5
2,149.5
2,149.5
3,149.5
3,149.5
4,149.5
4,149.5
5,149.5
5,149.5
6,149.5
6,149.5
0,149.5
0,144.5
1,144.5
1,144.5
2,144.5
2,144.5
3,144.5
3,144.5
4,144.5
4,144.5
5,144.5
5,142.5
6,142.5
6,142.5
0,142.5
0,142.5
1,142.5
1,142.5
2,142.5
2,142.5
3,142.5
3,140.5
4,140.5
4,140.5
5,140.5
5,140.5
6,140.5
6,140.5
0,162.5
0,162.5
1,162.5
1,159.5
2,159.5
2,159.5
3,154.5
3,154.5
4,154.5
4,154.5
5,154.5
5,154.5
6,154.5
6,154.5
0,154.5
0,151.5
1,151.5
1,151.5
2,151.5
2,150.5
3,150.5
3,150.5
4,150.5
4,150.5
5,149.5
5,147.5
6,147.5
6,147.5
0,147.5
0,145.5
1,145.5
1,145.5
2,143.5
2,143.5
3,143.5
3,143.5
4,143.5
4,143.5
5,142.5
5,142.5
6,142.5
6,142.5
0,142.5
0,140.5
1,140.5
1,140.5
2,140.5
2,140.5
3,139.5
3,139.5
4,139.5
4,139.5
5,139.5
5,139.5
6,139.5
6,139.5
0,139.5
0,139.5
1,139.5
1,139.5
2,139.5
2,139.5
3,139.5
3,139.5
4,139.5
4,139.5
5,139.5
5,137.5
6,137.5
6,137.5
0,137.5
0,137.5
1,137.5
1,137.5
2,137.5
2,137.5
3,137.5
3,137.5
4,137.5
4,137.5
5,155.5
5,155.5
6,155.5
6,155.5
0,155.5
0,155.5
1,155.5
1,155.5
2,155.5
2,155.5
3,155.5
3,155.5
4,155.5
4,155.5
5,155.5
5,155.5
6,155.5
6,155.5
0,155.5
0,155.5
1,145.5
1,145.5
2,145.5
2,141.5
3,141.5
3,141.5
4,141.5
4,141.5
5,141.5
5,141.5
6,141.5
6,141.5
0,139.5
0,139.5
1,139.5
1,139.5
2,138.5
2,138.5
3,138.5
3,138.5
4,138.5
4,138.5
5,138.5
5,138.5
6,137.5
6,137.5
0,137.5
0,137.5
1,137.5
1,137.5
2,163.5
2,148.5
3,148.5
3,148.5
4,148.5
4,148.5
5,148.5
5,148.5
6,148.5
6,148.5
0,148.5
0,148.5
1,148.5
1,148.5
2,148.5
2,147.5
3,145.5
3,145.5
4,145.5
4,143.5
5,143.5
5,143.5
6,142.5
6,142.5
0,142.5
0,140.5
1,140.5
1,140.5
2,140.5
2,140.5
3,140.5
3,140.5
4,140.5
4,140.5
5,140.5
5,140.5
6,140.5
6,140.5
0,140.5
0,140.5
1,140.5
1,140.5
2,140.5
2,140.5
3,140.5
3,140.5
4,140.5
4,140.5
5,140.5
5,140.5
6,140.5
6,147.5
0,147.5
0,147.5
1,158.5
1,158.5
2,158.5
2,158.5
3,158.5
3,154.5
4,154.5
4,154.5
5,154.5
5,154.5
6,154.5
6,154.5
0,154.5
0,152.5
1,152.5
1,152.5
2,150.5
2,150.5
3,150.5
3,150.5
4,150.5
4,148.5
5,148.5
5,148.5
6,148.5
6,148.5
0,147.5
0,147.5
1,147.5
1,147.5
2,147.5
2,147.5
3,147.5
3,147.5
4,147.5
4,147.5
5,164.5
5,164.5
6,164.5
6,164.5
