0,135.9333333333333
0,135.9
1,134.65
1,133.7
2,132.7
2,132.4
3,131.2
3,131.2
4,130.5
4,129.9
5,129.2
5,129.2
6,129.2
6,129.2
0,128.2
0,128.2
1,126.96666666666665
1,126.4
2,125.5
2,124.9
3,124.5
3,123.9
4,123.19999999999999
4,122.5
5,122.05000000000001
5,121.5
6,120.65
6,120.65
0,119.53333333333335
0,119.16666666666667
1,118.46666666666665
1,118.30000000000001
2,117.85000000000001
2,115.7
3,115.4
3,115.40000000000002
4,114.9
4,114.9
5,114.6
5,114.6
6,114.6
6,114.6
0,114.9
0,114.9
1,114.9
1,114.9
2,114.9
2,114.9
3,114.9
3,114.9
4,114.9
4,114.9
5,114.9
5,114.9
6,114.9
6,114.9
0,115.9
0,115.9
1,115.9
1,115.9
2,115.9
2,115.9
3,147.9
3,147.9
4,147.7
4,145.9
5,143.96666666666667
5,143.96666666666667
6,139.5
6,137.5
0,135.7
0,135.7
1,133.2
1,131.9
2,131.5
2,130.9
3,130.5
3,130.4
4,129.2
4,129.2
5,129.2
5,129.2
6,129.2
6,128.5
0,127.9
0,127.9
1,127.9
1,127.9
2,127.9
2,127.9
3,127.9
3,127.9
4,127.9
4,127.9
5,127.9
5,127.9
6,127.9
6,127.9
0,127.5
0,125.9
1,125.9
1,123.9
2,121.9
2,121.9
3,121.9
3,121.9
4,121.9
4,121.3
5,121.3
5,121.3
6,121.3
6,121.3
0,120.9
0,120.9
1,120.9
1,120.9
2,120.9
2,120.9
3,120.9
3,120.9
4,120.9
4,120.9
5,120.9
5,120.9
6,120.9
6,120.9
0,120.9
0,120.9
1,120.9
1,120.9
2,120.9
2,120.9
3,120.9
3,120.9
4,120.9
4,120.9
5,120.9
5,120.9
6,120.9
6,120.9
0,120.9
0,120.9
1,120.9
1,120.9
2,120.9
2,120.9
3,120.9
3,120.9
4,120.9
4,120.9
5,120.9
5,120.9
6,120.9
6,120.9
0,120.9
0,120.9
1,120.9
1,120.9
2,120.9
2,120.9
3,120.9
3,120.9
4,120.9
4,120.9
5,120.9
5,120.9
6,120.9
6,120.9
0,120.9
0,120.9
1,120.9
1,120.9
2,120.9
2,120.9
3,120.9
3,120.9
4,120.9
4,120.9
5,120.9
5,120.9
6,120.9
6,120.9
0,120.9
0,120.9
1,120.9
1,120.9
2,120.9
2,120.9
3,120.9
3,120.9
4,120.9
4,120.9
5,120.9
5,120.9
6,120.9
6,120.9
0,120.9
0,120.9
1,120.9
1,120.9
2,120.9
2,120.9
3,120.9
3,120.9
4,120.9
4,120.9
5,120.9
5,120.9
6,120.9
6,120.9
0,120.9
0,120.9
1,120.9
1,120.9
2,120.9
2,120.9
3,120.9
3,120.9
4,120.9
4,120.9
5,120.9
5,120.9
6,120.9
6,120.9
0,120.9
0,120.9
1,120.9
1,120.9
2,120.9
2,120.9
3,120.9
3,120.9
4,120.9
4,120.9
5,120.9
5,120.9
6,120.9
6,120.9
0,120.9
0,120.9
1,120.9
1,120.9
2,120.9
2,120.9
3,120.9
3,120.9
4,120.9
4,120.9
5,120.9
5,120.9
6,120.9
6,120.9
0,120.9
0,120.9
1,120.9
1,120.9
2,120.9
2,120.9
3,120.9
3,120.9
4,120.9
4,120.9
5,120.9
5,155.9
6,152.5
6,152.5
0,152.5
0,154.76666666666665
1,152.5
1,152.5
2,152.5
2,152.5
3,149.5
3,149.5
4,149.5
4,149.5
5,149.5
5,149.5
6,149.5
6,149.5
0,149.5
0,149.5
1,149.5
1,149.5
2,149.5
2,149.5
3,149.5
3,149.5
4,149.5
4,149.5
5,149.5
5,149.5
6,149.5
6,149.5
0,149.5
0,149.5
1,149.5
1,149.5
2,149.5
2,152.45
3,152.45
3,152.45
4,152.45
4,152.4
5,152.3
5,152.3
6,152.3
6,152.3
0,152.3
0,152.3
1,152.3
1,152.3
2,152.3
2,152.3
3,152.3
3,152.3
4,152.3
4,152.3
5,152.3
5,151.9
6,151.9
6,151.9
0,151.9
0,151.9
1,151.9
1,151.9
2,151.9
2,151.76666666666668
3,151.76666666666668
3,151.76666666666668
4,151.76666666666668
4,151.76666666666668
5,151.76666666666668
5,151.75
6,151.75
6,151.75
0,151.75
0,151.75
1,151.75
1,151.75
2,151.75
2,151.75
3,151.75
3,151.75
4,151.75
4,158.5
5,158.5
5,158.5
6,158.5
6,158.5
0,158.5
0,158.5
1,158.5
1,159.9
2,159.9
2,159.9
3,159.9
3,159.9
4,159.9
4,159.9
5,159.9
5,159.9
6,159.9
6,159.9
0,159.9
0,159.9
1,157.7
1,158.45999999999998
2,158.45999999999998
2,158.45999999999998
3,158.45999999999998
3,156.9
4,156.9
4,156.9
5,156.9
5,156.9
6,156.9
6,156.9
0,156.9
0,156.9
1,156.9
1,156.4
2,156.4
2,156.4
3,156.4
3,156.4
4,156.4
4,155.4333333333333
5,155.4333333333333
5,155.4333333333333
6,155.4333333333333
6,155.4333333333333
0,155.4333333333333
0,154.30000000000004
1,152.7
1,152.8
2,152.8
2,152.8
3,150.9
3,150.7
4,150.7
4,150.7
5,150.7
5,150.7
6,150.7
6,150.7
0,147.9
0,147.76666666666665
1,147.76666666666665
1,147.76666666666665
2,147.76666666666665
2,144.79999999999998
3,144.79999999999998
3,144.5666666666667
4,144.5666666666667
4,143.9
5,143.9
5,143.7
6,143.7
6,143.5
0,143.5
0,143.5
1,143.5
1,143.5
2,143.5
2,143.5
3,143.5
3,142.94
4,142.94
4,142.94
5,142.94
5,142.94
6,142.94
6,142.5
0,142.5
0,142.5
1,142.5
1,142.5
2,142.5
2,142.3
3,142.3
3,142.3
4,142.3
4,142.3
5,142.3
5,142.3
6,142.3
6,142.3
0,142.3
0,142.3
1,142.3
1,142.3
2,139.7
2,139.7
3,139.7
3,158.9
4,157.7
4,157.7
5,157.7
5,157.7
6,155.5
6,155.5
0,155.5
0,155.5
1,155.5
1,155.5
2,155.5
2,155.5
3,155.5
3,154.9
4,154.9
4,154.9
5,154.9
5,154.7
6,154.7
6,154.7
0,154.7
0,154.7
1,154.7
1,154.7
2,154.7
2,153.2
3,153.2
3,150.7
4,150.7
4,150.7
5,150.7
5,150.7
6,150.7
6,150.7
0,150.7
0,150.16666666666666
1,150.16666666666666
1,150.16666666666666
2,150.16666666666666
2,150.16666666666666
3,150.16666666666666
3,150.16666666666666
4,150.16666666666666
4,147.7
5,147.7
5,147.7
6,147.7
6,147.7
0,147.7
0,147.7
1,147.7
1,147.7
2,147.7
2,147.7
3,147.7
3,147.7
4,147.7
4,147.7
5,147.7
5,147.7
6,147.7
6,147.7
0,147.7
0,147.7
1,147.7
1,146.4
2,146.4
2,146.4
3,146.4
3,144.8333333333333
4,142.7
4,142.7
5,142.7
5,142.7
6,142.7
6,142.7
0,142.7
0,142.7
1,142.7
1,142.7
2,142.7
2,158.9
3,158.9
3,158.9
4,158.9
4,158.9
5,158.9
5,142.7
6,142.7
6,158.9
0,158.9
0,158.9
1,156.9
1,155.9
2,155.9
2,155.9
3,155.9
3,155.9
4,155.9
4,155.9
5,155.9
5,155.9
6,155.9
6,155.9
0,155.9
0,155.9
1,155.9
1,154.9
2,153.9
2,151.3
3,150.9
3,150.9
4,150.9
4,150.9
5,150.9
5,150.9
6,150.9
6,150.9
0,150.9
0,150.9
1,150.4
1,149.4
2,149.4
2,149.4
3,149.4
3,148.23333333333335
4,148.23333333333335
4,148.23333333333335
5,148.23333333333335
5,148.23333333333335
6,148.23333333333335
6,146.9
0,146.9
0,146.9
1,146.9
1,145.9
2,145.9
2,143.4
3,143.4
3,143.4
4,143.4
4,140.7
5,140.7
5,140.7
6,140.7
6,140.7
0,138.9
0,137.7
1,136.9
1,136.7
2,135.9
2,136.1
3,136.1
3,136.1
4,136.1
4,134.7
5,134.7
5,134.7
6,134.7
6,134.7
0,134.7
0,134.7
1,134.7
1,134.7
2,134.7
2,134.7
3,134.7
3,160.9
4,160.9
4,160.9
5,160.9
5,160.9
6,160.9
6,160.9
0,160.9
0,160.9
1,160.9
1,160.9
2,160.3
2,159.9
3,159.9
3,158.7
4,158.7
4,158.43333333333334
5,156.4
5,156.4
6,156.4
6,156.4
0,156.4
0,156.4
1,155.7
1,155.7
2,155.7
2,155.7
3,155.7
3,147.4
4,146.7
4,146.125
5,144.9
5,144.9
6,144.9
6,144.95
0,144.95
0,143.9
1,143.95
1,143.5
2,143.5
2,142.9
3,142.9
3,142.9
4,142.9
4,142.9
5,142.9
5,137.5
6,137.5
6,137.5
0,137.3
0,136.9
1,136.9
1,136.9
2,136.9
2,136.7
3,136.7
3,136.7
4,135.9
4,134.7
5,134.7
5,132.7
6,132.7
6,132.7
0,132.7
0,131.4
1,131.4
1,130.9
2,129.9
2,129.7
3,129.7
3,127.9
4,127.9
4,127.9
5,127.7
5,127.7
6,127.7
6,127.7
0,127.7
0,127.7
1,127.7
1,127.7
2,127.7
2,127.7
3,151.9
3,151.9
4,151.9
4,151.9
5,151.9
5,151.9
6,151.9
6,151.9
0,151.9
0,150.9
1,150.9
1,150.9
2,150.9
2,150.5
3,150.5
3,149.9
4,149.9
4,149.9
5,149.9
5,149.9
6,149.9
6,149.9
0,149.9
0,147.5
1,147.5
1,147.5
2,147.5
2,145.9
3,145.5
3,143.9
4,143.7
4,142.9
5,142.9
5,142.9
6,142.9
6,138.8
0,138.7
0,137.9
1,137.9
1,137.9
2,137.9
2,136.9
3,135.9
3,135.9
4,134.9
4,134.03333333333333
5,133.7
5,133.7
6,133.7
6,132.7
0,132.7
0,132.2
1,131.9
1,131.9
2,131.9
2,130.9
3,130.4
3,130.4
4,129.9
4,129.9
5,129.9
5,129.9
6,129.9
6,129.9
0,129.9
0,158.9
1,158.9
1,158.9
2,156.9
2,158.9
3,156.9
3,156.9
4,156.9
4,155.9
5,155.9
5,155.9
6,155.9
6,155.9
0,155.9
0,155.9
1,155.9
1,155.9
2,155.9
2,153.9
3,153.9
3,153.9
4,153.9
4,151.9
5,151.9
5,151.9
6,151.9
6,150.5
0,150.4
0,149.9
1,149.9
1,149.9
2,149.9
2,149.9
3,149.9
3,149.9
4,149.9
4,148.9
5,148.9
5,148.9
6,148.9
6,135.7
0,135.7
0,135.7
1,135.7
1,135.7
2,135.7
2,135.7
3,135.7
3,135.7
4,135.7
4,135.7
5,135.7
5,135.7
6,135.7
6,135.7
0,135.7
0,135.7
1,135.7
1,135.7
2,135.7
2,135.7
3,135.7
3,130.9
4,130.9
4,130.9
5,130.9
5,130.9
6,130.9
6,130.9
0,146.4
0,159.7
1,157.7
1,159.7
2,155.5
2,155.5
3,155.5
3,155.5
4,155.5
4,155.5
5,155.5
5,155.5
6,155.5
6,155.5
0,155.5
0,155.5
1,155.5
1,155.5
2,155.5
2,155.5
3,155.5
3,155.2
4,155.2
4,155.2
5,155.2
5,154.4
6,154.4
6,154.4
0,154.4
0,154.4
1,154.4
1,154.4
2,149.9
2,149.9
3,149.9
3,149.9
4,149.9
4,149.9
5,149.9
5,149.9
6,149.9
6,149.9
0,149.9
0,149.9
1,149.9
1,149.9
2,149.9
2,149.9
3,149.9
3,148.3
4,148.3
4,148.3
5,148.3
5,148.3
6,148.3
6,148.3
0,148.3
0,146.3
1,146.3
1,153.9
2,153.9
2,153.9
3,153.9
3,159.9
4,159.9
4,159.9
5,159.9
5,159.9
6,159.9
6,159.9
0,159.9
0,159.9
1,159.9
1,159.9
2,159.9
2,159.9
3,159.9
3,159.9
4,159.9
4,159.9
5,158.9
5,158.9
6,158.9
6,158.9
0,158.9
0,158.9
1,158.9
1,158.9
2,158.9
2,158.9
3,156.7
3,156.7
4,156.7
4,156.7
5,156.7
5,156.7
6,156.7
6,156.7
0,156.7
0,156.7
1,156.7
1,156.7
2,162.8
2,168.9
3,168.9
3,168.9
4,166.9
4,167.9
5,167.9
5,167.9
6,167.9
6,167.9
0,167.9
0,167.9
1,166.5
1,166.5
2,166.5
2,166.5
3,166.5
3,166.5
4,166.5
4,166.5
5,166.5
5,166.5
6,166.5
6,166.5
0,166.2
0,165.9
1,165.9
1,165.9
2,165.9
2,165.9
3,165.7
3,165.7
4,165.7
4,165.7
5,165.7
5,165.7
6,165.7
6,165.7
0,165.7
0,165.7
1,165.7
1,162.7
2,162.7
2,162.7
3,162.7
3,162.7
4,162.7
4,162.7
5,162.7
5,168.9
6,168.9
6,168.9
0,168.9
0,168.9
1,168.9
1,168.7
2,168.5
2,168.6
3,168.6
3,168.6
4,166.5
4,166.5
5,166.5
5,166.5
6,166.5
6,166.5
0,165.9
0,165.5
1,165.5
1,164.9
2,164.9
2,164.9
3,164.9
3,164.7
4,164.7
4,164.5
5,164.5
5,164.5
6,164.5
6,164.5
0,164.5
0,164.5
1,164.5
1,164.5
2,164.5
2,163.9
3,163.9
3,163.76666666666668
4,163.76666666666668
4,163.76666666666668
5,163.76666666666668
5,163.76666666666668
6,163.76666666666668
6,163.76666666666668
0,163.76666666666668
0,163.76666666666668
1,163.76666666666668
1,163.5
2,163.5
2,163.5
3,163.5
3,162.9
4,162.9
4,162.9
5,162.9
5,162.9
6,162.9
6,162.9
0,161.9
0,161.7
1,161.7
1,161.5
2,161.5
2,161.5
3,161.5
3,161.5
4,161.5
4,161.5
5,161.5
5,161.5
6,161.5
6,161.5
0,161.5
0,157.9
1,157.9
1,157.6
2,157.6
2,157.6
3,157.6
3,157.6
4,157.6
4,157.6
5,157.6
5,157.6
6,157.6
6,157.6
0,168.7
0,168.5
1,168.5
1,168.1
2,167.23333333333335
2,166.7
3,164.9
3,164.5
4,164.5
4,164.5
5,164.5
5,164.5
6,163.7
6,163.7
0,162.7
0,162.5
1,162.3
1,161.9
2,161.7
2,161.5
3,161.5
3,160.9
4,160.9
4,160.9
5,160.9
5,160.9
6,158.5
6,158.5
0,158.5
0,158.5
1,158.5
1,158.5
2,158.5
2,158.5
3,158.5
3,158.5
4,158.5
4,158.5
5,158.5
5,158.5
6,158.5
6,158.5
0,158.5
0,157.54999999999998
1,157.54999999999998
1,155.7
2,155.7
2,155.56666666666666
3,155.56666666666666
3,155.3
4,155.3
4,155.3
5,155.3
5,155.3
6,155.3
6,155.3
0,155.3
0,155.3
1,154.9
1,154.9
2,154.9
2,154.23333333333335
3,154.23333333333335
3,154.23333333333335
4,152.7
4,150.7
5,148.7
5,148.7
6,148.7
6,148.7
0,148.7
0,148.7
1,148.7
1,148.7
2,148.7
2,148.7
3,148.7
3,148.7
4,148.7
4,148.7
5,148.7
5,148.7
6,148.7
6,148.7
0,148.7
0,148.7
1,148.7
1,148.7
2,148.7
2,148.7
3,148.7
3,148.7
4,148.5
4,148.5
5,148.5
5,148.5
6,148.5
6,148.5
0,148.3
0,148.3
1,148.03333333333333
1,148.03333333333333
2,148.03333333333333
2,148.03333333333333
3,148.03333333333333
3,148.03333333333333
4,148.03333333333333
4,148.03333333333333
5,148.03333333333333
5,148.03333333333333
6,148.03333333333333
6,148.03333333333333
0,147.3
0,146.9
1,146.9
1,146.9
2,146.9
2,146.7
3,146.7
3,146.7
4,146.7
4,146.7
5,146.7
5,146.7
6,146.7
6,146.7
0,146.7
0,168.9
1,168.9
1,168.9
2,168.9
2,146.7
3,144.7
3,144.7
4,144.7
4,144.7
5,144.7
5,144.7
6,144.7
6,144.7
0,144.7
0,144.7
1,144.7
1,144.7
2,144.7
2,144.7
3,144.7
3,144.7
4,144.7
4,144.7
5,144.7
5,144.7
6,144.7
6,144.7
0,158.9
0,158.9
1,158.9
1,158.9
2,158.9
2,158.9
3,158.9
3,158.9
4,158.9
4,158.9
5,158.9
5,158.9
6,158.9
6,158.9
0,158.9
0,158.9
1,158.9
1,158.9
2,156.9
2,156.9
3,156.9
3,156.9
4,156.9
4,156.9
5,156.9
5,156.9
6,175.9
6,173.9
0,173.9
0,172.9
1,171.9
1,171.9
2,171.9
2,171.9
3,171.9
3,171.9
4,168.9
4,168.9
5,168.9
5,168.9
6,168.9
6,168.9
