0,0
0,0
1,0
1,0
2,129.9
2,128.9
3,127.9
3,127.9
4,127.9
4,127.9
5,127.9
5,127.9
6,127.9
6,126.56666666666666
0,123.4
0,123.4
1,122.39999999999999
1,120.4
2,120.4
2,120.4
3,118.56666666666666
3,118.56666666666666
4,117.3
4,117.3
5,117.3
5,117.3
6,117.3
6,117.3
0,115.9
0,115.9
1,115.4
1,115.4
2,115.4
2,115.4
3,145.9
3,145.9
4,145.4
4,145.35000000000002
5,145.35000000000002
5,145.35000000000002
6,143.9
6,143.9
0,143.9
0,143.9
1,143.9
1,143.7
2,143.4
2,143.2
3,139.06666666666666
3,139.06666666666666
4,139.06666666666666
4,133.4
5,133.4
5,133.4
6,133.4
6,133.4
0,132.06666666666666
0,132.06666666666666
1,132.06666666666666
1,132.06666666666666
2,130.9
2,130.9
3,127.9
3,127.9
4,122.2
4,122.2
5,122.2
5,122.2
6,122.2
6,122.2
0,120.9
0,120.9
1,119.9
1,119.9
2,119.9
2,119.9
3,147.9
3,147.9
4,147.9
4,147.9
5,146.9
5,146.9
6,146.9
6,145.9
0,143.9
0,143.9
1,141.4
1,141.4
2,139.95
2,139.9
3,138.65
3,138.65
4,137.4
4,137.4
5,137.4
5,137.4
6,137.4
6,134.9
0,133.4
0,133.4
1,127.2
1,126.9
2,126.9
2,126.9
3,137.05
3,137.05
4,137.05
4,137.05
5,149.4
5,149.4
6,149.4
6,149.4
0,147.9
0,147.9
1,147.9
1,147.9
2,147.9
2,147.9
3,147.9
3,147.9
4,147.26666666666665
4,147.26666666666665
5,147.26666666666665
5,147.26666666666665
6,147.26666666666665
6,147.26666666666665
0,147.26666666666665
0,147.26666666666665
1,147.26666666666665
1,147.26666666666665
2,147.26666666666665
2,147.26666666666665
3,147.26666666666665
3,147.26666666666665
4,147.26666666666665
4,147.26666666666665
5,147.26666666666665
5,147.26666666666665
6,147.26666666666665
6,147.26666666666665
0,147.26666666666665
0,147.26666666666665
1,147.26666666666665
1,147.26666666666665
2,147.26666666666665
2,147.26666666666665
3,147.26666666666665
3,147.26666666666665
4,147.26666666666665
4,147.26666666666665
5,147.26666666666665
5,147.26666666666665
6,147.26666666666665
6,147.26666666666665
0,147.26666666666665
0,147.26666666666665
1,147.26666666666665
1,147.26666666666665
2,147.26666666666665
2,147.26666666666665
3,147.26666666666665
3,147.26666666666665
4,147.26666666666665
4,147.26666666666665
5,147.26666666666665
5,147.26666666666665
6,147.26666666666665
6,147.26666666666665
0,147.26666666666665
0,147.26666666666665
1,147.26666666666665
1,147.26666666666665
2,147.26666666666665
2,147.26666666666665
3,147.26666666666665
3,147.26666666666665
4,147.26666666666665
4,147.26666666666665
5,147.26666666666665
5,147.26666666666665
6,147.26666666666665
6,147.26666666666665
0,147.26666666666665
0,147.26666666666665
1,147.26666666666665
1,147.26666666666665
2,147.26666666666665
2,147.26666666666665
3,147.26666666666665
3,147.26666666666665
4,147.26666666666665
4,147.26666666666665
5,147.26666666666665
5,147.26666666666665
6,147.26666666666665
6,147.26666666666665
0,147.26666666666665
0,147.26666666666665
1,147.26666666666665
1,147.26666666666665
2,147.26666666666665
2,147.26666666666665
3,147.26666666666665
3,147.26666666666665
4,147.26666666666665
4,147.26666666666665
5,147.26666666666665
5,147.26666666666665
6,147.26666666666665
6,147.26666666666665
0,147.26666666666665
0,147.26666666666665
1,147.26666666666665
1,147.26666666666665
2,147.26666666666665
2,147.26666666666665
3,147.26666666666665
3,147.26666666666665
4,147.26666666666665
4,147.26666666666665
5,147.26666666666665
5,147.26666666666665
6,147.26666666666665
6,147.26666666666665
0,147.26666666666665
0,147.26666666666665
1,147.26666666666665
1,147.26666666666665
2,147.26666666666665
2,147.26666666666665
3,147.26666666666665
3,147.26666666666665
4,147.26666666666665
4,147.26666666666665
5,147.26666666666665
5,147.26666666666665
6,147.26666666666665
6,147.26666666666665
0,147.26666666666665
0,147.26666666666665
1,147.26666666666665
1,147.26666666666665
2,147.26666666666665
2,147.26666666666665
3,147.26666666666665
3,147.26666666666665
4,152.9
4,152.9
5,152.9
5,152.9
6,152.9
6,152.9
0,152.9
0,152.9
1,152.9
1,152.8
2,152.8
2,152.8
3,152.8
3,152.8
4,152.4
4,152.55
5,152.55
5,152.55
6,152.55
6,152.55
0,150.9
0,150.9
1,150.9
1,150.4
2,150.4
2,150.4
3,150.3
3,148.9
4,148.9
4,148.9
5,148.9
5,148.9
6,148.9
6,148.9
0,148.9
0,148.9
1,148.9
1,148.9
2,148.9
2,148.9
3,148.4
3,148.4
4,148.4
4,147.65
5,147.65
5,147.65
6,147.65
6,145.9
0,145.9
0,141.73333333333335
1,141.73333333333335
1,141.73333333333335
2,141.73333333333335
2,141.73333333333335
3,141.73333333333335
3,140.7
4,140.7
4,140.7
5,140.7
5,140.7
6,140.7
6,140.7
0,140.7
0,140.7
1,140.7
1,140.5
2,163.9
2,163.85000000000002
3,163.85000000000002
3,163.85000000000002
4,163.85000000000002
4,163.75
5,163.75
5,163.75
6,163.75
6,163.75
0,163.75
0,163.85000000000002
1,163.85000000000002
1,163.4
2,163.4
2,163.4
3,163.4
3,163.4
4,161.9
4,161.9
5,161.9
5,161.9
6,161.9
6,161.9
0,160.9
0,160.9
1,160.9
1,158.9
2,158.9
2,157.05
3,157.05
3,153.73333333333335
4,153.73333333333335
4,153.73333333333335
5,153.73333333333335
5,153.73333333333335
6,150.65
6,150.65
0,150.3
0,148.15
1,148.15
1,145.4
2,143.4
2,143.4
3,143.4
3,143.4
4,143.4
4,143.3
5,143.3
5,142.05
6,142.05
6,141.4
0,140.4
0,140.4
1,140.4
1,140.4
2,140.4
2,138.9
3,138.9
3,134.9
4,134.9
4,134.9
5,134.9
5,134.9
6,134.9
6,134.9
0,134.9
0,134.9
1,161.9
1,161.9
2,161.9
2,134.4
3,134.4
3,134.4
4,134.4
4,134.4
5,134.4
5,134.4
6,134.4
6,133.9
0,133.9
0,133.9
1,131.5
1,131.5
2,131.5
2,163.9
3,163.9
3,163.9
4,163.9
4,163.9
5,163.9
5,163.9
6,163.9
6,163.9
0,163.9
0,163.9
1,163.9
1,163.9
2,163.9
2,162.9
3,162.9
3,162.9
4,162.9
4,162.9
5,157.9
5,157.9
6,156.9
6,155.9
0,155.9
0,155.9
1,155.9
1,152.4
2,152.4
2,149.4
3,147.4
3,147.4
4,147.4
4,147.4
5,147.4
5,147.4
6,143.9
6,143.9
0,143.9
0,143.9
1,143.9
1,144.7
2,144.7
2,144.7
3,144.7
3,144.7
4,144.7
4,143.4
5,143.4
5,143.4
6,143.4
6,142.4
0,142.4
0,142.4
1,142.4
1,142.4
2,142.4
2,142.4
3,142.4
3,142.4
4,142.4
4,142.4
5,142.4
5,142.4
6,142.4
6,139.9
0,139.9
0,138.8
1,138.8
1,137.7
2,134.4
2,134.4
3,134.4
3,134.4
4,134.4
4,134.4
5,134.4
5,134.4
6,134.4
6,134.4
0,134.4
0,132.9
1,132.9
1,132.9
2,132.9
2,132.9
3,132.9
3,132.9
4,131.4
4,131.4
5,131.4
5,131.4
6,131.4
6,131.4
0,130.4
0,130.4
1,130.4
1,130.4
2,130.4
2,130.4
3,130.4
3,130.4
4,130.4
4,158.9
5,158.9
5,158.9
6,158.9
6,158.9
0,158.9
0,158.9
1,158.9
1,158.9
2,158.9
2,155.7
3,155.7
3,155.7
4,155.7
4,152.9
5,152.9
5,152.9
6,152.9
6,152.9
0,152.9
0,150.9
1,150.9
1,150.9
2,149.9
2,149.9
3,149.9
3,149.9
4,149.9
4,149.9
5,149.9
5,149.9
6,149.9
6,149.9
0,149.9
0,149.9
1,149.9
1,149.9
2,149.9
2,147.9
3,147.9
3,147.9
4,147.9
4,147.9
5,147.9
5,147.9
6,147.9
6,147.9
0,146.9
0,145.9
1,158.9
1,158.9
2,158.9
2,158.9
3,158.9
3,158.9
4,158.9
4,158.9
5,158.9
5,158.9
6,158.9
6,158.9
0,158.9
0,158.9
1,158.9
1,158.9
2,158.9
2,158.9
3,156.9
3,156.9
4,156.9
4,153.9
5,153.9
5,153.9
6,150.9
6,150.9
0,149.9
0,148.9
1,148.9
1,148.9
2,145.3
2,142.9
3,139.4
3,139.4
4,138.9
4,136.9
5,136.9
5,136.9
6,136.9
6,136.9
0,136.9
0,136.9
1,136.9
1,136.9
2,136.9
2,136.9
3,136.9
3,135.9
4,135.9
4,135.9
5,135.9
5,135.9
6,135.9
6,160.9
0,160.9
0,160.9
1,160.9
1,160.9
2,160.9
2,160.9
3,160.9
3,160.9
4,160.9
4,160.9
5,160.9
5,160.9
6,160.9
6,160.9
0,160.9
0,160.9
1,158.9
1,158.9
2,154.9
2,154.9
3,154.9
3,152.4
4,152.4
4,151.4
5,151.4
5,151.4
6,151.4
6,150.65
0,150.65
0,150.65
1,150.65
1,149.9
2,149.9
2,146.4
3,144.4
3,144.4
4,144.4
4,144.4
5,144.4
5,144.4
6,144.4
6,144.4
0,144.4
0,144.4
1,141.15
1,141.15
2,141.15
2,141.15
3,139.9
3,139.9
4,136.0
4,136.0
5,135.7
5,135.64999999999998
6,134.2
6,133.55
0,133.55
0,133.55
1,133.55
1,133.55
2,133.55
2,131.9
3,131.9
3,129.4
4,129.4
4,129.4
5,128.4
5,128.4
6,128.4
6,128.4
0,128.4
0,127.4
1,127.4
1,127.4
2,127.4
2,151.9
3,151.9
3,150.9
4,150.9
4,150.9
5,150.9
5,150.9
6,150.9
6,150.9
0,150.9
0,150.9
1,150.9
1,150.9
2,150.9
2,150.9
3,150.9
3,146.9
4,146.9
4,146.9
5,146.9
5,146.9
6,146.9
6,146.9
0,146.9
0,146.9
1,144.9
1,137.9
2,137.9
2,137.9
3,137.9
3,137.9
4,137.9
4,137.9
5,137.4
5,132.4
6,132.4
6,128.9
0,128.9
0,128.9
1,128.9
1,128.9
2,128.9
2,128.9
3,128.9
3,128.9
4,128.9
4,128.9
5,128.9
5,128.9
6,128.9
6,128.9
0,128.9
0,128.9
1,128.9
1,128.9
2,128.9
2,128.9
3,128.9
3,128.9
4,128.9
4,128.9
5,128.9
5,128.9
6,128.9
6,128.9
0,128.9
0,128.9
1,153.9
1,153.9
2,153.9
2,153.9
3,153.9
3,153.9
4,153.9
4,153.9
5,153.9
5,153.9
6,153.9
6,153.9
0,152.15
0,152.15
1,150.4
1,150.4
2,149.65
2,149.65
3,148.9
3,148.9
4,148.9
4,148.9
5,148.9
5,148.9
6,148.9
6,148.9
0,147.15
0,147.15
1,145.4
1,142.9
2,141.9
2,141.9
3,141.9
3,138.15
4,138.15
4,138.15
5,138.15
5,138.15
6,134.4
6,128.9
0,128.9
0,128.9
1,128.9
1,128.9
2,128.9
2,128.9
3,128.9
3,128.9
4,145.4
4,145.4
5,161.9
5,128.9
6,128.9
6,128.9
0,145.4
0,145.4
1,161.9
1,160.9
2,160.9
2,160.9
3,160.9
3,160.9
4,159.9
4,159.9
5,159.9
5,159.9
6,159.9
6,159.9
0,156.9
0,156.9
1,155.9
1,151.9
2,151.9
2,150.4
3,150.4
3,150.4
4,149.65
4,146.9
5,146.9
5,146.9
6,145.9
6,145.9
0,144.9
0,141.4
1,141.4
1,141.4
2,141.4
2,140.9
3,137.4
3,136.9
4,136.9
4,135.4
5,135.4
5,135.4
6,135.4
6,134.9
0,134.9
0,134.9
1,134.9
1,134.9
2,161.9
2,161.9
3,161.9
3,161.9
4,161.9
4,161.9
5,161.9
5,161.9
6,161.9
6,161.9
0,161.9
0,161.9
1,161.9
1,160.9
2,160.9
2,158.4
3,158.4
3,156.4
4,154.9
4,154.9
5,154.9
5,151.9
6,151.9
6,151.9
0,151.9
0,150.4
1,150.4
1,150.4
2,150.4
2,149.9
3,149.9
3,149.9
4,149.9
4,146.4
5,144.9
5,143.4
6,143.4
6,143.4
0,143.4
0,141.9
1,141.9
1,141.9
2,141.9
2,141.9
3,141.9
3,163.9
4,163.9
4,163.9
5,163.9
5,163.9
6,163.9
6,163.9
0,163.9
0,163.9
1,163.9
1,162.9
2,161.65
2,161.65
3,161.65
3,159.9
4,159.9
4,158.9
5,158.9
5,158.9
6,158.9
6,158.9
0,158.9
0,158.9
1,158.9
1,158.9
2,158.9
2,158.23333333333335
3,158.23333333333335
3,156.9
4,156.9
4,154.23333333333335
5,151.9
5,151.9
6,151.9
6,151.9
0,151.9
0,149.9
1,149.9
1,149.9
2,149.23333333333335
2,147.4
3,147.4
3,146.4
4,144.4
4,144.4
5,144.4
5,144.4
6,143.7
6,168.9
0,168.9
0,168.9
1,168.9
1,168.9
2,168.9
2,168.9
3,168.9
3,168.9
4,167.5
4,167.5
5,167.5
5,167.5
6,167.5
6,167.5
0,166.5
0,166.5
1,166.5
1,166.5
2,166.5
2,165.7
3,164.9
3,164.9
4,164.9
4,164.9
5,164.9
5,164.9
6,164.9
6,164.9
0,164.9
0,164.9
1,164.4
1,164.4
2,164.4
2,154.3
3,154.3
3,153.26666666666665
4,153.26666666666665
4,149.6
5,148.9
5,148.9
6,148.9
6,148.9
0,148.3
0,146.9
1,161.4
1,161.4
2,161.4
2,161.4
3,161.4
3,161.4
4,161.4
4,161.4
5,161.4
5,161.4
6,161.4
6,161.4
0,161.4
0,168.5
1,168.5
1,168.5
2,168.5
2,168.5
3,168.5
3,168.5
4,168.5
4,168.5
5,168.5
5,168.5
6,168.5
6,168.5
0,168.5
0,168.5
1,168.5
1,165.6
2,165.06666666666666
2,165.06666666666666
3,165.06666666666666
3,162.7
4,161.7
4,161.7
5,161.7
5,161.7
6,160.9
6,160.9
0,160.9
0,160.9
1,160.9
1,160.9
2,160.9
2,158.9
3,157.9
3,157.9
4,157.9
4,157.9
5,157.9
5,157.9
6,157.9
6,157.9
0,155.9
0,155.9
1,154.9
1,154.9
2,168.9
2,168.9
3,168.9
3,168.9
4,168.9
4,168.9
5,168.9
5,168.9
6,168.9
6,168.9
0,168.9
0,168.9
1,168.9
1,168.9
2,168.9
2,168.9
3,168.7
3,162.8
4,162.8
4,162.8
5,162.8
5,162.8
6,162.8
6,162.8
0,162.8
0,162.8
1,162.8
1,162.8
2,162.8
2,162.8
3,162.8
3,162.8
4,162.8
4,162.8
5,162.8
5,162.8
6,162.8
6,162.8
0,162.8
0,162.8
1,161.8
1,154.4
2,154.4
2,154.4
3,154.4
3,154.4
4,154.4
4,154.4
5,154.4
5,154.4
6,154.4
6,154.4
0,153.7
0,153.7
1,152.2
1,152.2
2,152.2
2,152.2
3,152.2
3,151.86666666666665
4,151.86666666666665
4,151.86666666666665
5,150.7
5,150.7
6,150.7
6,150.7
0,150.7
0,150.4
1,146.45
1,145.4
2,145.4
2,145.4
3,145.4
3,144.4
4,143.9
4,143.9
5,143.9
5,143.9
6,143.9
6,143.9
0,143.9
0,143.9
1,143.9
1,143.9
2,143.9
2,143.9
3,143.9
3,168.9
4,167.9
4,167.9
5,167.9
5,167.9
6,167.9
6,167.9
0,167.9
0,167.9
1,167.9
1,167.9
2,167.9
2,167.9
3,166.8
3,165.7
4,165.7
4,165.7
5,165.7
5,165.7
6,165.7
6,165.7
0,160.4
0,160.4
1,158.4
1,158.4
2,155.0666666666667
2,150.45
3,150.45
3,150.45
4,150.45
4,150.45
5,150.45
5,150.45
6,149.9
6,149.9
0,147.9
0,147.9
1,147.9
1,147.9
2,146.65
2,146.65
3,146.65
3,146.65
4,146.65
4,168.9
5,168.9
5,168.9
6,168.9
6,168.9
0,168.9
0,168.9
1,168.9
1,168.9
2,168.4
2,168.4
3,168.4
3,165.9
4,164.9
4,164.9
5,164.9
5,164.9
6,164.9
6,162.9
0,162.9
0,162.9
1,162.9
1,162.9
2,162.9
2,160.9
3,154.9
3,154.9
4,154.9
4,154.9
5,154.9
5,154.9
6,154.9
6,154.9
0,154.9
0,154.9
1,154.9
1,154.9
2,154.9
2,148.9
3,146.9
3,146.9
4,146.9
4,146.9
5,146.9
5,146.9
6,146.9
6,146.9
0,146.9
0,146.9
1,146.9
1,146.9
2,146.9
2,146.9
3,146.9
3,146.9
4,146.9
4,163.5666666666667
5,163.5666666666667
5,163.5666666666667
6,163.5666666666667
6,163.5666666666667
0,170.9
0,170.9
1,170.9
1,170.9
2,170.9
2,170.9
3,170.9
3,168.9
4,167.9
4,167.9
5,167.9
5,167.9
6,167.9
6,167.9
0,165.9
0,165.9
1,165.9
1,165.9
2,165.9
2,164.9
3,164.9
3,159.9
4,157.4
4,157.4
5,157.4
5,157.4
6,157.4
6,157.4
0,157.4
0,157.4
1,157.4
1,157.4
2,157.4
2,157.4
3,166.65
3,175.9
4,175.9
4,175.9
5,175.9
5,175.9
6,175.9
6,175.9
