0,133.4
0,131.9
1,131.9
1,131.9
2,131.17499999999998
2,131.17499999999998
3,126.9
3,126.9
4,122.9
4,121.9
5,122.9
5,121.9
6,121.9
6,121.23333333333333
0,121.4
0,121.4
1,120.4
1,119.9
2,119.6
2,131.6
3,130.15
3,116.4
4,116.06666666666666
4,116.06666666666666
5,116.06666666666666
5,116.06666666666666
6,116.06666666666666
6,114.9
0,114.56666666666666
0,114.56666666666666
1,114.56666666666666
1,114.56666666666666
2,135.4
2,135.4
3,135.4
3,135.4
4,145.23333333333332
4,145.23333333333332
5,145.23333333333332
5,145.23333333333332
6,145.23333333333332
6,144.5
0,143.9
0,143.9
1,143.4
1,142.9
2,140.9
2,140.9
3,139.56666666666666
3,139.06666666666666
4,135.23333333333332
4,135.23333333333332
5,135.23333333333332
5,135.23333333333332
6,135.23333333333332
6,132.9
0,130.8
0,130.8
1,128.65000000000003
1,128.65000000000003
2,128.65000000000003
2,128.65000000000003
3,125.23333333333335
3,122.90000000000002
4,124.9
4,121.9
5,121.9
5,121.9
6,121.9
6,121.9
0,120.4
0,120.4
1,120.4
1,120.4
2,120.4
2,147.9
3,147.9
3,147.9
4,147.23333333333335
4,147.23333333333335
5,145.4
5,145.4
6,144.23333333333335
6,144.23333333333335
0,143.23333333333335
0,143.23333333333335
1,141.40000000000003
1,140.4
2,140.0666666666667
2,138.9
3,138.40000000000003
3,135.9
4,135.23333333333335
4,135.23333333333335
5,135.23333333333335
5,134.3
6,133.7
6,133.7
0,131.4
0,131.4
1,128.4
1,125.65
2,124.4
2,124.4
3,132.5666666666667
3,149.9
4,149.9
4,149.9
5,149.4
5,149.4
6,149.4
6,149.4
0,147.9
0,147.9
1,147.9
1,147.9
2,147.9
2,147.9
3,147.9
3,147.9
4,147.9
4,147.9
5,147.9
5,147.9
6,147.9
6,147.9
0,147.9
0,147.9
1,147.9
1,147.9
2,147.9
2,147.9
3,147.9
3,147.9
4,147.9
4,147.9
5,147.9
5,147.9
6,147.9
6,147.9
0,147.9
0,147.9
1,147.9
1,147.9
2,147.9
2,147.9
3,147.9
3,147.9
4,147.9
4,147.9
5,147.9
5,147.9
6,147.9
6,147.9
0,147.9
0,147.9
1,147.9
1,147.9
2,147.9
2,147.9
3,147.9
3,147.9
4,147.9
4,147.9
5,147.9
5,147.9
6,147.9
6,147.9
0,147.9
0,147.9
1,147.9
1,147.9
2,147.9
2,147.9
3,147.9
3,147.9
4,147.9
4,147.9
5,147.9
5,147.9
6,147.9
6,147.9
0,147.9
0,147.9
1,147.9
1,147.9
2,147.9
2,147.9
3,147.9
3,147.9
4,147.9
4,147.9
5,147.9
5,147.9
6,147.9
6,147.9
0,147.9
0,147.9
1,147.9
1,147.9
2,147.9
2,147.9
3,147.9
3,147.9
4,147.9
4,147.9
5,147.9
5,147.9
6,147.9
6,147.9
0,147.9
0,147.9
1,147.9
1,147.9
2,147.9
2,147.9
3,147.9
3,147.9
4,147.9
4,147.9
5,147.9
5,147.9
6,147.9
6,147.9
0,147.9
0,147.9
1,147.9
1,147.9
2,147.9
2,147.9
3,147.9
3,147.9
4,147.9
4,147.9
5,147.9
5,147.9
6,147.9
6,147.9
0,147.9
0,147.9
1,147.9
1,147.9
2,147.9
2,147.9
3,147.9
3,147.9
4,143.5666666666667
4,143.5666666666667
5,143.5666666666667
5,143.5666666666667
6,143.5666666666667
6,143.5666666666667
0,143.5666666666667
0,143.5666666666667
1,143.5666666666667
1,143.5666666666667
2,143.5666666666667
2,143.5666666666667
3,143.5666666666667
3,143.5666666666667
4,143.5666666666667
4,143.5666666666667
5,143.5666666666667
5,143.5666666666667
6,143.5666666666667
6,143.5666666666667
0,143.5666666666667
0,143.5666666666667
1,150.9
1,151.0142857142857
2,151.0142857142857
2,151.0142857142857
3,151.0142857142857
3,151.0142857142857
4,150.14
4,150.14
5,150.14
5,150.14
6,150.14
6,150.14
0,150.14
0,150.14
1,150.14
1,150.14
2,150.14
2,149.23333333333335
3,147.7
3,147.55
4,147.55
4,146.1
5,144.55
5,143.4
6,143.4
6,141.4
0,141.4
0,139.4
1,139.4
1,138.9
2,138.5666666666667
2,138.5666666666667
3,138.5666666666667
3,137.9
4,137.9
4,137.9
5,137.9
5,137.9
6,136.9
6,136.9
0,136.9
0,136.9
1,136.9
1,136.9
2,154.9
2,150.4
3,150.4
3,150.4
4,150.4
4,150.4
5,150.4
5,150.4
6,150.4
6,150.4
0,150.4
0,150.4
1,150.4
1,150.4
2,150.4
2,150.4
3,150.4
3,163.23333333333335
4,163.23333333333335
4,163.23333333333335
5,163.23333333333335
5,163.23333333333335
6,162.23333333333335
6,162.23333333333335
0,161.23333333333335
0,161.23333333333335
1,161.23333333333335
1,161.23333333333335
2,161.23333333333335
2,158.93636363636367
3,158.93636363636367
3,157.0666666666667
4,154.23333333333335
4,154.23333333333335
5,154.23333333333335
5,154.23333333333335
6,150.23333333333335
6,148.23333333333335
0,148.4
0,146.05
1,144.23333333333335
1,143.73333333333332
2,142.9
2,142.23333333333332
3,140.9
3,140.9
4,140.9
4,140.9
5,140.9
5,138.3
6,138.3
6,138.3
0,138.3
0,138.3
1,136.9
1,136.23333333333335
2,136.23333333333335
2,136.23333333333335
3,136.23333333333335
3,136.23333333333335
4,136.23333333333335
4,136.23333333333335
5,136.23333333333335
5,136.23333333333335
6,136.23333333333335
6,135.23333333333332
0,135.23333333333332
0,135.23333333333332
1,152.9
1,152.9
2,152.9
2,143.9
3,143.9
3,154.23333333333332
4,154.23333333333332
4,154.23333333333332
5,154.23333333333332
5,144.56666666666666
6,144.56666666666666
6,144.56666666666666
0,144.56666666666666
0,144.56666666666666
1,144.56666666666666
1,144.56666666666666
2,149.4
2,154.23333333333332
3,154.23333333333332
3,154.23333333333332
4,154.23333333333332
4,154.23333333333332
5,154.23333333333332
5,154.23333333333332
6,154.23333333333332
6,154.23333333333332
0,154.23333333333332
0,154.23333333333332
1,154.23333333333332
1,154.23333333333332
2,154.23333333333332
2,154.23333333333332
3,154.23333333333332
3,163.23333333333332
4,161.9
4,159.9
5,159.9
5,159.9
6,157.56666666666666
6,156.90000000000003
0,156.90000000000003
0,156.90000000000003
1,156.90000000000003
1,154.70000000000002
2,154.70000000000002
2,150.0
3,150.0
3,150.0
4,150.0
4,150.0
5,150.0
5,150.0
6,150.0
6,150.0
0,150.0
0,150.0
1,150.0
1,146.73333333333335
2,146.73333333333335
2,145.2
3,145.2
3,145.2
4,145.2
4,143.73333333333335
5,143.73333333333335
5,143.73333333333335
6,143.73333333333335
6,142.8
0,142.8
0,142.8
1,142.8
1,142.8
2,142.8
2,142.8
3,142.8
3,142.8
4,142.8
4,142.8
5,142.8
5,142.1142857142857
6,142.1142857142857
6,141.6
0,141.6
0,140.0666666666667
1,140.0666666666667
1,140.0666666666667
2,138.73333333333335
2,137.73333333333335
3,137.73333333333335
3,136.75
4,136.75
4,136.75
5,136.75
5,136.75
6,136.75
6,136.75
0,136.75
0,136.75
1,135.9
1,135.5
2,135.5
2,135.5
3,135.5
3,133.23333333333335
4,133.23333333333335
4,133.23333333333335
5,133.23333333333335
5,133.23333333333335
6,133.23333333333335
6,133.23333333333335
0,133.23333333333335
0,133.23333333333335
1,133.23333333333335
1,133.23333333333335
2,133.23333333333335
2,133.23333333333335
3,133.23333333333335
3,133.23333333333335
4,133.23333333333335
4,133.23333333333335
5,133.23333333333335
5,133.23333333333335
6,133.23333333333335
6,133.23333333333335
0,133.23333333333335
0,133.23333333333335
1,133.23333333333335
1,133.23333333333335
2,133.23333333333335
2,133.23333333333335
3,133.23333333333335
3,133.23333333333335
4,133.23333333333335
4,133.23333333333335
5,133.23333333333335
5,133.23333333333335
6,133.23333333333335
6,133.23333333333335
0,133.23333333333335
0,133.23333333333335
1,133.23333333333335
1,133.23333333333335
2,133.23333333333335
2,133.23333333333335
3,133.23333333333335
3,133.23333333333335
4,133.23333333333335
4,133.23333333333335
5,133.23333333333335
5,133.23333333333335
6,133.23333333333335
6,133.23333333333335
0,133.23333333333335
0,133.23333333333335
1,133.23333333333335
1,133.23333333333335
2,133.23333333333335
2,133.23333333333335
3,133.23333333333335
3,133.23333333333335
4,133.23333333333335
4,133.23333333333335
5,133.23333333333335
5,133.23333333333335
6,133.23333333333335
6,133.23333333333335
0,133.23333333333335
0,133.23333333333335
1,133.23333333333335
1,133.23333333333335
2,133.23333333333335
2,133.23333333333335
3,133.23333333333335
3,133.23333333333335
4,133.23333333333335
4,133.23333333333335
5,133.23333333333335
5,133.23333333333335
6,133.23333333333335
6,133.23333333333335
0,133.23333333333335
0,133.23333333333335
1,133.23333333333335
1,133.23333333333335
2,133.23333333333335
2,133.23333333333335
3,133.23333333333335
3,133.23333333333335
4,133.23333333333335
4,133.23333333333335
5,133.23333333333335
5,133.23333333333335
6,133.23333333333335
6,133.23333333333335
0,133.23333333333335
0,133.23333333333335
1,133.23333333333335
1,133.23333333333335
2,133.23333333333335
2,133.23333333333335
3,133.23333333333335
3,133.23333333333335
4,133.23333333333335
4,133.23333333333335
5,133.23333333333335
5,133.23333333333335
6,133.23333333333335
6,133.23333333333335
0,133.23333333333335
0,133.9
1,132.9
1,132.9
2,132.9
2,132.9
3,132.9
3,132.9
4,131.9
4,131.9
5,131.9
5,131.9
6,131.9
6,160.9
0,160.9
0,160.9
1,160.9
1,160.9
2,160.9
2,160.9
3,160.9
3,160.9
4,160.9
4,160.9
5,160.9
5,160.9
6,160.9
6,160.9
0,160.9
0,160.9
1,160.9
1,156.4
2,156.4
2,156.4
3,156.4
3,151.4
4,150.4
4,150.4
5,150.4
5,150.4
6,148.7
6,148.7
0,148.7
0,148.7
1,148.7
1,145.4
2,143.4
2,143.4
3,143.4
3,142.9
4,142.9
4,142.9
5,142.9
5,142.9
6,142.9
6,141.9
0,141.9
0,141.4
1,139.4
1,139.4
2,139.4
2,139.4
3,135.4
3,132.4
4,132.4
4,132.4
5,130.9
5,130.4
6,129.9
6,129.9
0,129.9
0,129.4
1,129.4
1,129.4
2,128.9
2,128.9
3,128.4
3,126.9
4,126.9
4,126.9
5,126.9
5,126.9
6,125.9
6,125.9
0,125.9
0,125.9
1,125.9
1,125.9
2,125.9
2,125.9
3,125.9
3,150.9
4,150.9
4,150.9
5,150.9
5,150.9
6,150.9
6,150.9
0,150.9
0,148.9
1,148.9
1,148.9
2,148.9
2,148.9
3,148.9
3,148.9
4,148.9
4,146.9
5,144.4
5,144.4
6,139.4
6,139.4
0,138.9
0,138.9
1,138.9
1,138.9
2,138.9
2,138.9
3,137.9
3,137.9
4,137.9
4,136.9
5,136.9
5,136.9
6,136.9
6,134.9
0,134.9
0,133.9
1,133.9
1,133.9
2,133.9
2,131.9
3,131.9
3,131.9
4,130.9
4,130.9
5,130.9
5,129.9
6,129.9
6,128.9
0,128.9
0,128.9
1,128.9
1,128.9
2,128.9
2,126.9
3,126.9
3,126.9
4,153.9
4,153.9
5,153.9
5,153.9
6,153.9
6,153.9
0,153.9
0,153.9
1,153.9
1,153.9
2,153.9
2,153.9
3,153.9
3,150.9
4,150.9
4,150.9
5,150.9
5,150.9
6,149.9
6,149.9
0,149.9
0,148.9
1,146.9
1,146.9
2,146.9
2,146.9
3,144.9
3,143.9
4,137.9
4,137.9
5,137.9
5,137.9
6,136.9
6,136.9
0,136.9
0,135.9
1,135.9
1,135.9
2,135.9
2,135.9
3,135.9
3,134.9
4,134.9
4,133.0666666666667
5,133.0666666666667
5,133.0666666666667
6,133.0666666666667
6,133.0666666666667
0,133.0666666666667
0,131.9
1,131.9
1,129.7
2,129.7
2,129.7
3,129.7
3,129.7
4,129.7
4,129.7
5,129.7
5,129.7
6,128.9
6,161.9
0,161.9
0,161.9
1,160.9
1,156.7
2,156.7
2,156.7
3,156.7
3,156.7
4,156.7
4,156.7
5,156.7
5,155.9
6,155.9
6,152.9
0,152.9
0,152.9
1,152.9
1,149.9
2,149.9
2,148.9
3,148.9
3,146.9
4,145.9
4,143.7
5,141.9
5,140.275
6,140.275
6,137.9
0,137.9
0,137.9
1,137.9
1,136.9
2,136.9
2,136.9
3,136.9
3,136.3
4,136.3
4,134.9
5,134.9
5,134.9
6,134.9
6,134.3
0,134.3
0,133.9
1,133.9
1,133.9
2,133.9
2,133.9
3,133.9
3,133.9
4,159.9
4,159.9
5,161.9
5,161.9
6,161.9
6,161.9
0,161.9
0,161.9
1,161.9
1,158.9
2,158.9
2,156.9
3,156.9
3,156.9
4,156.9
4,153.23333333333335
5,150.4
5,150.4
6,150.4
6,150.4
0,149.4
0,149.4
1,149.4
1,148.4
2,148.4
2,147.4
3,147.4
3,145.65
4,145.65
4,142.9
5,141.9
5,141.9
6,141.9
6,141.9
0,141.9
0,141.9
1,141.9
1,141.9
2,141.9
2,141.9
3,141.9
3,141.9
4,141.9
4,163.9
5,163.9
5,163.9
6,163.9
6,163.9
0,163.9
0,163.9
1,163.9
1,163.9
2,163.9
2,163.9
3,163.9
3,163.9
4,163.9
4,163.9
5,163.9
5,156.9
6,156.9
6,156.9
0,156.9
0,156.9
1,156.9
1,154.9
2,154.9
2,154.9
3,154.9
3,154.9
4,154.9
4,154.9
5,154.9
5,154.9
6,148.9
6,148.9
0,148.9
0,144.4
1,144.4
1,144.4
2,144.4
2,144.4
3,144.4
3,144.4
4,144.4
4,144.4
5,144.4
5,144.4
6,144.4
6,168.9
0,168.9
0,168.9
1,166.9
1,166.9
2,166.9
2,163.9
3,163.9
3,163.9
4,163.9
4,163.9
5,161.9
5,159.9
6,159.9
6,159.9
0,159.9
0,159.9
1,159.9
1,158.9
2,158.9
2,157.9
3,156.9
3,156.9
4,156.9
4,156.9
5,156.9
5,156.9
6,156.9
6,156.9
0,156.9
0,156.9
1,153.3
1,153.3
2,153.3
2,151.3
3,151.3
3,151.3
4,151.3
4,146.9
5,145.9
5,145.9
6,145.9
6,145.9
0,144.9
0,143.3
1,143.3
1,143.3
2,143.3
2,143.3
3,168.9
3,168.9
4,168.9
4,168.9
5,168.9
5,168.9
6,168.9
6,168.9
0,167.9
0,167.23333333333335
1,167.23333333333335
1,167.23333333333335
2,167.23333333333335
2,167.23333333333335
3,167.23333333333335
3,164.9
4,165.23333333333335
4,162.9
5,162.23333333333335
5,162.23333333333335
6,162.23333333333335
6,162.23333333333335
0,162.23333333333335
0,159.9
1,159.9
1,158.9
2,156.9
2,156.9
3,155.9
3,155.9
4,153.9
4,153.76666666666668
5,153.76666666666668
5,153.76666666666668
6,152.5
6,152.5
0,152.5
0,151.23333333333335
1,151.23333333333335
1,151.23333333333335
2,151.23333333333335
2,151.23333333333335
3,151.23333333333335
3,149.9
4,149.9
4,149.9
5,149.9
5,149.9
6,149.9
6,149.9
0,149.9
0,149.9
1,148.9
1,148.9
2,148.9
2,147.9
3,147.3
3,146.9
4,168.9
4,168.9
5,168.9
5,168.9
6,168.9
6,168.9
0,168.23333333333335
0,168.23333333333335
1,167.76666666666668
1,166.7
2,166.7
2,166.7
3,166.7
3,164.9
4,164.23333333333335
4,163.76666666666668
5,163.76666666666668
5,163.76666666666668
6,163.76666666666668
6,163.76666666666668
0,161.83333333333334
0,160.63333333333333
1,160.63333333333333
1,159.2
2,158.3
2,158.1
3,158.1
3,158.1
4,158.1
4,157.2
5,157.2
5,157.2
6,157.2
6,157.2
0,156.9
0,156.5
1,156.2
1,155.4
2,154.6
2,152.9
3,152.9
3,151.9
4,151.9
4,148.9
5,148.23333333333335
5,148.23333333333335
6,147.1
6,147.1
0,145.9
0,145.23333333333335
1,145.23333333333335
1,145.23333333333335
2,143.9
2,143.9
3,142.7
3,142.7
4,142.3
4,142.3
5,142.3
5,142.3
6,142.3
6,142.3
0,141.9
0,141.9
1,141.7
1,141.7
2,141.7
2,141.7
3,141.7
3,141.5
4,141.5
4,141.5
5,141.5
5,141.5
6,141.5
6,141.5
0,141.5
0,141.5
1,141.5
1,141.5
2,155.2
2,168.9
3,168.9
3,168.9
4,168.23333333333335
4,166.9
5,166.9
5,166.9
6,166.9
6,166.9
0,164.9
0,163.9
1,163.9
1,163.5
2,163.5
2,163.5
3,163.23999999999998
3,162.5
4,162.0
4,161.29999999999998
5,160.63333333333333
5,160.1
6,160.1
6,160.1
0,160.1
0,158.9
1,158.9
1,156.5
2,154.5
2,152.85
3,151.1
3,148.9
4,148.9
4,147.6
5,147.6
5,146.86666666666667
6,146.86666666666667
6,146.86666666666667
0,146.86666666666667
0,145.2
1,145.2
1,145.2
2,145.2
2,145.2
3,144.23333333333335
3,142.9
4,142.9
4,142.9
5,142.9
5,142.9
6,142.23333333333335
6,142.23333333333335
0,159.5666666666667
0,159.5666666666667
1,159.5666666666667
1,159.5666666666667
2,159.5666666666667
2,167.4
3,167.4
3,167.4
4,167.4
4,164.9
5,163.23333333333335
5,163.23333333333335
6,163.23333333333335
6,161.00000000000003
0,161.00000000000003
0,158.9
1,158.9
1,158.23333333333335
2,155.4
2,155.4
3,155.4
3,150.9
4,150.9
4,150.9
5,150.9
5,146.9
6,146.9
6,146.9
0,146.9
0,146.9
1,146.9
1,146.9
2,146.9
2,146.9
3,146.9
3,146.9
4,146.9
4,146.9
5,146.9
5,146.9
6,145.9
6,145.9
0,144.9
0,144.9
1,144.9
1,144.9
2,144.9
2,144.9
3,144.9
3,162.9
4,162.9
4,162.9
5,162.9
5,162.9
6,162.9
6,162.9
0,170.9
0,170.9
1,170.9
1,170.9
2,170.9
2,170.9
3,169.9
3,168.9
4,168.9
4,168.9
5,168.9
5,165.9
6,165.9
6,164.9
0,163.9
0,163.9
1,163.9
1,162.5666666666667
2,160.9
2,160.9
3,160.9
3,160.9
4,158.9
4,158.9
5,158.9
5,158.9
6,158.9
6,158.9
0,158.9
0,157.9
1,157.9
1,169.9
2,169.9
2,169.9
3,169.9
3,169.9
4,169.9
4,169.9
5,169.9
5,169.9
6,169.9
6,169.9
