0,0
0,0
1,0
1,0
2,0
2,0
3,0
3,0
4,0
4,0
5,0
5,0
6,0
6,0
0,0
0,0
1,0
1,0
2,0
2,0
3,0
3,0
4,139.9
4,139.9
5,139.9
5,139.9
6,139.9
6,139.9
0,139.9
0,139.9
1,139.9
1,139.9
2,139.9
2,139.9
3,139.9
3,139.9
4,139.9
4,139.9
5,139.9
5,139.9
6,139.95
6,139.95
0,139.8
0,139.9
1,139.9
1,139.9
2,139.9
2,139.9
3,139.9
3,139.9
4,139.9
4,139.9
5,139.9
5,139.9
6,139.9
6,139.9
0,139.9
0,139.9
1,139.9
1,139.9
2,139.9
2,139.9
3,139.9
3,139.9
4,139.9
4,139.9
5,139.9
5,139.9
6,139.9
6,139.9
0,139.9
0,139.9
1,139.9
1,139.9
2,139.8
2,139.9
3,139.9
3,139.9
4,139.9
4,139.9
5,139.9
5,139.9
6,139.9
6,139.9
0,139.9
0,139.9
1,139.9
1,139.9
2,139.9
2,139.9
3,139.9
3,139.9
4,139.9
4,139.9
5,139.9
5,139.9
6,139.9
6,139.9
0,139.9
0,139.9
1,139.9
1,139.9
2,139.9
2,139.9
3,139.9
3,139.9
4,139.9
4,139.9
5,139.9
5,139.9
6,139.9
6,139.9
0,139.95
0,139.95
1,139.95
1,139.95
2,139.95
2,139.95
3,139.95
3,139.95
4,139.95
4,139.95
5,139.95
5,139.95
6,139.95
6,139.95
0,139.95
0,139.95
1,139.95
1,139.95
2,139.95
2,139.95
3,139.95
3,139.95
4,139.95
4,139.95
5,139.95
5,139.95
6,139.95
6,139.95
0,139.95
0,139.95
1,139.95
1,139.95
2,139.95
2,139.95
3,139.95
3,139.95
4,139.95
4,139.95
5,139.95
5,139.95
6,139.95
6,139.95
0,139.95
0,139.95
1,139.95
1,139.95
2,139.95
2,139.95
3,139.95
3,139.95
4,139.95
4,139.95
5,139.95
5,139.95
6,139.95
6,139.95
0,139.95
0,139.95
1,139.95
1,139.95
2,139.95
2,139.95
3,139.95
3,139.95
4,139.95
4,139.95
5,139.95
5,139.95
6,139.95
6,139.95
0,139.95
0,139.95
1,139.95
1,139.95
2,139.95
2,139.95
3,139.95
3,139.95
4,139.95
4,139.95
5,139.95
5,139.95
6,139.95
6,139.95
0,139.95
0,139.95
1,139.95
1,139.95
2,139.95
2,139.95
3,139.95
3,139.95
4,139.95
4,139.95
5,139.95
5,139.95
6,139.95
6,139.95
0,139.95
0,139.95
1,139.95
1,139.95
2,139.95
2,139.95
3,139.95
3,139.95
4,139.95
4,139.95
5,139.95
5,139.95
6,139.95
6,139.95
0,139.95
0,139.95
1,139.95
1,139.95
2,139.95
2,139.95
3,139.95
3,139.95
4,139.95
4,139.95
5,139.95
5,139.95
6,139.95
6,139.95
0,139.95
0,139.95
1,139.95
1,139.95
2,139.95
2,139.95
3,139.95
3,139.95
4,139.95
4,139.95
5,139.95
5,139.95
6,139.95
6,139.95
0,139.95
0,139.95
1,139.95
1,139.95
2,139.95
2,139.95
3,139.95
3,139.95
4,139.95
4,139.95
5,139.95
5,139.95
6,139.95
6,139.95
0,139.95
0,139.95
1,139.95
1,139.95
2,139.95
2,139.95
3,139.95
3,139.95
4,139.95
4,139.95
5,139.95
5,139.95
6,139.95
6,139.95
0,139.95
0,139.95
1,139.95
1,139.95
2,139.95
2,139.95
3,139.95
3,139.95
4,139.95
4,147.5666666666667
5,147.5666666666667
5,147.5666666666667
6,147.5666666666667
6,147.5666666666667
0,147.5666666666667
0,147.5666666666667
1,147.5666666666667
1,147.5666666666667
2,147.5666666666667
2,147.5666666666667
3,147.5666666666667
3,147.5666666666667
4,147.5666666666667
4,147.5666666666667
5,147.5666666666667
5,147.5666666666667
6,147.5666666666667
6,147.5666666666667
0,147.5666666666667
0,147.5666666666667
1,147.5666666666667
1,147.5666666666667
2,147.5666666666667
2,147.5666666666667
3,147.5666666666667
3,147.5666666666667
4,147.5666666666667
4,147.5666666666667
5,147.5666666666667
5,147.5666666666667
6,147.5666666666667
6,147.5666666666667
0,165.9
0,165.9
1,165.9
1,165.9
2,165.9
2,162.5666666666667
3,162.5666666666667
3,157.5666666666667
4,157.5666666666667
4,157.5666666666667
5,157.5666666666667
5,157.5666666666667
6,157.5666666666667
6,157.5666666666667
0,157.5666666666667
0,157.5666666666667
1,157.5666666666667
1,157.5666666666667
2,157.5666666666667
2,157.5666666666667
3,157.5666666666667
3,157.5666666666667
4,157.5666666666667
4,157.5666666666667
5,157.5666666666667
5,157.5666666666667
6,152.9
6,152.9
0,152.9
0,154.9
1,160.9
1,155.9
2,155.9
2,155.9
3,155.9
3,155.9
4,155.9
4,155.9
5,155.9
5,155.9
6,155.9
6,155.9
0,155.9
0,155.9
1,155.9
1,155.9
2,155.9
2,155.9
3,155.9
3,155.9
4,155.9
4,155.9
5,155.9
5,155.9
6,155.9
6,155.9
0,155.9
0,155.95
1,155.95
1,155.95
2,155.95
2,155.95
3,155.95
3,155.95
4,155.95
4,155.95
5,155.95
5,155.95
6,155.95
6,155.95
0,155.95
0,155.95
1,155.95
1,155.95
2,155.95
2,155.95
3,155.95
3,155.95
4,155.95
4,155.95
5,155.95
5,155.95
6,155.95
6,155.95
0,155.95
0,155.95
1,155.95
1,155.95
2,155.95
2,155.95
3,155.95
3,155.95
4,155.95
4,155.95
5,155.95
5,155.95
6,155.95
6,155.95
0,155.95
0,155.95
1,155.95
1,155.95
2,155.95
2,155.95
3,155.95
3,155.95
4,155.95
4,155.95
5,155.95
5,155.95
6,155.95
6,155.95
0,155.95
0,155.95
1,155.95
1,155.95
2,155.95
2,155.95
3,155.95
3,155.95
4,155.95
4,155.95
5,155.95
5,155.95
6,155.95
6,155.95
0,155.95
0,155.95
1,155.95
1,155.95
2,155.95
2,155.95
3,155.95
3,155.95
4,155.95
4,155.95
5,155.95
5,155.95
6,155.95
6,155.95
0,155.95
0,155.95
1,155.95
1,155.95
2,155.95
2,155.95
3,155.95
3,153.9
4,153.9
4,153.9
5,153.9
5,153.9
6,153.9
6,153.9
0,153.9
0,153.9
1,153.9
1,152.5666666666667
2,152.5666666666667
2,152.5666666666667
3,152.5666666666667
3,152.5666666666667
4,152.5666666666667
4,152.5666666666667
5,152.5666666666667
5,152.5666666666667
6,152.5666666666667
6,152.5666666666667
0,152.5666666666667
0,152.5666666666667
1,152.5666666666667
1,152.5666666666667
2,152.5666666666667
2,152.5666666666667
3,152.5666666666667
3,152.5666666666667
4,152.5666666666667
4,152.5666666666667
5,152.5666666666667
5,152.5666666666667
6,152.5666666666667
6,152.5666666666667
0,152.5666666666667
0,152.5666666666667
1,152.5666666666667
1,152.5666666666667
2,152.5666666666667
2,152.5666666666667
3,152.5666666666667
3,152.5666666666667
4,152.5666666666667
4,152.5666666666667
5,152.5666666666667
5,155.9
6,155.9
6,155.9
0,155.9
0,155.9
1,155.9
1,155.9
2,155.9
2,155.9
3,155.9
3,155.9
4,155.9
4,155.9
5,155.9
5,155.9
6,155.9
6,155.9
0,155.9
0,155.9
1,155.9
1,155.9
2,155.9
2,155.9
3,155.9
3,155.9
4,155.9
4,155.9
5,155.9
5,155.9
6,155.9
6,155.9
0,155.9
0,155.9
1,155.9
1,155.9
2,155.9
2,155.9
3,155.9
3,155.9
4,155.9
4,155.9
5,155.9
5,155.9
6,155.9
6,155.9
0,155.9
0,155.9
1,155.9
1,155.9
2,155.9
2,155.9
3,155.9
3,155.9
4,155.9
4,155.9
5,155.9
5,155.9
6,155.9
6,155.9
0,155.9
0,150.9
1,150.9
1,150.9
2,150.9
2,150.9
3,150.9
3,150.9
4,150.9
4,150.9
5,150.9
5,150.9
6,150.9
6,150.9
0,150.9
0,144.9
1,144.9
1,144.9
2,144.9
2,144.9
3,144.9
3,144.9
4,144.9
4,144.9
5,144.9
5,144.9
6,144.9
6,144.9
0,144.9
0,144.9
1,144.9
1,144.9
2,144.9
2,144.9
3,144.9
3,144.9
4,144.9
4,144.9
5,144.9
5,144.9
6,144.9
6,144.9
0,144.9
0,144.9
1,144.9
1,144.9
2,144.9
2,144.9
3,144.9
3,144.9
4,144.9
4,144.9
5,144.9
5,144.9
6,144.9
6,144.9
0,144.9
0,144.9
1,144.9
1,144.9
2,144.9
2,144.9
3,144.9
3,144.9
4,144.9
4,144.9
5,144.9
5,144.9
6,144.9
6,144.9
0,144.9
0,144.9
1,149.5666666666667
1,149.5666666666667
2,142.9
2,142.9
3,142.9
3,142.9
4,142.9
4,142.9
5,142.9
5,142.9
6,142.9
6,142.9
0,142.9
0,142.95
1,142.95
1,142.95
2,142.95
2,142.95
3,142.95
3,142.95
4,142.95
4,142.95
5,142.95
5,142.95
6,142.95
6,142.95
0,142.95
0,142.95
1,142.95
1,142.95
2,142.95
2,142.95
3,142.95
3,142.95
4,142.95
4,142.95
5,142.95
5,142.95
6,142.95
6,142.95
0,142.95
0,142.95
1,142.95
1,142.95
2,142.95
2,142.95
3,142.95
3,142.95
4,142.95
4,142.95
5,142.95
5,142.95
6,142.95
6,142.95
0,142.95
0,142.95
1,142.95
1,142.95
2,142.95
2,142.95
3,142.95
3,142.95
4,142.95
4,142.95
5,142.95
5,142.95
6,142.9
6,142.9
0,142.9
0,142.9
1,145.4
1,145.4
2,145.4
2,145.4
3,145.4
3,145.4
4,142.9
4,142.9
5,142.9
5,142.9
6,145.4
6,145.4
0,142.9
0,142.9
1,142.9
1,142.9
2,145.4
2,145.4
3,145.4
3,145.4
4,145.4
4,145.4
5,147.9
5,147.9
6,147.9
6,147.9
0,147.9
0,147.9
1,147.9
1,147.9
2,147.9
2,147.9
3,147.9
3,147.9
4,147.9
4,147.9
5,147.9
5,147.9
6,147.9
6,147.9
0,147.9
0,147.9
1,147.9
1,148.4
2,148.9
2,148.9
3,150.4
3,150.4
4,151.9
4,151.9
5,151.9
5,151.9
6,151.9
6,151.9
0,151.9
0,151.9
1,151.9
1,151.9
2,151.9
2,151.9
3,151.9
3,151.9
4,151.9
4,151.9
5,151.9
5,151.9
6,151.9
6,151.9
0,151.9
0,151.9
1,151.9
1,151.9
2,151.9
2,151.9
3,151.9
3,151.9
4,151.9
4,151.9
5,151.9
5,151.9
6,151.9
6,151.9
0,151.9
0,151.9
1,151.9
1,151.9
2,151.9
2,151.9
3,151.9
3,151.9
4,151.9
4,151.9
5,151.9
5,151.9
6,151.9
6,151.9
0,151.9
0,151.9
1,151.9
1,151.9
2,151.9
2,151.9
3,151.9
3,151.9
4,151.9
4,151.9
5,151.9
5,151.9
6,151.9
6,151.9
0,151.9
0,151.9
1,151.9
1,151.9
2,154.9
2,154.9
3,154.9
3,154.9
4,154.9
4,154.4
5,154.4
5,154.4
6,154.4
6,154.4
0,154.4
0,154.4
1,154.4
1,154.4
2,154.4
2,154.4
3,154.4
3,154.4
4,154.4
4,154.4
5,154.4
5,154.4
6,154.4
6,154.4
0,154.4
0,154.4
1,154.4
1,154.4
2,154.4
2,154.4
3,154.4
3,154.4
4,154.4
4,154.4
5,154.4
5,154.4
6,154.4
6,154.4
0,154.4
0,154.4
1,154.4
1,154.4
2,154.4
2,154.4
3,154.4
3,154.4
4,154.4
4,154.4
5,154.4
5,154.4
6,154.4
6,154.4
0,154.4
0,154.4
1,154.4
1,154.4
2,154.4
2,154.4
3,154.4
3,154.4
4,154.4
4,154.4
5,154.4
5,154.4
6,154.4
6,154.4
0,154.4
0,154.4
1,154.4
1,154.4
2,154.4
2,155.9
3,155.9
3,155.9
4,155.9
4,155.9
5,155.9
5,155.9
6,155.9
6,155.9
0,155.9
0,155.9
1,155.9
1,155.9
2,155.9
2,155.9
3,155.9
3,155.9
4,155.9
4,155.9
5,155.9
5,155.9
6,155.9
6,155.9
0,155.9
0,155.9
1,155.9
1,157.23333333333335
2,157.23333333333335
2,157.23333333333335
3,157.23333333333335
3,157.23333333333335
4,157.23333333333335
4,157.23333333333335
5,157.23333333333335
5,157.23333333333335
6,157.23333333333335
6,157.23333333333335
0,157.23333333333335
0,157.23333333333335
1,157.23333333333335
1,159.9
2,159.9
2,159.9
3,159.9
3,159.9
4,159.9
4,159.9
5,159.9
5,159.9
6,159.9
6,159.9
0,159.9
0,159.9
1,159.9
1,159.9
2,159.9
2,159.9
3,166.23333333333335
3,166.23333333333335
4,166.23333333333335
4,166.23333333333335
5,166.23333333333335
5,166.23333333333335
6,166.23333333333335
6,166.23333333333335
0,166.23333333333335
0,166.23333333333335
1,166.23333333333335
1,166.23333333333335
2,166.23333333333335
2,166.23333333333335
3,166.23333333333335
3,166.23333333333335
4,166.23333333333335
4,166.23333333333335
5,166.23333333333335
5,166.23333333333335
6,166.23333333333335
6,166.23333333333335
0,166.23333333333335
0,166.23333333333335
1,166.23333333333335
1,166.23333333333335
2,166.23333333333335
2,166.9
3,166.9
3,166.9
4,166.9
4,166.9
5,166.9
5,166.9
6,166.9
6,166.9
0,166.9
0,166.9
1,166.9
1,166.9
2,166.9
2,166.9
3,166.9
3,166.9
4,166.9
4,166.9
5,166.9
5,166.9
6,166.9
6,166.9
0,166.9
0,166.9
1,166.9
1,166.9
2,166.9
2,166.9
3,166.9
3,166.9
4,166.9
4,166.9
5,166.9
5,166.9
6,166.9
6,166.9
0,166.9
0,166.9
1,166.9
1,166.9
2,166.9
2,166.9
3,166.9
3,166.9
4,166.9
4,165.5666666666667
5,165.5666666666667
5,165.5666666666667
6,165.5666666666667
6,165.5666666666667
0,165.5666666666667
0,165.5666666666667
1,165.5666666666667
1,163.5666666666667
2,160.9
2,160.9
3,160.9
3,160.9
4,160.9
4,160.9
5,160.9
5,160.9
6,160.9
6,160.9
0,160.9
0,160.9
1,160.9
1,160.9
2,160.9
2,160.9
3,160.9
3,160.9
4,160.9
4,160.9
5,160.9
5,160.9
6,160.9
6,160.9
0,160.9
0,160.9
1,160.9
1,160.9
2,160.9
2,160.9
3,160.9
3,159.5666666666667
4,159.5666666666667
4,159.5666666666667
5,159.5666666666667
5,159.5666666666667
6,159.5666666666667
6,159.5666666666667
0,159.5666666666667
0,159.5666666666667
1,159.5666666666667
1,159.5666666666667
2,159.5666666666667
2,159.5666666666667
3,159.5666666666667
3,159.5666666666667
4,159.5666666666667
4,159.5666666666667
5,159.5666666666667
5,159.5666666666667
6,159.5666666666667
6,159.5666666666667
0,159.5666666666667
0,159.5666666666667
1,159.5666666666667
1,159.5666666666667
2,159.5666666666667
2,159.5666666666667
3,159.5666666666667
3,159.5666666666667
4,159.5666666666667
4,159.5666666666667
5,159.5666666666667
5,159.5666666666667
6,159.5666666666667
6,159.5666666666667
0,159.5666666666667
0,159.5666666666667
1,159.5666666666667
1,159.5666666666667
2,159.5666666666667
2,159.5666666666667
3,159.5666666666667
3,159.5666666666667
4,159.5666666666667
4,159.5666666666667
5,159.5666666666667
5,159.5666666666667
6,159.5666666666667
6,159.5666666666667
0,162.9
0,162.9
1,162.9
1,162.9
2,162.9
2,162.9
3,162.9
3,162.9
4,162.9
4,162.9
5,162.9
5,162.9
6,162.9
6,162.9
0,162.9
0,162.9
1,162.9
1,162.9
2,151.9
2,151.9
3,151.9
3,151.9
4,151.9
4,151.9
5,151.9
5,151.9
6,151.9
6,151.9
0,151.9
0,151.9
1,151.9
1,151.9
2,151.9
2,151.9
3,151.9
3,151.9
4,151.9
4,151.9
5,151.9
5,151.9
6,151.9
6,151.9
0,151.9
0,151.9
1,151.9
1,151.9
2,151.9
2,151.9
3,151.9
3,151.9
4,151.9
4,151.9
5,151.9
5,151.9
6,151.9
6,151.9
0,151.9
0,151.9
1,151.9
1,151.9
2,151.9
2,151.9
3,151.9
3,151.9
4,151.9
4,151.9
5,151.9
5,151.9
6,151.9
6,151.9
0,151.9
0,151.9
1,151.9
1,151.9
2,151.9
2,151.9
3,151.9
3,151.9
4,151.9
4,151.9
5,151.9
5,151.9
6,151.9
6,151.9
0,151.9
0,160.9
1,160.9
1,160.9
2,160.9
2,160.9
3,160.9
3,160.9
4,160.9
4,160.9
5,160.9
5,159.5666666666667
6,159.5666666666667
6,159.5666666666667
0,159.5666666666667
0,159.5666666666667
1,159.5666666666667
1,159.5666666666667
2,159.5666666666667
2,159.5666666666667
3,159.5666666666667
3,159.5666666666667
4,159.5666666666667
4,159.5666666666667
5,159.5666666666667
5,159.5666666666667
6,159.5666666666667
6,159.5666666666667
0,162.9
0,162.9
1,162.9
1,162.9
2,162.9
2,168.23333333333335
3,168.23333333333335
3,168.23333333333335
4,168.9
4,168.9
5,168.9
5,168.9
6,168.9
6,168.9
0,168.9
0,168.9
1,168.9
1,168.9
2,168.9
2,168.9
3,168.9
3,168.9
4,168.9
4,168.9
5,168.9
5,168.9
6,168.9
6,168.9
0,166.9
0,166.9
1,166.9
1,166.9
2,166.9
2,166.9
3,166.9
3,166.9
4,166.9
4,166.9
5,166.9
5,166.9
6,166.9
6,166.9
