0,0
0,0
1,0
1,0
2,0
2,0
3,0
3,0
4,0
4,144.7
5,144.7
5,144.7
6,143.7
6,143.7
0,143.7
0,143.7
1,143.7
1,143.7
2,142.9
2,142.9
3,142.9
3,142.9
4,142.9
4,142.9
5,142.9
5,142.9
6,142.9
6,142.9
0,142.9
0,141.9
1,141.70000000000002
1,141.70000000000002
2,141.70000000000002
2,141.70000000000002
3,141.70000000000002
3,141.70000000000002
4,141.70000000000002
4,141.70000000000002
5,141.70000000000002
5,141.70000000000002
6,141.70000000000002
6,141.70000000000002
0,141.70000000000002
0,141.70000000000002
1,141.70000000000002
1,141.70000000000002
2,141.70000000000002
2,141.70000000000002
3,141.70000000000002
3,141.70000000000002
4,139.9
4,139.9
5,139.9
5,139.9
6,139.9
6,139.9
0,139.9
0,139.9
1,139.4333333333333
1,138.95
2,138.7
2,138.7
3,138.7
3,138.7
4,138.7
4,138.7
5,138.7
5,138.7
6,138.7
6,138.7
0,138.7
0,138.7
1,138.7
1,138.7
2,138.64999999999998
2,138.64999999999998
3,138.64999999999998
3,138.64999999999998
4,138.64999999999998
4,138.64999999999998
5,138.64999999999998
5,138.64999999999998
6,138.64999999999998
6,138.64999999999998
0,138.64999999999998
0,138.64999999999998
1,138.64999999999998
1,138.64999999999998
2,138.64999999999998
2,138.64999999999998
3,138.64999999999998
3,138.64999999999998
4,138.64999999999998
4,138.64999999999998
5,138.64999999999998
5,138.64999999999998
6,138.64999999999998
6,138.64999999999998
0,138.64999999999998
0,138.64999999999998
1,138.64999999999998
1,138.64999999999998
2,138.64999999999998
2,138.64999999999998
3,138.64999999999998
3,138.64999999999998
4,138.43333333333334
4,138.43333333333334
5,138.43333333333334
5,138.43333333333334
6,138.43333333333334
6,138.43333333333334
0,138.43333333333334
0,138.43333333333334
1,138.43333333333334
1,138.43333333333334
2,138.43333333333334
2,138.43333333333334
3,138.43333333333334
3,138.43333333333334
4,138.43333333333334
4,138.43333333333334
5,138.43333333333334
5,138.43333333333334
6,138.43333333333334
6,138.43333333333334
0,138.43333333333334
0,138.43333333333334
1,138.43333333333334
1,138.43333333333334
2,138.43333333333334
2,138.43333333333334
3,138.43333333333334
3,138.43333333333334
4,138.43333333333334
4,138.43333333333334
5,138.43333333333334
5,138.43333333333334
6,138.43333333333334
6,138.43333333333334
0,138.43333333333334
0,138.43333333333334
1,138.43333333333334
1,138.43333333333334
2,138.43333333333334
2,138.43333333333334
3,138.43333333333334
3,138.43333333333334
4,138.43333333333334
4,138.43333333333334
5,138.43333333333334
5,138.43333333333334
6,138.43333333333334
6,138.43333333333334
0,138.43333333333334
0,138.43333333333334
1,138.43333333333334
1,138.43333333333334
2,138.43333333333334
2,138.43333333333334
3,138.43333333333334
3,138.43333333333334
4,138.43333333333334
4,138.43333333333334
5,138.43333333333334
5,138.43333333333334
6,138.43333333333334
6,138.43333333333334
0,138.43333333333334
0,138.43333333333334
1,138.43333333333334
1,138.43333333333334
2,138.43333333333334
2,138.43333333333334
3,138.43333333333334
3,138.43333333333334
4,138.43333333333334
4,138.43333333333334
5,138.43333333333334
5,138.43333333333334
6,138.43333333333334
6,138.43333333333334
0,138.43333333333334
0,138.43333333333334
1,138.43333333333334
1,138.43333333333334
2,138.43333333333334
2,138.43333333333334
3,138.43333333333334
3,138.43333333333334
4,138.43333333333334
4,138.43333333333334
5,138.43333333333334
5,138.43333333333334
6,138.43333333333334
6,138.43333333333334
0,138.43333333333334
0,138.43333333333334
1,138.43333333333334
1,138.43333333333334
2,138.43333333333334
2,138.43333333333334
3,138.43333333333334
3,138.43333333333334
4,138.43333333333334
4,138.43333333333334
5,138.43333333333334
5,138.43333333333334
6,138.43333333333334
6,138.43333333333334
0,138.43333333333334
0,138.43333333333334
1,138.43333333333334
1,138.43333333333334
2,138.43333333333334
2,138.43333333333334
3,138.43333333333334
3,138.43333333333334
4,138.43333333333334
4,138.43333333333334
5,138.43333333333334
5,138.43333333333334
6,138.43333333333334
6,138.43333333333334
0,138.43333333333334
0,138.43333333333334
1,138.43333333333334
1,138.43333333333334
2,138.43333333333334
2,138.43333333333334
3,138.43333333333334
3,138.43333333333334
4,138.43333333333334
4,138.43333333333334
5,138.43333333333334
5,138.43333333333334
6,138.43333333333334
6,138.43333333333334
0,138.43333333333334
0,138.43333333333334
1,138.43333333333334
1,138.43333333333334
2,138.43333333333334
2,138.43333333333334
3,138.43333333333334
3,138.43333333333334
4,138.43333333333334
4,138.43333333333334
5,138.43333333333334
5,138.43333333333334
6,138.43333333333334
6,138.43333333333334
0,138.43333333333334
0,138.43333333333334
1,138.43333333333334
1,138.43333333333334
2,138.43333333333334
2,138.43333333333334
3,138.43333333333334
3,138.43333333333334
4,149.3
4,149.3
5,149.3
5,148.9
6,148.9
6,148.9
0,148.9
0,148.9
1,148.9
1,148.9
2,148.9
2,148.9
3,148.9
3,148.9
4,148.9
4,148.9
5,148.9
5,148.9
6,148.9
6,148.9
0,148.9
0,148.9
1,148.9
1,148.9
2,148.9
2,148.9
3,148.9
3,148.9
4,148.9
4,148.9
5,148.9
5,148.9
6,148.9
6,148.9
0,148.9
0,148.9
1,148.9
1,148.9
2,148.9
2,148.9
3,148.9
3,148.9
4,148.9
4,148.9
5,148.9
5,148.9
6,148.9
6,148.9
0,148.9
0,148.9
1,148.9
1,148.9
2,148.9
2,148.9
3,148.9
3,148.9
4,148.9
4,148.9
5,148.9
5,148.9
6,148.9
6,148.9
0,148.9
0,165.9
1,165.9
1,165.9
2,165.9
2,163.7
3,163.7
3,163.7
4,163.7
4,163.7
5,163.7
5,163.7
6,163.7
6,163.7
0,163.7
0,163.7
1,163.7
1,163.7
2,163.7
2,163.7
3,163.7
3,163.7
4,163.7
4,163.7
5,163.7
5,163.7
6,163.7
6,163.7
0,163.7
0,163.7
1,163.7
1,162.7
2,162.7
2,162.7
3,162.7
3,162.7
4,162.7
4,162.7
5,162.7
5,162.7
6,162.7
6,162.7
0,162.7
0,164.03333333333333
1,164.03333333333333
1,164.03333333333333
2,164.03333333333333
2,164.03333333333333
3,164.03333333333333
3,164.03333333333333
4,164.03333333333333
4,164.03333333333333
5,164.03333333333333
5,164.03333333333333
6,164.03333333333333
6,164.03333333333333
0,164.03333333333333
0,164.03333333333333
1,164.03333333333333
1,164.03333333333333
2,164.03333333333333
2,164.03333333333333
3,164.03333333333333
3,164.03333333333333
4,164.03333333333333
4,161.5
5,161.5
5,161.5
6,161.5
6,161.5
0,161.5
0,161.5
1,161.5
1,161.5
2,161.5
2,161.5
3,161.5
3,161.5
4,161.5
4,161.5
5,161.5
5,161.5
6,161.5
6,161.5
0,161.5
0,161.36666666666667
1,161.36666666666667
1,161.36666666666667
2,161.36666666666667
2,161.36666666666667
3,161.36666666666667
3,161.36666666666667
4,161.36666666666667
4,160.0
5,158.7
5,158.7
6,158.7
6,158.7
0,158.7
0,158.7
1,158.7
1,158.7
2,158.7
2,158.7
3,158.7
3,158.7
4,158.7
4,157.9
5,157.9
5,157.9
6,157.9
6,157.9
0,157.9
0,157.9
1,157.9
1,157.9
2,157.9
2,157.9
3,157.9
3,157.9
4,157.9
4,156.5666666666667
5,156.5666666666667
5,156.5666666666667
6,156.5666666666667
6,156.5666666666667
0,156.5666666666667
0,156.5666666666667
1,156.5666666666667
1,156.5666666666667
2,156.5666666666667
2,156.5666666666667
3,153.9
3,153.9
4,153.9
4,153.9
5,153.9
5,153.9
6,153.9
6,153.9
0,151.9
0,151.9
1,151.9
1,151.9
2,151.9
2,153.23333333333335
3,152.9
3,152.9
4,152.9
4,149.9
5,149.9
5,149.9
6,149.9
6,149.9
0,149.9
0,148.5666666666667
1,153.23333333333335
1,153.23333333333335
2,147.9
2,147.9
3,147.9
3,147.9
4,147.9
4,147.9
5,147.9
5,147.23333333333335
6,147.23333333333335
6,147.23333333333335
0,147.23333333333335
0,146.23333333333335
1,146.23333333333335
1,146.23333333333335
2,146.23333333333335
2,146.23333333333335
3,146.23333333333335
3,146.23333333333335
4,146.23333333333335
4,146.23333333333335
5,146.23333333333335
5,146.23333333333335
6,146.23333333333335
6,146.23333333333335
0,146.23333333333335
0,146.23333333333335
1,146.23333333333335
1,146.5666666666667
2,145.9
2,145.9
3,145.9
3,145.9
4,145.9
4,145.9
5,145.9
5,145.9
6,145.9
6,145.9
0,145.9
0,145.9
1,145.9
1,145.9
2,145.9
2,145.9
3,145.9
3,145.9
4,145.9
4,145.9
5,145.9
5,145.9
6,145.9
6,145.9
0,145.9
0,145.9
1,145.9
1,145.9
2,145.9
2,145.9
3,145.9
3,145.9
4,145.9
4,145.9
5,145.9
5,145.9
6,145.9
6,145.9
0,145.9
0,145.9
1,145.9
1,145.9
2,145.9
2,145.9
3,145.9
3,145.9
4,145.9
4,145.9
5,145.9
5,145.9
6,145.9
6,145.9
0,145.9
0,145.9
1,145.9
1,145.9
2,145.9
2,145.9
3,145.9
3,145.9
4,145.9
4,145.9
5,145.9
5,145.9
6,145.9
6,145.9
0,145.9
0,145.9
1,145.9
1,145.9
2,145.9
2,145.9
3,145.9
3,145.9
4,145.9
4,145.9
5,145.9
5,145.9
6,145.9
6,145.9
0,145.7
0,145.7
1,145.7
1,145.7
2,145.7
2,145.7
3,145.7
3,145.7
4,145.7
4,145.7
5,145.7
5,145.7
6,145.7
6,145.7
0,145.7
0,145.7
1,145.7
1,145.7
2,145.7
2,145.7
3,145.7
3,145.7
4,145.7
4,145.7
5,145.7
5,145.7
6,145.7
6,145.7
0,145.7
0,145.7
1,145.7
1,145.7
2,145.7
2,145.7
3,145.7
3,145.7
4,145.7
4,145.7
5,145.7
5,145.7
6,145.7
6,145.7
0,145.7
0,145.7
1,145.7
1,145.7
2,145.7
2,145.7
3,145.7
3,145.7
4,145.7
4,145.5
5,145.5
5,145.5
6,145.5
6,145.5
0,145.5
0,145.5
1,145.5
1,145.5
2,145.5
2,145.5
3,145.5
3,145.5
4,145.5
4,145.5
5,145.5
5,145.5
6,145.5
6,145.5
0,145.5
0,145.5
1,145.5
1,145.5
2,145.5
2,145.5
3,145.5
3,145.5
4,145.5
4,145.5
5,145.5
5,145.5
6,145.5
6,145.5
0,145.5
0,145.5
1,145.4
1,145.4
2,145.4
2,145.4
3,145.4
3,145.4
4,145.4
4,145.4
5,145.4
5,145.4
6,145.4
6,145.4
0,145.4
0,145.4
1,145.4
1,145.4
2,145.4
2,145.4
3,145.4
3,145.4
4,145.4
4,145.4
5,145.4
5,145.4
6,145.4
6,145.4
0,145.4
0,145.4
1,145.4
1,145.4
2,145.4
2,145.4
3,145.4
3,145.4
4,145.4
4,145.4
5,145.4
5,145.4
6,145.3
6,145.3
0,145.3
0,145.3
1,144.60000000000002
1,144.60000000000002
2,143.9
2,143.9
3,143.9
3,143.9
4,143.9
4,143.9
5,143.9
5,143.9
6,143.9
6,143.9
0,143.9
0,143.9
1,143.9
1,143.9
2,143.9
2,143.9
3,143.9
3,141.9
4,141.9
4,141.9
5,141.9
5,141.9
6,141.9
6,141.9
0,141.9
0,140.5
1,139.9
1,139.9
2,138.75
2,138.75
3,138.2
3,138.2
4,138.2
4,138.2
5,138.2
5,138.2
6,138.2
6,138.2
0,138.2
0,138.2
1,138.2
1,138.2
2,138.2
2,138.2
3,138.2
3,138.2
4,137.7
4,137.7
5,137.2
5,137.2
6,137.2
6,137.2
0,137.2
0,137.2
1,137.2
1,137.2
2,137.2
2,137.2
3,137.2
3,137.2
4,137.2
4,137.2
5,137.2
5,137.2
6,137.2
6,137.2
0,137.2
0,137.2
1,137.2
1,137.2
2,137.2
2,137.2
3,137.2
3,137.2
4,137.2
4,137.2
5,137.2
5,137.2
6,137.2
6,137.2
0,137.2
0,137.2
1,137.2
1,137.2
2,143.8
2,143.8
3,150.4
3,150.4
4,150.4
4,150.4
5,150.4
5,150.4
6,150.4
6,148.9
0,148.9
0,148.9
1,148.9
1,148.9
2,148.9
2,148.9
3,148.9
3,148.9
4,148.9
4,148.9
5,148.9
5,148.9
6,148.9
6,148.9
0,148.3
0,148.3
1,148.3
1,148.3
2,151.3
2,151.3
3,151.3
3,151.3
4,151.3
4,151.3
5,151.3
5,151.3
6,151.3
6,150.9
0,150.9
0,150.9
1,150.9
1,150.9
2,150.9
2,150.9
3,150.9
3,150.9
4,150.9
4,150.9
5,150.9
5,150.9
6,150.9
6,150.9
0,150.9
0,150.9
1,147.7
1,147.7
2,147.7
2,147.7
3,147.7
3,147.7
4,147.7
4,147.7
5,147.7
5,147.7
6,147.7
6,147.7
0,147.7
0,147.7
1,147.7
1,147.7
2,147.7
2,147.7
3,147.7
3,147.7
4,147.7
4,147.6
5,147.6
5,147.6
6,147.6
6,147.6
0,147.6
0,147.6
1,147.6
1,147.6
2,147.6
2,147.6
3,147.6
3,147.6
4,147.6
4,147.6
5,147.6
5,147.6
6,147.6
6,147.6
0,147.6
0,147.6
1,147.6
1,154.2
2,154.2
2,154.2
3,154.2
3,154.2
4,154.2
4,154.2
5,154.2
5,154.2
6,154.2
6,154.2
0,154.2
0,154.2
1,154.2
1,154.2
2,154.2
2,154.2
3,154.2
3,154.2
4,154.2
4,154.2
5,154.2
5,154.2
6,154.2
6,154.2
0,154.2
0,154.2
1,154.2
1,154.2
2,154.2
2,154.2
3,154.2
3,154.2
4,154.2
4,154.2
5,154.2
5,154.2
6,154.2
6,154.2
0,154.2
0,154.2
1,154.2
1,154.2
2,154.2
2,154.2
3,154.2
3,154.2
4,154.2
4,154.2
5,154.2
5,154.2
6,154.2
6,154.2
0,154.2
0,154.2
1,154.2
1,154.2
2,154.2
2,154.2
3,154.2
3,154.2
4,154.2
4,154.2
5,154.2
5,154.2
6,154.2
6,154.2
0,154.2
0,154.2
1,154.2
1,154.2
2,154.2
2,154.2
3,154.2
3,160.7
4,160.7
4,160.7
5,160.7
5,160.7
6,160.7
6,160.7
0,160.7
0,160.7
1,160.7
1,160.7
2,160.7
2,160.7
3,160.7
3,160.7
4,160.7
4,160.7
5,160.7
5,160.7
6,160.7
6,160.7
0,160.7
0,160.7
1,160.7
1,160.7
2,160.7
2,160.7
3,160.7
3,160.7
4,160.7
4,160.7
5,160.7
5,160.7
6,160.7
6,160.7
0,160.7
0,160.7
1,160.7
1,160.7
2,160.7
2,160.7
3,160.7
3,160.7
4,160.7
4,160.7
5,160.7
5,160.7
6,160.7
6,160.7
0,160.7
0,160.7
1,160.7
1,160.7
2,160.7
2,160.7
3,160.7
3,160.7
4,160.7
4,160.7
5,160.7
5,160.7
6,160.7
6,160.7
0,160.7
0,160.7
1,160.7
1,160.7
2,160.7
2,160.7
3,160.7
3,160.7
4,160.7
4,160.7
5,160.7
5,160.7
6,160.7
6,160.7
0,160.7
0,160.7
1,160.7
1,160.7
2,160.7
2,160.7
3,160.7
3,160.7
4,160.7
4,160.7
5,160.7
5,160.7
6,160.7
6,160.7
0,160.7
0,160.7
1,160.7
1,160.7
2,160.7
2,160.7
3,160.7
3,160.7
4,160.7
4,160.7
5,160.7
5,160.7
6,160.7
6,160.7
0,160.7
0,160.7
1,160.7
1,160.7
2,160.7
2,160.7
3,160.7
3,160.7
4,160.7
4,160.7
5,160.7
5,160.7
6,160.7
6,160.7
0,160.7
0,160.7
1,160.7
1,160.7
2,160.7
2,160.7
3,160.7
3,160.7
4,160.7
4,160.7
5,160.7
5,160.7
6,160.7
6,160.7
0,160.7
0,160.7
1,160.7
1,160.7
2,160.7
2,160.7
3,160.7
3,160.7
4,160.7
4,160.7
5,160.7
5,160.7
6,160.7
6,160.7
0,160.7
0,160.7
1,160.7
1,160.7
2,160.7
2,160.7
3,160.7
3,160.7
4,160.7
4,160.7
5,160.7
5,160.7
6,160.7
6,160.7
0,160.7
0,160.7
1,160.7
1,160.7
2,160.7
2,160.7
3,160.7
3,160.7
4,160.7
4,160.7
5,160.7
5,160.7
6,160.7
6,160.7
0,160.7
0,160.7
1,160.7
1,160.7
2,160.7
2,160.16666666666666
3,160.16666666666666
3,160.16666666666666
4,160.16666666666666
4,160.16666666666666
5,160.16666666666666
5,160.16666666666666
6,160.16666666666666
6,160.16666666666666
0,160.16666666666666
0,160.16666666666666
1,160.16666666666666
1,160.16666666666666
2,159.45
2,159.45
3,158.9
3,158.7
4,158.10000000000002
4,158.10000000000002
5,158.10000000000002
5,158.10000000000002
6,158.10000000000002
6,158.10000000000002
0,157.7
0,157.7
1,157.7
1,157.7
2,157.7
2,157.7
3,157.7
3,157.7
4,159.83333333333334
4,159.83333333333334
5,159.83333333333334
5,159.83333333333334
6,159.83333333333334
6,159.83333333333334
0,159.83333333333334
0,159.83333333333334
1,159.83333333333334
1,159.83333333333334
2,159.83333333333334
2,159.83333333333334
3,158.63333333333333
3,158.63333333333333
4,158.63333333333333
4,158.63333333333333
5,158.63333333333333
5,158.63333333333333
6,158.63333333333333
6,158.63333333333333
0,158.63333333333333
0,159.76666666666665
1,159.76666666666665
1,159.76666666666665
2,159.76666666666665
2,159.76666666666665
3,157.55
3,157.55
4,157.55
4,157.55
5,157.55
5,157.55
6,157.55
6,157.55
0,157.55
0,157.55
1,158.9
1,158.9
2,158.9
2,158.9
3,158.9
3,158.9
4,158.9
4,158.9
5,158.9
5,158.9
6,158.9
6,158.9
0,161.5666666666667
0,161.5666666666667
1,161.5666666666667
1,161.5666666666667
2,161.5666666666667
2,170.9
3,170.9
3,170.9
4,170.9
4,170.4
5,170.4
5,170.4
6,170.4
6,170.4
0,170.4
0,170.4
1,170.4
1,170.4
2,170.4
2,170.4
3,170.4
3,170.4
4,170.4
4,170.4
5,170.4
5,170.4
6,170.4
6,170.4
0,168.9
0,168.9
1,168.9
1,168.9
2,168.9
2,168.9
3,168.9
3,168.9
4,168.9
4,168.9
5,168.9
5,168.9
6,168.9
6,168.9
