0,0
0,0
1,0
1,0
2,0
2,0
3,0
3,0
4,132.9
4,132.9
5,132.9
5,132.9
6,132.9
6,132.9
0,132.9
0,132.9
1,130.9
1,130.9
2,130.9
2,130.9
3,130.9
3,130.9
4,129.9
4,129.9
5,129.9
5,129.9
6,129.9
6,129.9
0,129.9
0,129.9
1,129.95
1,129.95
2,129.95
2,129.95
3,129.95
3,129.95
4,129.95
4,129.95
5,129.95
5,129.95
6,129.95
6,129.95
0,129.95
0,129.95
1,129.95
1,129.95
2,129.95
2,129.95
3,129.95
3,129.95
4,129.95
4,130.0
5,129.9
5,129.9
6,129.9
6,129.9
0,129.9
0,129.9
1,127.9
1,127.9
2,127.9
2,127.9
3,127.9
3,127.9
4,127.9
4,127.9
5,127.9
5,127.9
6,127.9
6,127.9
0,127.9
0,127.9
1,127.9
1,127.9
2,127.9
2,128.0
3,139.32857142857142
3,139.32857142857142
4,139.32857142857142
4,139.32857142857142
5,139.32857142857142
5,139.32857142857142
6,139.32857142857142
6,139.32857142857142
0,138.4
0,138.4
1,129.20000000000002
1,129.20000000000002
2,129.20000000000002
2,129.20000000000002
3,129.20000000000002
3,129.20000000000002
4,129.20000000000002
4,129.20000000000002
5,129.20000000000002
5,129.20000000000002
6,129.20000000000002
6,129.20000000000002
0,129.20000000000002
0,125.9
1,125.9
1,125.9
2,127.2
2,127.2
3,127.2
3,127.2
4,127.2
4,127.2
5,127.2
5,127.2
6,127.2
6,127.2
0,127.2
0,127.2
1,127.2
1,127.2
2,127.2
2,127.2
3,127.2
3,127.2
4,127.2
4,127.2
5,127.2
5,127.2
6,127.2
6,127.2
0,127.2
0,127.2
1,127.2
1,127.2
2,127.2
2,127.2
3,127.2
3,127.2
4,127.2
4,127.2
5,127.2
5,127.2
6,127.2
6,127.2
0,127.2
0,127.2
1,127.2
1,127.2
2,127.2
2,127.2
3,127.2
3,127.2
4,127.2
4,127.2
5,127.2
5,127.2
6,127.2
6,127.2
0,127.2
0,127.2
1,127.2
1,127.2
2,127.2
2,127.2
3,127.2
3,127.2
4,127.2
4,127.2
5,127.2
5,127.2
6,127.2
6,127.2
0,127.2
0,127.2
1,127.2
1,127.2
2,127.2
2,127.2
3,127.2
3,127.2
4,127.2
4,127.2
5,127.2
5,127.2
6,127.2
6,127.2
0,127.2
0,127.2
1,127.2
1,127.2
2,127.2
2,127.2
3,127.2
3,127.2
4,127.2
4,127.2
5,127.2
5,127.2
6,127.2
6,127.2
0,127.2
0,127.2
1,127.2
1,127.2
2,127.2
2,127.2
3,127.2
3,127.2
4,127.2
4,127.2
5,127.2
5,127.2
6,127.2
6,127.2
0,127.2
0,127.2
1,127.2
1,127.2
2,127.2
2,127.2
3,127.2
3,127.2
4,127.2
4,127.2
5,127.2
5,127.2
6,127.2
6,127.2
0,127.2
0,127.2
1,127.2
1,127.2
2,127.2
2,127.2
3,127.2
3,127.2
4,127.2
4,127.2
5,127.2
5,127.2
6,127.2
6,127.2
0,127.2
0,127.2
1,127.2
1,127.2
2,127.2
2,127.2
3,127.2
3,127.2
4,127.2
4,127.2
5,127.2
5,144.8
6,144.9
6,144.8
0,144.8
0,144.8
1,144.8
1,144.8
2,144.8
2,144.8
3,144.8
3,144.8
4,144.8
4,144.8
5,144.8
5,144.8
6,144.8
6,144.8
0,144.8
0,144.8
1,148.9
1,148.9
2,148.9
2,148.9
3,148.9
3,148.9
4,148.9
4,148.9
5,148.9
5,148.9
6,148.9
6,148.9
0,148.9
0,148.9
1,147.92499999999998
1,147.92499999999998
2,147.92499999999998
2,144.8
3,144.8
3,144.8
4,144.8
4,144.8
5,144.8
5,144.8
6,144.8
6,144.8
0,144.8
0,144.8
1,144.8
1,144.8
2,144.8
2,144.8
3,144.8
3,144.8
4,144.9
4,144.8
5,144.8
5,144.8
6,144.8
6,144.8
0,144.8
0,144.8
1,144.8
1,144.8
2,144.8
2,144.8
3,144.8
3,144.8
4,144.8
4,144.8
5,144.8
5,144.8
6,144.8
6,144.8
0,165.9
0,165.9
1,165.9
1,165.9
2,165.9
2,163.9
3,163.9
3,163.9
4,163.9
4,163.9
5,163.9
5,163.9
6,163.9
6,163.9
0,163.9
0,163.9
1,163.9
1,163.9
2,163.9
2,163.9
3,163.9
3,163.9
4,163.9
4,163.9
5,163.9
5,163.9
6,163.9
6,163.9
0,163.9
0,158.9
1,158.9
1,158.9
2,158.9
2,158.9
3,158.9
3,158.9
4,158.9
4,158.9
5,158.9
5,158.9
6,158.9
6,158.9
0,158.9
0,158.9
1,158.9
1,158.9
2,158.9
2,158.9
3,158.95
3,158.95
4,158.95
4,158.95
5,158.95
5,158.95
6,158.95
6,158.95
0,158.95
0,158.95
1,158.95
1,158.95
2,158.95
2,158.95
3,158.95
3,158.95
4,158.95
4,158.95
5,158.95
5,158.95
6,158.95
6,158.95
0,158.95
0,158.95
1,158.95
1,158.95
2,158.95
2,158.95
3,158.95
3,158.95
4,158.95
4,158.95
5,158.95
5,158.95
6,158.95
6,158.95
0,158.95
0,158.95
1,158.95
1,158.95
2,158.95
2,158.95
3,158.95
3,158.95
4,158.95
4,158.95
5,158.95
5,158.95
6,158.95
6,158.95
0,158.95
0,158.95
1,158.95
1,158.95
2,158.95
2,158.95
3,158.95
3,155.15
4,155.15
4,155.15
5,155.15
5,155.15
6,155.15
6,155.15
0,155.15
0,149.9
1,149.9
1,146.9
2,146.9
2,143.9
3,140.7
3,140.7
4,140.7
4,140.7
5,140.7
5,140.7
6,140.7
6,140.7
0,140.7
0,140.7
1,140.7
1,140.7
2,139.2
2,139.2
3,139.2
3,139.2
4,139.2
4,139.2
5,139.2
5,139.2
6,139.2
6,139.2
0,139.2
0,139.2
1,139.2
1,139.2
2,136.7
2,136.7
3,136.7
3,136.7
4,136.7
4,136.7
5,136.7
5,136.7
6,136.7
6,136.7
0,136.7
0,135.5
1,134.7
1,134.7
2,134.7
2,134.7
3,134.7
3,134.7
4,134.7
4,134.7
5,134.7
5,134.7
6,134.7
6,134.7
0,134.7
0,134.7
1,134.7
1,134.7
2,134.7
2,134.7
3,134.7
3,134.7
4,134.7
4,134.7
5,134.7
5,134.7
6,134.7
6,134.7
0,134.7
0,134.7
1,134.7
1,152.85
2,156.9
2,156.9
3,156.9
3,136.9
4,136.9
4,136.9
5,136.9
5,136.9
6,136.9
6,136.9
0,136.9
0,136.9
1,136.9
1,136.9
2,136.9
2,136.9
3,136.9
3,136.9
4,136.9
4,136.9
5,136.9
5,136.9
6,136.9
6,136.9
0,136.9
0,136.9
1,136.9
1,136.9
2,136.9
2,158.9
3,158.9
3,158.9
4,158.9
4,158.9
5,158.9
5,158.9
6,158.9
6,158.9
0,158.9
0,158.9
1,158.9
1,158.9
2,158.9
2,158.9
3,158.9
3,158.9
4,158.9
4,158.9
5,158.9
5,158.9
6,158.9
6,158.9
0,158.9
0,158.9
1,158.9
1,158.9
2,158.9
2,158.9
3,158.9
3,158.9
4,158.9
4,158.9
5,158.9
5,158.9
6,158.9
6,158.9
0,158.9
0,158.9
1,158.9
1,158.9
2,158.9
2,158.9
3,158.9
3,158.9
4,153.9
4,153.9
5,153.9
5,153.9
6,153.9
6,153.9
0,148.9
0,151.4
1,151.4
1,151.4
2,143.9
2,148.9
3,143.9
3,148.9
4,148.9
4,148.9
5,148.9
5,148.9
6,148.9
6,148.9
0,148.9
0,148.9
1,148.9
1,148.9
2,145.9
2,145.9
3,145.9
3,145.9
4,145.9
4,145.9
5,145.9
5,145.9
6,145.9
6,145.9
0,145.9
0,145.9
1,145.9
1,145.9
2,145.9
2,145.9
3,145.9
3,145.9
4,145.9
4,145.9
5,145.9
5,145.9
6,145.9
6,145.9
0,145.9
0,145.9
1,145.9
1,145.9
2,145.9
2,145.9
3,145.9
3,145.9
4,145.9
4,145.9
5,145.9
5,145.9
6,145.9
6,145.9
0,145.9
0,145.9
1,145.9
1,145.9
2,145.9
2,145.9
3,145.9
3,145.9
4,145.9
4,145.9
5,145.9
5,145.9
6,145.9
6,145.9
0,145.9
0,145.9
1,145.9
1,145.9
2,145.9
2,145.9
3,145.9
3,145.9
4,145.9
4,145.9
5,145.9
5,145.9
6,145.9
6,145.9
0,145.9
0,145.9
1,145.9
1,145.9
2,145.9
2,145.9
3,145.9
3,145.9
4,145.9
4,145.9
5,145.9
5,145.9
6,145.9
6,145.9
0,145.9
0,145.9
1,145.9
1,132.9
2,132.9
2,132.9
3,132.9
3,132.9
4,132.9
4,132.9
5,132.9
5,132.9
6,132.9
6,132.9
0,132.9
0,132.9
1,132.9
1,132.9
2,132.9
2,132.9
3,132.9
3,132.9
4,132.9
4,132.9
5,132.9
5,132.9
6,132.9
6,132.9
0,132.9
0,132.9
1,132.9
1,132.9
2,132.9
2,132.9
3,132.9
3,132.9
4,132.9
4,132.9
5,132.9
5,132.9
6,132.9
6,132.9
0,132.9
0,132.9
1,132.9
1,132.9
2,132.9
2,132.9
3,132.9
3,132.9
4,132.9
4,132.9
5,132.9
5,132.9
6,132.9
6,132.3
0,132.3
0,132.3
1,132.3
1,132.3
2,132.3
2,153.9
3,153.9
3,153.9
4,153.9
4,153.9
5,153.9
5,153.9
6,153.9
6,153.9
0,153.9
0,153.9
1,153.9
1,153.9
2,153.9
2,153.9
3,153.9
3,153.9
4,153.9
4,153.9
5,153.9
5,153.9
6,153.9
6,153.9
0,153.9
0,153.9
1,153.9
1,153.9
2,153.9
2,153.9
3,153.9
3,153.9
4,153.9
4,150.9
5,150.9
5,150.9
6,150.9
6,150.9
0,150.9
0,150.9
1,150.9
1,150.9
2,145.9
2,145.9
3,145.9
3,145.9
4,145.9
4,144.4
5,144.4
5,144.4
6,144.4
6,144.4
0,144.4
0,144.4
1,144.4
1,144.4
2,144.4
2,144.4
3,144.4
3,144.4
4,144.4
4,144.4
5,144.4
5,144.4
6,144.4
6,144.4
0,144.4
0,144.4
1,144.4
1,144.4
2,144.4
2,144.4
3,144.4
3,144.4
4,144.4
4,144.4
5,144.4
5,144.4
6,144.4
6,144.4
0,144.4
0,142.2
1,142.2
1,142.2
2,142.2
2,142.2
3,142.2
3,142.2
4,142.2
4,142.2
5,141.2
5,141.2
6,141.2
6,140.9
0,140.9
0,140.9
1,140.9
1,140.2
2,139.9
2,139.9
3,139.9
3,139.9
4,139.9
4,139.9
5,139.9
5,139.9
6,139.9
6,139.9
0,139.9
0,139.9
1,138.0
1,137.7
2,137.7
2,137.7
3,137.7
3,137.7
4,137.7
4,137.7
5,137.7
5,137.7
6,137.7
6,137.7
0,137.7
0,137.7
1,137.7
1,137.7
2,137.7
2,137.7
3,137.7
3,137.7
4,137.7
4,137.7
5,137.7
5,137.7
6,137.7
6,137.7
0,137.7
0,137.7
1,137.7
1,137.7
2,137.7
2,137.7
3,137.7
3,137.7
4,137.7
4,137.7
5,163.9
5,163.9
6,163.9
6,163.9
0,163.9
0,163.9
1,163.9
1,163.9
2,163.9
2,161.55
3,161.55
3,161.55
4,161.55
4,161.55
5,161.55
5,161.55
6,161.55
6,161.55
0,161.55
0,161.55
1,161.55
1,158.9
2,158.9
2,158.9
3,158.9
3,159.7
4,159.7
4,159.7
5,159.7
5,159.7
6,159.7
6,159.7
0,159.7
0,155.9
1,158.8
1,156.7
2,156.7
2,156.7
3,156.7
3,156.7
4,156.5
4,156.5
5,156.5
5,154.5
6,153.7
6,153.7
0,153.7
0,153.7
1,154.3
1,154.3
2,153.5
2,153.3
3,153.3
3,153.3
4,153.3
4,153.3
5,153.3
5,153.3
6,153.3
6,153.3
0,153.3
0,152.7
1,152.7
1,152.7
2,152.7
2,152.7
3,154.9
3,154.9
4,154.9
4,151.9
5,151.9
5,151.9
6,151.9
6,151.9
0,151.9
0,151.3
1,151.3
1,151.3
2,151.3
2,151.3
3,151.3
3,153.03333333333333
4,153.03333333333333
4,153.03333333333333
5,153.03333333333333
5,153.03333333333333
6,153.03333333333333
6,153.03333333333333
0,153.03333333333333
0,153.03333333333333
1,153.03333333333333
1,153.03333333333333
2,153.03333333333333
2,153.03333333333333
3,153.03333333333333
3,151.7
4,151.7
4,151.7
5,151.7
5,163.5
6,163.5
6,163.5
0,163.5
0,163.5
1,163.5
1,166.85000000000002
2,166.85000000000002
2,166.85000000000002
3,166.85000000000002
3,166.85000000000002
4,166.85000000000002
4,166.85000000000002
5,166.85000000000002
5,166.85000000000002
6,166.85000000000002
6,166.85000000000002
0,166.85000000000002
0,166.85000000000002
1,166.85000000000002
1,166.85000000000002
2,166.85000000000002
2,166.85000000000002
3,166.85000000000002
3,168.2
4,168.2
4,166.7
5,166.7
5,166.7
6,166.7
6,166.7
0,166.7
0,166.7
1,166.7
1,166.7
2,166.7
2,166.7
3,166.7
3,166.7
4,166.7
4,166.7
5,166.7
5,166.7
6,166.7
6,166.7
0,166.7
0,166.7
1,166.7
1,165.9
2,164.5666666666667
2,166.5
3,166.5
3,163.23333333333335
4,163.23333333333335
4,163.23333333333335
5,163.23333333333335
5,163.23333333333335
6,163.23333333333335
6,163.23333333333335
0,167.4
0,167.4
1,167.4
1,167.4
2,167.4
2,168.5
3,168.5
3,168.42499999999998
4,168.06666666666666
4,166.16666666666669
5,166.16666666666669
5,166.16666666666669
6,166.16666666666669
6,166.5666666666667
0,166.5666666666667
0,165.6
1,166.5
1,166.5
2,163.7
2,163.7
3,163.7
3,164.92222222222222
4,164.92222222222222
4,162.23333333333335
5,162.23333333333335
5,162.23333333333335
6,162.23333333333335
6,162.23333333333335
0,164.03333333333333
0,160.9
1,160.9
1,159.9
2,159.9
2,159.9
3,159.9
3,161.5
4,161.5
4,159.3
5,159.85
5,157.5
6,157.5
6,160.3
0,160.3
0,160.3
1,160.3
1,160.3
2,160.3
2,159.14999999999998
3,158.25
3,158.25
4,158.25
4,158.25
5,158.25
5,158.25
6,158.25
6,158.25
0,158.25
0,158.25
1,158.25
1,158.25
2,157.7
2,155.23333333333335
3,155.23333333333335
3,155.23333333333335
4,155.23333333333335
4,155.23333333333335
5,155.23333333333335
5,155.23333333333335
6,155.23333333333335
6,155.23333333333335
0,155.23333333333335
0,155.23333333333335
1,155.7
1,155.7
2,155.7
2,155.7
3,155.7
3,155.7
4,162.1
4,168.9
5,168.9
5,168.9
6,168.9
6,168.9
0,168.9
0,168.9
1,168.9
1,168.9
2,168.9
2,168.9
3,168.9
3,168.9
4,168.9
4,168.9
5,168.83333333333334
5,168.83333333333334
6,168.7
6,168.7
0,168.55
0,168.1
1,168.76666666666665
1,166.9
2,168.9
2,168.9
3,168.9
3,163.9
4,163.9
4,163.5
5,163.5
5,163.5
6,163.5
6,160.5666666666667
0,159.5
0,157.9
1,157.9
1,157.9
2,157.9
2,157.9
3,157.9
3,157.9
4,157.9
4,157.9
5,157.9
5,159.36666666666665
6,159.36666666666665
6,159.36666666666665
0,160.7
0,160.7
1,160.7
1,160.7
2,160.7
2,157.9
3,157.9
3,157.9
4,157.9
4,157.9
5,157.9
5,157.9
6,157.9
6,157.9
0,157.9
0,157.9
1,157.9
1,157.9
2,157.9
2,156.15
3,154.9
3,154.9
4,154.9
4,154.9
5,154.9
5,154.9
6,154.9
6,152.65
0,152.65
0,159.9
1,159.9
1,159.9
2,159.9
2,150.7
3,157.5666666666667
3,153.9
4,153.9
4,153.9
5,153.9
5,153.9
6,153.9
6,153.9
0,153.9
0,153.9
1,156.53333333333333
1,156.53333333333333
2,156.53333333333333
2,156.53333333333333
3,156.53333333333333
3,156.53333333333333
4,156.53333333333333
4,156.53333333333333
5,156.53333333333333
5,156.53333333333333
6,156.53333333333333
6,156.53333333333333
0,168.65
0,168.65
1,170.9
1,170.9
2,170.9
2,170.9
3,170.9
3,170.9
4,170.9
4,170.9
5,170.9
5,170.9
6,170.9
6,170.9
0,170.9
0,170.9
1,170.9
1,170.9
2,170.9
2,170.9
3,170.9
3,170.9
4,170.9
4,170.9
5,170.9
5,170.9
6,170.9
6,170.9
0,170.9
0,170.9
1,170.9
1,170.9
2,170.9
2,170.9
3,170.9
3,170.9
4,170.9
4,170.9
5,170.9
5,170.9
6,170.9
6,170.9
