0,0
0,0
1,136.9
1,136.9
2,136.9
2,136.9
3,135.9
3,135.9
4,134.9
4,134.9
5,134.9
5,134.9
6,133.9
6,133.9
0,133.9
0,133.9
1,133.9
1,133.9
2,133.9
2,133.9
3,133.9
3,133.9
4,133.9
4,133.9
5,133.9
5,133.9
6,133.9
6,133.9
0,133.9
0,133.9
1,133.9
1,133.9
2,133.9
2,133.9
3,133.9
3,133.9
4,133.9
4,133.9
5,133.9
5,133.9
6,133.9
6,133.9
0,133.9
0,133.9
1,133.9
1,133.9
2,133.9
2,133.9
3,133.9
3,133.9
4,133.9
4,133.9
5,133.9
5,133.9
6,133.9
6,133.9
0,133.9
0,133.9
1,133.9
1,133.9
2,133.9
2,133.9
3,133.9
3,133.9
4,133.9
4,133.9
5,133.9
5,133.9
6,133.63333333333333
6,133.63333333333333
0,133.63333333333333
0,133.63333333333333
1,133.63333333333333
1,133.63333333333333
2,133.63333333333333
2,133.63333333333333
3,133.63333333333333
3,133.63333333333333
4,133.63333333333333
4,133.63333333333333
5,133.63333333333333
5,133.63333333333333
6,133.55
6,133.55
0,133.55
0,133.55
1,133.55
1,133.55
2,133.55
2,133.55
3,133.55
3,133.55
4,133.55
4,133.55
5,133.55
5,133.55
6,133.55
6,133.55
0,133.55
0,133.55
1,133.55
1,133.55
2,132.96666666666667
2,132.96666666666667
3,132.96666666666667
3,132.96666666666667
4,132.96666666666667
4,132.96666666666667
5,132.96666666666667
5,132.96666666666667
6,132.96666666666667
6,132.96666666666667
0,132.96666666666667
0,132.96666666666667
1,132.96666666666667
1,132.96666666666667
2,132.96666666666667
2,132.96666666666667
3,132.96666666666667
3,132.96666666666667
4,132.96666666666667
4,132.96666666666667
5,132.96666666666667
5,132.96666666666667
6,132.96666666666667
6,132.96666666666667
0,132.96666666666667
0,132.96666666666667
1,132.96666666666667
1,132.96666666666667
2,132.96666666666667
2,132.96666666666667
3,132.96666666666667
3,132.96666666666667
4,132.96666666666667
4,132.96666666666667
5,132.96666666666667
5,132.96666666666667
6,132.96666666666667
6,132.96666666666667
0,132.96666666666667
0,132.96666666666667
1,132.96666666666667
1,132.96666666666667
2,132.96666666666667
2,132.96666666666667
3,132.96666666666667
3,132.96666666666667
4,132.96666666666667
4,132.96666666666667
5,132.96666666666667
5,132.96666666666667
6,132.96666666666667
6,132.96666666666667
0,132.96666666666667
0,132.96666666666667
1,132.96666666666667
1,132.96666666666667
2,132.96666666666667
2,132.96666666666667
3,132.96666666666667
3,132.96666666666667
4,132.96666666666667
4,132.96666666666667
5,132.96666666666667
5,132.96666666666667
6,132.96666666666667
6,132.96666666666667
0,132.96666666666667
0,132.96666666666667
1,132.96666666666667
1,132.96666666666667
2,132.96666666666667
2,132.96666666666667
3,132.96666666666667
3,132.96666666666667
4,132.96666666666667
4,132.96666666666667
5,132.96666666666667
5,132.96666666666667
6,132.96666666666667
6,132.96666666666667
0,132.96666666666667
0,132.96666666666667
1,132.96666666666667
1,132.96666666666667
2,132.96666666666667
2,132.96666666666667
3,132.96666666666667
3,132.96666666666667
4,132.96666666666667
4,132.96666666666667
5,132.96666666666667
5,132.96666666666667
6,132.96666666666667
6,132.96666666666667
0,132.96666666666667
0,132.96666666666667
1,132.96666666666667
1,132.96666666666667
2,132.96666666666667
2,132.96666666666667
3,132.96666666666667
3,132.96666666666667
4,132.96666666666667
4,132.96666666666667
5,132.96666666666667
5,132.96666666666667
6,132.96666666666667
6,132.96666666666667
0,132.96666666666667
0,132.96666666666667
1,132.96666666666667
1,132.96666666666667
2,132.96666666666667
2,132.96666666666667
3,132.96666666666667
3,132.96666666666667
4,132.96666666666667
4,132.96666666666667
5,132.96666666666667
5,132.96666666666667
6,132.96666666666667
6,132.96666666666667
0,132.96666666666667
0,132.96666666666667
1,132.96666666666667
1,132.96666666666667
2,132.96666666666667
2,132.96666666666667
3,132.96666666666667
3,132.96666666666667
4,132.96666666666667
4,132.96666666666667
5,132.96666666666667
5,132.96666666666667
6,132.96666666666667
6,132.96666666666667
0,132.96666666666667
0,132.96666666666667
1,132.96666666666667
1,132.96666666666667
2,132.96666666666667
2,132.96666666666667
3,132.96666666666667
3,132.96666666666667
4,132.96666666666667
4,132.96666666666667
5,132.96666666666667
5,132.96666666666667
6,132.96666666666667
6,132.96666666666667
0,132.96666666666667
0,132.96666666666667
1,132.96666666666667
1,141.35000000000002
2,141.35000000000002
2,141.35000000000002
3,141.35000000000002
3,141.35000000000002
4,141.35000000000002
4,141.35000000000002
5,141.35000000000002
5,141.35000000000002
6,141.35000000000002
6,141.35000000000002
0,141.35000000000002
0,141.35000000000002
1,146.36666666666667
1,146.36666666666667
2,146.36666666666667
2,146.36666666666667
3,146.36666666666667
3,146.36666666666667
4,146.36666666666667
4,146.36666666666667
5,146.36666666666667
5,146.36666666666667
6,146.36666666666667
6,146.36666666666667
0,146.36666666666667
0,146.36666666666667
1,146.36666666666667
1,146.36666666666667
2,146.36666666666667
2,146.36666666666667
3,146.36666666666667
3,146.36666666666667
4,146.36666666666667
4,146.36666666666667
5,146.36666666666667
5,146.36666666666667
6,146.36666666666667
6,146.36666666666667
0,146.36666666666667
0,146.36666666666667
1,146.36666666666667
1,146.36666666666667
2,146.36666666666667
2,144.9
3,144.9
3,144.9
4,144.9
4,144.9
5,142.9
5,142.9
6,142.9
6,142.9
0,142.9
0,142.9
1,142.9
1,142.9
2,142.9
2,142.9
3,142.9
3,141.7
4,141.7
4,141.7
5,141.7
5,141.7
6,141.7
6,141.7
0,141.7
0,156.4
1,156.4
1,156.4
2,156.4
2,156.4
3,156.4
3,156.4
4,156.4
4,156.4
5,156.4
5,156.4
6,156.4
6,156.4
0,156.4
0,156.4
1,156.4
1,156.4
2,156.4
2,156.4
3,156.4
3,162.9
4,162.9
4,162.9
5,162.9
5,162.9
6,162.9
6,162.9
0,162.9
0,162.9
1,162.9
1,162.9
2,162.9
2,162.9
3,162.9
3,162.9
4,162.9
4,162.9
5,162.9
5,162.9
6,162.9
6,162.9
0,162.9
0,162.9
1,162.9
1,161.9
2,161.9
2,161.9
3,161.9
3,161.9
4,161.9
4,161.9
5,161.9
5,161.9
6,161.9
6,161.9
0,161.9
0,161.9
1,161.9
1,161.9
2,161.9
2,161.9
3,161.9
3,161.9
4,161.9
4,161.7
5,161.7
5,161.7
6,161.7
6,161.7
0,161.7
0,161.7
1,161.7
1,160.9
2,160.9
2,160.9
3,160.9
3,160.9
4,160.7
4,160.7
5,160.7
5,160.7
6,160.7
6,160.7
0,160.7
0,160.7
1,160.7
1,160.7
2,160.7
2,160.7
3,160.7
3,160.7
4,160.7
4,160.7
5,160.7
5,160.7
6,160.7
6,160.7
0,160.7
0,160.7
1,160.7
1,160.7
2,160.7
2,160.7
3,160.7
3,160.7
4,160.7
4,160.7
5,160.7
5,160.7
6,160.7
6,160.7
0,160.7
0,160.7
1,160.7
1,160.7
2,160.7
2,160.7
3,160.7
3,160.7
4,160.7
4,160.7
5,160.7
5,160.7
6,160.7
6,160.7
0,160.7
0,160.7
1,160.7
1,160.7
2,160.7
2,160.7
3,160.7
3,160.7
4,160.7
4,158.7
5,158.7
5,158.7
6,158.7
6,158.7
0,158.7
0,158.7
1,158.7
1,158.7
2,158.7
2,158.7
3,158.7
3,151.9
4,151.9
4,151.9
5,151.9
5,151.9
6,151.9
6,151.9
0,151.9
0,151.9
1,151.9
1,151.9
2,151.9
2,151.9
3,151.9
3,151.9
4,151.9
4,151.9
5,151.9
5,151.9
6,151.9
6,151.9
0,151.9
0,151.9
1,151.9
1,151.9
2,151.9
2,151.9
3,151.9
3,151.9
4,151.9
4,151.9
5,151.9
5,151.9
6,151.9
6,151.9
0,151.9
0,151.9
1,151.9
1,151.9
2,151.9
2,151.9
3,151.9
3,151.9
4,151.9
4,151.9
5,151.9
5,151.9
6,151.9
6,151.9
0,151.9
0,151.9
1,151.9
1,151.9
2,151.9
2,151.9
3,151.9
3,151.9
4,151.9
4,151.9
5,151.9
5,151.9
6,151.9
6,151.9
0,151.9
0,151.9
1,151.9
1,151.9
2,151.9
2,151.9
3,151.9
3,151.9
4,151.9
4,150.9
5,150.9
5,150.9
6,150.9
6,150.9
0,150.9
0,150.9
1,150.9
1,150.9
2,150.9
2,150.9
3,150.9
3,150.9
4,150.9
4,150.9
5,150.9
5,150.9
6,150.9
6,150.9
0,150.9
0,150.9
1,150.9
1,150.9
2,150.9
2,150.9
3,150.9
3,150.9
4,150.9
4,150.9
5,150.9
5,150.9
6,150.9
6,148.9
0,148.9
0,148.9
1,148.9
1,148.9
2,148.9
2,148.9
3,148.9
3,148.9
4,148.9
4,148.9
5,148.9
5,148.9
6,148.9
6,148.9
0,148.9
0,148.9
1,148.9
1,148.9
2,148.9
2,148.9
3,148.9
3,148.9
4,148.9
4,148.9
5,148.9
5,148.7
6,148.7
6,148.7
0,148.7
0,148.7
1,148.7
1,148.7
2,148.7
2,148.7
3,148.7
3,148.7
4,148.7
4,148.7
5,148.7
5,148.7
6,148.7
6,148.7
0,148.7
0,148.7
1,148.7
1,148.7
2,148.7
2,148.7
3,148.7
3,148.7
4,148.7
4,148.7
5,148.7
5,148.7
6,148.7
6,148.7
0,148.7
0,148.7
1,148.7
1,148.7
2,144.7
2,144.7
3,144.7
3,144.7
4,144.7
4,144.7
5,144.7
5,144.7
6,144.7
6,144.7
0,144.7
0,144.7
1,144.7
1,144.7
2,144.7
2,144.7
3,144.7
3,144.7
4,144.7
4,144.7
5,144.7
5,144.7
6,144.7
6,144.7
0,144.3
0,143.9
1,143.9
1,142.9
2,142.9
2,142.9
3,142.9
3,142.9
4,142.9
4,142.7
5,142.7
5,142.7
6,142.7
6,142.7
0,142.7
0,142.7
1,142.7
1,142.7
2,142.7
2,142.7
3,142.7
3,142.7
4,142.7
4,142.7
5,142.7
5,142.7
6,142.7
6,142.7
0,142.7
0,142.7
1,142.7
1,142.7
2,142.7
2,142.7
3,142.7
3,142.7
4,142.7
4,142.7
5,142.7
5,142.7
6,142.7
6,142.7
0,142.7
0,142.7
1,142.7
1,140.7
2,140.7
2,140.7
3,140.7
3,140.7
4,140.7
4,140.7
5,140.7
5,140.7
6,140.7
6,140.7
0,140.7
0,140.7
1,140.7
1,140.7
2,140.7
2,140.7
3,140.7
3,140.7
4,140.7
4,140.7
5,140.7
5,140.7
6,140.7
6,140.7
0,140.7
0,140.7
1,140.7
1,140.7
2,140.7
2,140.7
3,140.7
3,140.7
4,140.7
4,140.7
5,140.7
5,140.7
6,140.7
6,140.7
0,140.7
0,140.7
1,140.7
1,140.7
2,140.7
2,140.7
3,140.7
3,140.7
4,140.7
4,140.7
5,140.7
5,140.7
6,140.7
6,140.7
0,140.7
0,140.7
1,140.7
1,140.7
2,140.7
2,140.7
3,140.7
3,140.7
4,140.7
4,140.7
5,140.7
5,140.7
6,140.7
6,140.7
0,140.7
0,140.7
1,140.7
1,140.7
2,140.7
2,140.7
3,140.7
3,140.7
4,140.7
4,140.7
5,140.7
5,140.7
6,140.7
6,140.7
0,140.7
0,140.7
1,140.7
1,140.7
2,140.7
2,140.7
3,140.7
3,140.7
4,140.7
4,140.5
5,140.5
5,140.5
6,140.5
6,140.5
0,140.5
0,140.5
1,140.5
1,150.9
2,150.9
2,150.9
3,150.9
3,150.9
4,150.9
4,150.9
5,150.9
5,150.9
6,150.9
6,150.9
0,150.9
0,150.9
1,150.9
1,150.9
2,150.9
2,150.9
3,150.9
3,150.9
4,150.9
4,150.9
5,150.9
5,150.9
6,150.9
6,150.9
0,150.4
0,150.4
1,150.4
1,150.4
2,150.4
2,150.4
3,150.4
3,150.4
4,150.4
4,150.4
5,150.4
5,150.4
6,150.4
6,150.4
0,150.4
0,150.4
1,150.4
1,150.4
2,150.4
2,150.4
3,150.4
3,150.4
4,150.4
4,150.4
5,150.4
5,150.4
6,150.4
6,150.4
0,150.4
0,150.4
1,150.4
1,150.4
2,150.4
2,150.4
3,150.4
3,150.4
4,150.4
4,150.4
5,150.4
5,150.4
6,150.4
6,150.4
0,150.4
0,150.4
1,150.4
1,150.4
2,150.4
2,150.4
3,150.4
3,150.4
4,150.4
4,149.7
5,149.7
5,149.7
6,149.7
6,149.7
0,149.7
0,149.7
1,149.7
1,149.7
2,149.7
2,149.7
3,149.7
3,148.9
4,148.9
4,148.9
5,148.9
5,148.9
6,148.9
6,148.9
0,148.9
0,148.9
1,148.9
1,148.9
2,148.9
2,148.9
3,148.9
3,148.9
4,148.9
4,148.9
5,148.9
5,158.9
6,158.9
6,158.9
0,158.9
0,158.9
1,158.9
1,158.9
2,157.5666666666667
2,157.5666666666667
3,157.5666666666667
3,157.5666666666667
4,157.5666666666667
4,157.5666666666667
5,157.5666666666667
5,157.5666666666667
6,157.5666666666667
6,157.5666666666667
0,157.5666666666667
0,157.5666666666667
1,157.5666666666667
1,157.5666666666667
2,157.5666666666667
2,157.5666666666667
3,157.5666666666667
3,157.5666666666667
4,157.5666666666667
4,157.5666666666667
5,157.5666666666667
5,157.5666666666667
6,157.5666666666667
6,157.5666666666667
0,157.5666666666667
0,157.5666666666667
1,157.5666666666667
1,157.5666666666667
2,157.5666666666667
2,157.5666666666667
3,157.5666666666667
3,157.5666666666667
4,157.5666666666667
4,157.5666666666667
5,157.5666666666667
5,157.5666666666667
6,157.5666666666667
6,157.5666666666667
0,157.5666666666667
0,157.5666666666667
1,157.5666666666667
1,157.5666666666667
2,157.5666666666667
2,157.5666666666667
3,157.5666666666667
3,157.5666666666667
4,157.5666666666667
4,157.5666666666667
5,157.5666666666667
5,157.5666666666667
6,157.5666666666667
6,157.5666666666667
0,157.5666666666667
0,157.5666666666667
1,157.5666666666667
1,157.5666666666667
2,157.5666666666667
2,157.5666666666667
3,157.5666666666667
3,157.5666666666667
4,157.5666666666667
4,157.5666666666667
5,157.5666666666667
5,157.5666666666667
6,157.5666666666667
6,157.5666666666667
0,157.5666666666667
0,157.5666666666667
1,157.5666666666667
1,157.5666666666667
2,157.5666666666667
2,157.5666666666667
3,157.5666666666667
3,157.5666666666667
4,157.5666666666667
4,157.5666666666667
5,157.5666666666667
5,157.5666666666667
6,157.5666666666667
6,157.5666666666667
0,157.5666666666667
0,157.5666666666667
1,157.5666666666667
1,157.5666666666667
2,157.5666666666667
2,157.5666666666667
3,157.5666666666667
3,157.5666666666667
4,157.5666666666667
4,157.5666666666667
5,157.5666666666667
5,157.5666666666667
6,157.5666666666667
6,157.5666666666667
0,157.5666666666667
0,157.5666666666667
1,157.5666666666667
1,157.5666666666667
2,157.5666666666667
2,157.5666666666667
3,157.5666666666667
3,157.5666666666667
4,157.5666666666667
4,157.5666666666667
5,157.5666666666667
5,157.5666666666667
6,157.5666666666667
6,157.5666666666667
0,157.5666666666667
0,157.5666666666667
1,157.5666666666667
1,157.5666666666667
2,157.5666666666667
2,157.5666666666667
3,157.5666666666667
3,157.5666666666667
4,157.5666666666667
4,157.5666666666667
5,157.5666666666667
5,157.5666666666667
6,157.5666666666667
6,157.5666666666667
0,157.5666666666667
0,157.5666666666667
1,157.5666666666667
1,157.5666666666667
2,157.5666666666667
2,157.5666666666667
3,157.5666666666667
3,157.5666666666667
4,157.5666666666667
4,157.5666666666667
5,157.5666666666667
5,157.5666666666667
6,157.5666666666667
6,157.5666666666667
0,157.5666666666667
0,157.5666666666667
1,157.5666666666667
1,157.5666666666667
2,157.5666666666667
2,157.5666666666667
3,157.5666666666667
3,157.5666666666667
4,157.5666666666667
4,157.5666666666667
5,157.5666666666667
5,157.5666666666667
6,157.5666666666667
6,157.5666666666667
0,157.5666666666667
0,157.5666666666667
1,157.5666666666667
1,157.5666666666667
2,157.5666666666667
2,157.5666666666667
3,157.5666666666667
3,157.5666666666667
4,157.5666666666667
4,157.5666666666667
5,157.5666666666667
5,157.5666666666667
6,157.5666666666667
6,157.5666666666667
0,157.5666666666667
0,157.5666666666667
1,157.5666666666667
1,157.5666666666667
2,157.5666666666667
2,157.5666666666667
3,157.5666666666667
3,157.5666666666667
4,157.5666666666667
4,157.5666666666667
5,157.5666666666667
5,157.5666666666667
6,157.5666666666667
6,157.5666666666667
0,157.5666666666667
0,157.5666666666667
1,157.5666666666667
1,157.5666666666667
2,154.9
2,154.9
3,154.9
3,154.9
4,154.9
4,154.9
5,154.9
5,154.9
6,154.9
6,154.9
0,154.9
0,154.9
1,154.9
1,154.9
2,154.9
2,154.9
3,154.9
3,154.9
4,154.9
4,154.9
5,154.9
5,154.9
6,154.9
6,154.9
0,154.9
0,154.9
1,154.9
1,154.9
2,154.9
2,154.9
3,154.9
3,154.9
4,154.9
4,154.9
5,154.9
5,154.9
6,154.9
6,154.9
0,154.9
0,154.9
1,154.9
1,154.9
2,154.9
2,154.9
3,154.9
3,154.9
4,154.9
4,154.9
5,154.9
5,154.9
6,154.7
6,154.7
0,154.7
0,154.7
1,154.7
1,154.7
2,154.7
2,154.7
3,154.7
3,154.7
4,154.7
4,154.7
5,154.7
5,154.7
6,154.7
6,154.7
0,154.7
0,154.7
1,154.7
1,154.7
2,154.7
2,154.7
3,154.7
3,154.7
4,154.7
4,154.7
5,154.7
5,154.7
6,154.7
6,154.7
0,154.7
0,154.7
1,154.7
1,154.7
2,154.7
2,154.7
3,154.7
3,154.7
4,154.7
4,154.7
5,154.7
5,154.7
6,154.7
6,154.7
0,154.7
0,154.7
1,154.7
1,154.7
2,154.7
2,154.7
3,154.7
3,154.7
4,154.7
4,154.7
5,154.7
5,154.7
6,154.7
6,154.7
0,154.7
0,157.5
1,157.5
1,157.5
2,157.5
2,157.5
3,156.9
3,156.9
4,156.9
4,156.9
5,156.9
5,156.9
6,156.9
6,156.9
0,156.9
0,156.9
1,158.9
1,158.9
2,158.9
2,158.9
3,158.9
3,158.9
4,158.9
4,158.9
5,158.9
5,158.9
6,158.9
6,158.9
0,159.9
0,160.9
1,160.9
1,160.9
2,160.9
2,166.23333333333335
3,166.23333333333335
3,166.23333333333335
4,166.23333333333335
4,166.23333333333335
5,166.23333333333335
5,166.23333333333335
6,166.23333333333335
6,166.23333333333335
0,166.23333333333335
0,166.23333333333335
1,166.23333333333335
1,166.23333333333335
2,166.23333333333335
2,166.23333333333335
3,166.23333333333335
3,162.9
4,162.9
4,162.9
5,162.9
5,162.9
6,162.9
6,162.9
0,162.9
0,162.9
1,162.9
1,162.9
2,162.9
2,162.9
3,162.9
3,162.9
4,162.9
4,162.9
5,162.9
5,162.9
6,162.9
6,162.9
