0,0
0,129.95
1,124.9
1,124.9
2,123.9
2,123.9
3,122.9
3,122.9
4,122.9
4,122.9
5,122.9
5,122.9
6,122.9
6,121.4
0,119.9
0,119.9
1,119.14999999999999
1,119.14999999999999
2,116.65
2,116.65
3,115.9
3,115.9
4,114.9
4,114.9
5,114.9
5,114.9
6,114.9
6,114.9
0,114.83333333333333
0,114.65
1,114.65
1,114.65
2,145.9
2,145.9
3,145.9
3,145.9
4,145.9
4,145.9
5,145.9
5,145.76666666666665
6,145.76666666666665
6,145.76666666666665
0,145.76666666666665
0,145.76666666666665
1,144.525
1,141.9
2,141.56666666666666
2,141.56666666666666
3,139.65000000000003
3,139.65000000000003
4,139.45
4,136.4
5,136.4
5,136.4
6,133.9
6,133.9
0,130.4
0,130.4
1,128.55
1,128.55
2,128.55
2,128.55
3,123.4
3,123.4
4,121.9
4,121.9
5,121.9
5,121.9
6,121.9
6,121.9
0,121.4
0,121.4
1,127.275
1,127.275
2,147.95
2,147.95
3,147.95
3,147.95
4,147.95
4,142.9
5,144.6
5,142.9
6,142.9
6,142.9
0,142.9
0,142.9
1,140.9
1,140.9
2,140.9
2,140.9
3,139.4
3,139.0
4,136.9
4,136.9
5,136.9
5,136.9
6,134.9
6,133.9
0,131.9
0,131.9
1,125.9
1,125.9
2,125.9
2,125.9
3,136.8
3,136.8
4,136.8
4,136.8
5,136.8
5,136.8
6,136.8
6,136.8
0,136.8
0,136.8
1,148.9
1,149.0
2,148.9
2,148.9
3,148.9
3,148.9
4,145.9
4,143.9
5,143.9
5,143.9
6,143.9
6,143.9
0,143.9
0,143.9
1,143.9
1,143.9
2,143.9
2,143.9
3,143.9
3,143.9
4,143.9
4,143.9
5,143.9
5,143.9
6,143.9
6,143.9
0,143.9
0,143.9
1,143.9
1,143.9
2,143.9
2,143.9
3,143.9
3,143.9
4,143.9
4,143.9
5,143.9
5,143.9
6,143.9
6,143.9
0,143.9
0,143.9
1,143.9
1,143.9
2,143.9
2,143.9
3,143.9
3,143.9
4,143.9
4,143.9
5,143.9
5,143.9
6,143.9
6,143.9
0,143.9
0,143.9
1,143.9
1,143.9
2,143.9
2,143.9
3,143.9
3,143.9
4,143.9
4,143.9
5,143.9
5,143.9
6,143.9
6,143.9
0,143.9
0,143.9
1,143.9
1,143.9
2,143.9
2,143.9
3,143.9
3,143.9
4,143.9
4,143.9
5,143.9
5,143.9
6,143.9
6,143.9
0,143.9
0,143.9
1,143.9
1,143.9
2,143.9
2,143.9
3,143.9
3,143.9
4,143.9
4,143.9
5,143.9
5,143.9
6,143.9
6,143.9
0,143.9
0,143.9
1,143.9
1,143.9
2,143.9
2,143.9
3,143.9
3,143.9
4,143.9
4,143.9
5,143.9
5,143.9
6,143.9
6,143.9
0,143.9
0,143.9
1,143.9
1,143.9
2,143.9
2,143.9
3,143.9
3,143.9
4,143.9
4,143.9
5,143.9
5,143.9
6,143.9
6,143.9
0,143.9
0,143.9
1,143.9
1,143.9
2,143.9
2,143.9
3,126.85
3,126.85
4,154.9
4,154.9
5,154.9
5,152.9
6,152.9
6,152.9
0,152.9
0,152.9
1,152.9
1,154.9
2,154.9
2,154.9
3,154.9
3,154.9
4,152.4
4,152.4
5,152.4
5,152.4
6,152.4
6,152.4
0,150.9
0,150.9
1,150.9
1,150.4
2,150.4
2,150.4
3,150.4
3,150.35000000000002
4,149.7
4,149.7
5,149.7
5,149.7
6,149.7
6,149.7
0,149.7
0,149.7
1,149.7
1,149.7
2,149.7
2,149.7
3,149.7
3,146.9
4,146.9
4,145.9
5,145.9
5,145.9
6,145.9
6,145.9
0,145.9
0,141.4
1,141.4
1,141.4
2,141.4
2,141.4
3,141.4
3,138.9
4,138.9
4,138.9
5,138.9
5,138.9
6,138.9
6,138.9
0,138.9
0,138.9
1,138.9
1,138.9
2,163.9
2,163.9
3,163.9
3,163.9
4,163.9
4,163.9
5,163.9
5,163.9
6,163.9
6,163.95
0,163.95
0,163.95
1,163.76666666666665
1,163.76666666666665
2,163.76666666666665
2,163.76666666666665
3,163.76666666666665
3,163.45
4,162.9
4,162.9
5,162.9
5,160.9
6,160.9
6,160.9
0,160.9
0,160.9
1,160.9
1,159.4
2,156.9
2,156.4
3,155.4
3,154.65
4,154.65
4,153.9
5,153.9
5,153.9
6,153.9
6,149.65
0,149.65
0,148.4
1,148.3
1,148.3
2,147.4
2,146.9
3,146.9
3,145.9
4,145.9
4,143.15
5,143.15
5,141.9
6,141.9
6,140.9
0,140.9
0,139.9
1,139.9
1,139.9
2,139.9
2,138.9
3,138.8
3,138.8
4,138.95
4,138.15
5,138.15
5,138.15
6,137.95
6,137.5
0,137.4
0,137.5
1,161.9
1,161.95
2,161.95
2,137.5
3,137.55
3,163.9
4,163.9
4,163.9
5,163.9
5,137.5
6,137.5
6,137.5
0,137.5
0,137.5
1,137.5
1,137.5
2,136.9
2,163.9
3,163.9
3,163.9
4,163.9
4,163.9
5,163.9
5,163.9
6,163.9
6,163.9
0,163.9
0,163.9
1,163.9
1,161.9
2,161.9
2,161.9
3,161.9
3,161.9
4,161.9
4,159.4
5,159.4
5,159.4
6,155.9
6,154.9
0,154.9
0,153.9
1,153.9
1,153.9
2,153.9
2,153.9
3,153.9
3,153.9
4,153.9
4,153.9
5,153.9
5,153.9
6,153.9
6,153.9
0,153.9
0,148.4
1,148.4
1,148.4
2,146.9
2,145.4
3,145.4
3,143.4
4,143.4
4,139.9
5,139.9
5,139.9
6,139.9
6,138.9
0,140.9
0,140.9
1,139.9
1,139.9
2,137.9
2,137.9
3,137.9
3,137.9
4,136.9
4,135.9
5,135.9
5,135.9
6,135.9
6,135.9
0,135.9
0,135.9
1,135.9
1,135.9
2,133.9
2,133.9
3,133.9
3,133.9
4,133.9
4,133.9
5,133.9
5,133.9
6,133.9
6,133.9
0,133.9
0,133.9
1,133.9
1,133.9
2,133.9
2,133.9
3,133.9
3,133.9
4,133.9
4,131.4
5,131.4
5,130.4
6,130.4
6,129.4
0,129.4
0,129.4
1,129.4
1,129.4
2,129.4
2,129.4
3,129.4
3,158.9
4,158.9
4,158.9
5,158.9
5,158.9
6,158.9
6,158.9
0,158.9
0,158.9
1,158.9
1,156.9
2,156.9
2,156.9
3,156.9
3,154.9
4,154.9
4,153.9
5,153.9
5,153.9
6,153.9
6,153.9
0,153.9
0,153.9
1,153.9
1,151.4
2,151.4
2,151.4
3,151.4
3,151.4
4,151.4
4,151.4
5,151.4
5,151.4
6,151.4
6,151.4
0,151.4
0,148.4
1,148.4
1,148.4
2,148.4
2,145.4
3,145.4
3,145.4
4,143.4
4,143.4
5,143.4
5,143.4
6,143.4
6,143.4
0,140.9
0,139.9
1,158.9
1,158.9
2,158.9
2,158.9
3,158.9
3,158.9
4,158.9
4,158.9
5,158.9
5,158.9
6,158.9
6,158.9
0,158.9
0,158.9
1,158.9
1,158.9
2,158.9
2,156.9
3,156.9
3,156.9
4,155.9
4,152.9
5,152.9
5,152.9
6,147.4
6,147.4
0,145.4
0,145.4
1,145.4
1,142.15
2,142.15
2,142.15
3,142.15
3,142.15
4,138.9
4,138.9
5,138.9
5,137.9
6,137.9
6,137.9
0,137.9
0,137.9
1,137.9
1,137.9
2,137.9
2,137.9
3,137.9
3,137.9
4,137.9
4,137.9
5,137.9
5,137.9
6,137.9
6,137.9
0,137.9
0,137.9
1,148.9
1,148.9
2,148.9
2,148.9
3,148.9
3,148.9
4,148.9
4,148.9
5,148.9
5,148.9
6,148.9
6,148.9
0,148.9
0,158.9
1,158.9
1,157.9
2,157.9
2,156.9
3,154.9
3,153.9
4,152.9
4,152.9
5,152.9
5,152.9
6,150.9
6,148.9
0,148.9
0,150.9
1,150.9
1,150.9
2,148.9
2,148.9
3,148.9
3,148.9
4,147.9
4,148.4
5,149.1
5,149.1
6,149.1
6,149.1
0,149.1
0,149.1
1,147.05
1,147.05
2,147.05
2,143.4
3,142.7
3,141.66666666666666
4,141.8
4,139.85
5,140.4
5,139.325
6,137.1
6,136.4
0,136.4
0,136.25
1,135.7
1,136.1
2,135.4
2,135.5
3,134.55
3,134.55
4,134.55
4,133.25
5,133.39999999999998
5,132.7
6,133.4
6,133.4
0,132.7
0,132.4
1,131.7
1,131.7
2,132.4
2,151.9
3,151.9
3,150.9
4,150.9
4,150.9
5,150.9
5,150.9
6,150.9
6,150.9
0,150.9
0,150.9
1,150.9
1,150.9
2,148.6
2,148.6
3,148.6
3,147.9
4,147.9
4,147.9
5,146.7
5,146.7
6,146.7
6,146.7
0,146.7
0,145.4
1,145.4
1,144.4
2,144.4
2,144.4
3,143.4
3,143.4
4,143.4
4,144.1
5,143.75
5,139.2
6,137.5
6,136.5
0,136.8
0,136.0
1,136.2
1,136.2
2,136.5
2,136.5
3,136.5
3,135.76666666666668
4,135.2
4,134.5
5,134.85
5,134.9
6,134.55
6,133.5
0,133.85
0,133.85
1,134.2
1,132.4
2,131.9
2,131.9
3,131.9
3,131.9
4,153.9
4,153.9
5,153.9
5,153.9
6,153.9
6,153.9
0,153.9
0,153.9
1,153.9
1,153.9
2,153.9
2,153.9
3,153.9
3,153.9
4,153.9
4,153.9
5,153.9
5,148.4
6,148.4
6,148.4
0,148.4
0,148.4
1,148.4
1,147.4
2,147.05
2,147.05
3,146.7
3,146.7
4,146.7
4,145.8
5,145.8
5,145.8
6,145.8
6,145.8
0,145.10000000000002
0,143.7
1,143.7
1,142.2
2,142.2
2,140.05
3,139.7
3,139.7
4,138.4
4,137.9
5,138.5
5,137.25
6,135.2
6,135.3
0,134.03333333333333
0,133.1
1,132.89999999999998
1,132.4
2,132.65
2,132.65
3,132.63333333333335
3,132.63333333333335
4,142.26666666666665
4,142.26666666666665
5,161.9
5,161.9
6,161.9
6,161.9
0,161.9
0,161.9
1,161.10000000000002
1,161.10000000000002
2,160.3
2,160.3
3,160.3
3,159.4
4,159.3
4,158.1
5,158.1
5,158.1
6,157.25
6,154.7
0,154.7
0,154.1
1,153.39999999999998
1,151.4
2,151.05
2,151.05
3,150.39999999999998
3,149.7
4,149.7
4,148.7
5,148.2
5,148.2
6,147.7
6,147.1
0,147.1
0,146.1
1,145.7
1,144.89999999999998
2,143.1
2,141.89999999999998
3,141.89999999999998
3,140.7
4,140.1
4,138.5
5,138.5
5,138.5
6,135.4
6,135.4
0,134.0
0,134.0
1,132.7
1,132.4
2,161.9
2,161.9
3,161.9
3,161.9
4,161.9
4,161.9
5,161.9
5,161.9
6,161.9
6,161.9
0,161.9
0,161.9
1,161.9
1,160.7
2,160.7
2,160.0
3,158.7
3,158.7
4,156.9
4,154.9
5,154.9
5,154.9
6,154.9
6,154.7
0,152.7
0,152.7
1,152.7
1,151.1
2,150.7
2,150.25
3,149.53333333333333
3,148.39999999999998
4,146.25
4,142.89999999999998
5,142.25
5,140.49999999999997
6,139.25
6,139.8
0,139.5
0,139.5
1,139.5
1,139.1
2,139.1
2,151.3
3,151.3
3,151.3
4,151.3
4,151.3
5,151.3
5,151.3
6,151.3
6,151.3
0,151.3
0,151.3
1,151.3
1,151.3
2,160.9
2,160.9
3,160.9
3,160.9
4,160.9
4,159.6
5,159.6
5,159.6
6,159.6
6,159.6
0,159.6
0,159.6
1,159.6
1,159.6
2,159.6
2,159.6
3,159.6
3,159.6
4,156.4
4,156.1
5,155.4
5,154.7
6,155.05
6,155.05
0,154.1
0,153.2
1,153.2
1,149.9
2,148.9
2,148.9
3,148.9
3,147.7
4,147.7
4,168.9
5,168.9
5,168.9
6,168.9
6,168.9
0,168.9
0,168.9
1,168.9
1,167.4
2,166.9
2,166.9
3,166.9
3,166.9
4,166.9
4,166.9
5,166.9
5,166.9
6,165.7
6,165.7
0,165.7
0,165.7
1,165.7
1,165.0
2,164.9
2,164.9
3,164.9
3,164.9
4,163.9
4,163.9
5,163.9
5,163.9
6,163.9
6,163.9
0,163.9
0,163.9
1,161.9
1,161.9
2,159.7
2,159.7
3,158.7
3,155.2
4,155.2
4,152.9
5,151.9
5,151.9
6,150.9
6,150.9
0,150.9
0,149.9
1,148.7
1,148.7
2,148.7
2,168.9
3,168.9
3,168.9
4,168.9
4,168.9
5,168.9
5,168.9
6,168.9
6,168.9
0,167.7
0,167.7
1,167.7
1,167.7
2,167.7
2,166.9
3,164.9
3,164.9
4,163.7
4,163.7
5,163.7
5,163.7
6,163.7
6,163.7
0,161.7
0,160.7
1,160.7
1,160.7
2,160.7
2,160.7
3,160.7
3,159.4
4,159.4
4,159.4
5,159.4
5,159.4
6,159.4
6,159.4
0,159.4
0,159.4
1,159.4
1,159.4
2,157.7
2,157.7
3,155.9
3,155.9
4,155.9
4,155.9
5,155.9
5,153.7
6,153.7
6,153.7
0,153.7
0,153.7
1,153.7
1,153.7
2,168.9
2,168.9
3,168.9
3,168.9
4,168.9
4,168.9
5,168.9
5,168.9
6,168.9
6,168.9
0,168.9
0,168.9
1,168.7
1,168.7
2,167.7
2,167.7
3,166.7
3,163.7
4,161.7
4,161.7
5,161.7
5,161.7
6,161.7
6,161.7
0,161.7
0,160.7
1,160.7
1,159.7
2,159.7
2,159.7
3,159.7
3,158.7
4,158.7
4,158.7
5,156.7
5,156.7
6,156.7
6,156.7
0,155.7
0,155.7
1,156.7
1,156.7
2,154.7
2,154.7
3,154.7
3,154.7
4,152.7
4,152.7
5,151.7
5,151.7
6,151.7
6,151.7
0,151.7
0,151.7
1,151.7
1,151.7
2,150.7
2,148.9
3,148.9
3,148.9
4,147.8
4,147.8
5,147.8
5,147.8
6,147.8
6,147.8
0,147.8
0,147.8
1,144.9
1,144.9
2,144.9
2,144.9
3,143.9
3,142.9
4,142.9
4,142.9
5,142.9
5,142.9
6,142.9
6,141.9
0,168.9
0,142.7
1,142.7
1,142.7
2,142.7
2,168.9
3,168.9
3,168.9
4,168.9
4,166.9
5,166.9
5,166.9
6,166.9
6,166.9
0,166.9
0,164.4
1,164.4
1,164.4
2,162.9
2,162.9
3,160.9
3,160.9
4,160.9
4,160.9
5,158.9
5,158.9
6,158.9
6,158.9
0,157.9
0,157.9
1,155.9
1,154.9
2,153.9
2,153.9
3,152.9
3,152.9
4,152.9
4,151.9
5,150.9
5,150.9
6,150.9
6,150.9
0,149.9
0,149.9
1,149.9
1,149.9
2,149.9
2,149.9
3,148.9
3,148.9
4,147.9
4,144.9
5,144.9
5,168.9
6,168.9
6,168.9
0,168.9
0,168.9
1,168.4
1,168.4
2,168.4
2,168.4
3,166.9
3,160.9
4,160.9
4,160.9
5,160.9
5,159.9
6,159.9
6,159.9
0,155.9
0,151.7
1,151.7
1,150.9
2,150.9
2,149.9
3,149.9
3,149.9
4,149.9
4,148.9
5,148.9
5,148.9
6,148.9
6,148.9
0,147.9
0,147.9
1,147.9
1,147.9
2,147.9
2,147.9
3,147.9
3,147.9
4,147.9
4,147.9
5,147.9
5,147.9
6,146.9
6,146.9
0,146.9
0,146.9
1,146.9
1,146.9
2,146.9
2,146.9
3,146.9
3,171.9
4,171.9
4,171.9
5,171.9
5,171.9
6,171.9
6,171.9
0,170.9
0,170.9
1,170.9
1,169.4
2,167.9
2,166.9
3,165.9
3,165.9
4,164.9
4,164.9
5,164.9
5,164.9
6,164.9
6,162.9
0,162.9
0,162.9
1,162.9
1,162.9
2,162.9
2,162.9
3,162.9
3,160.9
4,160.9
4,155.4
5,155.4
5,155.4
6,155.4
6,155.4
0,155.4
0,154.9
1,154.9
1,164.4
2,164.4
2,164.4
3,164.4
3,164.4
4,164.4
4,164.4
5,164.4
5,164.4
6,164.4
6,164.4
