0,124.4
0,124.4
1,120.5
1,120.5
2,119.5
2,118.5
3,118.5
3,118.5
4,117.5
4,117.5
5,117.5
5,117.5
6,117.5
6,116.83333333333333
0,116.83333333333333
0,116.83333333333333
1,116.83333333333333
1,115.5
2,115.5
2,143.9
3,114.2
3,114.2
4,114.2
4,114.2
5,114.2
5,114.2
6,114.2
6,114.2
0,114.2
0,114.2
1,112.5
1,112.5
2,145.9
2,145.9
3,145.9
3,145.9
4,145.9
4,145.9
5,145.9
5,145.9
6,143.9
6,141.9
0,139.9
0,139.9
1,137.7
1,137.7
2,135.8
2,135.8
3,135.8
3,135.8
4,135.8
4,135.8
5,135.8
5,135.8
6,135.8
6,134.5
0,132.0
0,130.5
1,128.75
1,128.75
2,126.5
2,126.5
3,121.33333333333333
3,121.33333333333333
4,121.33333333333333
4,121.33333333333333
5,121.33333333333333
5,121.33333333333333
6,121.33333333333333
6,121.33333333333333
0,119.5
0,119.5
1,118.5
1,117.5
2,117.5
2,137.76666666666665
3,137.76666666666665
3,137.76666666666665
4,137.76666666666665
4,137.76666666666665
5,147.85000000000002
5,147.85000000000002
6,147.85000000000002
6,146.5
0,145.83333333333334
0,145.83333333333334
1,144.5
1,144.5
2,143.83333333333334
2,143.83333333333334
3,140.25
3,140.25
4,136.33333333333334
4,136.33333333333334
5,136.33333333333334
5,136.33333333333334
6,136.33333333333334
6,134.5
0,133.83333333333334
0,132.83333333333334
1,128.5
1,127.5
2,126.83333333333333
2,126.6
3,125.16666666666667
3,125.16666666666667
4,149.9
4,149.9
5,149.9
5,149.9
6,149.9
6,149.9
0,149.5
0,149.5
1,149.2
1,148.73333333333332
2,148.29999999999998
2,147.73333333333332
3,147.73333333333332
3,147.73333333333332
4,147.73333333333332
4,147.73333333333332
5,147.73333333333332
5,147.73333333333332
6,147.73333333333332
6,147.73333333333332
0,147.73333333333332
0,147.73333333333332
1,147.73333333333332
1,147.73333333333332
2,147.73333333333332
2,147.73333333333332
3,147.73333333333332
3,147.73333333333332
4,147.73333333333332
4,147.73333333333332
5,147.73333333333332
5,147.73333333333332
6,147.73333333333332
6,147.73333333333332
0,147.73333333333332
0,147.73333333333332
1,147.73333333333332
1,147.73333333333332
2,147.73333333333332
2,147.73333333333332
3,147.73333333333332
3,147.73333333333332
4,147.73333333333332
4,147.73333333333332
5,147.73333333333332
5,147.73333333333332
6,147.73333333333332
6,147.73333333333332
0,147.73333333333332
0,147.73333333333332
1,147.73333333333332
1,147.73333333333332
2,147.73333333333332
2,147.73333333333332
3,147.73333333333332
3,147.73333333333332
4,147.73333333333332
4,147.73333333333332
5,147.73333333333332
5,147.73333333333332
6,147.73333333333332
6,147.73333333333332
0,147.73333333333332
0,147.73333333333332
1,147.73333333333332
1,147.73333333333332
2,147.73333333333332
2,147.73333333333332
3,147.73333333333332
3,147.73333333333332
4,147.73333333333332
4,147.73333333333332
5,147.73333333333332
5,147.73333333333332
6,147.73333333333332
6,147.73333333333332
0,147.73333333333332
0,147.73333333333332
1,147.73333333333332
1,147.73333333333332
2,147.73333333333332
2,147.73333333333332
3,147.73333333333332
3,147.73333333333332
4,147.73333333333332
4,147.73333333333332
5,147.73333333333332
5,147.73333333333332
6,147.73333333333332
6,147.73333333333332
0,147.73333333333332
0,147.73333333333332
1,147.73333333333332
1,147.73333333333332
2,147.73333333333332
2,147.73333333333332
3,147.73333333333332
3,147.73333333333332
4,147.73333333333332
4,147.73333333333332
5,147.73333333333332
5,147.73333333333332
6,147.73333333333332
6,147.73333333333332
0,147.73333333333332
0,147.73333333333332
1,147.73333333333332
1,147.73333333333332
2,147.73333333333332
2,147.73333333333332
3,147.73333333333332
3,147.73333333333332
4,147.73333333333332
4,147.73333333333332
5,147.73333333333332
5,147.73333333333332
6,147.73333333333332
6,147.73333333333332
0,147.73333333333332
0,147.73333333333332
1,147.73333333333332
1,147.73333333333332
2,147.73333333333332
2,147.73333333333332
3,147.73333333333332
3,147.73333333333332
4,147.73333333333332
4,147.73333333333332
5,147.73333333333332
5,147.73333333333332
6,147.73333333333332
6,147.73333333333332
0,147.73333333333332
0,147.73333333333332
1,147.73333333333332
1,147.73333333333332
2,147.73333333333332
2,147.73333333333332
3,147.73333333333332
3,147.73333333333332
4,152.9
4,152.9
5,152.9
5,152.9
6,152.9
6,152.9
0,152.9
0,152.9
1,152.9
1,152.9
2,152.9
2,152.9
3,152.9
3,152.9
4,152.9
4,152.9
5,152.9
5,152.9
6,152.9
6,152.9
0,152.9
0,152.9
1,152.9
1,152.9
2,152.9
2,152.9
3,152.9
3,152.9
4,152.9
4,150.9
5,145.9
5,145.9
6,145.9
6,145.9
0,145.9
0,145.9
1,145.9
1,145.9
2,145.9
2,145.9
3,145.4
3,145.4
4,140.73333333333335
4,140.73333333333335
5,140.73333333333335
5,140.73333333333335
6,140.73333333333335
6,140.73333333333335
0,140.73333333333335
0,140.73333333333335
1,140.73333333333335
1,140.73333333333335
2,140.73333333333335
2,140.73333333333335
3,140.73333333333335
3,140.73333333333335
4,140.73333333333335
4,140.73333333333335
5,140.73333333333335
5,140.73333333333335
6,140.73333333333335
6,140.73333333333335
0,140.73333333333335
0,138.45
1,138.45
1,138.45
2,138.45
2,155.4
3,155.4
3,155.4
4,155.4
4,155.4
5,155.4
5,155.4
6,155.4
6,155.4
0,155.4
0,155.4
1,162.15
1,160.4
2,160.4
2,160.4
3,160.4
3,160.4
4,160.4
4,160.4
5,160.4
5,160.4
6,160.4
6,160.4
0,160.4
0,160.4
1,160.4
1,160.4
2,160.4
2,160.4
3,160.4
3,154.65
4,154.65
4,154.65
5,154.65
5,154.65
6,154.65
6,151.65
0,152.65
0,148.9
1,148.9
1,146.4
2,146.4
2,146.4
3,146.4
3,146.4
4,146.4
4,146.4
5,146.4
5,146.4
6,146.4
6,146.4
0,146.4
0,144.9
1,140.15
1,139.0
2,139.0
2,139.0
3,137.15
3,135.65
4,135.65
4,135.65
5,135.65
5,134.65
6,134.65
6,134.65
0,134.65
0,133.65
1,133.9
1,133.9
2,133.9
2,133.9
3,133.9
3,133.9
4,133.9
4,133.9
5,133.9
5,133.9
6,133.9
6,133.9
0,133.9
0,133.9
1,136.23333333333332
1,137.06666666666666
2,136.6
2,136.6
3,136.6
3,136.6
4,136.6
4,154.76666666666665
5,154.76666666666665
5,154.76666666666665
6,154.76666666666665
6,154.76666666666665
0,154.76666666666665
0,137.4
1,137.4
1,136.9
2,136.56666666666666
2,136.56666666666666
3,136.56666666666666
3,136.56666666666666
4,136.56666666666666
4,136.56666666666666
5,136.56666666666666
5,136.56666666666666
6,136.56666666666666
6,136.56666666666666
0,136.56666666666666
0,136.56666666666666
1,136.56666666666666
1,136.56666666666666
2,136.56666666666666
2,136.56666666666666
3,136.56666666666666
3,136.56666666666666
4,136.56666666666666
4,136.56666666666666
5,136.56666666666666
5,136.56666666666666
6,136.56666666666666
6,136.56666666666666
0,136.56666666666666
0,136.56666666666666
1,136.56666666666666
1,136.56666666666666
2,136.56666666666666
2,136.56666666666666
3,136.56666666666666
3,136.56666666666666
4,136.56666666666666
4,136.56666666666666
5,136.56666666666666
5,136.56666666666666
6,136.56666666666666
6,136.56666666666666
0,136.56666666666666
0,136.56666666666666
1,136.56666666666666
1,136.56666666666666
2,136.56666666666666
2,136.56666666666666
3,136.56666666666666
3,136.56666666666666
4,136.56666666666666
4,136.56666666666666
5,136.56666666666666
5,136.56666666666666
6,136.56666666666666
6,136.56666666666666
0,136.56666666666666
0,136.56666666666666
1,136.56666666666666
1,136.56666666666666
2,136.56666666666666
2,136.56666666666666
3,136.56666666666666
3,136.56666666666666
4,136.56666666666666
4,136.56666666666666
5,136.56666666666666
5,136.56666666666666
6,136.56666666666666
6,136.56666666666666
0,135.7
0,132.5
1,130.4
1,130.4
2,130.4
2,130.4
3,130.4
3,130.4
4,130.4
4,130.4
5,130.4
5,130.4
6,130.4
6,130.4
0,130.4
0,130.4
1,130.4
1,130.4
2,130.4
2,130.4
3,130.4
3,149.4
4,149.4
4,149.4
5,149.4
5,149.4
6,149.4
6,149.4
0,149.4
0,149.4
1,149.4
1,149.4
2,149.4
2,149.4
3,149.4
3,157.7
4,157.7
4,157.7
5,157.7
5,157.7
6,157.7
6,157.7
0,157.7
0,157.7
1,157.7
1,155.7
2,155.7
2,155.7
3,155.7
3,155.7
4,155.7
4,144.9
5,144.9
5,144.9
6,144.9
6,144.9
0,144.9
0,144.9
1,144.9
1,144.9
2,144.9
2,144.4
3,144.4
3,140.4
4,140.4
4,140.4
5,140.4
5,140.4
6,140.4
6,140.4
0,140.0666666666667
0,140.0666666666667
1,138.9
1,138.9
2,138.9
2,138.4
3,138.4
3,138.4
4,138.4
4,138.4
5,138.4
5,138.4
6,138.4
6,137.9
0,158.9
0,137.4
1,137.0666666666667
1,135.9
2,135.9
2,135.9
3,135.9
3,135.9
4,135.9
4,135.9
5,135.9
5,135.9
6,135.9
6,135.9
0,135.9
0,135.9
1,135.9
1,135.9
2,135.9
2,134.5666666666667
3,134.5666666666667
3,134.5666666666667
4,134.5666666666667
4,134.5666666666667
5,134.5666666666667
5,134.5666666666667
6,134.5666666666667
6,134.5666666666667
0,134.5666666666667
0,133.10000000000002
1,133.10000000000002
1,132.4
2,132.0666666666667
2,132.0666666666667
3,131.4
3,130.9
4,130.9
4,130.5
5,130.5
5,130.5
6,130.5
6,130.5
0,129.9
0,129.9
1,129.9
1,129.9
2,129.9
2,160.9
3,160.9
3,160.9
4,160.9
4,160.9
5,160.9
5,160.9
6,160.9
6,160.9
0,156.9
0,156.4
1,154.73333333333335
1,150.9
2,150.9
2,150.9
3,148.5666666666667
3,146.65
4,146.65
4,145.9
5,145.9
5,145.9
6,145.9
6,144.5
0,144.5
0,144.5
1,144.1
1,143.4
2,143.4
2,143.4
3,142.65
3,142.65
4,140.4
4,137.9
5,137.9
5,137.9
6,137.9
6,137.9
0,137.9
0,134.9
1,134.9
1,132.4
2,131.4
2,131.4
3,130.73333333333335
3,129.65
4,129.65
4,127.9
5,126.9
5,126.15
6,125.4
6,125.4
0,125.4
0,124.9
1,124.9
1,124.9
2,124.9
2,123.4
3,123.4
3,122.5
4,122.5
4,122.5
5,122.5
5,122.5
6,122.5
6,122.5
0,122.5
0,122.3
1,122.3
1,122.3
2,122.3
2,122.3
3,122.3
3,150.9
4,150.9
4,150.9
5,148.9
5,148.9
6,148.9
6,148.9
0,148.9
0,148.65
1,148.65
1,148.65
2,148.65
2,148.65
3,148.65
3,148.65
4,148.65
4,146.65
5,142.9
5,142.9
6,142.9
6,142.9
0,140.9
0,136.9
1,135.9
1,134.15
2,133.4
2,133.4
3,133.4
3,133.4
4,133.4
4,133.4
5,133.4
5,133.4
6,133.4
6,133.4
0,133.4
0,130.4
1,129.65
1,129.65
2,129.15
2,127.65
3,126.4
3,125.7
4,125.7
4,125.7
5,125.6
5,124.9
6,124.9
6,124.9
0,124.9
0,124.5
1,124.5
1,124.5
2,124.2
2,124.2
3,124.2
3,124.2
4,124.2
4,124.2
5,124.2
5,153.9
6,153.9
6,153.9
0,153.9
0,153.9
1,153.9
1,153.9
2,153.9
2,153.9
3,152.9
3,152.9
4,151.9
4,150.9
5,150.65
5,148.9
6,148.9
6,148.9
0,148.4
0,147.4
1,147.15
1,146.4
2,146.4
2,146.4
3,146.4
3,144.9
4,142.9
4,140.4
5,140.4
5,138.9
6,138.4
6,138.4
0,137.65
0,136.9
1,136.65
1,135.9
2,134.9
2,132.9
3,132.9
3,132.9
4,132.9
4,132.4
5,132.4
5,132.4
6,132.4
6,130.9
0,130.9
0,130.4
1,130.4
1,130.4
2,130.4
2,129.9
3,129.9
3,129.7
4,145.8
4,145.8
5,161.9
5,161.9
6,161.9
6,161.9
0,161.9
0,161.9
1,159.9
1,157.4
2,157.4
2,157.4
3,157.4
3,156.9
4,156.9
4,156.9
5,156.4
5,156.4
6,155.9
6,153.4
0,152.65
0,152.65
1,152.4
1,152.4
2,152.4
2,152.4
3,150.65
3,146.9
4,145.9
4,144.4
5,144.4
5,144.4
6,144.4
6,142.65
0,142.0666666666667
0,136.4
1,135.4
1,135.4
2,135.4
2,133.65
3,133.65
3,131.9
4,131.9
4,130.9
5,130.9
5,130.9
6,130.9
6,130.9
0,130.9
0,130.9
1,130.9
1,130.5
2,130.5
2,130.5
3,130.2
3,130.2
4,130.2
4,130.2
5,130.2
5,145.9
6,145.9
6,145.9
0,145.9
0,145.9
1,145.9
1,158.4
2,158.4
2,158.4
3,157.4
3,154.9
4,150.9
4,150.4
5,150.4
5,150.4
6,150.4
6,150.4
0,150.4
0,148.9
1,147.8
1,147.8
2,146.4
2,144.65
3,142.65
3,140.15
4,139.4
4,138.65
5,138.65
5,137.23333333333335
6,137.23333333333335
6,137.23333333333335
0,136.3
0,135.65
1,135.65
1,135.3
2,134.9
2,133.9
3,133.9
3,132.9
4,132.4
4,163.9
5,163.9
5,163.9
6,163.9
6,163.4
0,163.4
0,163.4
1,163.4
1,163.4
2,162.15
2,160.4
3,159.8
3,159.4
4,159.4
4,159.4
5,159.4
5,159.4
6,159.4
6,159.4
0,159.4
0,159.4
1,159.4
1,159.4
2,159.4
2,159.4
3,159.4
3,157.9
4,157.9
4,152.275
5,148.9
5,147.8
6,146.65
6,146.65
0,146.65
0,146.65
1,146.65
1,146.65
2,146.65
2,146.65
3,146.65
3,146.65
4,144.9
4,143.5666666666667
5,141.9
5,140.9
6,140.9
6,168.9
0,168.9
0,168.9
1,168.9
1,168.9
2,168.9
2,168.9
3,168.9
3,168.9
4,168.9
4,166.9
5,166.9
5,166.9
6,166.9
6,166.9
0,164.9
0,164.9
1,164.9
1,164.4
2,163.9
2,162.4
3,160.9
3,160.5
4,159.9
4,157.65
5,157.65
5,157.65
6,157.65
6,157.65
0,156.7
0,155.4
1,153.65
1,151.65
2,151.65
2,151.65
3,151.65
3,149.4
4,149.4
4,146.4
5,146.4
5,146.4
6,146.4
6,146.4
0,135.4
0,143.0666666666667
1,143.0666666666667
1,143.0666666666667
2,143.0666666666667
2,141.9
3,141.9
3,141.9
4,155.4
4,168.9
5,168.9
5,168.9
6,168.9
6,168.9
0,168.4
0,168.4
1,168.4
1,168.4
2,166.65
2,165.9
3,164.5666666666667
3,162.9
4,162.4
4,162.4
5,162.4
5,162.4
6,162.4
6,162.4
0,160.0666666666667
0,158.4
1,156.65
1,156.65
2,156.65
2,156.65
3,155.9
3,155.15
4,154.4
4,153.4
5,151.9
5,151.9
6,150.9
6,150.9
0,150.9
0,150.9
1,148.9
1,146.9
2,145.9
2,145.9
3,145.9
3,145.9
4,145.9
4,145.9
5,145.9
5,145.9
6,145.9
6,145.9
0,145.9
0,143.9
1,143.9
1,143.7
2,143.5
2,143.5
3,143.5
3,168.9
4,168.9
4,168.9
5,168.9
5,168.9
6,168.9
6,168.9
0,168.9
0,168.9
1,168.4
1,168.4
2,168.4
2,168.4
3,168.4
3,168.4
4,165.9
4,165.4
5,165.4
5,165.4
6,165.4
6,165.4
0,165.4
0,163.9
1,162.9
1,162.4
2,162.4
2,160.65
3,160.65
3,160.65
4,160.65
4,160.65
5,160.65
5,160.65
6,160.65
6,160.65
0,160.65
0,160.65
1,158.9
1,158.4
2,158.4
2,158.4
3,157.4
3,156.9
4,156.4
4,156.4
5,155.4
5,152.65
6,151.9
6,151.4
0,151.4
0,151.4
1,151.4
1,151.4
2,150.65
2,149.9
3,149.15
3,148.4
4,147.9
4,146.15
5,146.15
5,146.15
6,146.15
6,146.15
0,144.4
0,144.4
1,143.9
1,143.4
2,143.4
2,143.4
3,143.4
3,143.4
4,143.4
4,143.4
5,143.4
5,143.4
6,143.4
6,143.4
0,143.4
0,143.4
1,143.4
1,143.4
2,143.4
2,143.4
3,160.4
3,160.4
4,167.9
4,167.9
5,167.9
5,167.9
6,167.9
6,167.9
0,167.4
0,167.4
1,166.9
1,166.9
2,166.4
2,166.4
3,166.4
3,166.4
4,166.4
4,164.4
5,160.9
5,160.15
6,159.4
6,159.4
0,158.9
0,158.9
1,157.9
1,157.4
2,154.9
2,154.4
3,153.4
3,150.0
4,147.4
4,146.9
5,146.9
5,146.9
6,146.9
6,146.9
0,142.9
0,142.9
1,142.9
1,142.4
2,142.4
2,142.4
3,142.4
3,141.9
4,141.4
4,141.4
5,141.4
5,140.9
6,140.9
6,140.4
0,140.4
0,168.9
1,168.9
1,168.9
2,167.9
2,167.9
3,167.9
3,167.4
4,167.4
4,167.4
5,167.4
5,167.4
6,167.4
6,167.4
0,166.9
0,166.4
1,165.9
1,165.4
2,165.4
2,160.9
3,160.4
3,160.4
4,155.9
4,155.9
5,155.9
5,155.9
6,155.9
6,155.9
0,155.9
0,152.4
1,150.9
1,149.9
2,147.9
2,146.9
3,146.15
3,146.15
4,146.15
4,146.15
5,146.15
5,144.9
6,144.4
6,144.4
0,144.4
0,144.4
1,144.4
1,144.4
2,144.4
2,144.4
3,144.4
3,171.9
4,171.9
4,171.9
5,171.9
5,171.9
6,171.9
6,171.9
0,170.9
0,170.9
1,170.9
1,170.9
2,170.9
2,170.9
3,170.9
3,170.9
4,170.9
4,170.4
5,170.4
5,170.4
6,170.4
6,170.4
0,170.4
0,170.4
1,169.9
1,164.9
2,163.9
2,163.9
3,163.9
3,163.9
4,160.9
4,159.9
5,159.9
5,159.9
6,159.9
6,159.9
0,159.9
0,159.9
1,159.9
1,175.9
2,175.9
2,175.9
3,175.9
3,175.9
4,175.9
4,175.9
5,175.9
5,175.9
6,175.9
6,175.9
