0,0
0,130.9
1,130.9
1,130.9
2,130.9
2,128.9
3,129.0
3,127.9
4,127.9
4,127.9
5,127.9
5,127.9
6,127.9
6,124.9
0,124.80000000000001
0,124.80000000000001
1,124.80000000000001
1,119.9
2,119.85
2,119.85
3,119.85
3,119.85
4,120.0
4,120.0
5,120.0
5,120.0
6,120.0
6,120.0
0,120.0
0,120.0
1,118.56666666666666
1,118.56666666666666
2,118.56666666666666
2,118.56666666666666
3,129.06
3,129.06
4,145.85000000000002
4,145.85000000000002
5,146.0
5,145.9
6,144.9
6,144.9
0,145.4
0,144.9
1,142.9
1,142.9
2,142.9
2,142.9
3,140.1
3,137.9
4,136.16
4,136.16
5,136.16
5,133.9
6,133.9
6,133.9
0,133.9
0,133.9
1,133.325
1,133.325
2,133.325
2,133.325
3,126.5
3,126.5
4,124.9
4,122.9
5,121.9
5,121.9
6,121.9
6,121.9
0,122.0
0,122.0
1,122.0
1,122.0
2,127.4
2,127.4
3,127.4
3,127.4
4,146.90000000000003
4,146.90000000000003
5,146.90000000000003
5,146.90000000000003
6,144.8
6,144.8
0,142.4
0,142.4
1,142.4
1,142.4
2,141.23333333333335
2,138.9
3,139.53333333333333
3,139.53333333333333
4,137.15
4,135.63333333333333
5,135.63333333333333
5,135.63333333333333
6,135.63333333333333
6,135.1
0,133.9
0,133.9
1,128.29999999999998
1,128.29999999999998
2,125.55
2,125.55
3,125.10000000000001
3,125.10000000000001
4,134.88
4,134.88
5,134.88
5,134.88
6,134.88
6,134.88
0,148.9
0,148.9
1,148.63333333333333
1,148.63333333333333
2,146.9
2,146.9
3,146.48
3,146.48
4,146.48
4,146.48
5,146.48
5,146.48
6,146.48
6,146.48
0,146.48
0,146.48
1,146.48
1,146.48
2,146.48
2,146.48
3,146.48
3,146.48
4,146.48
4,146.48
5,146.48
5,146.48
6,146.48
6,146.48
0,146.48
0,146.48
1,146.48
1,146.48
2,146.48
2,146.48
3,146.48
3,146.48
4,146.48
4,146.48
5,146.48
5,146.48
6,146.48
6,146.48
0,146.48
0,146.48
1,146.48
1,146.48
2,146.48
2,146.48
3,146.48
3,146.48
4,146.48
4,146.48
5,146.48
5,146.48
6,146.48
6,146.48
0,146.48
0,146.48
1,146.48
1,146.48
2,146.48
2,146.48
3,146.48
3,146.48
4,146.48
4,146.48
5,146.48
5,146.48
6,146.48
6,146.48
0,146.48
0,146.48
1,146.48
1,146.48
2,146.48
2,146.48
3,146.48
3,146.48
4,146.48
4,146.48
5,146.48
5,146.48
6,146.48
6,146.48
0,146.48
0,146.48
1,146.48
1,146.48
2,146.48
2,146.48
3,146.48
3,146.48
4,146.48
4,146.48
5,146.48
5,146.48
6,146.48
6,146.48
0,146.48
0,146.48
1,146.48
1,146.48
2,146.48
2,146.48
3,146.48
3,146.48
4,146.48
4,146.48
5,146.48
5,146.48
6,146.48
6,146.48
0,146.48
0,146.48
1,146.48
1,146.48
2,146.48
2,146.48
3,146.48
3,146.48
4,146.48
4,146.48
5,146.48
5,146.48
6,146.48
6,146.48
0,146.48
0,146.48
1,146.48
1,146.48
2,146.48
2,146.48
3,146.48
3,125.85
4,147.52
4,147.52
5,147.52
5,147.52
6,147.52
6,147.52
0,147.52
0,147.52
1,147.52
1,147.52
2,147.52
2,152.8
3,152.8
3,152.8
4,152.8
4,152.95
5,152.23333333333335
5,152.23333333333335
6,152.23333333333335
6,152.23333333333335
0,152.23333333333335
0,152.23333333333335
1,151.23333333333335
1,151.23333333333335
2,151.23333333333335
2,151.23333333333335
3,150.4
3,150.4
4,150.4
4,150.4
5,150.4
5,150.4
6,150.4
6,150.4
0,150.4
0,150.4
1,150.5
1,149.65
2,149.65
2,147.83333333333334
3,147.83333333333334
3,146.7
4,146.5
4,146.5
5,145.7
5,145.7
6,145.7
6,143.9
0,143.9
0,142.73333333333332
1,142.73333333333332
1,141.76666666666668
2,141.76666666666668
2,141.76666666666668
3,141.76666666666668
3,141.76666666666668
4,141.76666666666668
4,141.76666666666668
5,141.76666666666668
5,141.76666666666668
6,141.76666666666668
6,141.76666666666668
0,141.76666666666668
0,141.76666666666668
1,140.7
1,139.7
2,139.7
2,155.83333333333334
3,155.83333333333334
3,155.83333333333334
4,155.83333333333334
4,155.83333333333334
5,155.83333333333334
5,155.83333333333334
6,155.83333333333334
6,155.83333333333334
0,155.83333333333334
0,155.83333333333334
1,161.9
1,161.9
2,161.9
2,161.9
3,161.85000000000002
3,161.85000000000002
4,161.85000000000002
4,161.85000000000002
5,161.85000000000002
5,161.85000000000002
6,161.85000000000002
6,161.85000000000002
0,161.3
0,160.9
1,159.36666666666665
1,156.5
2,155.54
2,153.41666666666666
3,150.70000000000002
3,149.56666666666666
4,148.7
4,148.7
5,148.7
5,148.7
6,148.7
6,148.7
0,148.9
0,146.43333333333334
1,146.43333333333334
1,144.53333333333333
2,143.9
2,143.7
3,143.7
3,143.7
4,142.62
4,141.7
5,141.7
5,141.7
6,141.7
6,141.7
0,139.7
0,137.1
1,136.96666666666667
1,136.96666666666667
2,135.9
2,134.9
3,134.9
3,134.9
4,134.9
4,134.9
5,134.9
5,134.5
6,134.5
6,134.5
0,134.5
0,134.5
1,134.5
1,134.5
2,134.5
2,134.5
3,134.5
3,134.5
4,134.5
4,134.5
5,134.5
5,134.5
6,134.5
6,134.5
0,134.5
0,134.5
1,134.5
1,149.10000000000002
2,149.10000000000002
2,149.10000000000002
3,149.10000000000002
3,154.03333333333333
4,154.03333333333333
4,154.03333333333333
5,154.03333333333333
5,154.03333333333333
6,154.03333333333333
6,154.03333333333333
0,154.03333333333333
0,161.7
1,161.7
1,161.7
2,161.7
2,161.7
3,161.7
3,161.16666666666666
4,161.16666666666666
4,159.70000000000002
5,159.70000000000002
5,159.70000000000002
6,158.7
6,158.7
0,158.7
0,158.7
1,158.7
1,155.4
2,155.4
2,154.9
3,154.9
3,154.23333333333335
4,154.23333333333335
4,154.23333333333335
5,154.23333333333335
5,154.23333333333335
6,154.23333333333335
6,154.23333333333335
0,154.23333333333335
0,150.9
1,150.9
1,150.9
2,150.9
2,144.9
3,144.4
3,144.4
4,144.4
4,143.73333333333335
5,143.73333333333335
5,143.0666666666667
6,143.0666666666667
6,143.0666666666667
0,143.0666666666667
0,141.9
1,141.9
1,141.9
2,141.9
2,141.9
3,141.9
3,141.9
4,141.9
4,141.1
5,141.1
5,140.16666666666666
6,140.16666666666666
6,140.16666666666666
0,140.16666666666666
0,139.2
1,139.2
1,136.46666666666667
2,136.46666666666667
2,134.4
3,134.4
3,134.4
4,133.7
4,133.7
5,133.7
5,132.7
6,132.7
6,132.7
0,132.7
0,132.7
1,132.7
1,132.7
2,132.2
2,131.7
3,131.2
3,130.7
4,130.7
4,130.7
5,130.7
5,130.7
6,130.7
6,130.7
0,130.7
0,130.7
1,130.7
1,130.7
2,130.7
2,130.7
3,130.7
3,147.62
4,147.62
4,147.62
5,147.62
5,147.62
6,147.62
6,147.62
0,147.62
0,147.62
1,147.62
1,156.76666666666668
2,156.76666666666668
2,156.76666666666668
3,156.76666666666668
3,154.36666666666665
4,153.16666666666666
4,153.16666666666666
5,153.16666666666666
5,153.16666666666666
6,153.16666666666666
6,153.16666666666666
0,153.16666666666666
0,152.23333333333335
1,152.23333333333335
1,148.9
2,148.9
2,148.9
3,148.9
3,148.9
4,146.7
4,146.7
5,146.7
5,146.7
6,146.7
6,146.7
0,145.36666666666665
0,143.83333333333334
1,143.83333333333334
1,143.83333333333334
2,143.15
2,133.95
3,133.95
3,133.95
4,133.95
4,138.7
5,138.7
5,138.7
6,138.7
6,138.7
0,138.7
0,138.7
1,138.7
1,138.7
2,138.7
2,138.7
3,138.7
3,138.7
4,138.7
4,138.7
5,158.9
5,158.9
6,158.9
6,158.9
0,158.9
0,158.9
1,158.9
1,158.9
2,158.9
2,156.56666666666666
3,156.56666666666666
3,154.23333333333335
4,154.23333333333335
4,152.9
5,152.9
5,152.9
6,147.2
6,145.4
0,145.4
0,141.10000000000002
1,141.10000000000002
1,141.10000000000002
2,141.10000000000002
2,141.10000000000002
3,141.10000000000002
3,138.7
4,138.7
4,135.4
5,135.4
5,135.4
6,135.4
6,135.4
0,135.4
0,135.4
1,135.4
1,134.7
2,134.7
2,134.7
3,134.7
3,134.7
4,134.7
4,134.3
5,134.3
5,134.3
6,134.3
6,134.3
0,134.3
0,134.3
1,134.3
1,134.3
2,160.9
2,147.60000000000002
3,147.60000000000002
3,147.60000000000002
4,147.60000000000002
4,147.60000000000002
5,147.60000000000002
5,158.7
6,158.7
6,158.7
0,158.7
0,157.9
1,157.9
1,157.9
2,157.9
2,154.9
3,153.9
3,153.9
4,153.9
4,150.7
5,150.7
5,150.7
6,150.7
6,150.7
0,150.7
0,150.7
1,150.7
1,150.7
2,144.7
2,143.2
3,143.2
3,141.2
4,139.43333333333334
4,136.9
5,135.7
5,135.7
6,135.7
6,135.7
0,135.7
0,135.7
1,135.7
1,135.7
2,135.7
2,134.7
3,134.7
3,132.7
4,132.7
4,131.5
5,131.5
5,130.96666666666667
6,130.96666666666667
6,130.56666666666666
0,130.56666666666666
0,130.36666666666667
1,130.36666666666667
1,129.60000000000002
2,129.03333333333333
2,129.03333333333333
3,129.03333333333333
3,128.3
4,128.3
4,127.9
5,127.9
5,127.9
6,127.9
6,126.6
0,126.6
0,126.0
1,126.0
1,126.0
2,126.0
2,125.2
3,125.2
3,137.8
4,137.8
4,137.8
5,137.8
5,137.8
6,137.8
6,137.8
0,137.8
0,137.8
1,137.8
1,137.8
2,137.8
2,149.83333333333334
3,149.83333333333334
3,149.83333333333334
4,147.3
4,145.9
5,145.9
5,145.9
6,145.3
6,145.3
0,142.7
0,142.7
1,142.7
1,139.9
2,138.8
2,138.8
3,138.8
3,138.8
4,138.8
4,136.8
5,136.8
5,135.7
6,135.5
6,134.7
0,134.6
0,134.3
1,134.3
1,130.9
2,130.9
2,130.3
3,130.3
3,130.3
4,130.3
4,129.3
5,129.3
5,129.3
6,129.3
6,129.3
0,129.3
0,129.3
1,129.3
1,129.3
2,129.3
2,128.9
3,128.9
3,128.9
4,128.9
4,128.9
5,128.9
5,128.9
6,128.9
6,128.9
0,128.9
0,128.9
1,141.4
1,141.4
2,153.9
2,153.9
3,153.9
3,153.9
4,153.9
4,153.9
5,153.9
5,150.7
6,150.2
6,150.2
0,149.7
0,149.7
1,149.7
1,148.9
2,148.9
2,148.9
3,148.9
3,148.9
4,146.9
4,146.9
5,144.9
5,144.9
6,144.9
6,139.9
0,139.9
0,139.9
1,139.9
1,139.9
2,139.9
2,139.4
3,138.3
3,136.7
4,136.7
4,136.7
5,136.7
5,136.7
6,136.7
6,136.7
0,136.7
0,136.2
1,135.7
1,135.7
2,135.7
2,131.9
3,131.9
3,131.4
4,146.65
4,146.65
5,161.9
5,161.9
6,161.9
6,161.9
0,161.9
0,161.9
1,161.2
1,161.2
2,160.5
2,159.7
3,159.5
3,159.5
4,158.56666666666666
4,155.7
5,155.3
5,155.3
6,154.9
6,153.7
0,153.7
0,153.7
1,153.7
1,151.9
2,151.3
2,151.3
3,148.8
3,144.8
4,143.9
4,143.9
5,143.9
5,143.9
6,143.9
6,143.9
0,143.9
0,143.9
1,143.9
1,143.9
2,136.7
2,135.9
3,135.9
3,135.9
4,135.9
4,135.9
5,135.9
5,135.9
6,134.9
6,134.9
0,134.9
0,133.9
1,133.9
1,133.4
2,133.4
2,133.4
3,133.4
3,133.4
4,161.9
4,161.9
5,161.9
5,161.9
6,161.9
6,161.9
0,161.9
0,161.9
1,161.9
1,160.4
2,160.4
2,160.4
3,160.4
3,160.4
4,158.5
4,157.0
5,157.0
5,155.8
6,155.8
6,155.8
0,155.8
0,155.8
1,155.8
1,155.8
2,152.9
2,149.7
3,149.0
3,147.7
4,147.7
4,145.7
5,143.4
5,143.4
6,143.4
6,143.4
0,143.4
0,141.3
1,141.3
1,140.7
2,140.7
2,140.7
3,138.9
3,138.9
4,138.9
4,163.9
5,163.9
5,163.9
6,163.9
6,163.9
0,163.9
0,163.9
1,163.9
1,160.7
2,160.7
2,158.7
3,158.7
3,158.7
4,158.7
4,158.7
5,158.7
5,158.7
6,158.7
6,158.7
0,158.7
0,158.7
1,157.7
1,156.7
2,156.7
2,156.7
3,156.7
3,156.7
4,156.7
4,156.3
5,156.3
5,156.3
6,156.3
6,155.7
0,155.7
0,153.9
1,153.9
1,152.9
2,152.1
2,152.1
3,152.1
3,150.1
4,147.96666666666667
4,147.96666666666667
5,147.96666666666667
5,147.96666666666667
6,147.96666666666667
6,168.9
0,168.9
0,168.9
1,168.9
1,168.9
2,168.9
2,168.9
3,168.9
3,168.9
4,168.9
4,168.9
5,168.9
5,168.9
6,168.9
6,168.9
0,165.9
0,165.9
1,165.9
1,164.9
2,164.9
2,164.9
3,164.9
3,164.9
4,164.9
4,164.9
5,164.9
5,164.9
6,164.9
6,163.2
0,163.2
0,163.2
1,163.2
1,162.6
2,162.6
2,161.2
3,161.2
3,159.9
4,159.9
4,157.9
5,157.9
5,157.9
6,157.9
6,157.9
0,157.9
0,155.0
1,154.2
1,153.2
2,153.2
2,153.2
3,163.66666666666666
3,163.66666666666666
4,163.66666666666666
4,163.66666666666666
5,163.66666666666666
5,163.66666666666666
6,163.66666666666666
6,163.66666666666666
0,163.66666666666666
0,168.5
1,168.5
1,168.5
2,168.5
2,168.5
3,168.5
3,168.5
4,168.5
4,167.9
5,167.9
5,167.9
6,167.9
6,167.9
0,167.9
0,167.9
1,167.2
1,167.2
2,167.2
2,165.2
3,165.2
3,163.86666666666665
4,163.86666666666665
4,163.86666666666665
5,161.9
5,161.9
6,160.2
6,159.2
0,159.2
0,159.2
1,159.0
1,159.0
2,159.0
2,157.9
3,157.9
3,157.9
4,157.9
4,157.9
5,157.9
5,157.9
6,157.9
6,157.9
0,155.2
0,155.2
1,155.2
1,154.8
2,154.8
2,154.8
3,154.8
3,164.20000000000002
4,164.20000000000002
4,164.20000000000002
5,164.20000000000002
5,164.20000000000002
6,164.20000000000002
6,164.20000000000002
0,164.20000000000002
0,164.20000000000002
1,164.20000000000002
1,164.20000000000002
2,164.20000000000002
2,164.20000000000002
3,168.2
3,167.53333333333333
4,164.9
4,164.9
5,164.9
5,164.9
6,164.9
6,164.9
0,163.5666666666667
0,163.5666666666667
1,163.5666666666667
1,163.5666666666667
2,163.5666666666667
2,163.5666666666667
3,163.5666666666667
3,162.2
4,162.2
4,162.2
5,162.2
5,162.2
6,162.2
6,162.2
0,162.2
0,159.9
1,159.9
1,159.9
2,159.9
2,159.9
3,159.9
3,157.2
4,156.7
4,156.2
5,156.2
5,152.9
6,152.9
6,152.2
0,152.2
0,152.2
1,152.2
1,152.2
2,151.2
2,151.2
3,151.2
3,150.8
4,150.8
4,150.8
5,149.46666666666667
5,149.46666666666667
6,149.46666666666667
6,149.46666666666667
0,149.46666666666667
0,148.5
1,147.9
1,146.9
2,146.9
2,146.9
3,146.9
3,146.9
4,146.9
4,146.9
5,146.9
5,146.9
6,146.9
6,146.9
0,146.9
0,146.9
1,146.9
1,146.9
2,146.9
2,146.9
3,161.5666666666667
3,161.5666666666667
4,167.2
4,167.2
5,167.2
5,167.2
6,167.2
6,167.2
0,164.5
0,163.9
1,162.9
1,158.3
2,158.3
2,158.3
3,157.9
3,157.9
4,157.9
4,157.9
5,157.9
5,157.9
6,157.9
6,157.9
0,157.9
0,157.9
1,157.9
1,157.9
2,156.9
2,152.9
3,152.9
3,152.9
4,152.9
4,152.9
5,152.9
5,152.9
6,152.9
6,152.9
0,149.96666666666667
0,149.96666666666667
1,148.4333333333333
1,148.4333333333333
2,148.4333333333333
2,148.4333333333333
3,148.4333333333333
3,148.4333333333333
4,148.4333333333333
4,168.9
5,168.9
5,168.9
6,168.9
6,168.9
0,168.9
0,168.4
1,168.4
1,167.9
2,167.9
2,167.9
3,166.9
3,165.9
4,165.9
4,164.23333333333335
5,164.23333333333335
5,164.23333333333335
6,164.23333333333335
6,160.5666666666667
0,160.5666666666667
0,160.5666666666667
1,160.5666666666667
1,157.9
2,157.9
2,157.9
3,157.9
3,157.9
4,157.9
4,156.7
5,156.7
5,156.7
6,156.7
6,156.7
0,156.7
0,156.7
1,156.7
1,156.7
2,156.7
2,154.9
3,150.9
3,150.9
4,150.9
4,150.9
5,150.9
5,150.9
6,149.9
6,149.9
0,148.4
0,148.4
1,148.4
1,148.4
2,148.4
2,148.4
3,148.4
3,148.4
4,164.0666666666667
4,164.0666666666667
5,164.0666666666667
5,164.0666666666667
6,164.0666666666667
6,164.0666666666667
0,170.9
0,170.9
1,170.9
1,168.9
2,167.9
2,166.9
3,166.9
3,165.9
4,165.9
4,165.9
5,165.9
5,165.9
6,165.9
6,165.9
0,164.5666666666667
0,164.5666666666667
1,163.23333333333335
1,163.23333333333335
2,162.23333333333335
2,162.23333333333335
3,159.9
3,157.9
4,157.9
4,157.9
5,157.9
5,157.9
6,157.9
6,157.9
0,157.9
0,157.9
1,157.9
1,157.7
2,157.7
2,157.7
3,169.76666666666665
3,169.76666666666665
4,169.76666666666665
4,169.76666666666665
5,169.76666666666665
5,169.76666666666665
6,169.76666666666665
6,169.76666666666665
