0,0
0,0
1,0
1,0
2,0
2,0
3,0
3,117.9
4,117.9
4,117.9
5,117.9
5,117.9
6,117.9
6,117.9
0,117.9
0,117.9
1,117.9
1,117.9
2,117.9
2,117.9
3,117.9
3,115.9
4,115.9
4,115.9
5,115.9
5,115.9
6,115.9
6,115.9
0,115.9
0,114.9
1,114.9
1,114.9
2,114.9
2,114.9
3,145.9
3,145.9
4,145.4
4,145.4
5,145.4
5,145.4
6,145.4
6,145.4
0,144.9
0,144.9
1,143.9
1,143.9
2,143.9
2,143.9
3,138.7
3,138.7
4,133.2
4,132.7
5,132.75
5,132.75
6,132.75
6,132.75
0,132.75
0,132.75
1,127.6
1,127.6
2,127.6
2,127.6
3,127.6
3,127.6
4,127.6
4,127.6
5,121.95
5,121.95
6,121.95
6,121.95
0,121.95
0,121.95
1,119.9
1,119.9
2,119.9
2,119.9
3,138.53333333333333
3,138.53333333333333
4,146.4
4,145.8
5,145.4
5,145.4
6,142.9
6,142.9
0,142.9
0,142.9
1,141.73333333333332
1,141.73333333333332
2,139.9
2,139.9
3,138.9
3,138.9
4,134.4
4,130.7
5,130.7
5,130.7
6,130.7
6,130.7
0,130.7
0,130.7
1,130.7
1,130.7
2,123.5
2,118.9
3,119.9
3,115.4
4,136.12
4,140.9
5,140.9
5,140.9
6,140.9
6,140.9
0,149.4
0,140.4
1,147.4
1,140.4
2,140.4
2,140.4
3,140.4
3,140.4
4,147.9
4,147.9
5,147.9
5,147.9
6,147.9
6,147.9
0,147.9
0,147.9
1,147.9
1,147.9
2,147.9
2,147.9
3,147.9
3,147.9
4,147.9
4,147.9
5,147.9
5,147.9
6,147.9
6,147.9
0,147.9
0,147.9
1,147.9
1,147.9
2,147.9
2,147.9
3,147.9
3,147.9
4,147.9
4,147.9
5,147.9
5,147.9
6,147.9
6,147.9
0,147.9
0,147.9
1,147.9
1,147.9
2,147.9
2,147.9
3,147.9
3,147.9
4,147.9
4,147.9
5,147.9
5,147.9
6,147.9
6,147.9
0,147.9
0,147.9
1,147.9
1,147.9
2,147.9
2,147.9
3,147.9
3,147.9
4,147.9
4,147.9
5,147.9
5,147.9
6,147.9
6,147.9
0,147.9
0,147.9
1,147.9
1,147.9
2,147.9
2,147.9
3,147.9
3,147.9
4,147.9
4,147.9
5,147.9
5,147.9
6,147.9
6,147.9
0,147.9
0,147.9
1,147.9
1,147.9
2,147.9
2,147.9
3,147.9
3,147.9
4,147.9
4,147.9
5,147.9
5,147.9
6,147.9
6,147.9
0,147.9
0,147.9
1,147.9
1,147.9
2,147.9
2,147.9
3,147.9
3,147.9
4,147.9
4,147.9
5,147.9
5,147.9
6,147.9
6,147.9
0,147.9
0,147.9
1,147.9
1,147.9
2,147.9
2,147.9
3,147.9
3,147.9
4,147.9
4,147.9
5,147.9
5,147.9
6,147.9
6,147.9
0,147.9
0,147.9
1,147.9
1,147.9
2,147.9
2,147.9
3,128.5
3,128.5
4,152.9
4,152.9
5,152.9
5,152.9
6,152.85000000000002
6,152.95
0,152.95
0,152.95
1,152.95
1,152.95
2,152.95
2,152.95
3,152.83333333333334
3,151.23333333333335
4,151.23333333333335
4,151.23333333333335
5,151.23333333333335
5,150.45
6,150.45
6,150.45
0,150.45
0,150.45
1,148.9
1,148.85000000000002
2,148.85000000000002
2,148.85000000000002
3,148.7
3,148.7
4,148.7
4,148.7
5,148.7
5,147.9
6,147.9
6,147.9
0,147.85000000000002
0,144.5
1,144.5
1,145.95
2,145.95
2,145.95
3,141.7
3,141.7
4,141.7
4,141.7
5,141.7
5,141.7
6,141.7
6,139.7
0,139.7
0,139.7
1,139.7
1,139.7
2,139.7
2,139.7
3,139.7
3,139.7
4,139.7
4,139.7
5,139.7
5,139.7
6,139.7
6,139.7
0,139.7
0,139.7
1,139.7
1,139.7
2,139.7
2,139.7
3,157.85
3,157.85
4,157.85
4,157.85
5,157.85
5,157.85
6,157.85
6,157.85
0,157.85
0,157.85
1,160.875
1,157.9
2,157.95
2,157.95
3,157.95
3,157.95
4,156.9
4,156.9
5,156.9
5,156.9
6,156.9
6,156.9
0,156.9
0,156.9
1,156.9
1,152.4
2,152.4
2,152.4
3,152.4
3,152.4
4,150.22500000000002
4,150.22500000000002
5,150.22500000000002
5,150.22500000000002
6,150.22500000000002
6,150.22500000000002
0,150.22500000000002
0,150.22500000000002
1,148.2
1,147.975
2,145.9
2,142.45000000000002
3,142.45000000000002
3,142.45000000000002
4,142.45000000000002
4,141.5
5,141.5
5,141.5
6,141.5
6,140.4
0,140.4
0,137.3
1,137.3
1,137.3
2,137.3
2,137.0
3,137.0
3,137.0
4,135.3
4,135.3
5,135.3
5,135.3
6,135.3
6,135.3
0,135.3
0,135.2
1,135.2
1,135.2
2,133.96666666666667
2,134.29999999999998
3,134.29999999999998
3,133.07777777777778
4,133.07777777777778
4,133.07777777777778
5,133.07777777777778
5,133.07777777777778
6,133.07777777777778
6,133.07777777777778
0,133.07777777777778
0,133.07777777777778
1,133.07777777777778
1,133.07777777777778
2,132.8
2,132.8
3,132.8
3,132.8
4,132.8
4,153.36666666666667
5,153.36666666666667
5,153.36666666666667
6,153.36666666666667
6,153.36666666666667
0,153.36666666666667
0,153.36666666666667
1,153.36666666666667
1,153.36666666666667
2,153.36666666666667
2,162.9
3,162.9
3,162.9
4,162.9
4,159.3
5,159.3
5,159.3
6,159.3
6,159.3
0,159.3
0,159.3
1,159.3
1,159.3
2,159.3
2,159.3
3,159.3
3,154.8
4,154.8
4,150.7
5,150.7
5,150.7
6,150.7
6,150.7
0,150.7
0,150.7
1,150.7
1,148.9
2,148.9
2,145.9
3,145.9
3,142.95000000000002
4,142.95000000000002
4,142.95000000000002
5,142.95000000000002
5,142.95000000000002
6,142.95000000000002
6,142.95000000000002
0,142.95000000000002
0,140.4
1,140.4
1,140.4
2,138.2
2,137.975
3,137.975
3,135.1
4,134.9
4,134.9
5,134.9
5,133.9
6,133.9
6,133.9
0,133.9
0,133.9
1,133.9
1,133.9
2,132.8
2,132.8
3,132.8
3,132.8
4,132.8
4,132.8
5,132.8
5,132.8
6,132.8
6,132.8
0,132.8
0,131.7
1,130.6
1,130.6
2,130.6
2,130.6
3,130.6
3,129.3
4,129.3
4,129.3
5,129.3
5,129.3
6,129.3
6,129.3
0,129.3
0,128.475
1,128.475
1,128.475
2,128.475
2,128.475
3,128.475
3,128.475
4,128.475
4,158.9
5,158.9
5,158.9
6,158.9
6,158.9
0,158.9
0,155.55
1,155.55
1,150.4
2,150.4
2,150.4
3,150.4
3,150.4
4,150.4
4,147.6
5,147.6
5,147.6
6,147.6
6,147.6
0,147.6
0,147.6
1,147.6
1,147.6
2,147.075
2,144.2
3,144.2
3,144.2
4,144.2
4,144.2
5,144.2
5,144.2
6,144.2
6,141.5
0,141.5
0,141.5
1,141.5
1,141.5
2,140.03333333333333
2,140.03333333333333
3,140.03333333333333
3,137.2
4,137.2
4,137.2
5,137.2
5,137.2
6,137.2
6,137.2
0,137.2
0,137.2
1,137.2
1,137.2
2,137.2
2,136.375
3,136.375
3,134.8
4,134.8
4,134.8
5,134.8
5,134.8
6,134.8
6,134.8
0,158.9
0,158.9
1,158.9
1,158.9
2,157.9
2,156.9
3,155.9
3,155.9
4,148.4
4,148.4
5,148.4
5,148.4
6,148.4
6,148.4
0,148.4
0,144.2
1,143.9
1,143.9
2,141.78333333333333
2,141.78333333333333
3,141.78333333333333
3,141.78333333333333
4,141.78333333333333
4,137.6
5,137.6
5,137.6
6,137.6
6,137.6
0,137.6
0,135.2
1,135.2
1,135.2
2,135.2
2,133.625
3,133.625
3,133.625
4,133.625
4,133.625
5,133.625
5,133.625
6,133.625
6,133.625
0,133.625
0,133.625
1,133.625
1,133.625
2,133.625
2,160.9
3,160.9
3,160.9
4,160.9
4,160.9
5,160.9
5,160.9
6,160.9
6,160.9
0,156.9
0,156.375
1,156.375
1,152.7
2,152.7
2,152.7
3,152.7
3,148.8
4,148.8
4,147.8
5,147.8
5,147.8
6,147.8
6,147.8
0,147.8
0,146.8
1,146.8
1,146.8
2,144.4
2,144.4
3,144.4
3,143.1
4,143.1
4,143.1
5,143.1
5,143.1
6,143.1
6,143.1
0,139.4
0,139.4
1,139.4
1,139.4
2,139.4
2,139.45
3,137.9
3,137.9
4,137.9
4,137.4
5,137.4
5,137.4
6,136.9
6,136.9
0,136.9
0,136.9
1,136.9
1,135.9
2,135.9
2,134.9
3,134.9
3,134.9
4,134.9
4,134.9
5,134.9
5,134.9
6,134.9
6,134.9
0,134.9
0,134.9
1,134.9
1,134.9
2,134.9
2,134.9
3,130.9
3,150.9
4,150.9
4,150.9
5,150.5666666666667
5,150.5666666666667
6,150.5666666666667
6,150.5666666666667
0,150.5666666666667
0,150.5666666666667
1,150.5666666666667
1,150.5666666666667
2,150.5666666666667
2,145.2
3,145.2
3,145.2
4,145.2
4,145.2
5,145.2
5,145.2
6,143.9
6,143.9
0,143.9
0,137.25
1,137.25
1,137.25
2,131.1
2,129.8
3,129.8
3,127.7
4,127.7
4,127.7
5,127.7
5,127.7
6,127.7
6,127.7
0,127.7
0,127.7
1,127.7
1,126.6
2,126.5
2,126.5
3,125.8
3,125.8
4,125.8
4,125.8
5,125.8
5,125.8
6,125.8
6,125.8
0,125.8
0,125.8
1,125.8
1,125.8
2,125.8
2,125.8
3,125.8
3,125.8
4,125.8
4,125.8
5,125.8
5,125.8
6,125.8
6,125.8
0,125.8
0,125.8
1,125.8
1,153.9
2,153.9
2,153.9
3,153.9
3,153.9
4,153.9
4,148.4
5,148.4
5,148.4
6,148.4
6,148.4
0,148.4
0,148.4
1,148.4
1,148.4
2,148.4
2,148.4
3,148.4
3,148.4
4,148.4
4,147.4
5,147.4
5,147.4
6,147.4
6,147.4
0,144.9
0,141.4
1,141.4
1,141.4
2,141.4
2,141.4
3,141.4
3,141.4
4,141.4
4,140.4
5,140.4
5,140.4
6,140.4
6,140.4
0,140.4
0,140.4
1,140.4
1,129.4
2,129.4
2,129.4
3,129.4
3,129.4
4,145.65
4,145.65
5,161.9
5,161.9
6,161.9
6,161.9
0,161.9
0,161.9
1,161.4
1,161.4
2,160.9
2,160.9
3,160.4
3,158.9
4,158.9
4,158.9
5,158.9
5,158.9
6,158.9
6,158.9
0,158.9
0,158.9
1,158.9
1,158.9
2,158.9
2,158.9
3,154.9
3,154.9
4,154.9
4,154.9
5,154.9
5,154.9
6,154.9
6,154.9
0,152.9
0,147.9
1,143.2
1,143.2
2,142.9
2,142.9
3,142.9
3,142.9
4,142.9
4,142.9
5,142.9
5,142.9
6,142.9
6,142.9
0,142.9
0,142.9
1,142.9
1,142.9
2,142.9
2,142.9
3,141.9
3,141.9
4,141.9
4,141.9
5,141.9
5,161.9
6,161.9
6,161.9
0,161.9
0,161.9
1,161.9
1,160.9
2,160.9
2,160.4
3,160.4
3,158.9
4,158.9
4,158.9
5,158.9
5,158.9
6,158.9
6,158.9
0,158.9
0,158.9
1,154.9
1,154.9
2,143.9
2,141.9
3,141.9
3,141.9
4,141.9
4,141.9
5,140.4
5,140.4
6,140.4
6,140.4
0,140.4
0,140.4
1,140.4
1,140.4
2,140.4
2,140.4
3,140.4
3,140.4
4,140.4
4,163.9
5,163.9
5,163.9
6,163.9
6,163.4
0,163.4
0,163.4
1,163.4
1,163.4
2,163.4
2,163.4
3,163.4
3,163.4
4,163.4
4,160.9
5,160.9
5,160.9
6,160.9
6,160.9
0,160.9
0,160.9
1,160.9
1,160.9
2,160.9
2,160.9
3,160.9
3,158.9
4,158.9
4,156.9
5,156.9
5,156.9
6,156.9
6,156.9
0,156.9
0,154.9
1,153.9
1,152.9
2,152.9
2,152.9
3,152.9
3,152.9
4,150.9
4,150.9
5,150.9
5,150.9
6,150.9
6,168.9
0,168.9
0,168.9
1,168.9
1,168.9
2,168.9
2,168.9
3,168.9
3,168.9
4,168.9
4,168.9
5,168.9
5,168.9
6,168.9
6,168.9
0,168.9
0,168.9
1,168.4
1,168.4
2,168.4
2,168.4
3,168.4
3,168.4
4,168.4
4,162.9
5,162.9
5,162.9
6,162.9
6,162.9
0,162.9
0,162.9
1,162.9
1,162.9
2,162.9
2,150.9
3,150.9
3,150.9
4,150.9
4,150.9
5,150.9
5,150.9
6,150.9
6,150.9
0,150.9
0,150.9
1,150.9
1,150.9
2,150.9
2,168.9
3,168.9
3,168.9
4,168.9
4,168.9
5,168.9
5,168.9
6,168.9
6,168.9
0,168.9
0,168.9
1,168.9
1,168.9
2,168.9
2,168.9
3,168.9
3,168.9
4,168.9
4,168.9
5,168.9
5,168.9
6,168.9
6,168.9
0,168.9
0,168.9
1,168.9
1,168.9
2,168.9
2,164.9
3,161.8
3,153.46666666666667
4,153.46666666666667
4,146.4
5,146.4
5,146.4
6,145.9
6,143.3
0,143.3
0,143.3
1,143.3
1,143.3
2,143.3
2,143.3
3,143.3
3,143.3
4,143.3
4,143.3
5,143.3
5,143.3
6,143.3
6,143.3
0,143.3
0,143.3
1,143.3
1,143.3
2,143.3
2,143.3
3,143.3
3,143.3
4,143.3
4,168.9
5,168.9
5,168.9
6,168.9
6,168.9
0,168.9
0,168.9
1,168.9
1,168.9
2,168.9
2,168.9
3,168.9
3,168.9
4,168.9
4,168.9
5,168.9
5,168.9
6,168.9
6,168.9
0,168.9
0,168.9
1,168.9
1,168.9
2,168.9
2,163.9
3,163.9
3,163.9
4,163.9
4,161.9
5,161.9
5,161.9
6,161.9
6,161.9
0,161.9
0,161.9
1,161.9
1,161.9
2,161.9
2,161.9
3,161.9
3,161.9
4,161.9
4,161.9
5,161.9
5,161.9
6,161.9
6,161.9
0,161.9
0,158.9
1,156.9
1,156.9
2,154.9
2,150.6
3,150.6
3,150.6
4,150.6
4,150.6
5,150.6
5,150.6
6,150.6
6,150.6
0,150.6
0,150.6
1,146.6
1,146.6
2,146.3
2,146.3
3,146.3
3,146.3
4,146.3
4,146.3
5,146.3
5,146.3
6,146.3
6,146.3
0,146.3
0,146.3
1,146.3
1,146.3
2,146.3
2,146.3
3,168.9
3,168.9
4,168.9
4,168.9
5,168.9
5,168.9
6,168.9
6,168.9
0,168.9
0,168.9
1,168.9
1,168.9
2,168.9
2,168.9
3,166.9
3,166.9
4,166.9
4,166.9
5,166.9
5,165.9
6,165.9
6,165.9
0,163.9
0,163.9
1,159.4
1,158.8
2,158.8
2,154.3
3,153.7
3,152.6
4,152.6
4,152.6
5,152.6
5,151.6
6,151.6
6,151.6
0,150.9
0,150.9
1,150.9
1,149.9
2,149.9
2,149.9
3,149.9
3,149.9
4,149.9
4,149.9
5,149.9
5,149.9
6,149.9
6,149.9
0,168.9
0,168.9
1,168.9
1,168.9
2,168.4
2,168.4
3,168.4
3,166.1
4,165.6
4,164.9
5,164.9
5,164.9
6,164.9
6,162.9
0,162.4
0,157.4
1,157.4
1,157.4
2,157.4
2,150.6
3,150.6
3,150.6
4,150.6
4,150.6
5,150.6
5,150.6
6,150.6
6,150.6
0,150.6
0,150.6
1,150.6
1,150.6
2,150.6
2,145.7
3,145.7
3,145.7
4,145.7
4,145.7
5,145.7
5,145.7
6,145.7
6,145.7
0,145.7
0,142.6
1,142.6
1,141.9
2,141.9
2,141.9
3,141.9
3,141.9
4,171.9
4,171.9
5,171.9
5,171.9
6,171.9
6,171.9
0,170.9
0,170.9
1,170.9
1,166.43333333333334
2,166.43333333333334
2,164.8
3,164.8
3,164.8
4,164.8
4,164.8
5,164.8
5,162.9
6,162.9
6,162.9
0,162.9
0,162.9
1,162.9
1,159.9
2,157.9
2,156.9
3,156.9
3,156.9
4,152.9
4,150.9
5,150.9
5,150.9
6,150.9
6,148.9
0,148.9
0,148.9
1,147.9
1,147.9
2,147.9
2,147.9
3,147.9
3,175.9
4,175.9
4,175.9
5,175.9
5,175.9
6,175.9
6,175.9
