0,0
0,126.9
1,125.4
1,125.4
2,123.9
2,123.9
3,123.9
3,123.9
4,122.9
4,122.9
5,122.9
5,122.9
6,122.9
6,120.9
0,120.9
0,119.9
1,119.9
1,118.5
2,117.5
2,117.5
3,116.5
3,116.5
4,116.5
4,116.5
5,116.55
5,116.55
6,116.55
6,116.55
0,116.55
0,116.55
1,116.55
1,116.55
2,116.55
2,116.55
3,145.9
3,145.9
4,145.9
4,145.9
5,143.9
5,143.9
6,143.9
6,143.9
0,143.9
0,143.9
1,141.2
1,141.2
2,139.9
2,139.9
3,136.9
3,136.9
4,133.9
4,133.9
5,133.9
5,133.9
6,133.9
6,130.9
0,130.9
0,130.9
1,127.9
1,127.9
2,127.9
2,127.9
3,124.9
3,124.9
4,124.9
4,124.9
5,124.9
5,124.9
6,124.9
6,124.9
0,124.9
0,124.9
1,123.9
1,123.9
2,123.9
2,123.9
3,147.9
3,147.9
4,147.9
4,147.9
5,144.9
5,144.9
6,142.9
6,142.9
0,142.9
0,142.9
1,140.9
1,140.9
2,140.9
2,140.9
3,138.9
3,138.9
4,138.9
4,138.9
5,138.9
5,138.9
6,138.9
6,137.5
0,137.5
0,135.9
1,133.2
1,133.2
2,133.2
2,129.9
3,134.5666666666667
3,134.5666666666667
4,134.5666666666667
4,134.5666666666667
5,134.5666666666667
5,134.5666666666667
6,147.9
6,147.9
0,147.9
0,146.9
1,145.9
1,145.9
2,145.85000000000002
2,145.85000000000002
3,144.9
3,144.9
4,144.9
4,143.9
5,143.9
5,143.9
6,143.9
6,143.9
0,143.9
0,143.9
1,143.9
1,143.9
2,143.9
2,143.9
3,143.9
3,143.9
4,143.9
4,143.9
5,143.9
5,143.9
6,143.9
6,143.9
0,143.9
0,143.9
1,143.9
1,143.9
2,143.9
2,143.9
3,143.9
3,143.9
4,143.9
4,143.9
5,143.9
5,143.9
6,143.9
6,143.9
0,143.9
0,143.9
1,143.9
1,143.9
2,143.9
2,143.9
3,143.9
3,143.9
4,143.9
4,143.9
5,143.9
5,143.9
6,143.9
6,143.9
0,143.9
0,143.9
1,143.9
1,143.9
2,143.9
2,143.9
3,143.9
3,143.9
4,143.9
4,143.9
5,143.9
5,143.9
6,143.9
6,143.9
0,143.9
0,143.9
1,143.9
1,143.9
2,143.9
2,143.9
3,143.9
3,143.9
4,143.9
4,143.9
5,143.9
5,143.9
6,143.9
6,143.9
0,143.9
0,143.9
1,143.9
1,143.9
2,143.9
2,143.9
3,143.9
3,143.9
4,143.9
4,143.9
5,143.9
5,143.9
6,143.9
6,143.9
0,143.9
0,143.9
1,143.9
1,143.9
2,143.9
2,143.9
3,143.9
3,143.9
4,143.9
4,143.9
5,143.9
5,143.9
6,143.9
6,143.9
0,143.9
0,143.9
1,143.9
1,143.9
2,143.9
2,143.9
3,143.9
3,143.9
4,143.9
4,143.9
5,143.9
5,143.9
6,143.9
6,143.9
0,143.9
0,143.9
1,143.9
1,143.9
2,143.9
2,143.9
3,143.9
3,143.9
4,152.9
4,152.9
5,152.9
5,152.9
6,152.9
6,152.9
0,152.9
0,152.9
1,152.9
1,152.9
2,152.9
2,152.9
3,150.9
3,150.9
4,148.9
4,148.9
5,146.9
5,146.9
6,146.9
6,146.9
0,146.9
0,146.9
1,146.9
1,146.9
2,146.95
2,146.95
3,145.9
3,145.9
4,145.9
4,145.9
5,145.9
5,145.9
6,145.9
6,145.9
0,145.9
0,145.9
1,145.9
1,145.9
2,145.9
2,145.9
3,145.9
3,145.9
4,144.9
4,144.9
5,144.9
5,144.9
6,144.9
6,144.9
0,144.9
0,144.9
1,144.9
1,144.9
2,144.9
2,144.9
3,144.9
3,144.9
4,144.9
4,141.9
5,141.9
5,141.9
6,141.9
6,141.9
0,141.9
0,141.9
1,141.9
1,141.9
2,163.9
2,163.9
3,163.9
3,163.9
4,163.9
4,163.9
5,160.9
5,159.9
6,159.9
6,159.9
0,159.9
0,159.9
1,159.85000000000002
1,159.85000000000002
2,159.85000000000002
2,159.85000000000002
3,159.85000000000002
3,159.85000000000002
4,159.85000000000002
4,159.85000000000002
5,159.85000000000002
5,159.85000000000002
6,159.85000000000002
6,159.85000000000002
0,159.85000000000002
0,159.85000000000002
1,159.85000000000002
1,157.9
2,157.9
2,157.9
3,157.9
3,157.9
4,157.9
4,157.9
5,157.9
5,157.9
6,157.9
6,157.9
0,157.9
0,155.9
1,155.9
1,155.9
2,155.9
2,155.9
3,155.9
3,151.4
4,151.4
4,147.9
5,147.9
5,147.9
6,147.9
6,147.9
0,147.9
0,139.9
1,139.9
1,139.9
2,139.9
2,139.9
3,139.9
3,139.9
4,139.9
4,139.9
5,139.9
5,139.9
6,139.9
6,139.9
0,139.9
0,139.9
1,161.9
1,161.9
2,161.9
2,139.9
3,139.9
3,139.9
4,139.9
4,140.9
5,140.9
5,140.9
6,140.9
6,140.9
0,140.9
0,140.9
1,140.9
1,140.9
2,139.9
2,163.9
3,163.9
3,163.9
4,163.9
4,163.9
5,163.9
5,163.9
6,163.9
6,163.9
0,163.9
0,163.9
1,163.9
1,163.9
2,161.9
2,160.9
3,160.9
3,160.9
4,160.9
4,159.9
5,159.9
5,159.9
6,159.9
6,159.9
0,159.9
0,159.9
1,159.9
1,159.9
2,158.9
2,158.9
3,154.9
3,154.9
4,154.9
4,154.9
5,154.9
5,154.9
6,154.9
6,154.9
0,154.9
0,152.9
1,152.9
1,152.9
2,152.9
2,151.9
3,151.9
3,148.9
4,148.9
4,145.9
5,145.9
5,145.9
6,145.9
6,143.9
0,141.9
0,140.9
1,140.9
1,138.9
2,138.9
2,138.9
3,138.9
3,138.9
4,138.9
4,138.9
5,138.9
5,138.9
6,138.9
6,138.9
0,138.9
0,136.9
1,136.9
1,136.9
2,136.9
2,136.9
3,136.9
3,136.9
4,136.9
4,136.9
5,136.9
5,133.9
6,133.9
6,133.9
0,133.9
0,133.9
1,133.9
1,132.9
2,132.9
2,132.9
3,132.9
3,132.9
4,132.9
4,132.9
5,132.9
5,132.9
6,132.9
6,132.9
0,132.9
0,131.9
1,131.9
1,131.9
2,131.9
2,131.9
3,131.9
3,158.9
4,158.9
4,158.9
5,158.9
5,158.9
6,158.9
6,158.9
0,158.9
0,158.9
1,158.9
1,158.9
2,158.9
2,158.9
3,158.9
3,158.9
4,158.9
4,155.9
5,155.9
5,155.9
6,155.9
6,155.9
0,155.9
0,155.9
1,154.9
1,154.9
2,153.9
2,153.9
3,153.9
3,152.9
4,152.9
4,151.9
5,151.9
5,151.9
6,151.9
6,151.9
0,150.9
0,150.9
1,150.9
1,150.9
2,150.9
2,148.9
3,148.9
3,148.9
4,146.9
4,146.9
5,146.9
5,146.9
6,146.9
6,146.9
0,146.9
0,146.9
1,158.9
1,158.9
2,158.9
2,158.9
3,158.9
3,158.9
4,158.9
4,158.9
5,158.9
5,158.9
6,158.9
6,158.9
0,158.9
0,158.9
1,158.9
1,158.9
2,158.9
2,158.9
3,158.9
3,158.9
4,158.9
4,158.9
5,158.9
5,156.9
6,154.9
6,154.9
0,154.9
0,154.9
1,151.9
1,144.9
2,144.9
2,144.9
3,144.9
3,144.9
4,144.9
4,144.9
5,144.9
5,144.9
6,142.9
6,142.9
0,142.9
0,142.9
1,142.9
1,140.9
2,140.9
2,140.9
3,140.9
3,140.9
4,140.9
4,140.9
5,140.9
5,140.9
6,140.9
6,140.9
0,140.9
0,140.9
1,160.9
1,160.9
2,160.9
2,160.9
3,160.9
3,160.9
4,160.9
4,160.9
5,160.9
5,160.9
6,160.9
6,160.9
0,160.9
0,160.9
1,160.9
1,160.9
2,160.9
2,160.9
3,158.9
3,158.9
4,158.9
4,158.9
5,158.9
5,158.9
6,158.9
6,158.9
0,158.9
0,158.9
1,158.9
1,157.4
2,155.9
2,155.9
3,154.9
3,154.9
4,154.9
4,153.15
5,153.15
5,153.15
6,153.15
6,153.15
0,153.15
0,153.15
1,150.4
1,150.4
2,150.4
2,150.4
3,150.4
3,150.4
4,148.9
4,147.4
5,145.9
5,145.9
6,145.9
6,145.9
0,145.9
0,145.9
1,145.9
1,144.9
2,144.9
2,144.9
3,144.9
3,143.9
4,142.4
4,140.9
5,140.9
5,139.4
6,139.4
6,137.9
0,137.9
0,136.9
1,135.9
1,136.9
2,136.9
2,151.9
3,151.9
3,150.9
4,150.9
4,150.9
5,150.9
5,150.9
6,150.9
6,150.9
0,150.9
0,150.9
1,150.9
1,150.9
2,150.9
2,150.9
3,150.9
3,148.9
4,148.9
4,148.9
5,148.9
5,148.9
6,148.9
6,148.9
0,148.9
0,148.9
1,148.9
1,148.9
2,148.9
2,147.4
3,147.4
3,145.9
4,145.9
4,145.9
5,145.9
5,145.9
6,137.8
6,137.8
0,137.8
0,137.5
1,137.5
1,137.5
2,137.5
2,137.5
3,137.5
3,137.5
4,137.5
4,137.5
5,137.5
5,137.5
6,137.5
6,137.5
0,137.5
0,137.5
1,137.5
1,137.5
2,137.5
2,137.5
3,137.5
3,137.5
4,153.9
4,153.9
5,153.9
5,153.9
6,153.9
6,153.9
0,153.9
0,153.9
1,153.9
1,153.9
2,153.9
2,153.9
3,153.9
3,153.9
4,153.9
4,153.9
5,153.9
5,153.9
6,153.9
6,153.9
0,153.9
0,153.9
1,153.9
1,153.9
2,153.9
2,153.9
3,153.9
3,153.9
4,152.9
4,152.9
5,152.9
5,152.9
6,152.9
6,152.9
0,152.9
0,151.9
1,151.9
1,151.9
2,151.9
2,151.9
3,151.9
3,148.9
4,148.9
4,146.9
5,146.9
5,145.9
6,145.9
6,140.8
0,140.8
0,140.8
1,140.85000000000002
1,140.85000000000002
2,140.8
2,140.8
3,140.8
3,140.8
4,151.35000000000002
4,151.35000000000002
5,161.9
5,161.9
6,161.9
6,161.9
0,161.9
0,161.9
1,161.9
1,161.9
2,161.9
2,161.9
3,161.9
3,161.9
4,160.9
4,160.9
5,160.9
5,160.9
6,160.9
6,158.9
0,158.9
0,158.9
1,158.4
1,156.9
2,155.65
2,155.65
3,154.4
3,152.65
4,151.9
4,149.9
5,149.9
5,148.9
6,148.9
6,147.9
0,147.9
0,147.9
1,147.9
1,146.9
2,146.9
2,146.9
3,146.9
3,144.23333333333335
4,141.9
4,139.9
5,139.9
5,139.9
6,136.9
6,134.8
0,134.8
0,134.8
1,134.8
1,134.8
2,161.9
2,161.9
3,161.9
3,161.9
4,161.9
4,161.9
5,161.9
5,161.9
6,161.9
6,161.9
0,161.9
0,161.9
1,161.9
1,161.9
2,161.9
2,161.9
3,161.9
3,160.9
4,160.9
4,160.9
5,160.9
5,159.9
6,158.9
6,158.9
0,157.4
0,156.9
1,156.9
1,156.9
2,155.4
2,155.4
3,154.7
3,152.4
4,152.4
4,149.1
5,146.4
5,144.1
6,143.7
6,143.05
0,143.05
0,142.1
1,142.1
1,141.9
2,141.9
2,141.9
3,163.9
3,163.9
4,163.9
4,163.9
5,163.9
5,163.9
6,163.9
6,163.9
0,163.9
0,163.9
1,163.9
1,163.9
2,163.9
2,163.9
3,163.9
3,163.9
4,163.9
4,163.9
5,163.9
5,163.9
6,163.9
6,163.9
0,163.9
0,163.9
1,161.9
1,161.9
2,161.9
2,161.9
3,161.9
3,161.9
4,161.9
4,160.9
5,160.9
5,160.9
6,160.9
6,160.9
0,160.9
0,157.65
1,157.65
1,154.9
2,154.9
2,153.9
3,150.4
3,150.4
4,148.4
4,148.4
5,148.4
5,168.9
6,168.9
6,168.9
0,168.9
0,168.9
1,168.9
1,168.9
2,168.9
2,168.9
3,168.9
3,168.9
4,168.9
4,168.9
5,168.9
5,168.9
6,168.9
6,168.9
0,168.9
0,168.9
1,168.9
1,168.9
2,168.9
2,168.9
3,168.9
3,168.9
4,168.9
4,164.4
5,164.4
5,164.4
6,164.4
6,164.4
0,164.4
0,164.4
1,164.4
1,161.9
2,161.9
2,161.9
3,161.9
3,159.4
4,157.4
4,154.9
5,154.9
5,152.9
6,152.9
6,152.9
0,152.9
0,151.4
1,151.4
1,149.15
2,149.15
2,149.15
3,168.9
3,168.9
4,168.9
4,168.9
5,168.9
5,168.9
6,168.9
6,168.9
0,166.9
0,166.9
1,166.9
1,166.4
2,165.4
2,163.9
3,163.9
3,163.9
4,163.9
4,161.9
5,161.9
5,161.9
6,161.9
6,161.9
0,159.9
0,157.65
1,157.65
1,157.65
2,156.4
2,155.9
3,155.9
3,155.9
4,155.9
4,155.9
5,155.9
5,155.9
6,155.9
6,154.9
0,154.9
0,154.9
1,152.9
1,152.9
2,152.9
2,152.9
3,152.9
3,152.9
4,150.9
4,150.9
5,150.9
5,150.9
6,150.9
6,150.9
0,149.9
0,149.9
1,149.9
1,149.9
2,149.9
2,149.9
3,149.9
3,168.9
4,168.9
4,168.9
5,168.9
5,168.9
6,168.9
6,168.9
0,168.9
0,168.9
1,167.9
1,166.9
2,166.9
2,166.9
3,166.9
3,164.4
4,164.4
4,164.4
5,164.4
5,164.4
6,164.4
6,162.9
0,160.4
0,160.4
1,160.4
1,157.9
2,157.9
2,157.9
3,157.9
3,155.9
4,155.9
4,155.9
5,155.9
5,155.9
6,155.9
6,155.9
0,155.9
0,155.9
1,155.9
1,155.9
2,153.9
2,153.9
3,153.9
3,151.9
4,151.9
4,151.9
5,151.9
5,151.9
6,151.9
6,151.9
0,151.9
0,147.9
1,147.9
1,147.9
2,147.9
2,147.9
3,147.9
3,147.9
4,147.9
4,147.9
5,147.9
5,147.9
6,147.9
6,147.9
0,147.9
0,147.9
1,145.9
1,144.9
2,144.9
2,144.9
3,144.9
3,144.9
4,144.9
4,143.9
5,143.9
5,143.9
6,143.9
6,143.9
0,168.9
0,143.9
1,143.9
1,168.9
2,168.9
2,168.9
3,168.9
3,168.9
4,167.4
4,167.4
5,167.4
5,167.4
6,167.4
6,167.4
0,167.4
0,165.9
1,165.9
1,165.9
2,165.9
2,165.9
3,163.9
3,163.9
4,163.9
4,162.9
5,162.9
5,162.9
6,159.9
6,159.9
0,159.9
0,159.9
1,159.9
1,159.9
2,156.9
2,156.9
3,155.9
3,155.9
4,155.9
4,154.9
5,154.9
5,154.9
6,154.9
6,154.9
0,152.9
0,152.9
1,152.9
1,152.9
2,152.9
2,149.9
3,149.9
3,149.9
4,149.9
4,168.9
5,168.9
5,168.9
6,168.9
6,168.9
0,168.9
0,168.9
1,168.4
1,168.4
2,167.9
2,165.9
3,165.9
3,163.9
4,163.9
4,163.9
5,162.9
5,162.9
6,162.9
6,162.9
0,162.9
0,162.9
1,162.9
1,159.9
2,159.9
2,156.9
3,156.9
3,156.9
4,153.9
4,153.9
5,153.9
5,153.9
6,153.9
6,153.9
0,153.9
0,151.9
1,150.9
1,150.9
2,150.9
2,146.9
3,146.9
3,146.9
4,146.9
4,146.9
5,146.9
5,146.9
6,146.9
6,146.9
0,146.9
0,146.9
1,146.9
1,146.9
2,171.9
2,171.9
3,171.9
3,171.9
4,171.9
4,171.9
5,171.9
5,171.9
6,171.9
6,171.9
0,170.9
0,170.9
1,170.9
1,169.9
2,169.9
2,169.9
3,169.9
3,169.9
4,169.9
4,168.9
5,168.9
5,168.9
6,168.9
6,168.9
0,168.9
0,168.9
1,167.9
1,166.9
2,166.9
2,164.9
3,164.9
3,163.9
4,163.9
4,163.9
5,163.9
5,163.9
6,163.9
6,163.9
0,163.9
0,162.9
1,162.9
1,160.9
2,175.9
2,175.9
3,175.9
3,175.9
4,175.9
4,175.9
5,175.9
5,175.9
6,175.9
6,175.9
