0,123.4
0,123.4
1,123.4
1,122.9
2,120.9
2,120.9
3,120.9
3,120.9
4,118.9
4,118.9
5,118.9
5,118.9
6,118.9
6,118.9
0,117.9
0,117.9
1,116.7
1,116.7
2,115.9
2,115.9
3,114.9
3,114.9
4,114.9
4,114.9
5,114.9
5,114.9
6,114.9
6,114.9
0,114.9
0,114.9
1,114.9
1,114.9
2,129.9
2,129.9
3,129.9
3,129.9
4,144.9
4,144.9
5,144.9
5,144.9
6,144.9
6,143.9
0,143.9
0,143.9
1,143.9
1,143.9
2,142.9
2,142.9
3,140.73333333333332
3,139.4
4,134.4
4,133.9
5,133.9
5,132.9
6,132.4
6,131.9
0,130.65
0,129.9
1,128.4
1,128.4
2,128.4
2,128.4
3,121.9
3,121.9
4,121.9
4,121.6
5,121.6
5,121.6
6,121.6
6,121.6
0,120.9
0,120.9
1,119.9
1,119.9
2,133.4
2,133.4
3,133.4
3,133.4
4,146.9
4,146.9
5,146.23333333333335
5,146.23333333333335
6,144.9
6,144.9
0,143.3
0,143.3
1,141.23333333333335
1,138.9
2,136.4
2,136.4
3,135.23333333333335
3,135.23333333333335
4,133.9
4,133.9
5,133.9
5,133.9
6,133.9
6,132.9
0,130.06666666666666
0,127.5
1,127.10000000000001
1,127.10000000000001
2,125.3
2,124.9
3,124.63333333333333
3,124.63333333333333
4,149.9
4,149.9
5,149.4
5,149.4
6,149.4
6,148.9
0,148.9
0,148.9
1,148.9
1,148.5
2,145.9
2,145.9
3,145.9
3,145.9
4,145.9
4,145.9
5,145.9
5,145.9
6,145.9
6,145.9
0,145.9
0,145.9
1,145.9
1,145.9
2,145.9
2,145.9
3,145.9
3,145.9
4,145.9
4,145.9
5,145.9
5,145.9
6,145.9
6,145.9
0,145.9
0,145.9
1,145.9
1,145.9
2,145.9
2,145.9
3,145.9
3,145.9
4,145.9
4,145.9
5,145.9
5,145.9
6,145.9
6,145.9
0,145.9
0,145.9
1,145.9
1,145.9
2,145.9
2,145.9
3,145.9
3,145.9
4,145.9
4,145.9
5,145.9
5,145.9
6,145.9
6,145.9
0,145.9
0,145.9
1,145.9
1,145.9
2,145.9
2,145.9
3,145.9
3,145.9
4,145.9
4,145.9
5,145.9
5,145.9
6,145.9
6,145.9
0,145.9
0,145.9
1,145.9
1,145.9
2,145.9
2,145.9
3,145.9
3,145.9
4,145.9
4,145.9
5,145.9
5,145.9
6,145.9
6,145.9
0,145.9
0,145.9
1,145.9
1,145.9
2,145.9
2,145.9
3,145.9
3,145.9
4,145.9
4,145.9
5,145.9
5,145.9
6,145.9
6,145.9
0,145.9
0,145.9
1,145.9
1,145.9
2,145.9
2,145.9
3,145.9
3,145.9
4,145.9
4,145.9
5,145.9
5,145.9
6,145.9
6,145.9
0,145.9
0,145.9
1,145.9
1,145.9
2,145.9
2,145.9
3,145.9
3,145.9
4,145.9
4,145.9
5,145.9
5,145.9
6,145.9
6,145.9
0,145.9
0,145.9
1,145.9
1,145.9
2,145.9
2,145.9
3,145.9
3,152.9
4,152.9
4,152.9
5,152.9
5,152.9
6,152.9
6,152.9
0,152.9
0,152.9
1,152.9
1,152.9
2,152.9
2,152.9
3,152.9
3,152.9
4,152.4
4,152.4
5,152.4
5,152.4
6,152.4
6,152.4
0,152.4
0,152.4
1,151.4
1,150.5666666666667
2,150.5666666666667
2,150.5666666666667
3,150.5666666666667
3,150.5666666666667
4,150.5666666666667
4,150.5666666666667
5,150.5666666666667
5,150.5666666666667
6,150.5666666666667
6,150.5666666666667
0,150.5666666666667
0,150.5666666666667
1,150.5666666666667
1,150.5666666666667
2,150.5666666666667
2,149.4
3,145.9
3,144.9
4,144.9
4,144.9
5,144.9
5,144.9
6,144.9
6,144.9
0,143.4
0,141.4
1,141.4
1,140.4
2,140.4
2,140.4
3,140.4
3,140.4
4,140.4
4,140.4
5,140.4
5,140.4
6,140.4
6,140.4
0,140.4
0,140.4
1,140.4
1,140.4
2,140.4
2,156.0666666666667
3,156.0666666666667
3,156.0666666666667
4,156.0666666666667
4,156.0666666666667
5,156.0666666666667
5,156.0666666666667
6,156.0666666666667
6,156.0666666666667
0,156.0666666666667
0,156.0666666666667
1,156.0666666666667
1,163.4
2,163.4
2,163.4
3,163.4
3,163.4
4,163.4
4,163.4
5,163.4
5,163.4
6,163.4
6,163.4
0,163.4
0,160.9
1,160.9
1,158.9
2,154.4
2,152.15
3,150.98333333333332
3,149.81666666666666
4,149.81666666666666
4,149.81666666666666
5,149.81666666666666
5,149.81666666666666
6,149.81666666666666
6,149.81666666666666
0,149.81666666666666
0,144.9
1,144.9
1,144.9
2,143.25
2,143.25
3,143.25
3,143.25
4,141.9
4,141.4
5,138.9
5,138.9
6,138.9
6,138.9
0,138.9
0,137.9
1,136.4
1,135.3
2,135.3
2,133.95
3,133.95
3,133.95
4,133.95
4,133.4
5,133.4
5,133.03333333333333
6,133.03333333333333
6,133.03333333333333
0,133.03333333333333
0,132.4
1,132.4
1,132.4
2,132.4
2,132.4
3,132.4
3,132.4
4,132.4
4,132.4
5,132.4
5,132.4
6,132.4
6,132.06666666666666
0,132.06666666666666
0,132.06666666666666
1,132.06666666666666
1,131.5
2,131.5
2,131.5
3,131.5
3,163.9
4,163.9
4,163.9
5,163.9
5,163.9
6,163.9
6,163.9
0,163.9
0,160.9
1,160.9
1,160.9
2,160.9
2,160.9
3,160.9
3,160.9
4,160.9
4,160.9
5,160.9
5,160.9
6,160.9
6,159.9
0,159.9
0,159.9
1,156.9
1,156.9
2,156.9
2,154.9
3,154.9
3,148.9
4,148.9
4,146.9
5,146.9
5,146.9
6,146.9
6,146.9
0,146.9
0,145.9
1,145.9
1,144.43333333333334
2,144.43333333333334
2,142.36666666666665
3,142.36666666666665
3,138.9
4,138.9
4,138.9
5,137.9
5,137.9
6,137.9
6,137.9
0,137.9
0,137.9
1,137.9
1,135.9
2,135.9
2,134.9
3,134.9
3,134.9
4,134.9
4,133.9
5,133.9
5,133.9
6,133.9
6,133.9
0,133.9
0,132.9
1,132.9
1,132.9
2,131.5
2,131.5
3,131.5
3,131.14
4,131.14
4,131.14
5,129.7
5,129.7
6,129.7
6,128.9
0,128.9
0,128.9
1,128.9
1,128.9
2,128.9
2,128.9
3,128.9
3,128.9
4,128.9
4,128.9
5,128.9
5,128.9
6,128.9
6,128.9
0,128.9
0,128.9
1,128.9
1,128.9
2,127.9
2,126.9
3,126.9
3,126.9
4,126.9
4,126.9
5,126.9
5,158.9
6,158.9
6,158.9
0,158.9
0,158.9
1,158.9
1,156.9
2,154.9
2,153.9
3,153.9
3,153.9
4,153.9
4,152.9
5,152.9
5,152.9
6,152.9
6,149.9
0,149.9
0,148.9
1,148.9
1,148.9
2,148.9
2,145.5
3,144.9
3,142.5
4,142.5
4,141.9
5,141.9
5,141.9
6,141.9
6,140.9
0,138.9
0,138.9
1,138.9
1,138.9
2,138.9
2,138.9
3,138.9
3,138.9
4,137.1
4,137.1
5,137.1
5,137.1
6,137.1
6,137.1
0,134.4
0,133.9
1,133.9
1,133.9
2,132.9
2,132.9
3,132.9
3,132.9
4,132.4
4,132.4
5,158.9
5,158.9
6,158.9
6,158.9
0,158.9
0,158.9
1,158.9
1,158.9
2,158.9
2,156.9
3,156.9
3,156.9
4,155.5666666666667
4,148.9
5,148.9
5,146.9
6,146.9
6,144.4
0,144.4
0,143.4
1,143.4
1,141.025
2,141.025
2,138.4
3,138.4
3,137.4
4,137.4
4,135.9
5,133.9
5,133.9
6,133.9
6,133.9
0,133.9
0,133.5
1,133.5
1,132.9
2,132.9
2,132.9
3,132.9
3,132.9
4,132.9
4,132.9
5,132.9
5,132.9
6,132.9
6,132.9
0,132.9
0,132.9
1,132.9
1,132.9
2,160.9
2,146.9
3,146.9
3,146.9
4,146.9
4,146.9
5,146.9
5,146.9
6,158.9
6,158.9
0,158.9
0,155.9
1,155.9
1,154.15
2,154.15
2,151.5666666666667
3,148.9
3,147.9
4,147.9
4,146.9
5,146.9
5,146.9
6,146.9
6,146.9
0,146.9
0,143.9
1,143.9
1,143.9
2,142.5666666666667
2,141.23333333333335
3,141.23333333333335
3,141.23333333333335
4,141.23333333333335
4,141.23333333333335
5,141.23333333333335
5,141.23333333333335
6,141.23333333333335
6,141.23333333333335
0,141.23333333333335
0,141.23333333333335
1,131.9
1,131.9
2,129.5
2,128.9
3,128.4
3,127.9
4,127.9
4,127.4
5,127.4
5,127.4
6,126.9
6,126.9
0,126.9
0,126.44999999999999
1,126.44999999999999
1,126.44999999999999
2,126.44999999999999
2,125.56666666666668
3,125.56666666666668
3,124.9
4,124.9
4,124.9
5,124.9
5,123.9
6,123.9
6,123.9
0,123.9
0,123.9
1,123.9
1,123.9
2,123.9
2,123.9
3,123.9
3,150.9
4,150.9
4,150.9
5,150.9
5,150.9
6,150.9
6,150.9
0,150.9
0,150.9
1,150.9
1,148.9
2,148.9
2,146.9
3,145.9
3,143.5
4,143.5
4,143.5
5,140.9
5,140.9
6,140.9
6,140.9
0,140.9
0,137.9
1,137.9
1,135.9
2,135.9
2,135.9
3,135.9
3,135.9
4,135.9
4,135.9
5,135.9
5,132.9
6,132.9
6,130.9
0,130.2
0,130.2
1,129.5
1,126.9
2,126.9
2,126.9
3,126.9
3,126.9
4,126.9
4,125.7
5,125.7
5,125.7
6,125.7
6,125.7
0,125.7
0,125.7
1,125.7
1,125.7
2,125.7
2,125.7
3,125.7
3,125.7
4,125.7
4,125.7
5,125.7
5,125.7
6,125.7
6,125.7
0,125.7
0,125.7
1,140.8
1,153.9
2,153.9
2,153.9
3,153.9
3,153.9
4,153.9
4,153.9
5,151.4
5,151.4
6,148.9
6,148.9
0,147.4
0,144.9
1,144.9
1,144.9
2,144.9
2,144.9
3,144.9
3,139.9
4,139.9
4,138.9
5,138.9
5,137.9
6,137.9
6,137.9
0,136.9
0,134.9
1,134.9
1,134.9
2,134.9
2,133.9
3,132.9
3,130.9
4,130.9
4,130.9
5,130.9
5,129.9
6,129.9
6,129.9
0,129.9
0,129.5
1,129.5
1,129.5
2,129.5
2,128.9
3,128.9
3,128.9
4,145.4
4,145.4
5,161.9
5,128.9
6,128.9
6,128.9
0,145.4
0,145.4
1,161.9
1,160.9
2,159.4
2,159.4
3,157.9
3,157.9
4,156.23333333333335
4,153.9
5,153.9
5,153.9
6,153.9
6,153.9
0,153.9
0,151.9
1,151.9
1,148.65
2,146.4
2,145.9
3,145.4
3,143.9
4,143.9
4,142.4
5,141.3
5,139.9
6,139.9
6,138.4
0,137.9
0,137.9
1,137.9
1,137.9
2,137.4
2,137.4
3,137.4
3,135.9
4,135.9
4,133.4
5,133.4
5,133.4
6,133.4
6,133.4
0,133.4
0,133.4
1,131.9
1,131.9
2,131.4
2,131.4
3,131.4
3,131.4
4,131.4
4,131.4
5,131.4
5,131.4
6,131.4
6,131.4
0,146.4
0,146.4
1,146.4
1,160.9
2,159.9
2,159.9
3,158.4
3,158.4
4,155.9
4,153.9
5,151.9
5,151.9
6,150.9
6,150.9
0,150.3
0,148.9
1,146.9
1,146.9
2,146.9
2,143.4
3,140.9
3,140.9
4,137.9
4,137.9
5,137.9
5,137.9
6,137.4
6,137.4
0,137.4
0,136.9
1,136.5
1,135.9
2,135.9
2,135.16666666666666
3,133.9
3,133.9
4,133.9
4,143.4333333333333
5,143.4333333333333
5,143.4333333333333
6,143.4333333333333
6,143.4333333333333
0,143.4333333333333
0,143.4333333333333
1,143.4333333333333
1,143.4333333333333
2,162.4
2,158.9
3,158.9
3,158.9
4,158.9
4,158.9
5,158.9
5,158.9
6,158.9
6,158.9
0,158.9
0,158.9
1,158.4
1,158.4
2,156.9
2,156.9
3,156.9
3,156.9
4,151.5666666666667
4,151.5666666666667
5,151.5666666666667
5,151.5666666666667
6,151.5666666666667
6,151.5666666666667
0,151.5666666666667
0,143.9
1,143.9
1,140.9
2,140.9
2,140.9
3,140.9
3,139.0
4,168.9
4,168.9
5,168.9
5,168.9
6,168.9
6,168.9
0,168.9
0,168.9
1,168.9
1,168.9
2,168.9
2,168.9
3,168.9
3,167.9
4,166.9
4,166.23333333333335
5,164.9
5,164.9
6,164.9
6,164.9
0,164.9
0,164.9
1,163.7
1,162.7
2,160.4
2,160.4
3,160.4
3,160.4
4,160.4
4,160.4
5,160.4
5,160.4
6,160.4
6,160.4
0,160.4
0,157.1
1,157.1
1,157.1
2,153.45
2,149.86666666666667
3,148.63333333333333
3,147.4
4,147.4
4,144.9
5,144.9
5,144.9
6,144.9
6,144.9
0,144.9
0,144.9
1,144.9
1,168.9
2,168.9
2,168.9
3,168.9
3,168.9
4,168.9
4,168.9
5,168.9
5,168.9
6,168.9
6,168.9
0,168.9
0,168.9
1,168.9
1,168.9
2,168.9
2,168.9
3,167.2
3,166.2
4,165.7
4,164.4
5,163.2
5,163.2
6,163.2
6,163.2
0,163.2
0,163.2
1,162.2
1,162.2
2,159.2
2,159.2
3,159.2
3,155.2
4,155.2
4,154.2
5,154.2
5,151.2
6,151.2
6,151.2
0,151.2
0,151.2
1,150.53333333333333
1,150.53333333333333
2,150.53333333333333
2,150.53333333333333
3,150.53333333333333
3,150.53333333333333
4,150.53333333333333
4,150.53333333333333
5,150.53333333333333
5,150.53333333333333
6,150.53333333333333
6,150.53333333333333
0,150.53333333333333
0,150.53333333333333
1,150.53333333333333
1,150.53333333333333
2,150.53333333333333
2,150.53333333333333
3,150.53333333333333
3,150.53333333333333
4,150.53333333333333
4,168.9
5,168.9
5,168.9
6,168.9
6,168.9
0,168.9
0,168.9
1,168.9
1,168.9
2,168.9
2,168.9
3,166.2
3,166.2
4,166.2
4,163.9
5,163.9
5,163.9
6,163.9
6,163.9
0,163.9
0,163.9
1,162.9
1,159.5
2,159.5
2,159.5
3,159.5
3,159.5
4,159.5
4,159.5
5,159.5
5,159.5
6,159.5
6,159.5
0,159.5
0,155.9
1,153.9
1,153.9
2,153.9
2,153.9
3,153.9
3,153.9
4,153.9
4,153.9
5,153.9
5,149.9
6,149.9
6,149.9
0,149.9
0,149.9
1,149.9
1,149.9
2,149.9
2,146.5
3,145.9
3,145.9
4,145.9
4,145.9
5,145.9
5,145.9
6,145.9
6,145.9
0,145.9
0,145.9
1,144.55
1,144.55
2,144.55
2,141.9
3,140.9
3,140.9
4,140.9
4,140.9
5,140.9
5,140.9
6,140.9
6,140.9
0,140.9
0,140.9
1,140.9
1,140.9
2,168.9
2,168.9
3,168.9
3,168.9
4,167.9
4,166.9
5,166.9
5,166.9
6,166.9
6,166.9
0,166.9
0,166.9
1,166.9
1,166.9
2,166.9
2,166.9
3,162.2
3,160.9
4,160.9
4,160.9
5,154.7
5,154.7
6,154.7
6,154.7
0,154.7
0,154.16666666666666
1,150.9
1,148.9
2,146.9
2,144.9
3,144.9
3,143.8
4,143.8
4,141.8
5,141.8
5,141.8
6,141.8
6,141.8
0,141.8
0,141.8
1,141.8
1,141.8
2,141.8
2,139.9
3,139.9
3,139.9
4,139.9
4,168.9
5,168.9
5,168.9
6,168.9
6,168.9
0,168.9
0,168.9
1,168.9
1,168.9
2,168.9
2,168.9
3,168.9
3,168.9
4,167.9
4,167.9
5,167.9
5,167.9
6,167.9
6,160.7
0,160.7
0,158.03333333333333
1,158.03333333333333
1,154.7
2,154.7
2,154.7
3,153.9
3,153.9
4,149.8
4,147.7
5,147.7
5,147.7
6,147.7
6,147.7
0,147.7
0,147.7
1,147.7
1,146.9
2,146.3
2,143.9
3,143.9
3,143.9
4,143.9
4,143.9
5,143.9
5,143.9
6,142.7
6,142.7
0,142.7
0,142.7
1,142.7
1,142.7
2,142.7
2,142.7
3,142.7
3,142.7
4,162.16666666666666
4,162.16666666666666
5,162.16666666666666
5,162.16666666666666
6,162.16666666666666
6,162.16666666666666
0,162.16666666666666
0,171.23333333333335
1,171.23333333333335
1,168.4
2,166.9
2,165.9
3,165.9
3,165.9
4,165.9
4,165.9
5,165.9
5,165.9
6,165.9
6,161.9
0,161.9
0,160.5666666666667
1,160.5666666666667
1,160.5666666666667
2,160.5666666666667
2,160.5666666666667
3,160.5666666666667
3,160.5666666666667
4,160.5666666666667
4,160.5666666666667
5,160.5666666666667
5,160.5666666666667
6,160.5666666666667
6,157.9
0,157.9
0,157.9
1,157.9
1,157.9
2,157.9
2,157.9
3,175.9
3,175.9
4,175.9
4,175.9
5,175.9
5,175.9
6,175.9
6,175.9
