0,0
0,130.9
1,127.9
1,127.9
2,125.9
2,124.9
3,124.9
3,123.9
4,123.85
4,123.85
5,123.85
5,123.85
6,122.5
6,122.5
0,122.5
0,122.5
1,122.5
1,122.5
2,122.5
2,122.5
3,122.5
3,122.5
4,119.9
4,119.9
5,119.9
5,119.9
6,119.9
6,117.9
0,117.9
0,117.9
1,115.65
1,115.65
2,113.9
2,113.9
3,145.9
3,145.9
4,145.4
4,145.4
5,145.4
5,145.4
6,145.4
6,145.4
0,145.4
0,145.4
1,144.95
1,144.9
2,142.9
2,142.9
3,140.9
3,140.9
4,140.23333333333332
4,140.23333333333332
5,140.23333333333332
5,140.23333333333332
6,140.23333333333332
6,140.23333333333332
0,140.23333333333332
0,140.23333333333332
1,135.9
1,135.9
2,135.9
2,135.9
3,130.60000000000002
3,127.9
4,124.9
4,124.9
5,124.9
5,124.9
6,124.23333333333335
6,124.23333333333335
0,124.23333333333335
0,124.23333333333335
1,124.23333333333335
1,124.23333333333335
2,122.9
2,122.9
3,137.9
3,137.9
4,147.4
4,147.4
5,147.4
5,147.4
6,147.4
6,146.9
0,146.9
0,146.9
1,145.9
1,145.9
2,143.56666666666666
2,143.56666666666666
3,139.4
3,139.4
4,137.15
4,137.15
5,137.15
5,137.15
6,134.4
6,133.9
0,133.23333333333335
0,133.23333333333335
1,127.9
1,127.9
2,127.1
2,127.1
3,131.06
3,131.06
4,131.06
4,149.4
5,149.4
5,149.4
6,149.4
6,149.4
0,149.4
0,149.4
1,149.4
1,149.4
2,145.73333333333335
2,145.73333333333335
3,145.73333333333335
3,145.73333333333335
4,145.73333333333335
4,145.73333333333335
5,145.73333333333335
5,145.73333333333335
6,145.73333333333335
6,145.73333333333335
0,145.73333333333335
0,145.73333333333335
1,145.73333333333335
1,145.73333333333335
2,145.73333333333335
2,145.73333333333335
3,145.73333333333335
3,145.73333333333335
4,145.73333333333335
4,145.73333333333335
5,145.73333333333335
5,145.73333333333335
6,145.73333333333335
6,145.73333333333335
0,145.73333333333335
0,145.73333333333335
1,145.73333333333335
1,145.73333333333335
2,145.73333333333335
2,145.73333333333335
3,145.73333333333335
3,145.73333333333335
4,145.73333333333335
4,145.73333333333335
5,145.73333333333335
5,145.73333333333335
6,145.73333333333335
6,145.73333333333335
0,145.73333333333335
0,145.73333333333335
1,145.73333333333335
1,145.73333333333335
2,145.73333333333335
2,145.73333333333335
3,145.73333333333335
3,145.73333333333335
4,145.73333333333335
4,145.73333333333335
5,145.73333333333335
5,145.73333333333335
6,145.73333333333335
6,145.73333333333335
0,145.73333333333335
0,145.73333333333335
1,145.73333333333335
1,145.73333333333335
2,145.73333333333335
2,145.73333333333335
3,145.73333333333335
3,145.73333333333335
4,145.73333333333335
4,145.73333333333335
5,145.73333333333335
5,145.73333333333335
6,145.73333333333335
6,145.73333333333335
0,145.73333333333335
0,145.73333333333335
1,145.73333333333335
1,145.73333333333335
2,145.73333333333335
2,145.73333333333335
3,145.73333333333335
3,145.73333333333335
4,145.73333333333335
4,145.73333333333335
5,145.73333333333335
5,145.73333333333335
6,145.73333333333335
6,145.73333333333335
0,145.73333333333335
0,145.73333333333335
1,145.73333333333335
1,145.73333333333335
2,145.73333333333335
2,145.73333333333335
3,145.73333333333335
3,145.73333333333335
4,145.73333333333335
4,145.73333333333335
5,145.73333333333335
5,145.73333333333335
6,145.73333333333335
6,145.73333333333335
0,145.73333333333335
0,145.73333333333335
1,145.73333333333335
1,145.73333333333335
2,145.73333333333335
2,145.73333333333335
3,145.73333333333335
3,145.73333333333335
4,145.73333333333335
4,145.73333333333335
5,145.73333333333335
5,145.73333333333335
6,145.73333333333335
6,145.73333333333335
0,145.73333333333335
0,145.73333333333335
1,145.73333333333335
1,145.73333333333335
2,145.73333333333335
2,145.73333333333335
3,145.73333333333335
3,145.73333333333335
4,145.73333333333335
4,145.73333333333335
5,145.73333333333335
5,145.73333333333335
6,145.73333333333335
6,145.73333333333335
0,145.73333333333335
0,145.73333333333335
1,145.73333333333335
1,145.73333333333335
2,145.73333333333335
2,145.73333333333335
3,145.73333333333335
3,145.73333333333335
4,147.23333333333335
4,147.23333333333335
5,147.23333333333335
5,153.5666666666667
6,153.5666666666667
6,153.5666666666667
0,153.5666666666667
0,153.5666666666667
1,153.5666666666667
1,153.5666666666667
2,153.5666666666667
2,153.5666666666667
3,153.5666666666667
3,153.5666666666667
4,153.5666666666667
4,153.5666666666667
5,153.5666666666667
5,153.5666666666667
6,152.4
6,152.4
0,151.61999999999998
0,151.61999999999998
1,151.61999999999998
1,150.3
2,150.3
2,150.3
3,150.3
3,150.3
4,150.3
4,150.3
5,149.9
5,149.9
6,149.9
6,149.9
0,149.9
0,149.9
1,149.9
1,149.9
2,149.9
2,148.9
3,148.3
3,148.3
4,148.3
4,147.60000000000002
5,147.60000000000002
5,147.60000000000002
6,147.60000000000002
6,146.9
0,146.9
0,146.9
1,146.9
1,145.9
2,145.9
2,145.9
3,145.9
3,145.46666666666667
4,145.46666666666667
4,143.9
5,143.9
5,143.9
6,143.9
6,143.9
0,143.9
0,143.9
1,143.9
1,143.9
2,153.29999999999998
2,153.29999999999998
3,153.29999999999998
3,153.29999999999998
4,153.29999999999998
4,153.29999999999998
5,153.29999999999998
5,153.29999999999998
6,153.29999999999998
6,153.29999999999998
0,153.29999999999998
0,153.29999999999998
1,161.9
1,161.9
2,161.9
2,161.1
3,161.1
3,161.1
4,160.56666666666666
4,160.56666666666666
5,160.56666666666666
5,160.56666666666666
6,160.56666666666666
6,160.56666666666666
0,160.3
0,160.3
1,157.7
1,157.5
2,156.7
2,155.9
3,153.9
3,153.76666666666668
4,153.76666666666668
4,150.9
5,150.9
5,150.9
6,150.23333333333335
6,150.23333333333335
0,150.23333333333335
0,147.9
1,147.9
1,147.9
2,146.9
2,146.9
3,146.9
3,146.9
4,146.9
4,146.9
5,146.9
5,146.9
6,146.9
6,146.9
0,146.9
0,146.46666666666667
1,144.5666666666667
1,139.9
2,138.90000000000003
2,137.9
3,137.9
3,137.9
4,137.9
4,136.7
5,136.7
5,135.7
6,135.7
6,135.7
0,135.7
0,134.7
1,161.9
1,161.9
2,161.9
2,134.4
3,134.4
3,134.4
4,134.4
4,134.4
5,134.4
5,134.4
6,134.4
6,134.4
0,134.4
0,133.9
1,133.9
1,133.9
2,148.9
2,163.9
3,163.9
3,163.9
4,163.9
4,163.9
5,163.9
5,163.9
6,163.9
6,163.9
0,163.9
0,163.9
1,163.9
1,163.9
2,163.9
2,162.4
3,162.4
3,160.9
4,160.9
4,160.23333333333332
5,160.23333333333332
5,160.23333333333332
6,159.5
6,159.5
0,159.5
0,159.5
1,159.5
1,154.9
2,154.9
2,153.4
3,149.4
3,149.4
4,149.4
4,149.4
5,149.4
5,149.4
6,149.4
6,149.4
0,149.4
0,149.4
1,149.4
1,146.3
2,146.3
2,146.3
3,146.3
3,141.7
4,141.7
4,138.7
5,138.7
5,137.9
6,136.7
6,136.03333333333333
0,136.03333333333333
0,136.03333333333333
1,136.03333333333333
1,136.03333333333333
2,136.03333333333333
2,136.03333333333333
3,136.03333333333333
3,136.03333333333333
4,136.03333333333333
4,136.03333333333333
5,136.03333333333333
5,136.03333333333333
6,136.03333333333333
6,136.03333333333333
0,136.03333333333333
0,135.16666666666666
1,135.16666666666666
1,135.16666666666666
2,135.16666666666666
2,135.16666666666666
3,135.16666666666666
3,135.16666666666666
4,135.16666666666666
4,133.9
5,133.9
5,133.9
6,133.9
6,133.9
0,133.9
0,132.9
1,132.9
1,132.23333333333335
2,130.9
2,130.9
3,130.9
3,130.9
4,130.9
4,130.9
5,130.9
5,130.9
6,130.9
6,130.9
0,130.9
0,130.9
1,130.9
1,130.9
2,130.9
2,130.9
3,130.9
3,130.9
4,130.9
4,130.9
5,130.9
5,158.9
6,158.9
6,158.9
0,158.9
0,158.9
1,158.9
1,158.9
2,158.9
2,158.9
3,158.9
3,158.9
4,158.9
4,156.9
5,154.7
5,153.5
6,151.9
6,151.9
0,151.9
0,150.9
1,150.9
1,149.96666666666667
2,149.96666666666667
2,149.96666666666667
3,149.96666666666667
3,149.96666666666667
4,149.96666666666667
4,149.96666666666667
5,149.96666666666667
5,149.96666666666667
6,149.96666666666667
6,149.96666666666667
0,149.96666666666667
0,149.96666666666667
1,149.96666666666667
1,149.96666666666667
2,149.96666666666667
2,149.96666666666667
3,149.96666666666667
3,149.96666666666667
4,149.96666666666667
4,148.42
5,145.2
5,142.7
6,142.7
6,142.7
0,142.16666666666666
0,141.3
1,141.3
1,141.3
2,139.4
2,137.7
3,137.7
3,136.4
4,136.4
4,158.9
5,158.9
5,158.9
6,158.9
6,158.9
0,158.9
0,158.9
1,158.9
1,158.9
2,158.9
2,156.9
3,156.9
3,156.9
4,152.9
4,140.9
5,140.9
5,140.9
6,140.9
6,139.7
0,139.7
0,139.7
1,139.7
1,139.7
2,137.5
2,137.5
3,136.03333333333333
3,136.03333333333333
4,136.03333333333333
4,136.03333333333333
5,136.03333333333333
5,136.03333333333333
6,136.03333333333333
6,136.03333333333333
0,136.03333333333333
0,136.03333333333333
1,136.03333333333333
1,134.9
2,134.9
2,134.9
3,134.9
3,134.06
4,134.06
4,133.3
5,133.3
5,133.3
6,133.3
6,160.9
0,160.9
0,133.3
1,147.10000000000002
1,149.86
2,149.86
2,149.86
3,149.86
3,149.86
4,149.86
4,149.86
5,149.86
5,149.86
6,149.86
6,149.86
0,149.86
0,149.86
1,149.86
1,149.86
2,149.86
2,158.5
3,158.5
3,158.5
4,158.5
4,158.5
5,158.5
5,158.5
6,158.5
6,154.9
0,154.9
0,154.9
1,154.9
1,154.9
2,154.9
2,150.5666666666667
3,150.5666666666667
3,150.5666666666667
4,150.5666666666667
4,148.4
5,148.4
5,148.4
6,148.4
6,148.4
0,148.4
0,148.4
1,148.4
1,148.4
2,148.4
2,137.5
3,134.5
3,134.5
4,134.5
4,134.5
5,134.5
5,134.5
6,134.5
6,134.5
0,134.5
0,134.4
1,134.3
1,134.3
2,134.3
2,133.68333333333337
3,133.68333333333337
3,132.96666666666667
4,132.73333333333332
4,131.9
5,131.9
5,131.9
6,131.9
6,131.65
0,131.65
0,131.10000000000002
1,131.10000000000002
1,131.10000000000002
2,129.7
2,151.9
3,151.9
3,150.9
4,150.9
4,150.9
5,150.9
5,150.9
6,150.9
6,150.9
0,150.9
0,150.9
1,150.9
1,150.9
2,150.9
2,149.9
3,149.9
3,149.9
4,149.9
4,149.9
5,149.9
5,145.9
6,145.9
6,145.9
0,145.9
0,145.9
1,145.9
1,140.5
2,140.5
2,140.5
3,140.5
3,140.5
4,140.5
4,140.5
5,140.5
5,140.5
6,138.4
6,138.4
0,135.9
0,135.9
1,134.9
1,134.9
2,134.9
2,134.9
3,134.9
3,134.9
4,134.9
4,134.9
5,134.9
5,134.9
6,134.9
6,134.9
0,134.9
0,133.4
1,133.4
1,133.4
2,133.4
2,133.4
3,133.4
3,132.4
4,132.4
4,132.4
5,132.4
5,132.4
6,132.4
6,132.4
0,143.15
0,143.15
1,143.15
1,143.15
2,143.15
2,143.15
3,143.15
3,143.15
4,143.15
4,143.15
5,143.15
5,150.9
6,149.9
6,149.9
0,146.9
0,143.9
1,143.9
1,143.9
2,143.9
2,143.9
3,143.9
3,143.9
4,143.9
4,143.9
5,143.9
5,143.9
6,143.9
6,143.9
0,143.9
0,143.9
1,143.9
1,143.9
2,143.9
2,143.9
3,143.9
3,143.9
4,143.9
4,143.8
5,141.7
5,141.7
6,141.5
6,141.5
0,141.5
0,139.7
1,139.7
1,139.7
2,139.2
2,138.2
3,137.9
3,137.4
4,155.73333333333335
4,155.73333333333335
5,161.9
5,161.9
6,161.9
6,161.9
0,161.9
0,161.9
1,161.9
1,161.9
2,161.9
2,161.9
3,161.9
3,160.9
4,160.4
4,160.4
5,160.4
5,154.9
6,154.9
6,154.9
0,154.4
0,150.9
1,150.9
1,150.9
2,149.9
2,146.9
3,146.9
3,144.9
4,144.9
4,142.9
5,143.8
5,143.8
6,142.9
6,142.9
0,142.9
0,142.9
1,142.9
1,138.5
2,136.5
2,135.5
3,135.5
3,134.9
4,134.9
4,133.9
5,133.9
5,133.9
6,133.7
6,133.7
0,133.7
0,132.9
1,132.9
1,132.9
2,147.4
2,147.4
3,147.4
3,147.4
4,147.4
4,133.9
5,133.9
5,133.9
6,133.9
6,133.9
0,161.9
0,161.9
1,161.9
1,161.9
2,161.15
2,161.15
3,161.15
3,161.15
4,157.5
4,157.5
5,157.5
5,157.5
6,157.5
6,155.7
0,152.8
0,152.8
1,152.8
1,152.8
2,147.9
2,145.4
3,145.4
3,141.9
4,141.9
4,139.4
5,139.4
5,138.7
6,138.7
6,138.7
0,138.7
0,138.7
1,138.3
1,137.5
2,137.0
2,137.0
3,137.0
3,163.9
4,163.9
4,163.9
5,163.9
5,163.9
6,163.9
6,163.9
0,163.9
0,163.9
1,163.9
1,163.9
2,163.9
2,162.9
3,162.9
3,161.23333333333335
4,161.23333333333335
4,161.23333333333335
5,161.23333333333335
5,161.23333333333335
6,161.23333333333335
6,161.23333333333335
0,161.23333333333335
0,161.23333333333335
1,161.23333333333335
1,161.23333333333335
2,161.23333333333335
2,161.23333333333335
3,161.23333333333335
3,161.23333333333335
4,161.23333333333335
4,161.23333333333335
5,160.7
5,160.7
6,160.7
6,160.7
0,160.6
0,159.2
1,159.2
1,156.4
2,156.4
2,156.4
3,156.4
3,154.7
4,152.7
4,152.7
5,145.9
5,168.9
6,168.9
6,168.9
0,168.9
0,167.16666666666669
1,167.16666666666669
1,167.16666666666669
2,167.16666666666669
2,164.1
3,166.5
3,166.5
4,166.5
4,163.9
5,163.9
5,163.9
6,163.9
6,163.9
0,163.9
0,163.9
1,163.9
1,163.5
2,163.5
2,163.5
3,163.5
3,163.1
4,163.1
4,163.1
5,163.1
5,163.1
6,163.1
6,163.1
0,163.1
0,163.1
1,161.7
1,160.7
2,160.7
2,160.5
3,160.5
3,158.8
4,158.8
4,156.7
5,156.7
5,156.7
6,156.7
6,156.7
0,153.9
0,150.9
1,150.9
1,150.9
2,168.9
2,168.9
3,168.9
3,168.9
4,168.9
4,168.9
5,168.9
5,168.9
6,168.9
6,168.9
0,168.7
0,167.7
1,167.7
1,167.7
2,167.5
2,167.5
3,167.5
3,167.5
4,167.5
4,166.9
5,166.9
5,166.9
6,166.9
6,166.9
0,166.5
0,166.3
1,166.3
1,166.03333333333333
2,164.96666666666667
2,164.96666666666667
3,164.3
3,163.5
4,163.5
4,162.5
5,162.5
5,162.5
6,162.5
6,162.5
0,162.5
0,162.5
1,160.9
1,159.5666666666667
2,159.5666666666667
2,159.5666666666667
3,159.5666666666667
3,157.9
4,157.9
4,157.9
5,157.9
5,154.7
6,154.7
6,154.7
0,154.7
0,154.7
1,154.7
1,153.7
2,153.7
2,153.5
3,153.5
3,152.96666666666667
4,152.96666666666667
4,168.9
5,168.9
5,168.9
6,168.9
6,168.9
0,168.5
0,168.5
1,168.3
1,167.6
2,167.6
2,167.6
3,166.9
3,164.1
4,164.1
4,162.7
5,162.7
5,161.7
6,161.7
6,161.7
0,161.7
0,161.5
1,161.5
1,161.3
2,161.3
2,161.3
3,161.3
3,160.9
4,160.7
4,160.7
5,160.7
5,160.7
6,160.7
6,160.7
0,160.7
0,158.7
1,156.9
1,154.8
2,151.7
2,151.7
3,150.7
3,150.2
4,150.2
4,150.2
5,149.5
5,149.5
6,149.5
6,149.5
0,149.5
0,149.3
1,148.9
1,148.4
2,147.9
2,147.7
3,147.2
3,146.9
4,146.7
4,146.7
5,146.7
5,146.7
6,146.7
6,144.7
0,140.3
0,140.3
1,140.3
1,140.3
2,140.3
2,140.3
3,140.3
3,140.3
4,140.3
4,140.3
5,140.3
5,140.3
6,140.3
6,140.3
0,168.9
0,140.3
1,140.3
1,140.3
2,140.3
2,140.3
3,168.9
3,168.9
4,168.9
4,165.8
5,165.8
5,165.8
6,162.5
6,162.5
0,156.5
0,162.5
1,162.5
1,162.5
2,158.5
2,154.5
3,151.5
3,148.5
4,146.5
4,144.5
5,144.5
5,144.5
6,144.5
6,144.5
0,144.5
0,144.5
1,144.5
1,144.5
2,144.5
2,144.5
3,144.5
3,142.3
4,142.3
4,142.3
5,142.3
5,142.3
6,142.3
6,142.3
0,142.3
0,142.3
1,142.3
1,142.3
2,142.3
2,142.3
3,142.3
3,142.3
4,141.9
4,141.9
5,141.9
5,168.9
6,168.9
6,168.9
0,168.9
0,168.9
1,168.9
1,168.9
2,164.9
2,164.9
3,162.7
3,160.7
4,158.7
4,154.2
5,151.36666666666665
5,151.36666666666665
6,151.36666666666665
6,148.7
0,145.7
0,143.7
1,143.7
1,143.7
2,143.7
2,143.7
3,143.7
3,143.7
4,143.7
4,143.7
5,143.7
5,143.7
6,143.7
6,143.7
0,143.7
0,143.7
1,143.7
1,143.7
2,143.7
2,142.9
3,142.9
3,142.9
4,142.9
4,142.9
5,142.9
5,142.9
6,142.9
6,142.9
0,142.9
0,142.9
1,142.9
1,142.9
2,142.9
2,142.9
3,142.9
3,171.9
4,171.9
4,171.9
5,171.9
5,171.9
6,171.9
6,171.9
0,170.9
0,168.9
1,166.9
1,164.9
2,164.9
2,162.9
3,162.9
3,162.9
4,159.9
4,159.9
5,159.9
5,159.9
6,159.9
6,159.9
0,155.9
0,155.9
1,155.9
1,155.9
2,155.9
2,155.9
3,155.9
3,155.9
4,155.9
4,155.9
5,155.9
5,155.9
6,155.9
6,155.9
0,155.9
0,153.9
1,153.9
1,153.9
2,153.9
2,168.5666666666667
3,168.5666666666667
3,168.5666666666667
4,168.5666666666667
4,168.5666666666667
5,168.5666666666667
5,168.5666666666667
6,168.5666666666667
6,168.5666666666667
