0,0
0,0
1,0
1,0
2,133.9
2,133.9
3,133.9
3,133.9
4,133.9
4,133.9
5,133.9
5,133.9
6,133.9
6,133.9
0,133.9
0,133.9
1,133.9
1,133.9
2,133.85000000000002
2,133.85000000000002
3,133.95
3,133.95
4,133.95
4,133.85000000000002
5,133.85000000000002
5,133.85000000000002
6,133.85000000000002
6,133.85000000000002
0,133.85000000000002
0,133.85000000000002
1,133.85000000000002
1,133.85000000000002
2,133.85000000000002
2,133.85000000000002
3,133.85000000000002
3,133.85000000000002
4,133.85000000000002
4,133.85000000000002
5,133.85000000000002
5,134.0
6,133.9
6,133.9
0,133.9
0,133.9
1,133.9
1,133.9
2,133.9
2,133.9
3,133.9
3,133.9
4,133.9
4,133.9
5,133.9
5,133.8
6,133.9333333333333
6,133.9333333333333
0,133.9333333333333
0,133.9333333333333
1,133.9333333333333
1,133.9333333333333
2,133.9333333333333
2,133.9333333333333
3,133.9333333333333
3,133.9333333333333
4,133.9333333333333
4,133.9333333333333
5,133.9333333333333
5,133.9333333333333
6,133.9333333333333
6,133.9333333333333
0,133.9333333333333
0,135.3
1,133.9
1,133.8
2,133.8
2,133.8
3,133.8
3,133.8
4,133.8
4,133.8
5,133.8
5,133.8
6,133.8
6,133.8
0,133.8
0,133.8
1,133.8
1,133.8
2,133.8
2,133.8
3,131.9
3,131.9
4,131.9
4,131.9
5,131.9
5,131.9
6,131.9
6,133.8
0,133.9
0,133.9
1,131.9
1,133.95
2,133.95
2,133.8
3,133.9
3,133.9
4,133.9
4,133.9
5,133.9
5,133.9
6,133.9
6,134.1
0,133.9
0,133.9
1,133.9
1,133.8
2,133.9
2,133.8
3,133.9
3,134.0
4,133.9333333333333
4,133.9333333333333
5,133.9333333333333
5,133.9333333333333
6,133.9333333333333
6,133.9333333333333
0,133.9333333333333
0,133.9333333333333
1,133.9333333333333
1,133.9333333333333
2,133.9333333333333
2,133.9333333333333
3,133.9333333333333
3,133.9333333333333
4,133.9333333333333
4,133.9333333333333
5,133.9333333333333
5,133.9333333333333
6,133.9333333333333
6,133.9333333333333
0,133.9333333333333
0,133.9333333333333
1,133.9333333333333
1,133.9333333333333
2,133.9333333333333
2,133.9333333333333
3,133.9333333333333
3,133.9333333333333
4,133.9333333333333
4,133.9333333333333
5,133.9333333333333
5,133.9333333333333
6,133.9333333333333
6,133.9333333333333
0,133.9333333333333
0,133.9333333333333
1,133.9333333333333
1,133.9333333333333
2,133.9333333333333
2,133.9333333333333
3,133.9333333333333
3,133.9333333333333
4,133.9333333333333
4,133.9333333333333
5,133.9333333333333
5,133.9333333333333
6,133.9333333333333
6,133.9333333333333
0,133.9333333333333
0,133.9333333333333
1,133.9333333333333
1,133.9333333333333
2,133.9333333333333
2,133.9333333333333
3,133.9333333333333
3,133.9333333333333
4,133.9333333333333
4,133.9333333333333
5,133.9333333333333
5,133.9333333333333
6,133.9333333333333
6,133.9333333333333
0,133.9333333333333
0,133.9333333333333
1,133.9333333333333
1,133.9333333333333
2,133.9333333333333
2,133.9333333333333
3,133.9333333333333
3,133.9333333333333
4,133.9333333333333
4,133.9333333333333
5,133.9333333333333
5,133.9333333333333
6,133.9333333333333
6,133.9333333333333
0,133.9333333333333
0,133.9333333333333
1,133.9333333333333
1,133.9333333333333
2,133.9333333333333
2,133.9333333333333
3,133.9333333333333
3,133.9333333333333
4,133.9333333333333
4,133.9333333333333
5,133.9333333333333
5,133.9333333333333
6,133.9333333333333
6,133.9333333333333
0,133.9333333333333
0,133.9333333333333
1,133.9333333333333
1,133.9333333333333
2,133.9333333333333
2,133.9333333333333
3,133.9333333333333
3,133.9333333333333
4,133.9333333333333
4,133.9333333333333
5,133.9333333333333
5,133.9333333333333
6,133.9333333333333
6,133.9333333333333
0,133.9333333333333
0,133.9333333333333
1,133.9333333333333
1,133.9333333333333
2,133.9333333333333
2,133.9333333333333
3,133.9333333333333
3,133.9333333333333
4,133.9333333333333
4,133.9333333333333
5,133.9333333333333
5,133.9333333333333
6,133.9333333333333
6,133.9333333333333
0,133.9333333333333
0,133.9333333333333
1,133.9333333333333
1,133.9333333333333
2,133.9333333333333
2,133.9333333333333
3,145.5
3,145.66
4,145.8
4,145.6
5,145.6
5,145.6
6,145.6
6,145.6
0,145.6
0,145.6
1,145.5
1,145.6
2,145.6
2,145.7
3,145.6
3,145.6
4,145.7
4,145.5
5,145.5
5,145.5
6,145.55
6,145.55
0,145.43333333333334
0,145.43333333333334
1,147.57999999999998
1,147.57999999999998
2,147.57999999999998
2,147.57999999999998
3,148.95
3,148.9
4,148.85000000000002
4,147.425
5,145.9
5,145.9
6,145.95
6,145.95
0,145.95
0,145.95
1,145.82500000000002
1,145.82500000000002
2,145.85000000000002
2,145.85000000000002
3,145.925
3,145.95
4,145.95
4,145.95
5,145.95
5,145.95
6,145.95
6,145.95
0,145.95
0,145.95
1,145.95
1,145.95
2,145.95
2,145.95
3,145.9
3,145.84545454545454
4,145.84545454545454
4,145.84545454545454
5,145.84545454545454
5,145.84545454545454
6,145.84545454545454
6,145.84545454545454
0,145.84545454545454
0,145.84545454545454
1,145.75
1,145.75
2,145.7
2,145.7
3,145.9
3,145.75
4,145.75
4,145.75
5,145.75
5,145.75
6,145.75
6,145.75
0,151.85
0,165.9
1,165.9
1,165.95
2,165.95
2,161.32857142857142
3,161.85000000000002
3,161.85000000000002
4,155.9
4,155.9
5,155.9
5,153.9
6,153.9
6,153.9
0,154.0
0,154.0
1,153.95
1,153.95
2,153.95
2,153.95
3,153.95
3,153.95
4,153.82500000000002
4,153.82500000000002
5,153.82500000000002
5,153.82500000000002
6,153.82500000000002
6,153.82500000000002
0,154.0
0,154.0
1,156.78571428571428
1,156.78571428571428
2,158.9
2,153.9
3,153.9
3,153.9
4,153.85000000000002
4,153.85000000000002
5,153.85000000000002
5,153.85000000000002
6,153.85000000000002
6,153.85000000000002
0,153.85000000000002
0,153.85000000000002
1,153.95
1,153.95
2,154.0
2,153.9
3,153.9
3,153.9
4,153.95
4,154.0
5,154.0
5,154.0
6,154.0
6,154.0
0,153.75
0,153.75
1,153.75
1,153.75
2,153.8
2,153.8
3,153.95
3,153.95
4,153.95
4,153.83333333333337
5,153.83333333333337
5,153.83333333333337
6,153.83333333333337
6,153.83333333333337
0,153.83333333333337
0,153.83333333333337
1,153.83333333333337
1,153.83333333333337
2,153.83333333333337
2,153.83333333333337
3,153.83333333333337
3,153.83333333333337
4,153.83333333333337
4,153.83333333333337
5,153.83333333333337
5,153.83333333333337
6,153.83333333333337
6,153.83333333333337
0,153.83333333333337
0,153.83333333333337
1,153.83333333333337
1,153.83333333333337
2,153.83333333333337
2,153.83333333333337
3,153.83333333333337
3,153.83333333333337
4,153.83333333333337
4,153.83333333333337
5,153.83333333333337
5,153.83333333333337
6,153.83333333333337
6,153.83333333333337
0,153.83333333333337
0,153.83333333333337
1,153.83333333333337
1,153.83333333333337
2,153.83333333333337
2,153.83333333333337
3,153.83333333333337
3,153.83333333333337
4,153.83333333333337
4,153.83333333333337
5,153.83333333333337
5,153.83333333333337
6,153.83333333333337
6,153.83333333333337
0,153.83333333333337
0,153.83333333333337
1,153.83333333333337
1,153.83333333333337
2,153.83333333333337
2,153.83333333333337
3,153.83333333333337
3,153.83333333333337
4,153.83333333333337
4,153.83333333333337
5,153.83333333333337
5,153.83333333333337
6,153.83333333333337
6,153.83333333333337
0,153.83333333333337
0,153.83333333333337
1,153.83333333333337
1,153.83333333333337
2,153.83333333333337
2,153.83333333333337
3,153.83333333333337
3,153.83333333333337
4,153.83333333333337
4,153.83333333333337
5,153.83333333333337
5,154.85000000000002
6,154.85000000000002
6,154.85000000000002
0,154.85000000000002
0,154.85000000000002
1,154.85000000000002
1,151.9
2,151.9
2,149.9
3,149.9
3,149.9
4,148.15
4,148.15
5,148.15
5,148.15
6,148.15
6,148.15
0,148.15
0,148.15
1,148.15
1,148.15
2,148.15
2,148.15
3,148.15
3,148.15
4,148.15
4,148.15
5,148.15
5,148.15
6,148.15
6,148.15
0,148.15
0,148.15
1,148.15
1,148.15
2,148.15
2,148.15
3,148.15
3,148.15
4,148.15
4,148.15
5,148.15
5,148.15
6,148.15
6,148.15
0,148.15
0,148.15
1,148.15
1,148.15
2,148.9
2,148.9
3,148.9
3,148.9
4,148.9
4,148.9
5,148.9
5,148.9
6,148.9
6,148.9
0,148.9
0,148.9
1,148.9
1,148.9
2,148.9
2,148.9
3,148.9
3,148.9
4,148.9
4,148.9
5,148.9
5,148.9
6,148.9
6,148.9
0,148.9
0,148.9
1,148.9
1,148.9
2,148.9
2,148.9
3,148.9
3,148.9
4,148.9
4,148.9
5,148.9
5,148.9
6,148.9
6,148.9
0,148.9
0,148.9
1,148.9
1,148.9
2,148.9
2,148.9
3,148.9
3,148.9
4,148.9
4,148.9
5,148.9
5,148.9
6,148.9
6,148.9
0,148.9
0,148.9
1,148.9
1,148.9
2,148.9
2,148.9
3,148.23333333333335
3,148.23333333333335
4,146.9
4,146.9
5,146.9
5,146.9
6,146.9
6,146.9
0,146.9
0,146.9
1,146.9
1,146.9
2,146.9
2,144.9
3,144.9
3,143.9
4,143.9
4,143.9
5,143.9
5,143.9
6,143.9
6,143.9
0,143.9
0,143.9
1,143.9
1,143.9
2,143.9
2,143.9
3,143.9
3,143.9
4,143.9
4,143.9
5,143.9
5,143.9
6,143.9
6,143.9
0,143.9
0,143.9
1,143.9
1,143.9
2,143.9
2,143.9
3,143.9
3,143.9
4,143.9
4,143.9
5,143.9
5,143.9
6,143.9
6,143.9
0,143.9
0,143.9
1,143.9
1,143.9
2,143.9
2,143.9
3,143.9
3,143.9
4,143.9
4,143.9
5,143.9
5,143.9
6,143.9
6,143.9
0,143.9
0,143.9
1,143.9
1,143.9
2,143.9
2,143.9
3,143.9
3,143.9
4,143.9
4,143.9
5,143.9
5,143.9
6,143.9
6,143.9
0,143.9
0,143.9
1,143.9
1,143.9
2,143.9
2,143.9
3,143.9
3,143.9
4,143.8
4,143.8
5,143.8
5,143.8
6,143.8
6,143.8
0,144.0
0,144.0
1,144.0
1,144.0
2,143.85000000000002
2,143.85000000000002
3,143.85000000000002
3,143.85000000000002
4,143.85000000000002
4,143.85000000000002
5,143.85000000000002
5,143.85000000000002
6,143.85000000000002
6,143.85000000000002
0,143.85000000000002
0,143.85000000000002
1,143.85000000000002
1,143.85000000000002
2,143.85000000000002
2,143.85000000000002
3,143.85000000000002
3,143.85000000000002
4,143.85000000000002
4,143.85000000000002
5,143.85000000000002
5,143.85000000000002
6,143.85000000000002
6,143.85000000000002
0,143.85000000000002
0,143.85000000000002
1,143.85000000000002
1,143.85000000000002
2,143.85000000000002
2,143.85000000000002
3,143.85000000000002
3,143.85000000000002
4,143.85000000000002
4,143.85000000000002
5,143.85000000000002
5,143.85000000000002
6,143.85000000000002
6,143.85000000000002
0,143.85000000000002
0,143.85000000000002
1,143.85000000000002
1,143.85000000000002
2,143.85000000000002
2,143.85000000000002
3,143.85000000000002
3,143.85000000000002
4,143.85000000000002
4,143.85000000000002
5,143.85000000000002
5,143.85000000000002
6,143.85000000000002
6,143.85000000000002
0,143.85000000000002
0,143.85000000000002
1,143.85000000000002
1,143.85000000000002
2,143.85000000000002
2,143.85000000000002
3,143.85000000000002
3,143.85000000000002
4,143.85000000000002
4,143.85000000000002
5,143.85000000000002
5,143.85000000000002
6,143.85000000000002
6,143.85000000000002
0,143.85000000000002
0,143.85000000000002
1,143.85000000000002
1,143.85000000000002
2,143.85000000000002
2,143.85000000000002
3,143.85000000000002
3,143.85000000000002
4,143.85000000000002
4,143.85000000000002
5,143.85000000000002
5,143.85000000000002
6,143.85000000000002
6,143.85000000000002
0,143.85000000000002
0,143.85000000000002
1,143.85000000000002
1,143.85000000000002
2,143.85000000000002
2,143.85000000000002
3,143.85000000000002
3,143.85000000000002
4,143.85000000000002
4,143.85000000000002
5,143.85000000000002
5,143.85000000000002
6,143.85000000000002
6,143.85000000000002
0,143.85000000000002
0,143.85000000000002
1,143.85000000000002
1,143.85000000000002
2,143.85000000000002
2,143.85000000000002
3,143.85000000000002
3,143.85000000000002
4,143.85000000000002
4,143.85000000000002
5,143.85000000000002
5,143.85000000000002
6,143.85000000000002
6,143.85000000000002
0,143.85000000000002
0,143.85000000000002
1,143.85000000000002
1,143.85000000000002
2,143.85000000000002
2,143.85000000000002
3,143.85000000000002
3,143.85000000000002
4,143.85000000000002
4,143.85000000000002
5,143.85000000000002
5,143.85000000000002
6,143.85000000000002
6,143.85000000000002
0,143.85000000000002
0,143.85000000000002
1,143.85000000000002
1,143.85000000000002
2,143.85000000000002
2,143.85000000000002
3,143.85000000000002
3,143.85000000000002
4,143.85000000000002
4,143.85000000000002
5,143.85000000000002
5,143.85000000000002
6,143.85000000000002
6,143.85000000000002
0,143.85000000000002
0,143.85000000000002
1,143.85000000000002
1,143.85000000000002
2,143.85000000000002
2,143.85000000000002
3,143.85000000000002
3,143.85000000000002
4,143.85000000000002
4,143.85000000000002
5,143.85000000000002
5,143.85000000000002
6,143.85000000000002
6,143.85000000000002
0,143.85000000000002
0,143.85000000000002
1,143.85000000000002
1,143.85000000000002
2,143.85000000000002
2,143.85000000000002
3,143.85000000000002
3,143.85000000000002
4,143.85000000000002
4,143.85000000000002
5,143.85000000000002
5,143.85000000000002
6,143.85000000000002
6,143.85000000000002
0,143.85000000000002
0,143.85000000000002
1,143.85000000000002
1,143.85000000000002
2,143.85000000000002
2,143.85000000000002
3,143.85000000000002
3,143.85000000000002
4,143.85000000000002
4,143.85000000000002
5,143.85000000000002
5,143.85000000000002
6,143.85000000000002
6,143.85000000000002
0,143.85000000000002
0,143.85000000000002
1,143.85000000000002
1,143.85000000000002
2,143.85000000000002
2,143.85000000000002
3,143.85000000000002
3,143.85000000000002
4,143.85000000000002
4,143.85000000000002
5,143.85000000000002
5,143.85000000000002
6,143.85000000000002
6,143.85000000000002
0,143.85000000000002
0,143.85000000000002
1,143.85000000000002
1,143.85000000000002
2,143.85000000000002
2,143.85000000000002
3,143.85000000000002
3,143.85000000000002
4,143.85000000000002
4,143.85000000000002
5,143.85000000000002
5,143.85000000000002
6,143.85000000000002
6,143.85000000000002
0,143.85000000000002
0,143.85000000000002
1,143.85000000000002
1,143.85000000000002
2,143.85000000000002
2,143.85000000000002
3,143.85000000000002
3,143.85000000000002
4,143.85000000000002
4,143.85000000000002
5,143.85000000000002
5,143.85000000000002
6,143.85000000000002
6,143.85000000000002
0,143.85000000000002
0,143.85000000000002
1,143.85000000000002
1,143.85000000000002
2,143.85000000000002
2,143.85000000000002
3,143.85000000000002
3,143.85000000000002
4,143.85000000000002
4,143.85000000000002
5,143.85000000000002
5,143.85000000000002
6,143.85000000000002
6,143.85000000000002
0,143.85000000000002
0,143.85000000000002
1,143.85000000000002
1,143.85000000000002
2,143.85000000000002
2,143.85000000000002
3,143.85000000000002
3,143.85000000000002
4,143.85000000000002
4,143.85000000000002
5,143.85000000000002
5,143.85000000000002
6,143.85000000000002
6,143.85000000000002
0,143.85000000000002
0,143.85000000000002
1,143.85000000000002
1,143.85000000000002
2,143.85000000000002
2,143.85000000000002
3,143.85000000000002
3,143.85000000000002
4,143.85000000000002
4,143.85000000000002
5,143.85000000000002
5,143.85000000000002
6,143.85000000000002
6,143.85000000000002
0,143.85000000000002
0,143.85000000000002
1,143.85000000000002
1,143.85000000000002
2,143.85000000000002
2,143.85000000000002
3,143.85000000000002
3,143.85000000000002
4,143.85000000000002
4,143.85000000000002
5,143.85000000000002
5,143.85000000000002
6,143.85000000000002
6,143.85000000000002
0,143.85000000000002
0,143.85000000000002
1,143.85000000000002
1,143.85000000000002
2,143.85000000000002
2,143.85000000000002
3,143.85000000000002
3,143.85000000000002
4,143.85000000000002
4,143.85000000000002
5,143.85000000000002
5,143.85000000000002
6,143.85000000000002
6,143.85000000000002
0,143.85000000000002
0,143.85000000000002
1,143.85000000000002
1,143.85000000000002
2,143.85000000000002
2,143.85000000000002
3,143.85000000000002
3,143.85000000000002
4,143.85000000000002
4,143.85000000000002
5,143.85000000000002
5,143.85000000000002
6,143.85000000000002
6,143.85000000000002
0,143.85000000000002
0,143.85000000000002
1,143.85000000000002
1,143.85000000000002
2,143.85000000000002
2,143.85000000000002
3,143.85000000000002
3,143.85000000000002
4,143.85000000000002
4,143.85000000000002
5,143.85000000000002
5,143.85000000000002
6,143.85000000000002
6,143.85000000000002
0,143.85000000000002
0,143.85000000000002
1,143.85000000000002
1,143.85000000000002
2,143.85000000000002
2,143.85000000000002
3,143.85000000000002
3,143.85000000000002
4,143.85000000000002
4,143.85000000000002
5,143.85000000000002
5,143.85000000000002
6,143.85000000000002
6,143.85000000000002
0,143.85000000000002
0,143.85000000000002
1,143.85000000000002
1,143.85000000000002
2,143.85000000000002
2,143.85000000000002
3,143.85000000000002
3,143.85000000000002
4,143.85000000000002
4,143.85000000000002
5,143.85000000000002
5,143.85000000000002
6,143.85000000000002
6,143.85000000000002
0,143.85000000000002
0,143.85000000000002
1,143.85000000000002
1,143.85000000000002
2,143.85000000000002
2,143.85000000000002
3,143.85000000000002
3,143.85000000000002
4,143.85000000000002
4,143.85000000000002
5,143.85000000000002
5,143.85000000000002
6,143.85000000000002
6,143.85000000000002
0,143.85000000000002
0,143.85000000000002
1,143.85000000000002
1,143.85000000000002
2,143.85000000000002
2,143.85000000000002
3,143.85000000000002
3,143.85000000000002
4,143.85000000000002
4,143.85000000000002
5,143.85000000000002
5,143.85000000000002
6,143.85000000000002
6,143.85000000000002
0,143.85000000000002
0,143.85000000000002
1,143.85000000000002
1,143.85000000000002
2,143.85000000000002
2,143.85000000000002
3,143.85000000000002
3,143.85000000000002
4,143.85000000000002
4,143.85000000000002
5,143.85000000000002
5,143.85000000000002
6,143.85000000000002
6,143.85000000000002
0,143.85000000000002
0,143.85000000000002
1,143.85000000000002
1,143.85000000000002
2,143.85000000000002
2,143.85000000000002
3,143.85000000000002
3,143.85000000000002
4,143.85000000000002
4,143.85000000000002
5,143.85000000000002
5,143.85000000000002
6,143.85000000000002
6,143.85000000000002
0,143.85000000000002
0,143.85000000000002
1,143.85000000000002
1,143.85000000000002
2,143.85000000000002
2,143.85000000000002
3,143.85000000000002
3,143.85000000000002
4,143.85000000000002
4,143.85000000000002
5,143.85000000000002
5,143.85000000000002
6,143.85000000000002
6,143.85000000000002
0,143.85000000000002
0,143.85000000000002
1,143.85000000000002
1,143.85000000000002
2,143.85000000000002
2,143.85000000000002
3,143.85000000000002
3,143.85000000000002
4,143.85000000000002
4,143.85000000000002
5,143.85000000000002
5,143.85000000000002
6,143.85000000000002
6,143.85000000000002
0,143.85000000000002
0,143.85000000000002
1,143.85000000000002
1,143.85000000000002
2,143.85000000000002
2,143.85000000000002
3,143.85000000000002
3,143.85000000000002
4,143.85000000000002
4,143.85000000000002
5,143.85000000000002
5,143.85000000000002
6,143.85000000000002
6,143.85000000000002
0,143.85000000000002
0,143.85000000000002
1,143.85000000000002
1,143.85000000000002
2,143.85000000000002
2,143.85000000000002
3,143.85000000000002
3,143.85000000000002
4,143.85000000000002
4,143.85000000000002
5,143.85000000000002
5,143.85000000000002
6,143.85000000000002
6,143.85000000000002
0,143.85000000000002
0,143.85000000000002
1,143.85000000000002
1,143.85000000000002
2,143.85000000000002
2,143.85000000000002
3,143.85000000000002
3,143.85000000000002
4,143.85000000000002
4,143.85000000000002
5,143.85000000000002
5,143.85000000000002
6,143.85000000000002
6,143.85000000000002
0,143.85000000000002
0,143.85000000000002
1,143.85000000000002
1,143.85000000000002
2,143.85000000000002
2,143.85000000000002
3,143.85000000000002
3,143.85000000000002
4,143.85000000000002
4,143.85000000000002
5,143.85000000000002
5,143.85000000000002
6,143.85000000000002
6,143.85000000000002
0,143.85000000000002
0,143.85000000000002
1,143.85000000000002
1,143.85000000000002
2,143.85000000000002
2,143.85000000000002
3,143.85000000000002
3,143.85000000000002
4,143.85000000000002
4,143.85000000000002
5,143.85000000000002
5,143.85000000000002
6,143.85000000000002
6,143.85000000000002
0,143.85000000000002
0,143.85000000000002
1,143.85000000000002
1,143.85000000000002
2,143.85000000000002
2,143.85000000000002
3,143.85000000000002
3,143.85000000000002
4,143.85000000000002
4,143.85000000000002
5,143.85000000000002
5,143.85000000000002
6,143.85000000000002
6,143.85000000000002
0,143.85000000000002
0,143.85000000000002
1,143.85000000000002
1,143.85000000000002
2,143.85000000000002
2,143.85000000000002
3,143.85000000000002
3,143.85000000000002
4,143.85000000000002
4,143.85000000000002
5,143.85000000000002
5,143.85000000000002
6,143.85000000000002
6,143.85000000000002
0,143.85000000000002
0,143.85000000000002
1,143.85000000000002
1,143.85000000000002
2,143.85000000000002
2,143.85000000000002
3,143.85000000000002
3,143.85000000000002
4,143.85000000000002
4,143.85000000000002
5,143.85000000000002
5,143.85000000000002
6,143.85000000000002
6,143.85000000000002
0,143.85000000000002
0,143.85000000000002
1,143.85000000000002
1,143.85000000000002
2,143.85000000000002
2,143.85000000000002
3,143.85000000000002
3,143.85000000000002
4,143.85000000000002
4,143.85000000000002
5,143.85000000000002
5,143.85000000000002
6,143.85000000000002
6,143.85000000000002
0,143.85000000000002
0,143.85000000000002
1,143.85000000000002
1,143.85000000000002
2,143.85000000000002
2,143.85000000000002
3,143.85000000000002
3,143.85000000000002
4,143.85000000000002
4,143.85000000000002
5,143.85000000000002
5,143.85000000000002
6,143.85000000000002
6,143.85000000000002
0,143.85000000000002
0,143.85000000000002
1,143.85000000000002
1,143.85000000000002
2,143.85000000000002
2,143.85000000000002
3,143.85000000000002
3,143.85000000000002
4,143.85000000000002
4,143.85000000000002
5,143.85000000000002
5,143.85000000000002
6,143.85000000000002
6,143.85000000000002
0,143.85000000000002
0,143.85000000000002
1,143.85000000000002
1,143.85000000000002
2,143.85000000000002
2,143.85000000000002
3,143.85000000000002
3,143.85000000000002
4,143.85000000000002
4,143.85000000000002
5,143.85000000000002
5,143.85000000000002
6,143.85000000000002
6,143.85000000000002
0,143.85000000000002
0,143.85000000000002
1,143.85000000000002
1,143.85000000000002
2,143.85000000000002
2,143.85000000000002
3,143.85000000000002
3,143.85000000000002
4,143.85000000000002
4,143.85000000000002
5,143.85000000000002
5,143.85000000000002
6,143.85000000000002
6,143.85000000000002
