0,127.9
0,127.9
1,123.9
1,123.9
2,123.9
2,123.9
3,121.40000000000002
3,121.40000000000002
4,121.40000000000002
4,121.40000000000002
5,121.40000000000002
5,121.40000000000002
6,121.40000000000002
6,119.23333333333333
0,119.23333333333333
0,119.23333333333333
1,119.23333333333333
1,119.23333333333333
2,119.23333333333333
2,116.4
3,116.4
3,116.4
4,115.9
4,115.9
5,115.9
5,115.9
6,115.9
6,115.9
0,114.9
0,114.9
1,114.56666666666666
1,114.56666666666666
2,135.4
2,135.4
3,135.4
3,135.4
4,135.4
4,135.4
5,135.4
5,135.4
6,135.4
6,135.4
0,144.9
0,144.9
1,144.9
1,143.9
2,141.9
2,141.9
3,139.65
3,139.65
4,135.4
4,135.4
5,135.4
5,135.4
6,133.4
6,133.4
0,130.9
0,130.9
1,128.9
1,127.05000000000001
2,127.05000000000001
2,127.05000000000001
3,127.05000000000001
3,127.05000000000001
4,122.9
4,122.9
5,122.9
5,122.9
6,121.9
6,121.9
0,121.9
0,121.9
1,120.9
1,120.9
2,120.9
2,120.9
3,147.9
3,147.9
4,146.9
4,146.9
5,146.9
5,146.9
6,145.9
6,145.9
0,145.4
0,145.4
1,142.15
1,142.15
2,140.9
2,140.9
3,139.9
3,139.9
4,136.9
4,136.9
5,136.9
5,136.9
6,136.9
6,134.9
0,132.15
0,132.15
1,126.4
1,126.4
2,125.9
2,125.9
3,136.85
3,136.85
4,136.85
4,136.85
5,136.85
5,136.85
6,136.85
6,136.85
0,149.23333333333335
0,149.23333333333335
1,147.9
1,147.9
2,147.9
2,147.9
3,147.9
3,147.9
4,145.4
4,145.4
5,145.4
5,145.4
6,145.4
6,145.4
0,145.4
0,145.4
1,145.4
1,145.4
2,145.4
2,145.4
3,145.4
3,145.4
4,145.4
4,145.4
5,145.4
5,145.4
6,145.4
6,145.4
0,145.4
0,145.4
1,145.4
1,145.4
2,145.4
2,145.4
3,145.4
3,145.4
4,145.4
4,145.4
5,145.4
5,145.4
6,145.4
6,145.4
0,145.4
0,145.4
1,145.4
1,145.4
2,145.4
2,145.4
3,145.4
3,145.4
4,145.4
4,145.4
5,145.4
5,145.4
6,145.4
6,145.4
0,145.4
0,145.4
1,145.4
1,145.4
2,145.4
2,145.4
3,145.4
3,145.4
4,145.4
4,145.4
5,145.4
5,145.4
6,145.4
6,145.4
0,145.4
0,145.4
1,145.4
1,145.4
2,145.4
2,145.4
3,145.4
3,145.4
4,145.4
4,145.4
5,145.4
5,145.4
6,145.4
6,145.4
0,145.4
0,145.4
1,145.4
1,145.4
2,145.4
2,145.4
3,145.4
3,145.4
4,145.4
4,145.4
5,145.4
5,145.4
6,145.4
6,145.4
0,145.4
0,145.4
1,145.4
1,145.4
2,145.4
2,145.4
3,145.4
3,145.4
4,145.4
4,145.4
5,145.4
5,145.4
6,145.4
6,145.4
0,145.4
0,145.4
1,145.4
1,145.4
2,145.4
2,145.4
3,145.4
3,145.4
4,145.4
4,145.4
5,145.4
5,145.4
6,145.4
6,145.4
0,145.4
0,145.4
1,145.4
1,145.4
2,145.4
2,145.4
3,145.4
3,145.4
4,152.9
4,152.9
5,152.9
5,152.9
6,152.9
6,152.9
0,152.9
0,152.9
1,152.9
1,152.3
2,152.3
2,152.3
3,152.3
3,152.3
4,152.3
4,152.3
5,152.3
5,152.3
6,152.3
6,152.3
0,150.96666666666667
0,150.96666666666667
1,150.96666666666667
1,150.96666666666667
2,150.96666666666667
2,150.96666666666667
3,150.96666666666667
3,150.96666666666667
4,150.96666666666667
4,148.70000000000002
5,147.50000000000003
5,147.50000000000003
6,147.50000000000003
6,147.50000000000003
0,147.50000000000003
0,147.50000000000003
1,147.50000000000003
1,147.50000000000003
2,147.50000000000003
2,145.9
3,145.3
3,145.3
4,145.3
4,145.3
5,145.3
5,145.3
6,143.9
6,143.3
0,143.3
0,141.85000000000002
1,141.85000000000002
1,141.85000000000002
2,141.85000000000002
2,141.85000000000002
3,141.85000000000002
3,140.3
4,140.3
4,140.3
5,140.3
5,140.3
6,140.3
6,140.3
0,140.3
0,140.3
1,140.3
1,140.3
2,140.3
2,163.9
3,163.9
3,163.9
4,163.9
4,163.9
5,163.9
5,163.9
6,163.9
6,163.9
0,163.9
0,163.9
1,163.50000000000003
1,163.50000000000003
2,163.50000000000003
2,163.50000000000003
3,163.50000000000003
3,163.50000000000003
4,163.50000000000003
4,163.50000000000003
5,163.50000000000003
5,162.3
6,162.3
6,162.3
0,159.9
0,159.9
1,158.5666666666667
1,156.60000000000002
2,153.4
2,152.875
3,150.4
3,149.97500000000002
4,148.3
4,148.3
5,148.3
5,148.3
6,147.3
6,147.3
0,147.3
0,144.4
1,144.3
1,144.3
2,143.76666666666668
2,143.3
3,143.3
3,143.3
4,142.60000000000002
4,141.9
5,141.3
5,141.3
6,141.3
6,141.3
0,139.3
0,139.3
1,139.3
1,139.3
2,139.3
2,137.10000000000002
3,137.10000000000002
3,137.10000000000002
4,137.10000000000002
4,137.10000000000002
5,137.10000000000002
5,137.10000000000002
6,137.10000000000002
6,137.10000000000002
0,137.10000000000002
0,137.10000000000002
1,137.10000000000002
1,137.10000000000002
2,137.10000000000002
2,137.10000000000002
3,137.10000000000002
3,137.10000000000002
4,137.10000000000002
4,137.10000000000002
5,137.10000000000002
5,137.10000000000002
6,137.10000000000002
6,137.10000000000002
0,137.10000000000002
0,137.10000000000002
1,137.10000000000002
1,137.10000000000002
2,137.10000000000002
2,137.10000000000002
3,137.10000000000002
3,137.10000000000002
4,154.7
4,154.7
5,154.7
5,154.7
6,154.7
6,154.7
0,154.7
0,163.5
1,163.5
1,163.5
2,161.9
2,161.3
3,161.3
3,161.03333333333333
4,160.54000000000002
4,157.06
5,157.06
5,157.06
6,157.06
6,157.06
0,157.06
0,157.06
1,157.06
1,152.9
2,152.9
2,152.9
3,152.9
3,152.9
4,152.9
4,152.9
5,152.9
5,152.9
6,152.9
6,148.9
0,148.9
0,148.9
1,146.9
1,146.9
2,146.9
2,145.5666666666667
3,143.5666666666667
3,143.5666666666667
4,141.5666666666667
4,140.23333333333335
5,140.23333333333335
5,138.7
6,138.7
6,138.7
0,138.7
0,138.7
1,138.7
1,137.5
2,137.5
2,137.5
3,137.5
3,137.5
4,137.5
4,137.5
5,137.5
5,137.5
6,137.5
6,137.5
0,137.5
0,134.9
1,134.9
1,134.9
2,134.9
2,134.9
3,134.9
3,134.9
4,134.63333333333333
4,134.1
5,134.1
5,134.1
6,134.1
6,134.1
0,134.1
0,130.9
1,130.9
1,130.9
2,130.9
2,130.9
3,130.9
3,130.9
4,130.9
4,130.9
5,130.9
5,130.9
6,130.9
6,130.9
0,130.23333333333335
0,130.23333333333335
1,130.23333333333335
1,130.23333333333335
2,130.23333333333335
2,130.23333333333335
3,130.23333333333335
3,130.23333333333335
4,130.23333333333335
4,129.5
5,129.5
5,158.9
6,158.9
6,158.9
0,158.9
0,158.9
1,158.9
1,155.9
2,155.9
2,155.9
3,153.9
3,152.23333333333335
4,152.23333333333335
4,152.23333333333335
5,152.23333333333335
5,152.23333333333335
6,152.23333333333335
6,150.9
0,150.06
0,150.06
1,149.1
1,149.1
2,149.1
2,149.1
3,149.1
3,147.5666666666667
4,147.5666666666667
4,147.5666666666667
5,147.5666666666667
5,147.5666666666667
6,147.5666666666667
6,147.5666666666667
0,147.5666666666667
0,144.9
1,144.9
1,141.9
2,140.8
2,139.7
3,139.7
3,139.7
4,139.7
4,139.16666666666666
5,139.16666666666666
5,139.16666666666666
6,139.16666666666666
6,139.16666666666666
0,139.16666666666666
0,139.16666666666666
1,139.16666666666666
1,139.16666666666666
2,139.16666666666666
2,139.16666666666666
3,139.16666666666666
3,139.16666666666666
4,139.16666666666666
4,158.9
5,158.9
5,158.9
6,158.9
6,158.9
0,158.9
0,158.9
1,158.9
1,158.9
2,157.5666666666667
2,157.5666666666667
3,155.9
3,154.73333333333332
4,154.73333333333332
4,150.4
5,150.4
5,150.4
6,150.4
6,147.9
0,145.9
0,141.9
1,141.9
1,140.5666666666667
2,140.5666666666667
2,140.5666666666667
3,140.5666666666667
3,140.5666666666667
4,139.23333333333335
4,137.5666666666667
5,137.5666666666667
5,134.9
6,134.9
6,134.9
0,134.9
0,134.9
1,134.9
1,134.9
2,134.9
2,134.9
3,134.9
3,134.23333333333335
4,134.23333333333335
4,133.7
5,133.7
5,133.7
6,133.7
6,133.7
0,133.7
0,133.7
1,133.7
1,133.7
2,160.9
2,147.3
3,147.3
3,147.3
4,147.3
4,147.3
5,147.3
5,147.3
6,147.3
6,147.3
0,147.3
0,147.3
1,147.3
1,158.5666666666667
2,154.9
2,154.23333333333335
3,153.23333333333335
3,150.5666666666667
4,150.5666666666667
4,150.5666666666667
5,150.5666666666667
5,150.5666666666667
6,148.9
6,148.9
0,148.9
0,148.76666666666668
1,148.76666666666668
1,148.76666666666668
2,148.76666666666668
2,146.9
3,146.9
3,144.9
4,144.9
4,144.76666666666668
5,144.76666666666668
5,144.76666666666668
6,144.76666666666668
6,144.76666666666668
0,144.76666666666668
0,136.15
1,136.15
1,136.15
2,135.7
2,132.9
3,132.9
3,131.7
4,131.7
4,130.9
5,130.7
5,129.9
6,129.9
6,129.4
0,129.4
0,129.4
1,129.4
1,129.4
2,129.4
2,126.73333333333335
3,126.73333333333335
3,126.73333333333335
4,126.73333333333335
4,126.73333333333335
5,126.73333333333335
5,126.73333333333335
6,126.73333333333335
6,126.73333333333335
0,126.73333333333335
0,126.73333333333335
1,126.73333333333335
1,126.73333333333335
2,126.73333333333335
2,126.73333333333335
3,126.73333333333335
3,138.15
4,138.15
4,138.15
5,138.15
5,138.15
6,138.15
6,138.15
0,138.15
0,138.15
1,138.15
1,138.15
2,138.15
2,149.9
3,149.9
3,149.9
4,149.9
4,149.9
5,149.9
5,149.9
6,149.9
6,149.9
0,149.9
0,149.9
1,146.4
1,142.9
2,141.4
2,141.4
3,141.4
3,139.4
4,139.4
4,139.4
5,139.4
5,139.4
6,138.9
6,136.9
0,136.9
0,135.9
1,135.9
1,130.4
2,128.9
2,128.9
3,128.9
3,127.9
4,127.9
4,127.9
5,127.9
5,127.9
6,127.9
6,127.9
0,127.9
0,127.9
1,127.9
1,126.9
2,126.9
2,126.9
3,126.9
3,126.9
4,126.9
4,126.9
5,126.9
5,126.9
6,126.9
6,126.9
0,126.9
0,126.9
1,140.4
1,140.4
2,153.9
2,153.9
3,153.9
3,153.9
4,153.4
4,153.4
5,152.9
5,149.9
6,149.9
6,148.9
0,148.9
0,147.9
1,147.9
1,147.9
2,147.9
2,146.9
3,146.4
3,146.4
4,145.15
4,145.15
5,143.4
5,143.4
6,142.4
6,140.9
0,140.15
0,140.15
1,138.9
1,136.9
2,136.9
2,136.4
3,134.8
3,132.9
4,132.9
4,132.9
5,132.9
5,132.9
6,132.9
6,132.9
0,132.9
0,132.9
1,132.9
1,132.9
2,132.9
2,132.9
3,132.9
3,132.9
4,147.4
4,147.4
5,161.9
5,132.9
6,132.9
6,132.9
0,147.4
0,147.4
1,161.4
1,161.4
2,160.9
2,160.9
3,160.9
3,158.9
4,157.9
4,154.9
5,154.9
5,154.9
6,154.9
6,154.9
0,154.9
0,154.7
1,152.8
1,152.8
2,150.8
2,150.8
3,149.8
3,146.7
4,145.0
4,145.0
5,143.4
5,143.4
6,142.7
6,142.7
0,141.7
0,140.5
1,139.7
1,136.9
2,136.9
2,136.9
3,136.9
3,136.4
4,136.4
4,134.9
5,134.9
5,134.9
6,133.9
6,133.3
0,133.3
0,132.9
1,132.8
1,131.9
2,131.9
2,131.9
3,131.9
3,131.9
4,131.9
4,131.9
5,161.9
5,131.9
6,131.9
6,131.9
0,131.9
0,131.9
1,131.9
1,161.4
2,161.4
2,159.9
3,157.9
3,157.9
4,157.9
4,156.9
5,156.9
5,155.4
6,155.4
6,154.3
0,152.3
0,148.9
1,148.9
1,147.4
2,147.4
2,144.4
3,138.9
3,138.4
4,138.4
4,138.35000000000002
5,136.9
5,136.3
6,133.9
6,133.9
0,133.9
0,131.60000000000002
1,131.60000000000002
1,131.60000000000002
2,131.60000000000002
2,131.60000000000002
3,131.60000000000002
3,131.60000000000002
4,147.60000000000002
4,147.60000000000002
5,147.60000000000002
5,147.60000000000002
6,147.60000000000002
6,147.60000000000002
0,147.60000000000002
0,147.60000000000002
1,147.60000000000002
1,161.9
2,161.9
2,161.4
3,161.4
3,161.4
4,161.4
4,161.4
5,161.4
5,161.4
6,161.4
6,161.4
0,161.4
0,161.4
1,161.4
1,159.9
2,159.9
2,159.9
3,159.9
3,159.9
4,159.9
4,159.9
5,159.9
5,159.9
6,159.9
6,159.9
0,159.9
0,159.9
1,159.9
1,159.9
2,159.9
2,159.9
3,159.9
3,159.9
4,159.9
4,159.9
5,159.9
5,159.9
6,159.9
6,159.9
0,159.9
0,159.9
1,159.9
1,159.9
2,159.9
2,159.9
3,159.9
3,159.9
4,159.9
4,159.9
5,159.9
5,159.9
6,159.9
6,159.9
0,159.9
0,159.9
1,159.9
1,159.9
2,159.9
2,159.9
3,159.9
3,159.9
4,159.9
4,159.9
5,159.9
5,159.9
6,159.9
6,159.9
0,159.9
0,159.9
1,159.9
1,159.9
2,159.9
2,159.9
3,159.9
3,159.9
4,159.9
4,159.9
5,159.9
5,159.9
6,159.9
6,159.9
0,159.9
0,159.9
1,159.9
1,159.9
2,159.9
2,159.9
3,159.9
3,159.9
4,159.9
4,159.9
5,159.9
5,159.9
6,159.9
6,159.9
0,159.9
0,159.9
1,159.9
1,159.9
2,159.9
2,159.9
3,159.9
3,159.9
4,159.9
4,159.9
5,159.9
5,159.9
6,159.9
6,159.9
0,159.9
0,159.9
1,159.9
1,159.9
2,159.9
2,159.9
3,159.9
3,159.9
4,159.9
4,159.9
5,159.9
5,159.9
6,159.9
6,159.9
0,159.9
0,159.9
1,159.9
1,159.9
2,159.9
2,159.9
3,159.9
3,159.9
4,159.9
4,159.9
5,159.9
5,159.9
6,159.9
6,159.9
0,159.9
0,159.9
1,159.9
1,159.9
2,159.9
2,159.9
3,159.9
3,159.9
4,159.9
4,159.9
5,159.9
5,159.9
6,159.9
6,159.9
0,159.9
0,159.9
1,159.9
1,159.9
2,159.9
2,159.9
3,159.9
3,159.9
4,159.9
4,159.9
5,159.9
5,159.9
6,159.9
6,159.9
0,159.9
0,159.9
1,159.9
1,159.9
2,159.9
2,159.9
3,159.9
3,159.9
4,159.9
4,159.9
5,159.9
5,159.9
6,159.9
6,159.9
0,159.9
0,159.9
1,159.9
1,159.9
2,159.9
2,159.9
3,159.9
3,159.9
4,159.9
4,159.9
5,159.9
5,159.9
6,159.9
6,159.9
0,159.9
0,159.9
1,159.9
1,159.9
2,159.9
2,159.9
3,159.9
3,159.9
4,159.9
4,159.9
5,159.9
5,159.9
6,159.9
6,159.9
0,159.9
0,159.9
1,159.9
1,159.9
2,159.9
2,159.9
3,159.9
3,159.9
4,159.9
4,159.9
5,159.9
5,159.9
6,159.9
6,159.9
0,159.9
0,159.9
1,159.9
1,159.9
2,159.9
2,159.9
3,159.9
3,159.9
4,159.9
4,159.9
5,159.9
5,159.9
6,159.9
6,159.9
0,159.9
0,159.9
1,159.9
1,159.9
2,159.9
2,159.9
3,159.9
3,159.9
4,159.9
4,159.9
5,159.9
5,159.9
6,159.9
6,159.9
0,159.9
0,159.9
1,159.9
1,159.9
2,159.9
2,159.9
3,159.9
3,159.9
4,159.9
4,159.9
5,159.9
5,159.9
6,159.9
6,159.9
0,159.9
0,159.9
1,159.9
1,159.9
2,159.9
2,159.9
3,159.9
3,159.9
4,159.9
4,159.9
5,159.9
5,159.9
6,159.9
6,159.9
0,159.9
0,159.9
1,159.9
1,159.9
2,159.9
2,159.9
3,159.9
3,159.9
4,159.9
4,159.9
5,159.9
5,159.9
6,159.9
6,159.9
0,159.9
0,159.9
1,159.9
1,159.9
2,159.9
2,159.9
3,159.9
3,159.9
4,159.9
4,159.9
5,159.9
5,159.9
6,159.9
6,159.9
0,159.9
0,159.9
1,159.9
1,159.9
2,159.9
2,159.9
3,159.9
3,159.9
4,159.9
4,159.9
5,159.9
5,159.9
6,159.9
6,159.9
0,159.9
0,159.9
1,159.9
1,159.9
2,159.9
2,159.9
3,159.9
3,159.9
4,159.9
4,159.9
5,159.9
5,159.9
6,159.9
6,159.9
0,159.9
0,159.9
1,159.9
1,159.9
2,159.9
2,159.9
3,159.9
3,159.9
4,159.9
4,159.9
5,159.9
5,159.9
6,159.9
6,159.9
0,159.9
0,159.9
1,159.9
1,159.9
2,159.9
2,159.9
3,159.9
3,159.9
4,159.9
4,159.9
5,159.9
5,159.9
6,159.9
6,159.9
0,159.9
0,159.9
1,159.9
1,159.9
2,159.9
2,159.9
3,159.9
3,159.9
4,159.9
4,159.9
5,159.9
5,159.9
6,159.9
6,159.9
