0,0
0,0
1,134.9
1,134.9
2,134.9
2,134.9
3,134.9
3,134.9
4,133.9
4,133.9
5,133.9
5,133.9
6,133.9
6,133.9
0,133.9
0,133.9
1,133.9
1,133.9
2,133.9
2,133.9
3,133.9
3,133.9
4,133.9
4,133.9
5,133.9
5,133.9
6,133.9
6,133.9
0,133.9
0,133.9
1,132.9
1,132.9
2,132.9
2,132.9
3,132.9
3,132.9
4,132.9
4,132.9
5,132.9
5,132.9
6,132.9
6,132.9
0,132.9
0,132.9
1,132.9
1,132.9
2,132.9
2,132.9
3,121.7
3,121.7
4,121.7
4,121.7
5,121.7
5,121.7
6,121.7
6,121.7
0,121.7
0,121.6
1,121.7
1,121.7
2,121.7
2,121.7
3,121.7
3,121.7
4,121.7
4,121.7
5,121.7
5,121.7
6,121.7
6,121.7
0,121.7
0,121.7
1,121.7
1,121.7
2,121.7
2,121.7
3,121.7
3,121.7
4,147.9
4,147.9
5,147.9
5,147.9
6,147.9
6,147.9
0,126.9
0,126.9
1,126.9
1,126.9
2,126.9
2,126.80000000000001
3,126.80000000000001
3,126.80000000000001
4,126.80000000000001
4,126.80000000000001
5,126.80000000000001
5,126.80000000000001
6,126.80000000000001
6,126.80000000000001
0,126.8
0,126.9
1,126.9
1,126.9
2,126.9
2,126.9
3,126.9
3,126.9
4,126.9
4,126.9
5,126.9
5,126.9
6,126.9
6,126.9
0,126.9
0,126.9
1,126.9
1,126.9
2,126.9
2,126.9
3,124.9
3,124.9
4,124.9
4,124.9
5,124.9
5,124.9
6,124.9
6,124.9
0,124.9
0,124.9
1,124.9
1,124.9
2,124.9
2,124.9
3,124.9
3,124.9
4,124.9
4,124.9
5,124.9
5,124.9
6,124.9
6,124.9
0,124.9
0,124.9
1,124.9
1,124.9
2,124.9
2,124.9
3,124.9
3,124.9
4,124.9
4,124.9
5,124.9
5,124.9
6,124.9
6,124.9
0,124.9
0,124.9
1,124.9
1,124.9
2,124.9
2,124.9
3,124.9
3,124.9
4,124.9
4,124.9
5,124.9
5,124.9
6,124.9
6,124.9
0,124.9
0,124.9
1,124.9
1,124.9
2,124.9
2,124.9
3,124.9
3,124.9
4,124.9
4,124.9
5,124.9
5,124.9
6,124.9
6,124.9
0,124.9
0,124.9
1,124.9
1,124.9
2,124.9
2,124.9
3,124.9
3,124.9
4,124.9
4,124.9
5,124.9
5,124.9
6,124.9
6,124.9
0,124.9
0,124.9
1,124.9
1,124.9
2,124.9
2,124.9
3,124.9
3,124.9
4,124.9
4,124.9
5,124.9
5,124.9
6,124.9
6,124.9
0,124.9
0,124.9
1,124.9
1,124.9
2,124.9
2,124.9
3,124.9
3,124.9
4,124.9
4,124.9
5,124.9
5,124.9
6,124.9
6,124.9
0,124.9
0,124.9
1,124.9
1,124.9
2,124.9
2,124.9
3,124.9
3,124.9
4,124.9
4,124.9
5,124.9
5,124.9
6,124.9
6,124.9
0,124.9
0,124.9
1,124.9
1,124.9
2,124.9
2,124.9
3,124.9
3,124.9
4,124.9
4,124.9
5,124.9
5,124.9
6,124.9
6,124.9
0,124.9
0,124.9
1,124.9
1,124.9
2,124.9
2,124.9
3,124.9
3,124.9
4,124.9
4,124.9
5,124.9
5,124.9
6,124.9
6,124.9
0,135.9
0,135.9
1,148.9
1,148.9
2,148.95
2,148.95
3,148.95
3,148.95
4,148.95
4,147.9
5,147.9
5,147.9
6,147.9
6,147.9
0,147.9
0,147.9
1,138.9
1,138.9
2,138.9
2,138.95
3,138.95
3,134.7
4,134.7
4,134.7
5,134.7
5,134.7
6,134.7
6,134.7
0,134.1
0,134.1
1,134.1
1,134.1
2,134.1
2,134.1
3,135.03333333333333
3,135.03333333333333
4,135.03333333333333
4,135.03333333333333
5,135.03333333333333
5,135.03333333333333
6,135.03333333333333
6,135.03333333333333
0,135.03333333333333
0,135.03333333333333
1,135.03333333333333
1,135.03333333333333
2,135.03333333333333
2,135.03333333333333
3,133.7
3,133.7
4,133.7
4,133.7
5,133.7
5,133.7
6,133.7
6,133.7
0,133.7
0,165.9
1,165.9
1,165.9
2,166.0
2,166.0
3,166.0
3,164.5666666666667
4,164.5666666666667
4,164.5666666666667
5,164.5666666666667
5,164.5666666666667
6,164.5666666666667
6,164.5666666666667
0,164.5666666666667
0,164.5666666666667
1,164.5666666666667
1,164.5666666666667
2,164.5666666666667
2,164.5666666666667
3,164.5666666666667
3,164.5666666666667
4,164.5666666666667
4,164.5666666666667
5,164.5666666666667
5,164.5666666666667
6,164.5666666666667
6,164.5666666666667
0,163.95
0,158.9
1,156.9
1,156.9
2,156.9
2,156.9
3,156.9
3,153.9
4,153.9
4,153.9
5,153.9
5,153.9
6,153.9
6,153.9
0,153.9
0,153.9
1,153.9
1,153.9
2,155.95
2,155.95
3,155.95
3,155.95
4,155.95
4,155.95
5,155.95
5,155.95
6,155.95
6,155.95
0,155.95
0,155.95
1,155.95
1,155.95
2,155.95
2,155.95
3,155.95
3,155.95
4,155.95
4,155.95
5,155.95
5,155.95
6,155.95
6,155.95
0,155.95
0,155.95
1,155.95
1,155.95
2,155.95
2,155.95
3,155.95
3,155.95
4,155.95
4,155.95
5,155.95
5,155.95
6,155.95
6,155.95
0,155.95
0,153.9
1,153.9
1,153.9
2,153.9
2,153.9
3,153.9
3,153.9
4,153.9
4,153.9
5,153.9
5,153.9
6,153.9
6,153.9
0,153.9
0,153.9
1,153.9
1,153.9
2,153.9
2,153.9
3,153.9
3,153.9
4,153.9
4,153.9
5,153.9
5,153.9
6,153.9
6,153.9
0,153.9
0,153.9
1,153.9
1,153.9
2,153.9
2,153.9
3,153.9
3,153.9
4,153.9
4,153.9
5,153.9
5,153.9
6,153.9
6,153.9
0,153.9
0,149.4
1,144.9
1,144.9
2,144.9
2,144.9
3,144.9
3,142.9
4,142.9
4,142.9
5,142.9
5,142.9
6,142.9
6,142.9
0,142.9
0,142.9
1,142.9
1,142.9
2,142.9
2,142.9
3,142.9
3,142.9
4,141.9
4,141.9
5,141.9
5,140.9
6,140.9
6,140.9
0,140.9
0,140.9
1,140.9
1,140.9
2,140.9
2,140.9
3,140.9
3,140.9
4,140.9
4,140.9
5,140.9
5,140.9
6,140.9
6,137.9
0,137.9
0,137.9
1,137.9
1,137.9
2,137.9
2,137.9
3,137.9
3,137.9
4,137.9
4,136.9
5,136.9
5,136.9
6,136.9
6,136.9
0,136.9
0,136.23333333333335
1,136.23333333333335
1,158.9
2,158.9
2,158.9
3,158.9
3,156.9
4,156.9
4,156.9
5,156.9
5,156.9
6,156.9
6,156.9
0,156.9
0,156.9
1,156.9
1,156.9
2,153.5666666666667
2,149.9
3,149.9
3,149.9
4,149.9
4,143.9
5,143.9
5,143.9
6,143.9
6,143.9
0,142.5
0,140.5
1,140.5
1,140.5
2,140.5
2,152.76666666666665
3,152.76666666666665
3,152.76666666666665
4,152.76666666666665
4,152.76666666666665
5,152.76666666666665
5,152.76666666666665
6,152.76666666666665
6,152.76666666666665
0,152.76666666666665
0,152.76666666666665
1,152.76666666666665
1,152.76666666666665
2,152.76666666666665
2,152.76666666666665
3,152.76666666666665
3,152.76666666666665
4,152.76666666666665
4,152.76666666666665
5,152.76666666666665
5,152.76666666666665
6,152.76666666666665
6,152.76666666666665
0,152.76666666666665
0,152.76666666666665
1,152.76666666666665
1,152.76666666666665
2,152.76666666666665
2,152.76666666666665
3,152.76666666666665
3,152.76666666666665
4,152.76666666666665
4,152.76666666666665
5,152.76666666666665
5,152.76666666666665
6,152.76666666666665
6,152.76666666666665
0,152.76666666666665
0,152.76666666666665
1,152.76666666666665
1,152.76666666666665
2,152.76666666666665
2,152.76666666666665
3,154.9
3,154.9
4,154.9
4,154.9
5,154.9
5,154.9
6,154.9
6,154.9
0,154.9
0,154.9
1,154.9
1,154.9
2,154.9
2,154.9
3,154.9
3,154.9
4,154.9
4,154.9
5,154.9
5,154.9
6,154.9
6,154.9
0,154.9
0,154.9
1,154.9
1,154.9
2,154.9
2,154.9
3,154.9
3,154.9
4,154.9
4,154.9
5,154.9
5,154.9
6,154.9
6,154.9
0,154.9
0,154.9
1,154.9
1,154.9
2,154.9
2,154.9
3,154.9
3,151.3
4,151.3
4,154.9
5,154.9
5,154.9
6,154.9
6,151.9
0,151.9
0,151.9
1,151.9
1,151.9
2,151.9
2,151.9
3,151.9
3,151.9
4,151.9
4,151.9
5,151.9
5,151.9
6,151.9
6,151.9
0,151.9
0,151.9
1,151.9
1,151.9
2,151.9
2,151.9
3,151.9
3,151.9
4,151.9
4,151.9
5,151.9
5,151.9
6,151.9
6,151.9
0,151.9
0,151.9
1,151.9
1,151.9
2,151.9
2,151.9
3,151.9
3,151.9
4,151.9
4,146.9
5,146.9
5,146.9
6,146.9
6,146.9
0,146.9
0,146.9
1,146.9
1,146.9
2,146.9
2,146.9
3,146.9
3,146.9
4,146.9
4,133.9
5,133.9
5,133.9
6,133.9
6,133.9
0,133.9
0,133.9
1,133.9
1,133.9
2,133.9
2,133.9
3,133.9
3,133.9
4,133.9
4,133.9
5,133.9
5,133.9
6,133.9
6,133.9
0,133.9
0,133.9
1,133.9
1,133.9
2,133.9
2,133.9
3,133.9
3,133.9
4,133.9
4,133.9
5,133.9
5,133.9
6,133.9
6,133.9
0,133.9
0,133.9
1,133.9
1,133.9
2,133.9
2,133.9
3,133.9
3,133.9
4,133.9
4,133.9
5,133.9
5,133.9
6,133.9
6,133.9
0,133.9
0,133.9
1,133.9
1,133.9
2,133.9
2,131.9
3,131.9
3,131.9
4,131.9
4,131.9
5,131.9
5,131.9
6,131.9
6,131.9
0,131.9
0,131.9
1,131.9
1,131.9
2,131.9
2,131.9
3,153.9
3,153.9
4,153.9
4,153.9
5,153.9
5,153.9
6,153.9
6,153.9
0,153.9
0,153.9
1,153.9
1,153.9
2,153.9
2,149.9
3,149.9
3,149.9
4,149.9
4,149.9
5,149.9
5,149.9
6,149.9
6,149.9
0,149.9
0,149.9
1,149.9
1,149.9
2,149.9
2,149.9
3,144.9
3,144.9
4,144.9
4,144.9
5,144.9
5,144.9
6,142.9
6,142.9
0,142.9
0,142.9
1,142.9
1,142.9
2,142.9
2,142.9
3,142.9
3,142.9
4,142.9
4,142.9
5,142.9
5,142.9
6,142.9
6,142.9
0,142.9
0,142.9
1,142.9
1,142.9
2,142.9
2,142.9
3,142.9
3,142.9
4,142.9
4,142.9
5,142.9
5,142.9
6,142.9
6,142.9
0,142.9
0,142.9
1,142.9
1,142.9
2,142.9
2,142.9
3,142.9
3,142.9
4,142.9
4,142.9
5,142.9
5,142.9
6,142.9
6,142.9
0,142.9
0,142.9
1,142.9
1,142.9
2,142.9
2,142.9
3,142.9
3,142.9
4,142.9
4,142.9
5,142.9
5,142.9
6,142.9
6,142.9
0,142.9
0,142.9
1,140.9
1,140.9
2,140.9
2,140.9
3,140.9
3,140.9
4,140.9
4,140.9
5,140.9
5,140.9
6,140.9
6,140.9
0,140.9
0,140.9
1,140.9
1,140.9
2,140.9
2,140.9
3,140.9
3,140.9
4,140.9
4,140.9
5,140.9
5,140.9
6,140.9
6,140.9
0,140.9
0,140.9
1,140.9
1,140.9
2,140.9
2,140.9
3,139.9
3,139.9
4,139.9
4,139.9
5,139.9
5,139.9
6,139.9
6,139.9
0,139.9
0,139.9
1,139.9
1,139.9
2,139.9
2,139.9
3,139.9
3,139.9
4,139.9
4,139.9
5,139.9
5,139.9
6,161.9
6,161.9
0,161.9
0,161.9
1,161.9
1,161.9
2,161.9
2,161.9
3,161.9
3,161.9
4,161.9
4,161.9
5,161.9
5,161.9
6,161.9
6,161.9
0,161.9
0,161.9
1,161.9
1,161.9
2,161.9
2,161.23333333333335
3,161.23333333333335
3,158.9
4,158.9
4,158.9
5,158.9
5,158.9
6,158.9
6,158.9
0,158.9
0,158.9
1,158.9
1,158.9
2,158.9
2,149.9
3,147.9
3,147.9
4,145.7
4,145.7
5,145.7
5,145.7
6,145.7
6,145.7
0,145.7
0,145.7
1,145.7
1,145.7
2,145.7
2,145.7
3,145.7
3,145.7
4,145.7
4,145.7
5,145.7
5,145.7
6,145.7
6,145.7
0,151.9
0,151.9
1,151.9
1,151.9
2,151.9
2,151.9
3,151.9
3,149.9
4,149.9
4,149.9
5,149.9
5,149.9
6,149.9
6,149.9
0,149.9
0,149.9
1,149.9
1,149.9
2,149.9
2,149.9
3,149.9
3,149.9
4,149.9
4,149.9
5,149.9
5,149.9
6,149.9
6,149.9
0,149.9
0,149.9
1,149.9
1,149.9
2,149.9
2,149.9
3,149.9
3,149.9
4,149.9
4,149.9
5,149.9
5,149.9
6,149.9
6,149.9
0,149.9
0,149.9
1,149.9
1,149.9
2,168.4
2,168.4
3,168.4
3,168.4
4,168.4
4,168.4
5,168.4
5,168.4
6,168.4
6,168.4
0,168.4
0,154.9
1,154.9
1,154.9
2,154.9
2,154.9
3,154.9
3,154.9
4,154.9
4,154.9
5,154.9
5,154.9
6,154.9
6,154.9
0,154.9
0,154.9
1,154.9
1,154.9
2,154.9
2,154.9
3,154.9
3,154.9
4,154.9
4,154.9
5,154.9
5,154.9
6,154.9
6,154.9
0,154.9
0,154.9
1,154.9
1,154.9
2,154.9
2,152.9
3,152.9
3,152.9
4,152.9
4,152.9
5,152.9
5,152.9
6,152.9
6,152.9
0,152.9
0,152.9
1,152.9
1,152.9
2,151.9
2,151.9
3,151.9
3,151.9
4,151.9
4,151.9
5,151.9
5,151.9
6,151.9
6,150.76666666666668
0,150.76666666666668
0,150.76666666666668
1,150.76666666666668
1,150.76666666666668
2,150.76666666666668
2,150.76666666666668
3,150.76666666666668
3,150.76666666666668
4,150.76666666666668
4,150.76666666666668
5,150.76666666666668
5,150.76666666666668
6,150.76666666666668
6,150.76666666666668
0,150.76666666666668
0,150.76666666666668
1,150.76666666666668
1,148.6
2,148.6
2,148.6
3,148.6
3,148.6
4,148.6
4,148.6
5,148.6
5,147.9
6,147.9
6,147.9
0,147.9
0,147.9
1,147.9
1,146.9
2,146.9
2,146.9
3,146.9
3,146.9
4,144.9
4,144.9
5,144.9
5,144.9
6,144.9
6,144.9
0,144.9
0,144.9
1,144.9
1,144.9
2,144.9
2,143.5666666666667
3,143.5666666666667
3,143.5666666666667
4,143.5666666666667
4,143.5666666666667
5,143.5666666666667
5,143.5666666666667
6,143.5666666666667
6,143.5666666666667
0,143.5666666666667
0,143.5666666666667
1,143.5666666666667
1,143.5666666666667
2,143.5666666666667
2,143.5666666666667
3,143.5666666666667
3,143.5666666666667
4,143.5666666666667
4,168.9
5,168.9
5,168.9
6,168.9
6,168.9
0,168.9
0,168.9
1,168.23333333333335
1,168.23333333333335
2,168.23333333333335
2,168.23333333333335
3,168.23333333333335
3,168.23333333333335
4,167.23333333333335
4,163.9
5,163.9
5,163.9
6,163.9
6,163.9
0,163.9
0,162.9
1,160.75
1,160.75
2,159.13333333333333
2,159.13333333333333
3,159.13333333333333
3,159.13333333333333
4,159.13333333333333
4,156.9
5,156.9
5,156.9
6,156.9
6,156.9
0,154.4
0,151.9
1,151.9
1,151.9
2,151.9
2,149.9
3,149.9
3,149.9
4,147.9
4,147.9
5,147.9
5,144.1
6,144.1
6,144.1
0,144.1
0,144.1
1,144.1
1,143.96666666666667
2,143.96666666666667
2,143.96666666666667
3,143.96666666666667
3,143.96666666666667
4,143.96666666666667
4,143.96666666666667
5,142.8
5,142.8
6,142.8
6,142.8
0,142.8
0,142.8
1,142.8
1,142.8
2,142.8
2,142.8
3,142.8
3,142.8
4,142.8
4,142.8
5,142.8
5,142.8
6,142.8
6,142.8
0,142.8
0,151.9
1,151.9
1,151.9
2,151.9
2,154.9
3,154.9
3,151.5666666666667
4,151.5666666666667
4,151.5666666666667
5,151.5666666666667
5,151.5666666666667
6,151.5666666666667
6,151.5666666666667
0,151.5666666666667
0,151.5666666666667
1,158.9
1,158.9
2,158.9
2,158.9
3,158.9
3,158.9
4,158.9
4,158.9
5,158.9
5,158.9
6,158.9
6,158.9
0,168.9
0,168.9
1,168.9
1,168.9
2,162.23333333333335
2,162.23333333333335
3,168.9
3,168.9
4,168.9
4,168.9
5,168.9
5,168.9
6,168.9
6,168.9
0,168.9
0,168.9
1,168.9
1,168.9
2,168.9
2,168.9
3,168.9
3,168.9
4,167.5666666666667
4,167.5666666666667
5,167.5666666666667
5,167.5666666666667
6,167.5666666666667
6,167.5666666666667
0,164.9
0,164.9
1,162.9
1,162.9
2,162.9
2,162.9
3,162.9
3,162.9
4,162.9
4,162.9
5,162.9
5,162.9
6,162.9
6,162.9
