0,133.4
0,133.4
1,130.9
1,130.9
2,127.89999999999999
2,124.9
3,124.9
3,123.9
4,123.9
4,123.9
5,123.9
5,123.9
6,123.9
6,123.9
0,123.9
0,123.9
1,119.9
1,119.9
2,117.9
2,117.9
3,117.9
3,117.9
4,117.9
4,117.9
5,117.9
5,117.9
6,117.9
6,117.9
0,117.9
0,117.9
1,116.9
1,116.9
2,116.9
2,116.9
3,145.9
3,145.9
4,145.4
4,145.4
5,145.4
5,145.4
6,144.9
6,144.9
0,142.9
0,142.9
1,141.9
1,141.9
2,135.9
2,135.9
3,132.9
3,131.9
4,131.9
4,131.9
5,131.9
5,131.9
6,130.9
6,130.9
0,130.9
0,130.9
1,129.4
1,129.4
2,127.9
2,127.9
3,125.9
3,125.9
4,122.25
4,122.25
5,122.25
5,120.9
6,120.9
6,120.9
0,119.9
0,119.9
1,119.9
1,119.9
2,119.9
2,119.9
3,129.26666666666668
3,129.26666666666668
4,145.9
4,145.9
5,145.9
5,145.9
6,142.4
6,142.4
0,142.4
0,142.4
1,140.85
1,140.85
2,140.85
2,140.85
3,140.85
3,140.85
4,140.85
4,136.9
5,134.9
5,134.9
6,134.9
6,134.9
0,131.4
0,131.4
1,127.9
1,127.9
2,122.67999999999999
2,122.67999999999999
3,119.9
3,119.9
4,149.9
4,149.9
5,149.9
5,149.9
6,148.9
6,148.9
0,147.9
0,146.9
1,146.9
1,146.9
2,146.9
2,146.9
3,147.1
3,146.9
4,146.9
4,144.9
5,144.9
5,144.9
6,144.9
6,144.9
0,144.9
0,144.9
1,144.9
1,144.9
2,144.9
2,144.9
3,144.9
3,144.9
4,144.9
4,144.9
5,144.9
5,144.9
6,144.9
6,144.9
0,144.9
0,144.9
1,144.9
1,144.9
2,144.9
2,144.9
3,144.9
3,144.9
4,144.9
4,144.9
5,144.9
5,144.9
6,144.9
6,144.9
0,144.9
0,144.9
1,144.9
1,144.9
2,144.9
2,144.9
3,144.9
3,144.9
4,144.9
4,144.9
5,144.9
5,144.9
6,144.9
6,144.9
0,144.9
0,144.9
1,144.9
1,144.9
2,144.9
2,144.9
3,144.9
3,144.9
4,144.9
4,144.9
5,144.9
5,144.9
6,144.9
6,144.9
0,144.9
0,144.9
1,144.9
1,144.9
2,144.9
2,144.9
3,144.9
3,144.9
4,144.9
4,144.9
5,144.9
5,144.9
6,144.9
6,144.9
0,144.9
0,144.9
1,144.9
1,144.9
2,144.9
2,144.9
3,144.9
3,144.9
4,144.9
4,144.9
5,144.9
5,144.9
6,144.9
6,144.9
0,144.9
0,144.9
1,144.9
1,144.9
2,144.9
2,144.9
3,144.9
3,144.9
4,144.9
4,144.9
5,144.9
5,144.9
6,144.9
6,144.9
0,144.9
0,144.9
1,144.9
1,144.9
2,144.9
2,144.9
3,144.9
3,144.9
4,144.9
4,144.9
5,144.9
5,144.9
6,144.9
6,144.9
0,144.9
0,144.9
1,144.9
1,144.9
2,144.9
2,144.9
3,144.9
3,144.9
4,152.9
4,152.9
5,152.9
5,152.9
6,152.9
6,152.9
0,152.95
0,152.95
1,152.95
1,152.95
2,152.95
2,152.95
3,152.95
3,150.9
4,150.9
4,150.9
5,150.9
5,150.9
6,150.9
6,150.9
0,150.23333333333335
0,147.9
1,147.9
1,147.9
2,147.9
2,145.9
3,145.63333333333333
3,144.98333333333332
4,144.98333333333332
4,143.9
5,143.9
5,143.9
6,143.9
6,143.9
0,143.9
0,143.9
1,143.9
1,143.9
2,141.9
2,141.9
3,141.9
3,141.9
4,141.9
4,141.9
5,141.9
5,141.9
6,141.9
6,136.9
0,136.9
0,136.9
1,136.9
1,136.9
2,136.9
2,136.9
3,136.9
3,136.9
4,136.9
4,136.9
5,136.9
5,136.9
6,136.9
6,136.85000000000002
0,136.85000000000002
0,136.85000000000002
1,136.85000000000002
1,136.85000000000002
2,136.85000000000002
2,136.85000000000002
3,163.9
3,163.95
4,163.95
4,163.95
5,161.9
5,160.9
6,160.9
6,160.9
0,160.9
0,160.9
1,160.9
1,160.9
2,160.9
2,151.9
3,151.9
3,151.9
4,151.9
4,151.9
5,151.9
5,147.3
6,147.3
6,147.3
0,145.2
0,145.2
1,145.2
1,144.8
2,143.7
2,143.3
3,143.3
3,142.7
4,141.6
4,141.6
5,141.6
5,141.6
6,141.6
6,141.6
0,141.6
0,140.66666666666666
1,139.33333333333334
1,138.8
2,138.8
2,138.8
3,138.8
3,138.8
4,138.8
4,137.8
5,137.85000000000002
5,137.85000000000002
6,137.85000000000002
6,137.85000000000002
0,136.7
0,136.7
1,136.7
1,135.6
2,135.6
2,134.5
3,134.5
3,134.5
4,134.5
4,134.5
5,134.5
5,134.5
6,134.5
6,134.5
0,134.5
0,134.5
1,134.5
1,134.5
2,134.5
2,134.5
3,134.5
3,134.5
4,134.5
4,134.5
5,134.5
5,134.5
6,134.5
6,134.5
0,134.5
0,134.5
1,134.5
1,133.4
2,133.4
2,133.4
3,133.4
3,133.4
4,133.4
4,133.4
5,133.4
5,163.9
6,163.9
6,163.9
0,163.9
0,163.9
1,163.9
1,163.9
2,163.9
2,161.3
3,161.3
3,161.3
4,161.3
4,161.3
5,161.3
5,161.3
6,161.3
6,161.3
0,161.3
0,161.3
1,161.3
1,161.3
2,161.3
2,156.5
3,156.5
3,156.5
4,156.5
4,156.5
5,156.5
5,156.5
6,156.5
6,156.5
0,156.5
0,151.7
1,149.7
1,149.7
2,149.7
2,147.2625
3,147.2625
3,145.13333333333333
4,142.3
4,142.3
5,142.3
5,142.3
6,142.3
6,142.3
0,142.3
0,142.3
1,142.3
1,142.3
2,142.3
2,142.3
3,142.3
3,142.3
4,142.3
4,142.3
5,142.3
5,142.3
6,142.3
6,140.1
0,140.1
0,137.4
1,137.4
1,137.4
2,137.4
2,137.4
3,137.4
3,137.4
4,137.4
4,135.3
5,135.3
5,135.3
6,134.3
6,134.3
0,134.3
0,134.3
1,134.3
1,134.3
2,134.3
2,131.8
3,131.13333333333335
3,129.7
4,129.7
4,129.7
5,129.7
5,129.7
6,129.7
6,129.7
0,129.7
0,129.7
1,129.7
1,128.9
2,128.9
2,128.9
3,128.9
3,128.9
4,128.9
4,128.9
5,128.9
5,128.9
6,128.9
6,128.9
0,158.9
0,158.9
1,158.9
1,155.76666666666668
2,155.76666666666668
2,155.76666666666668
3,155.76666666666668
3,154.0
4,154.0
4,154.0
5,154.0
5,152.9
6,152.9
6,152.9
0,152.9
0,152.9
1,152.9
1,151.5666666666667
2,151.5666666666667
2,151.5666666666667
3,151.5666666666667
3,151.5666666666667
4,151.5666666666667
4,151.5666666666667
5,151.5666666666667
5,151.5666666666667
6,151.5666666666667
6,151.5666666666667
0,148.9
0,148.9
1,148.9
1,148.9
2,148.9
2,146.9
3,146.9
3,145.2
4,142.53333333333333
4,142.53333333333333
5,142.53333333333333
5,142.53333333333333
6,142.53333333333333
6,142.53333333333333
0,142.53333333333333
0,142.53333333333333
1,142.53333333333333
1,142.53333333333333
2,141.0
2,139.1
3,137.53333333333333
3,135.2
4,135.2
4,135.2
5,135.2
5,135.2
6,135.2
6,135.2
0,158.9
0,157.95
1,157.95
1,157.95
2,157.23333333333335
2,153.7
3,151.1
3,145.2
4,144.9
4,144.9
5,144.9
5,144.9
6,144.9
6,144.9
0,144.9
0,144.23333333333335
1,141.4
1,141.4
2,141.4
2,141.4
3,141.4
3,140.9
4,140.9
4,137.54000000000002
5,137.54000000000002
5,137.54000000000002
6,137.54000000000002
6,137.54000000000002
0,137.54000000000002
0,133.10000000000002
1,133.10000000000002
1,133.10000000000002
2,133.10000000000002
2,133.10000000000002
3,133.10000000000002
3,133.10000000000002
4,133.10000000000002
4,133.10000000000002
5,133.10000000000002
5,133.10000000000002
6,133.10000000000002
6,133.10000000000002
0,133.10000000000002
0,133.10000000000002
1,133.10000000000002
1,133.10000000000002
2,133.10000000000002
2,160.9
3,160.9
3,158.9
4,158.9
4,158.9
5,158.9
5,158.9
6,158.9
6,158.9
0,154.9
0,154.47999999999996
1,154.47999999999996
1,154.47999999999996
2,154.47999999999996
2,154.47999999999996
3,153.9
3,149.8
4,145.8
4,145.8
5,145.8
5,145.8
6,145.8
6,145.8
0,144.9
0,144.9
1,140.9
1,140.9
2,139.5666666666667
2,139.5666666666667
3,139.5666666666667
3,139.5666666666667
4,139.5666666666667
4,139.5666666666667
5,139.5666666666667
5,139.5666666666667
6,139.5666666666667
6,139.5666666666667
0,139.5666666666667
0,139.5666666666667
1,139.5666666666667
1,139.5666666666667
2,139.5666666666667
2,137.9
3,137.9
3,132.9
4,132.9
4,132.9
5,132.9
5,130.9
6,130.95
6,130.95
0,130.95
0,130.95
1,130.95
1,129.5666666666667
2,129.5666666666667
2,127.56666666666668
3,127.56666666666668
3,127.56666666666668
4,127.56666666666668
4,127.56666666666668
5,127.56666666666668
5,127.56666666666668
6,127.56666666666668
6,127.56666666666668
0,127.56666666666668
0,124.9
1,124.9
1,124.9
2,124.9
2,124.9
3,124.9
3,137.9
4,137.9
4,137.9
5,150.65
5,150.65
6,150.65
6,150.65
0,150.65
0,150.65
1,150.65
1,145.60000000000002
2,143.10000000000002
2,141.9
3,141.9
3,140.0
4,136.1
4,134.0
5,134.0
5,131.5
6,131.0
6,131.0
0,131.0
0,131.0
1,130.15
1,130.15
2,130.15
2,130.15
3,130.15
3,129.25
4,129.25
4,127.9
5,127.9
5,127.9
6,127.9
6,127.9
0,127.35
0,127.35
1,126.25
1,126.25
2,125.7
2,125.7
3,125.7
3,125.7
4,125.7
4,125.7
5,125.7
5,125.7
6,125.7
6,125.7
0,125.7
0,125.7
1,125.7
1,125.7
2,125.1
2,125.1
3,125.1
3,125.1
4,125.1
4,125.1
5,125.1
5,125.1
6,125.1
6,125.1
0,125.1
0,125.1
1,125.1
1,153.9
2,153.9
2,153.9
3,153.2
3,153.2
4,150.45
4,150.45
5,148.4
5,148.4
6,148.4
6,144.9
0,144.9
0,144.9
1,144.9
1,144.9
2,144.9
2,144.9
3,144.9
3,144.9
4,144.9
4,144.9
5,144.9
5,144.9
6,144.9
6,144.9
0,144.9
0,144.9
1,144.35000000000002
1,144.35000000000002
2,144.35000000000002
2,144.35000000000002
3,144.35000000000002
3,142.85000000000002
4,141.4
4,139.9
5,139.9
5,138.9
6,138.9
6,138.9
0,138.9
0,138.9
1,137.4
1,134.2
2,133.45
2,131.7
3,131.7
3,130.64999999999998
4,146.25
4,146.25
5,161.9
5,161.9
6,161.9
6,161.9
0,161.9
0,161.9
1,159.4
1,155.9
2,155.9
2,155.9
3,155.9
3,155.9
4,155.4
4,155.4
5,155.4
5,155.4
6,155.4
6,155.4
0,155.4
0,155.4
1,155.4
1,155.4
2,148.5
2,148.5
3,147.2
3,147.2
4,145.9
4,144.9
5,144.9
5,144.9
6,144.9
6,144.9
0,144.7
0,144.7
1,144.7
1,144.7
2,138.9
2,144.5
3,135.3
3,134.3
4,133.9
4,132.7
5,132.7
5,132.7
6,132.7
6,132.7
0,132.7
0,130.7
1,130.7
1,130.7
2,130.7
2,130.7
3,130.7
3,130.7
4,130.7
4,130.7
5,130.7
5,130.7
6,130.7
6,130.7
0,130.7
0,130.7
1,161.9
1,160.5
2,159.5
2,159.5
3,157.9
3,157.9
4,157.9
4,157.9
5,157.9
5,157.9
6,157.9
6,157.9
0,157.9
0,157.9
1,153.9
1,153.9
2,148.9
2,148.9
3,148.9
3,143.4
4,143.4
4,143.4
5,143.4
5,143.4
6,143.4
6,143.4
0,143.4
0,141.95
1,141.95
1,141.95
2,141.95
2,141.95
3,141.95
3,141.95
4,141.95
4,163.9
5,163.9
5,163.9
6,163.9
6,163.9
0,163.9
0,163.9
1,163.9
1,163.9
2,160.9
2,160.9
3,160.9
3,159.9
4,159.9
4,158.9
5,158.9
5,158.9
6,158.9
6,158.9
0,158.9
0,158.9
1,157.9
1,157.9
2,157.9
2,157.9
3,156.9
3,156.9
4,156.9
4,151.0
5,151.0
5,151.0
6,151.0
6,151.0
0,151.0
0,149.9
1,149.9
1,149.9
2,149.9
2,149.9
3,149.9
3,145.3
4,145.3
4,141.8
5,141.8
5,140.1
6,139.8
6,139.8
0,168.9
0,168.9
1,168.9
1,158.9
2,158.9
2,156.9
3,156.9
3,156.9
4,156.9
4,155.9
5,155.9
5,155.9
6,155.9
6,155.9
0,155.9
0,153.9
1,153.9
1,153.9
2,153.9
2,153.23333333333335
3,153.23333333333335
3,151.9
4,151.9
4,151.23333333333335
5,151.23333333333335
5,151.23333333333335
6,151.23333333333335
6,151.23333333333335
0,149.4
0,149.4
1,145.3
1,143.70000000000002
2,141.7
2,141.7
3,141.7
3,140.6
4,141.36666666666667
4,141.36666666666667
5,141.36666666666667
5,141.36666666666667
6,141.36666666666667
6,141.36666666666667
0,140.4
0,140.4
1,140.4
1,140.4
2,140.4
2,140.4
3,140.4
3,142.4
4,155.65
4,168.9
5,168.9
5,168.9
6,168.9
6,168.9
0,168.63333333333333
0,168.63333333333333
1,166.5
1,166.5
2,165.5
2,164.5
3,163.7
3,162.9
4,161.83333333333334
4,160.56666666666666
5,160.56666666666666
5,159.46666666666667
6,159.46666666666667
6,159.46666666666667
0,158.9
0,158.9
1,158.9
1,158.9
2,156.86666666666667
2,153.05
3,153.05
3,153.05
4,149.36666666666667
4,146.1
5,146.1
5,144.9
6,142.9
6,142.9
0,142.9
0,142.9
1,142.23333333333335
1,142.23333333333335
2,142.23333333333335
2,142.23333333333335
3,142.23333333333335
3,142.23333333333335
4,142.23333333333335
4,142.23333333333335
5,142.23333333333335
5,142.23333333333335
6,142.23333333333335
6,142.23333333333335
0,142.23333333333335
0,142.23333333333335
1,142.23333333333335
1,142.23333333333335
2,142.23333333333335
2,168.9
3,168.9
3,168.9
4,168.9
4,168.9
5,168.9
5,168.9
6,168.9
6,168.9
0,167.29999999999998
0,165.83333333333334
1,165.3
1,164.5
2,163.8
2,163.5
3,163.5
3,163.5
4,163.5
4,163.5
5,163.5
5,163.5
6,163.5
6,162.8
0,162.8
0,162.8
1,161.2
1,159.26666666666668
2,159.26666666666668
2,157.2
3,156.9
3,156.5
4,156.5
4,156.5
5,156.5
5,156.5
6,156.5
6,156.5
0,156.5
0,156.5
1,156.5
1,156.5
2,155.9
2,149.4
3,149.4
3,149.4
4,149.4
4,149.4
5,149.4
5,147.4
6,145.4
6,145.4
0,143.4
0,143.4
1,142.3
1,141.3
2,141.3
2,141.3
3,141.3
3,141.3
4,141.3
4,141.3
5,141.3
5,141.3
6,141.3
6,141.3
0,141.3
0,141.3
1,141.3
1,139.8
2,139.8
2,139.8
3,139.8
3,139.8
4,139.8
4,139.8
5,139.8
5,139.8
6,139.8
6,139.8
0,139.8
0,139.8
1,139.8
1,139.8
2,139.8
2,139.8
3,159.20000000000002
3,167.29999999999998
4,167.29999999999998
4,164.9
5,164.9
5,164.9
6,164.9
6,164.9
0,164.76666666666668
0,164.76666666666668
1,164.76666666666668
1,164.76666666666668
2,162.7
2,160.7
3,158.7
3,158.7
4,158.7
4,158.7
5,158.7
5,158.7
6,158.7
6,158.7
0,158.7
0,154.7
1,150.6
1,150.6
2,147.66666666666666
2,145.9
3,145.9
3,145.9
4,145.9
4,145.9
5,145.9
5,145.9
6,145.9
6,145.9
0,145.9
0,145.9
1,145.9
1,145.9
2,142.83333333333334
2,140.63333333333335
3,140.63333333333335
3,140.63333333333335
4,140.63333333333335
4,140.63333333333335
5,140.63333333333335
5,140.63333333333335
6,140.63333333333335
6,140.63333333333335
0,140.63333333333335
0,159.36666666666667
1,159.36666666666667
1,159.36666666666667
2,166.2
2,160.3
3,156.3
3,156.3
4,152.9
4,150.7
5,150.7
5,150.7
6,150.7
6,148.03333333333333
0,148.03333333333333
0,148.03333333333333
1,148.03333333333333
1,145.5
2,145.5
2,145.5
3,145.5
3,145.5
4,145.5
4,145.5
5,145.5
5,145.5
6,145.5
6,145.5
0,145.5
0,145.5
1,145.5
1,145.5
2,145.5
2,145.5
3,145.5
3,145.5
4,145.5
4,145.5
5,145.5
5,145.5
6,145.5
6,145.5
0,145.5
0,145.5
1,145.5
1,145.5
2,145.5
2,145.5
3,145.5
3,145.5
4,145.5
4,162.9
5,162.9
5,162.9
6,162.9
6,162.9
0,170.3
0,170.3
1,170.3
1,167.4
2,167.4
2,167.4
3,167.4
3,167.4
4,167.4
4,167.4
5,167.4
5,162.9
6,162.9
6,160.23333333333335
0,160.23333333333335
0,158.23333333333335
1,156.9
1,154.23333333333335
2,151.9
2,151.9
3,151.9
3,151.23333333333335
4,151.23333333333335
4,151.23333333333335
5,151.23333333333335
5,151.23333333333335
6,151.23333333333335
6,151.23333333333335
0,151.23333333333335
0,149.5666666666667
1,149.5666666666667
1,148.23333333333335
2,148.23333333333335
2,148.23333333333335
3,148.23333333333335
3,148.23333333333335
4,175.9
4,175.9
5,175.9
5,175.9
6,175.9
6,175.9
