0,0
0,0
1,0
1,0
2,0
2,0
3,0
3,0
4,0
4,0
5,0
5,0
6,0
6,0
0,0
0,0
1,0
1,0
2,0
2,0
3,0
3,0
4,0
4,0
5,0
5,0
6,0
6,0
0,0
0,0
1,138.95
1,133.9
2,133.9
2,133.8
3,133.9
3,133.9
4,133.9
4,133.9
5,133.9
5,133.9
6,133.9
6,133.9
0,133.9
0,133.9
1,133.9
1,133.9
2,133.9
2,133.9
3,133.9
3,133.95
4,133.95
4,133.95
5,133.95
5,133.95
6,133.95
6,133.95
0,133.95
0,133.95
1,134.56666666666666
1,134.56666666666666
2,134.56666666666666
2,134.56666666666666
3,134.56666666666666
3,134.56666666666666
4,134.56666666666666
4,134.56666666666666
5,134.56666666666666
5,134.56666666666666
6,134.56666666666666
6,134.56666666666666
0,134.56666666666666
0,134.56666666666666
1,134.56666666666666
1,134.56666666666666
2,134.56666666666666
2,134.56666666666666
3,134.95
3,134.95
4,134.95
4,134.95
5,134.95
5,135.0
6,134.9
6,134.9
0,134.9
0,134.8
1,134.9
1,134.9
2,134.9
2,134.9
3,134.9
3,134.9
4,134.95
4,134.95
5,134.95
5,134.95
6,132.9
6,132.9
0,132.9
0,132.9
1,132.9
1,132.9
2,132.9
2,132.9
3,132.9
3,132.9
4,132.9
4,132.9
5,132.9
5,132.9
6,132.9
6,132.9
0,132.9
0,132.9
1,132.9
1,132.9
2,132.9
2,132.9
3,132.9
3,132.9
4,132.9
4,132.9
5,132.9
5,132.9
6,132.9
6,132.9
0,132.9
0,132.9
1,132.9
1,132.9
2,132.9
2,132.9
3,132.9
3,132.9
4,132.9
4,132.9
5,132.9
5,132.9
6,132.9
6,132.9
0,132.9
0,132.9
1,132.9
1,132.9
2,132.9
2,132.9
3,132.9
3,132.9
4,132.9
4,132.9
5,132.9
5,132.9
6,132.9
6,132.9
0,132.9
0,132.9
1,132.9
1,132.9
2,132.9
2,132.9
3,132.9
3,132.9
4,132.9
4,132.9
5,132.9
5,132.9
6,132.9
6,132.9
0,132.9
0,132.9
1,132.9
1,132.9
2,132.9
2,132.9
3,132.9
3,132.9
4,132.9
4,132.9
5,132.9
5,132.9
6,132.9
6,132.9
0,132.9
0,132.9
1,132.9
1,132.9
2,132.9
2,132.9
3,132.9
3,132.9
4,132.9
4,132.9
5,132.9
5,132.9
6,132.9
6,132.9
0,132.9
0,132.9
1,132.9
1,132.9
2,132.9
2,132.9
3,132.9
3,132.9
4,132.9
4,132.9
5,132.9
5,132.9
6,132.9
6,132.9
0,132.9
0,132.9
1,132.9
1,132.9
2,132.9
2,132.9
3,132.9
3,132.9
4,132.9
4,132.9
5,132.9
5,132.9
6,132.9
6,132.9
0,132.9
0,132.9
1,132.9
1,132.9
2,132.9
2,132.9
3,132.9
3,132.9
4,132.9
4,132.9
5,132.9
5,132.9
6,132.9
6,132.9
0,132.9
0,132.9
1,132.9
1,132.9
2,132.9
2,132.9
3,132.9
3,146.9
4,146.9
4,146.9
5,146.9
5,146.9
6,146.9
6,146.9
0,146.9
0,146.9
1,146.9
1,146.9
2,146.9
2,146.9
3,146.95
3,146.95
4,146.95
4,146.95
5,146.95
5,146.95
6,146.95
6,146.95
0,146.95
0,146.95
1,148.9
1,148.9
2,148.9
2,148.9
3,148.9
3,148.9
4,148.9
4,148.9
5,146.9
5,146.9
6,146.9
6,146.9
0,146.9
0,146.9
1,146.9
1,146.9
2,146.9
2,146.9
3,146.9
3,146.9
4,146.9
4,146.9
5,146.9
5,146.9
6,146.9
6,146.9
0,146.9
0,146.9
1,146.9
1,146.9
2,146.9
2,146.9
3,146.9
3,146.9
4,146.9
4,146.9
5,146.9
5,146.9
6,146.9
6,146.9
0,146.9
0,146.9
1,146.9
1,146.9
2,146.9
2,146.9
3,146.9
3,146.9
4,146.9
4,146.9
5,146.9
5,146.9
6,146.9
6,146.9
0,146.9
0,165.9
1,165.9
1,165.9
2,165.9
2,163.9
3,163.9
3,163.9
4,163.9
4,163.9
5,163.9
5,163.9
6,163.9
6,163.9
0,163.9
0,163.9
1,160.9
1,160.23333333333335
2,160.23333333333335
2,160.23333333333335
3,160.9
3,160.9
4,160.9
4,160.9
5,160.9
5,160.9
6,160.9
6,160.9
0,160.85000000000002
0,160.85000000000002
1,160.85000000000002
1,160.85000000000002
2,160.85000000000002
2,160.85000000000002
3,160.85000000000002
3,160.85000000000002
4,160.85000000000002
4,160.95
5,160.95
5,160.95
6,160.95
6,160.95
0,160.95
0,160.95
1,160.95
1,160.95
2,157.9
2,157.9
3,157.9
3,157.9
4,157.9
4,157.9
5,157.9
5,157.9
6,157.9
6,157.9
0,157.9
0,157.9
1,157.9
1,157.9
2,157.9
2,157.9
3,157.9
3,157.9
4,157.9
4,157.9
5,157.9
5,157.9
6,157.9
6,157.9
0,157.9
0,157.9
1,157.9
1,157.9
2,157.9
2,157.9
3,157.9
3,157.9
4,157.9
4,157.9
5,157.9
5,157.9
6,157.9
6,157.9
0,157.9
0,157.9
1,157.9
1,157.9
2,157.9
2,157.9
3,157.9
3,157.9
4,157.9
4,157.9
5,157.9
5,157.9
6,157.9
6,157.9
0,157.9
0,157.9
1,157.9
1,157.9
2,157.9
2,157.9
3,157.9
3,156.5666666666667
4,156.5666666666667
4,156.5666666666667
5,156.5666666666667
5,156.5666666666667
6,156.5666666666667
6,156.5666666666667
0,156.5666666666667
0,156.5666666666667
1,156.5666666666667
1,156.5666666666667
2,156.5666666666667
2,156.5666666666667
3,156.5666666666667
3,156.5666666666667
4,156.5666666666667
4,156.5666666666667
5,156.5666666666667
5,156.5666666666667
6,156.5666666666667
6,154.5666666666667
0,154.5666666666667
0,154.5666666666667
1,154.5666666666667
1,154.5666666666667
2,154.5666666666667
2,154.5666666666667
3,154.5666666666667
3,154.5666666666667
4,154.5666666666667
4,154.5666666666667
5,154.5666666666667
5,154.5666666666667
6,154.5666666666667
6,154.5666666666667
0,154.5666666666667
0,154.5666666666667
1,154.5666666666667
1,154.5666666666667
2,154.5666666666667
2,154.5666666666667
3,154.5666666666667
3,154.5666666666667
4,154.5666666666667
4,154.5666666666667
5,152.9
5,151.9
6,151.9
6,151.9
0,151.9
0,151.9
1,151.9
1,151.9
2,151.9
2,151.9
3,151.9
3,151.9
4,151.9
4,151.9
5,151.9
5,151.9
6,151.9
6,151.9
0,151.9
0,151.9
1,151.9
1,151.9
2,151.9
2,151.9
3,151.9
3,151.9
4,151.9
4,151.9
5,151.9
5,151.9
6,151.9
6,151.9
0,151.9
0,151.9
1,151.9
1,151.9
2,151.9
2,151.9
3,151.9
3,151.23333333333335
4,151.23333333333335
4,151.23333333333335
5,151.23333333333335
5,151.23333333333335
6,151.23333333333335
6,151.23333333333335
0,151.23333333333335
0,151.23333333333335
1,151.23333333333335
1,151.23333333333335
2,151.23333333333335
2,151.23333333333335
3,151.23333333333335
3,151.23333333333335
4,151.23333333333335
4,151.23333333333335
5,151.23333333333335
5,151.23333333333335
6,151.23333333333335
6,151.23333333333335
0,151.23333333333335
0,151.23333333333335
1,151.4
1,151.9
2,151.9
2,151.23333333333335
3,151.23333333333335
3,151.23333333333335
4,151.23333333333335
4,151.23333333333335
5,151.23333333333335
5,151.23333333333335
6,151.23333333333335
6,151.23333333333335
0,151.23333333333335
0,151.23333333333335
1,151.23333333333335
1,151.23333333333335
2,151.23333333333335
2,151.23333333333335
3,151.23333333333335
3,151.23333333333335
4,151.23333333333335
4,151.23333333333335
5,151.23333333333335
5,151.23333333333335
6,151.23333333333335
6,151.23333333333335
0,151.23333333333335
0,151.23333333333335
1,151.23333333333335
1,151.23333333333335
2,151.23333333333335
2,151.23333333333335
3,151.23333333333335
3,151.23333333333335
4,151.23333333333335
4,151.23333333333335
5,151.23333333333335
5,151.23333333333335
6,151.23333333333335
6,151.23333333333335
0,151.23333333333335
0,151.23333333333335
1,151.23333333333335
1,151.23333333333335
2,151.23333333333335
2,151.23333333333335
3,151.23333333333335
3,151.23333333333335
4,151.23333333333335
4,151.23333333333335
5,151.23333333333335
5,151.23333333333335
6,151.23333333333335
6,151.23333333333335
0,151.23333333333335
0,151.23333333333335
1,151.23333333333335
1,151.23333333333335
2,151.23333333333335
2,151.23333333333335
3,151.23333333333335
3,151.23333333333335
4,151.23333333333335
4,151.23333333333335
5,151.23333333333335
5,151.23333333333335
6,151.23333333333335
6,151.23333333333335
0,151.23333333333335
0,151.23333333333335
1,151.23333333333335
1,151.23333333333335
2,151.23333333333335
2,151.23333333333335
3,152.9
3,152.9
4,152.9
4,150.43333333333334
5,150.43333333333334
5,150.43333333333334
6,150.43333333333334
6,150.43333333333334
0,150.43333333333334
0,150.43333333333334
1,150.43333333333334
1,150.43333333333334
2,150.43333333333334
2,150.43333333333334
3,150.43333333333334
3,150.43333333333334
4,150.43333333333334
4,150.43333333333334
5,150.43333333333334
5,150.43333333333334
6,150.43333333333334
6,150.43333333333334
0,150.43333333333334
0,150.43333333333334
1,150.43333333333334
1,150.43333333333334
2,150.43333333333334
2,150.43333333333334
3,150.43333333333334
3,150.43333333333334
4,146.83333333333334
4,146.83333333333334
5,146.83333333333334
5,146.83333333333334
6,146.83333333333334
6,146.83333333333334
0,146.83333333333334
0,146.83333333333334
1,146.83333333333334
1,146.83333333333334
2,146.83333333333334
2,146.83333333333334
3,146.83333333333334
3,146.83333333333334
4,146.83333333333334
4,146.4
5,146.4
5,145.23333333333335
6,145.23333333333335
6,145.23333333333335
0,145.23333333333335
0,145.23333333333335
1,145.23333333333335
1,144.95
2,144.95
2,144.95
3,144.95
3,144.95
4,144.95
4,144.95
5,144.95
5,144.95
6,144.95
6,144.95
0,144.95
0,144.95
1,144.95
1,144.95
2,144.95
2,144.95
3,144.95
3,144.95
4,144.95
4,144.95
5,144.95
5,144.95
6,144.95
6,144.95
0,144.95
0,144.95
1,144.95
1,144.95
2,144.95
2,144.95
3,144.95
3,144.95
4,144.95
4,144.95
5,144.95
5,144.95
6,144.95
6,144.95
0,144.95
0,144.95
1,144.95
1,144.95
2,144.95
2,144.95
3,144.95
3,144.95
4,144.95
4,144.95
5,144.95
5,144.95
6,144.9
6,144.9
0,144.9
0,144.9
1,144.9
1,144.9
2,144.9
2,144.9
3,144.9
3,144.9
4,144.9
4,144.9
5,144.9
5,144.9
6,144.9
6,144.9
0,144.9
0,144.9
1,144.9
1,144.9
2,144.9
2,144.9
3,144.9
3,144.9
4,144.9
4,144.9
5,144.9
5,144.9
6,144.9
6,144.9
0,144.9
0,144.9
1,144.9
1,144.9
2,144.9
2,144.9
3,144.9
3,144.9
4,144.9
4,144.9
5,144.9
5,144.9
6,144.9
6,144.5
0,144.5
0,144.5
1,144.5
1,144.5
2,144.5
2,144.5
3,144.5
3,144.5
4,144.5
4,144.5
5,144.5
5,144.5
6,144.5
6,144.5
0,144.5
0,144.5
1,144.5
1,144.5
2,144.5
2,144.5
3,144.5
3,144.5
4,144.5
4,144.5
5,144.5
5,144.5
6,144.5
6,144.5
0,144.5
0,143.5
1,143.5
1,143.5
2,143.5
2,143.5
3,143.5
3,143.5
4,143.5
4,143.5
5,143.5
5,143.5
6,143.5
6,143.5
0,143.5
0,144.8
1,144.8
1,145.2
2,146.55
2,146.55
3,149.0
3,149.0
4,149.4
4,149.4
5,149.4
5,149.4
6,149.4
6,149.4
0,149.4
0,149.4
1,149.4
1,149.4
2,149.4
2,149.4
3,149.4
3,149.4
4,149.4
4,149.4
5,149.4
5,149.4
6,149.4
6,149.4
0,146.1
0,146.1
1,146.1
1,145.8
2,150.2
2,150.2
3,150.2
3,150.2
4,150.2
4,150.2
5,151.4
5,151.4
6,151.4
6,151.4
0,151.4
0,151.4
1,151.4
1,151.4
2,146.1
2,147.9
3,147.9
3,147.9
4,147.9
4,147.9
5,147.9
5,147.9
6,147.9
6,147.9
0,147.9
0,147.9
1,147.9
1,147.9
2,147.9
2,147.9
3,147.9
3,147.9
4,147.9
4,145.75
5,145.75
5,145.75
6,145.75
6,145.75
0,144.8
0,144.8
1,144.8
1,144.8
2,144.8
2,145.3
3,145.3
3,145.3
4,145.3
4,145.3
5,145.3
5,145.3
6,145.3
6,145.3
0,145.3
0,145.85000000000002
1,145.85000000000002
1,145.85000000000002
2,145.85000000000002
2,145.85000000000002
3,145.85000000000002
3,145.85000000000002
4,145.85000000000002
4,145.85000000000002
5,145.85000000000002
5,145.85000000000002
6,145.85000000000002
6,145.85000000000002
0,145.85000000000002
0,145.85000000000002
1,145.85000000000002
1,145.85000000000002
2,145.85000000000002
2,145.85000000000002
3,152.35000000000002
3,152.35000000000002
4,152.7
4,152.7
5,152.7
5,152.7
6,152.7
6,152.7
0,152.7
0,152.7
1,152.7
1,152.7
2,152.7
2,152.7
3,152.7
3,152.7
4,152.7
4,152.7
5,152.7
5,152.7
6,152.7
6,152.7
0,152.7
0,152.7
1,152.7
1,152.7
2,152.7
2,150.1
3,150.1
3,150.1
4,150.1
4,150.1
5,150.1
5,150.1
6,150.1
6,150.1
0,150.1
0,150.1
1,150.1
1,150.1
2,150.1
2,150.1
3,150.1
3,150.1
4,150.1
4,150.1
5,150.1
5,150.1
6,150.1
6,150.1
0,150.1
0,150.1
1,150.1
1,153.23333333333335
2,153.23333333333335
2,153.23333333333335
3,153.23333333333335
3,155.9
4,155.9
4,155.9
5,155.9
5,155.9
6,155.9
6,155.9
0,155.9
0,155.9
1,155.9
1,155.9
2,155.9
2,155.9
3,155.9
3,155.9
4,155.9
4,155.9
5,155.9
5,155.9
6,155.9
6,155.9
0,155.9
0,155.9
1,155.9
1,155.9
2,155.9
2,155.9
3,155.9
3,155.9
4,155.9
4,155.9
5,155.9
5,155.9
6,155.9
6,155.9
0,155.9
0,155.9
1,155.9
1,155.9
2,155.9
2,155.9
3,155.9
3,155.9
4,155.9
4,155.9
5,155.9
5,155.9
6,155.9
6,155.9
0,155.9
0,155.9
1,155.9
1,155.9
2,155.9
2,155.9
3,155.9
3,163.23333333333335
4,163.23333333333335
4,163.23333333333335
5,163.23333333333335
5,163.23333333333335
6,163.23333333333335
6,163.23333333333335
0,163.23333333333335
0,163.23333333333335
1,161.4
1,155.9
2,155.9
2,155.9
3,155.9
3,155.9
4,156.9
4,157.9
5,157.9
5,157.9
6,157.9
6,157.9
0,157.9
0,157.9
1,157.9
1,157.9
2,157.9
2,157.9
3,157.9
3,157.9
4,157.9
4,157.9
5,157.9
5,157.9
6,157.9
6,157.9
0,158.9
0,158.9
1,158.9
1,158.9
2,158.4
2,157.9
3,157.9
3,157.9
4,157.9
4,157.9
5,157.9
5,157.9
6,157.9
6,157.9
0,157.9
0,157.9
1,157.9
1,157.9
2,157.9
2,157.9
3,157.9
3,157.9
4,157.9
4,157.9
5,157.9
5,157.9
6,157.9
6,157.9
0,157.9
0,157.9
1,157.9
1,157.9
2,157.9
2,157.9
3,157.9
3,157.9
4,157.9
4,157.9
5,157.9
5,157.9
6,157.9
6,157.9
0,157.9
0,157.9
1,157.9
1,157.9
2,157.9
2,157.9
3,157.9
3,157.9
4,157.9
4,157.9
5,157.9
5,157.9
6,157.9
6,157.9
0,157.9
0,157.9
1,157.9
1,157.9
2,157.9
2,157.9
3,157.9
3,157.9
4,157.9
4,157.9
5,157.9
5,157.9
6,157.9
6,157.9
0,157.9
0,157.9
1,157.9
1,157.9
2,157.9
2,157.9
3,157.9
3,157.9
4,157.9
4,157.9
5,157.9
5,157.9
6,157.9
6,157.9
0,157.9
0,157.9
1,157.9
1,157.9
2,157.9
2,157.9
3,157.9
3,157.9
4,157.9
4,157.9
5,157.9
5,157.9
6,157.9
6,157.9
0,157.9
0,157.9
1,157.9
1,157.9
2,157.9
2,157.9
3,157.9
3,157.9
4,157.9
4,157.9
5,157.9
5,157.9
6,157.9
6,157.9
0,157.9
0,157.9
1,157.9
1,157.9
2,157.9
2,157.9
3,157.9
3,157.9
4,157.9
4,157.9
5,157.9
5,157.9
6,157.9
6,157.9
0,157.9
0,157.9
1,157.9
1,157.9
2,157.9
2,157.9
3,157.9
3,157.9
4,157.9
4,157.9
5,157.9
5,157.9
6,157.9
6,157.9
0,157.9
0,157.9
1,157.9
1,157.9
2,157.9
2,157.9
3,157.9
3,157.9
4,157.9
4,157.9
5,157.9
5,157.9
6,157.9
6,157.9
0,157.9
0,158.5666666666667
1,158.5666666666667
1,158.5666666666667
2,158.5666666666667
2,158.5666666666667
3,158.5666666666667
3,158.5666666666667
4,158.5666666666667
4,158.5666666666667
5,158.5666666666667
5,158.5666666666667
6,158.5666666666667
6,158.5666666666667
0,158.5666666666667
0,158.5666666666667
1,160.23333333333335
1,160.23333333333335
2,160.23333333333335
2,160.23333333333335
3,160.23333333333335
3,160.23333333333335
4,160.23333333333335
4,160.23333333333335
5,160.23333333333335
5,160.23333333333335
6,160.23333333333335
6,160.23333333333335
0,162.23333333333335
0,162.23333333333335
1,162.23333333333335
1,162.23333333333335
2,162.23333333333335
2,165.5666666666667
3,165.5666666666667
3,165.5666666666667
4,165.5666666666667
4,168.23333333333335
5,168.23333333333335
5,168.23333333333335
6,168.23333333333335
6,168.23333333333335
0,168.23333333333335
0,168.23333333333335
1,168.23333333333335
1,168.23333333333335
2,168.23333333333335
2,168.23333333333335
3,168.23333333333335
3,168.23333333333335
4,168.23333333333335
4,168.23333333333335
5,168.23333333333335
5,168.23333333333335
6,168.23333333333335
6,168.23333333333335
0,168.23333333333335
0,168.23333333333335
1,168.23333333333335
1,168.23333333333335
2,168.23333333333335
2,168.23333333333335
3,168.23333333333335
3,168.23333333333335
4,168.23333333333335
4,168.23333333333335
5,168.23333333333335
5,168.23333333333335
6,168.23333333333335
6,168.23333333333335
