0,0
0,135.95
1,135.95
1,135.95
2,135.95
2,135.95
3,135.95
3,135.95
4,135.95
4,135.95
5,135.95
5,135.95
6,135.95
6,135.95
0,135.95
0,135.95
1,135.95
1,135.95
2,135.95
2,135.95
3,135.95
3,135.95
4,135.95
4,135.95
5,135.95
5,135.95
6,135.95
6,135.95
0,135.95
0,135.95
1,135.95
1,135.95
2,135.95
2,135.95
3,135.95
3,135.95
4,135.95
4,135.95
5,135.95
5,135.95
6,135.95
6,135.95
0,135.95
0,135.95
1,135.95
1,135.95
2,135.95
2,135.95
3,135.95
3,135.95
4,134.9
4,134.9
5,134.9
5,134.9
6,134.9
6,134.9
0,134.9
0,134.9
1,134.9
1,134.9
2,134.9
2,134.9
3,134.9
3,134.9
4,134.9
4,134.9
5,134.9
5,134.9
6,134.9
6,134.9
0,134.9
0,134.9
1,134.9
1,134.9
2,134.9
2,134.9
3,134.9
3,134.9
4,134.9
4,134.9
5,133.3
5,133.3
6,133.3
6,133.3
0,133.3
0,133.3
1,133.3
1,133.3
2,133.3
2,133.3
3,133.3
3,133.3
4,133.3
4,131.9
5,131.9
5,131.9
6,131.9
6,131.9
0,131.9
0,131.9
1,131.9
1,131.9
2,130.9
2,130.9
3,129.9
3,129.9
4,129.9
4,129.9
5,129.9
5,129.9
6,129.9
6,129.9
0,129.9
0,129.9
1,129.9
1,129.9
2,128.9
2,128.9
3,128.9
3,128.9
4,128.9
4,128.9
5,128.9
5,128.9
6,128.9
6,128.9
0,128.9
0,128.9
1,128.9
1,128.9
2,128.9
2,128.9
3,128.9
3,128.9
4,128.9
4,128.9
5,128.9
5,128.9
6,128.9
6,128.9
0,128.9
0,128.9
1,128.9
1,128.9
2,128.9
2,128.9
3,128.9
3,128.9
4,128.9
4,128.9
5,128.9
5,128.9
6,128.9
6,128.9
0,128.9
0,128.9
1,128.9
1,128.9
2,128.9
2,128.9
3,128.9
3,128.9
4,128.9
4,128.9
5,128.9
5,128.9
6,128.9
6,128.9
0,128.9
0,128.9
1,128.9
1,128.9
2,128.9
2,128.9
3,128.9
3,128.9
4,128.9
4,128.9
5,128.9
5,128.9
6,128.9
6,128.9
0,128.9
0,128.9
1,128.9
1,128.9
2,128.9
2,128.9
3,128.9
3,128.9
4,128.9
4,128.9
5,128.9
5,128.9
6,128.9
6,128.9
0,128.9
0,128.9
1,128.9
1,128.9
2,128.9
2,128.9
3,128.9
3,128.9
4,128.9
4,128.9
5,128.9
5,128.9
6,128.9
6,128.9
0,128.9
0,128.9
1,128.9
1,128.9
2,128.9
2,128.9
3,128.9
3,128.9
4,128.9
4,128.9
5,128.9
5,128.9
6,128.9
6,128.9
0,128.9
0,128.9
1,128.9
1,128.9
2,128.9
2,128.9
3,128.9
3,128.9
4,128.9
4,128.9
5,128.9
5,128.9
6,128.9
6,128.9
0,128.9
0,128.9
1,128.9
1,128.9
2,128.9
2,128.9
3,128.9
3,128.9
4,128.9
4,128.9
5,128.9
5,154.14999999999998
6,154.14999999999998
6,154.14999999999998
0,154.14999999999998
0,153.96666666666667
1,153.96666666666667
1,153.96666666666667
2,153.96666666666667
2,153.96666666666667
3,153.96666666666667
3,153.8
4,153.8
4,153.8
5,153.8
5,153.8
6,153.8
6,153.8
0,153.8
0,153.8
1,153.8
1,153.8
2,153.8
2,153.8
3,153.8
3,153.8
4,153.8
4,153.8
5,153.46
5,153.46
6,151.9
6,151.9
0,151.9
0,151.23333333333335
1,151.23333333333335
1,151.23333333333335
2,151.23333333333335
2,151.23333333333335
3,151.23333333333335
3,151.23333333333335
4,151.23333333333335
4,150.5
5,150.5
5,150.5
6,150.5
6,150.55
0,150.55
0,150.55
1,150.55
1,150.55
2,150.55
2,150.55
3,150.55
3,150.55
4,150.55
4,150.3
5,150.3
5,150.3
6,150.3
6,150.2
0,149.9
0,149.9
1,149.7
1,149.7
2,149.7
2,149.44
3,149.44
3,149.44
4,149.44
4,149.05
5,148.95
5,148.95
6,148.95
6,148.95
0,148.95
0,165.9333333333333
1,165.9333333333333
1,165.9333333333333
2,165.9333333333333
2,165.7
3,165.7
3,165.7
4,158.9
4,158.9
5,158.9
5,158.9
6,158.9
6,158.9
0,158.9
0,158.9
1,158.9
1,158.9
2,158.9
2,158.76666666666668
3,158.76666666666668
3,158.5
4,158.5
4,158.5
5,158.5
5,158.5
6,158.5
6,158.5
0,158.5
0,158.375
1,158.375
1,158.375
2,158.375
2,158.375
3,158.375
3,158.375
4,158.375
4,158.375
5,158.375
5,158.375
6,158.375
6,158.375
0,157.9
0,157.9
1,157.9
1,157.9
2,157.9
2,157.9
3,157.9
3,157.9
4,157.9
4,157.9
5,157.9
5,157.9
6,157.9
6,157.9
0,157.9
0,157.9
1,157.9
1,157.63333333333333
2,157.63333333333333
2,157.63333333333333
3,157.63333333333333
3,157.63333333333333
4,157.63333333333333
4,157.3
5,157.03333333333333
5,157.03333333333333
6,157.03333333333333
6,156.7
0,156.7
0,156.4
1,156.4
1,156.4
2,156.4
2,156.4
3,156.4
3,155.9
4,155.9
4,155.9
5,155.9
5,155.9
6,155.9
6,155.9
0,155.9
0,155.76666666666665
1,155.76666666666665
1,155.76666666666665
2,155.76666666666665
2,155.5
3,155.5
3,154.9
4,154.7
4,154.7
5,154.7
5,154.7
6,154.7
6,154.7
0,154.7
0,154.5666666666667
1,154.5666666666667
1,154.5666666666667
2,154.5666666666667
2,154.5666666666667
3,154.5666666666667
3,154.3
4,154.3
4,153.9
5,153.9
5,153.9
6,153.9
6,153.5
0,153.5
0,152.9
1,152.9
1,152.7
2,151.7
2,148.9
3,148.9
3,148.9
4,148.9
4,147.9
5,147.9
5,147.9
6,147.9
6,147.9
0,147.9
0,147.9
1,147.9
1,146.9
2,146.9
2,144.9
3,144.9
3,142.9
4,142.9
4,141.5666666666667
5,141.5666666666667
5,140.4
6,140.4
6,140.4
0,140.4
0,139.9
1,139.9
1,139.9
2,138.9
2,138.9
3,138.9
3,138.9
4,138.9
4,138.9
5,138.9
5,138.9
6,138.9
6,138.9
0,138.9
0,136.9
1,136.9
1,136.9
2,136.9
2,136.9
3,136.9
3,136.9
4,136.9
4,134.9
5,133.5666666666667
5,133.5666666666667
6,133.5666666666667
6,133.5666666666667
0,133.5666666666667
0,133.5666666666667
1,133.5666666666667
1,133.5666666666667
2,133.5666666666667
2,133.5666666666667
3,133.5666666666667
3,133.5666666666667
4,133.5666666666667
4,133.5666666666667
5,133.5666666666667
5,133.5666666666667
6,133.5666666666667
6,133.5666666666667
0,133.5666666666667
0,133.5666666666667
1,133.5666666666667
1,133.5666666666667
2,133.5666666666667
2,133.5666666666667
3,133.5666666666667
3,133.5666666666667
4,133.5666666666667
4,133.5666666666667
5,133.5666666666667
5,133.5666666666667
6,133.5666666666667
6,133.5666666666667
0,133.5666666666667
0,133.5666666666667
1,133.5666666666667
1,133.5666666666667
2,133.5666666666667
2,133.5666666666667
3,133.5666666666667
3,133.5666666666667
4,133.5666666666667
4,133.5666666666667
5,133.5666666666667
5,133.5666666666667
6,133.5666666666667
6,133.5666666666667
0,133.5666666666667
0,133.5666666666667
1,150.9
1,150.9
2,150.9
2,140.7
3,146.9
3,145.9
4,145.9
4,144.9
5,144.9
5,144.9
6,144.9
6,144.9
0,144.9
0,144.9
1,144.9
1,144.9
2,144.9
2,144.9
3,144.9
3,144.9
4,144.9
4,144.9
5,144.9
5,144.9
6,144.9
6,144.9
0,144.9
0,144.9
1,144.9
1,144.9
2,144.9
2,144.9
3,144.9
3,143.9
4,143.9
4,143.9
5,143.9
5,143.9
6,143.9
6,143.9
0,143.9
0,143.9
1,143.9
1,143.9
2,143.9
2,143.9
3,143.9
3,143.9
4,143.9
4,143.9
5,143.9
5,143.9
6,143.9
6,143.9
0,143.9
0,143.9
1,143.9
1,143.9
2,143.9
2,143.9
3,143.9
3,143.9
4,143.9
4,143.9
5,143.9
5,143.9
6,143.9
6,143.9
0,143.9
0,143.9
1,143.9
1,143.9
2,143.9
2,143.9
3,143.9
3,143.9
4,143.9
4,143.9
5,143.9
5,143.9
6,143.9
6,143.9
0,143.9
0,143.9
1,143.9
1,143.9
2,143.9
2,143.9
3,143.9
3,143.9
4,143.9
4,143.9
5,143.9
5,143.9
6,143.9
6,143.9
0,143.9
0,143.9
1,143.9
1,143.9
2,143.9
2,143.9
3,143.9
3,143.9
4,143.9
4,143.9
5,143.9
5,143.9
6,143.9
6,143.9
0,143.9
0,143.9
1,143.8
1,143.8
2,143.8
2,143.8
3,143.8
3,143.8
4,143.8
4,143.6
5,143.6
5,143.6
6,143.6
6,143.6
0,143.6
0,143.6
1,143.6
1,143.6
2,143.6
2,143.6
3,143.6
3,143.6
4,143.6
4,143.53333333333333
5,143.53333333333333
5,143.53333333333333
6,143.53333333333333
6,143.53333333333333
0,143.53333333333333
0,143.53333333333333
1,143.53333333333333
1,143.53333333333333
2,143.53333333333333
2,143.53333333333333
3,143.53333333333333
3,143.2
4,143.2
4,143.2
5,143.2
5,143.2
6,143.2
6,143.2
0,143.2
0,143.2
1,143.2
1,143.2
2,143.2
2,143.2
3,143.2
3,143.2
4,143.2
4,143.2
5,143.2
5,143.2
6,143.2
6,143.2
0,143.2
0,143.2
1,143.2
1,143.2
2,143.2
2,142.2
3,142.2
3,142.2
4,142.2
4,142.2
5,142.2
5,142.2
6,142.2
6,142.2
0,142.2
0,142.2
1,142.2
1,142.2
2,142.2
2,142.2
3,142.2
3,142.2
4,142.2
4,142.2
5,142.2
5,142.2
6,142.2
6,142.2
0,142.2
0,142.2
1,142.2
1,142.2
2,142.2
2,142.0
3,142.0
3,142.0
4,142.0
4,142.0
5,142.0
5,142.0
6,142.0
6,142.0
0,142.0
0,142.0
1,142.0
1,142.0
2,142.0
2,141.8
3,141.8
3,141.8
4,141.8
4,141.8
5,141.8
5,141.8
6,141.8
6,141.8
0,141.8
0,141.8
1,141.8
1,141.8
2,141.8
2,141.8
3,141.8
3,141.8
4,141.8
4,141.8
5,141.8
5,141.8
6,141.8
6,141.8
0,141.8
0,141.8
1,141.8
1,141.8
2,138.9
2,138.9
3,138.9
3,138.9
4,138.9
4,138.9
5,138.9
5,138.9
6,138.9
6,138.9
0,138.9
0,138.9
1,138.9
1,138.9
2,138.9
2,138.9
3,138.9
3,138.9
4,138.9
4,138.9
5,138.9
5,138.9
6,138.9
6,138.9
0,138.9
0,138.9
1,138.9
1,138.9
2,144.9
2,144.9
3,150.9
3,150.9
4,150.9
4,150.9
5,150.9
5,150.9
6,150.9
6,150.9
0,150.9
0,150.9
1,150.9
1,150.9
2,150.9
2,139.9
3,139.9
3,139.9
4,139.9
4,139.9
5,139.9
5,139.9
6,139.9
6,139.9
0,139.4
0,139.4
1,139.4
1,139.4
2,148.9
2,148.9
3,148.9
3,148.9
4,148.9
4,138.9
5,138.9
5,138.9
6,137.9
6,137.9
0,137.9
0,136.9
1,136.9
1,136.9
2,136.9
2,136.9
3,136.9
3,136.9
4,136.9
4,136.9
5,136.9
5,136.9
6,136.9
6,136.9
0,136.9
0,136.9
1,136.9
1,136.9
2,136.9
2,136.9
3,136.9
3,136.9
4,136.9
4,136.9
5,136.9
5,136.9
6,136.9
6,136.9
0,136.9
0,136.9
1,136.9
1,136.9
2,136.9
2,136.9
3,136.9
3,136.9
4,136.9
4,136.9
5,136.9
5,136.9
6,136.9
6,136.9
0,136.9
0,136.8
1,136.8
1,136.8
2,136.8
2,136.8
3,136.8
3,136.8
4,136.8
4,136.8
5,136.8
5,163.9
6,158.9
6,158.9
0,158.9
0,158.9
1,158.9
1,158.9
2,158.9
2,157.9
3,157.9
3,157.9
4,157.9
4,158.9
5,158.9
5,158.9
6,158.9
6,158.9
0,158.9
0,158.9
1,158.9
1,158.9
2,157.9
2,157.9
3,157.9
3,157.9
4,157.9
4,157.9
5,157.9
5,157.9
6,157.9
6,157.9
0,157.9
0,157.9
1,157.9
1,157.9
2,157.9
2,157.9
3,157.9
3,157.9
4,157.9
4,157.9
5,157.9
5,157.9
6,157.9
6,157.9
0,157.9
0,157.9
1,157.9
1,157.9
2,157.9
2,157.9
3,157.9
3,157.9
4,157.9
4,157.9
5,157.9
5,157.9
6,157.9
6,157.9
0,157.9
0,157.9
1,157.9
1,157.9
2,157.9
2,157.9
3,157.9
3,157.9
4,157.9
4,157.9
5,157.9
5,157.9
6,157.9
6,157.9
0,157.9
0,157.9
1,157.9
1,157.9
2,157.9
2,157.9
3,157.9
3,157.9
4,157.9
4,156.9
5,156.9
5,156.9
6,156.9
6,156.9
0,156.9
0,156.9
1,156.9
1,156.9
2,156.9
2,156.9
3,156.9
3,168.9
4,168.9
4,168.9
5,168.9
5,168.9
6,168.9
6,168.9
0,168.9
0,168.9
1,168.9
1,166.9
2,166.9
2,166.9
3,166.9
3,166.9
4,166.9
4,166.9
5,166.9
5,166.9
6,166.9
6,166.9
0,166.9
0,165.9
1,164.9
1,164.9
2,164.9
2,163.9
3,163.9
3,163.9
4,163.9
4,163.9
5,163.9
5,163.9
6,163.9
6,163.9
0,163.9
0,163.9
1,163.9
1,163.9
2,163.9
2,163.9
3,163.9
3,163.9
4,163.9
4,163.9
5,163.9
5,163.9
6,163.9
6,163.9
0,163.9
0,163.9
1,163.9
1,163.9
2,163.9
2,163.9
3,163.9
3,163.9
4,163.9
4,163.9
5,163.9
5,163.9
6,163.9
6,163.9
0,163.9
0,163.9
1,163.9
1,163.9
2,163.9
2,163.9
3,163.9
3,163.9
4,163.9
4,163.9
5,163.9
5,163.9
6,163.9
6,163.9
0,163.9
0,163.9
1,162.9
1,162.9
2,162.9
2,162.9
3,162.9
3,162.8
4,162.8
4,162.8
5,162.8
5,162.8
6,162.8
6,162.8
0,162.8
0,162.8
1,162.8
1,162.8
2,162.8
2,162.8
3,162.13333333333335
3,160.9
4,160.9
4,160.9
5,160.9
5,160.9
6,160.9
6,160.9
0,160.9
0,160.9
1,159.9
1,159.9
2,159.9
2,159.9
3,159.8
3,159.7
4,159.7
4,159.7
5,159.7
5,159.7
6,159.7
6,159.7
0,159.56666666666666
0,159.56666666666666
1,159.56666666666666
1,158.9
2,158.9
2,157.9
3,157.9
3,156.9
4,156.9
4,156.9
5,156.9
5,156.9
6,156.9
6,156.9
0,156.9
0,156.63333333333333
1,156.63333333333333
1,156.63333333333333
2,156.63333333333333
2,156.63333333333333
3,156.63333333333333
3,156.63333333333333
4,156.63333333333333
4,156.63333333333333
5,156.63333333333333
5,156.63333333333333
6,168.9
6,168.9
0,165.06
0,156.3
1,154.3
1,154.3
2,154.3
2,154.3
3,154.3
3,154.3
4,154.3
4,152.9
5,151.9
5,151.9
6,151.9
6,151.9
0,151.9
0,151.9
1,151.9
1,151.9
2,151.9
2,151.9
3,151.9
3,151.9
4,151.9
4,151.50000000000003
5,151.50000000000003
5,151.50000000000003
6,151.50000000000003
6,151.50000000000003
0,151.50000000000003
0,151.50000000000003
1,151.50000000000003
1,151.50000000000003
2,151.50000000000003
2,151.50000000000003
3,151.50000000000003
3,151.50000000000003
4,151.50000000000003
4,151.50000000000003
5,151.50000000000003
5,151.50000000000003
6,151.50000000000003
6,151.50000000000003
0,151.50000000000003
0,151.50000000000003
1,151.50000000000003
1,151.50000000000003
2,151.50000000000003
2,151.50000000000003
3,151.50000000000003
3,151.50000000000003
4,151.50000000000003
4,151.50000000000003
5,151.50000000000003
5,151.50000000000003
6,151.50000000000003
6,151.50000000000003
0,151.50000000000003
0,151.50000000000003
1,151.50000000000003
1,151.50000000000003
2,151.50000000000003
2,151.23333333333332
3,151.23333333333332
3,151.23333333333332
4,151.23333333333332
4,151.23333333333332
5,151.23333333333332
5,151.23333333333332
6,151.23333333333332
6,151.23333333333332
0,151.23333333333332
0,154.9
1,154.9
1,154.9
2,154.9
2,154.9
3,151.2
3,151.2
4,151.2
4,151.2
5,151.2
5,151.2
6,151.2
6,151.2
0,151.2
0,151.2
1,156.33333333333334
1,156.33333333333334
2,156.33333333333334
2,156.33333333333334
3,156.33333333333334
3,156.33333333333334
4,156.33333333333334
4,156.33333333333334
5,156.33333333333334
5,156.33333333333334
6,156.33333333333334
6,156.33333333333334
0,161.9
0,161.9
1,161.9
1,170.9
2,170.9
2,170.9
3,170.9
3,170.9
4,170.9
4,170.9
5,170.9
5,170.9
6,170.9
6,170.9
0,170.9
0,170.9
1,170.4
1,170.4
2,170.4
2,170.4
3,170.4
3,170.4
4,170.4
4,170.4
5,170.4
5,170.4
6,170.4
6,168.9
0,168.9
0,168.9
1,168.9
1,168.9
2,168.9
2,168.9
3,168.9
3,168.9
4,168.9
4,168.9
5,168.9
5,168.9
6,168.9
6,168.9
