0,0
0,0
1,0
1,0
2,132.0
2,131.9
3,131.85000000000002
3,131.85000000000002
4,131.85000000000002
4,131.85000000000002
5,131.85000000000002
5,131.85000000000002
6,131.8
6,131.9
0,131.9
0,131.9
1,131.9
1,131.9
2,131.8
2,131.9
3,131.9
3,131.9
4,131.9
4,131.9
5,131.9
5,131.9
6,131.9
6,131.9
0,130.9
0,130.9
1,130.9
1,130.9
2,130.9
2,130.9
3,130.9
3,130.9
4,130.9
4,130.9
5,130.9
5,130.9
6,130.9
6,130.9
0,130.9
0,130.9
1,129.5
1,129.5
2,129.5
2,129.5
3,129.5
3,129.5
4,129.5
4,129.5
5,129.5
5,129.5
6,129.5
6,129.5
0,129.5
0,129.5
1,129.5
1,129.5
2,129.5
2,129.5
3,129.5
3,129.5
4,129.5
4,129.5
5,129.55
5,129.6
6,129.5
6,129.5
0,129.5
0,129.5
1,129.5
1,129.55
2,129.55
2,129.55
3,129.55
3,129.55
4,129.55
4,129.55
5,129.55
5,129.55
6,129.55
6,129.55
0,129.55
0,129.55
1,129.55
1,129.55
2,129.55
2,129.55
3,129.55
3,129.55
4,129.55
4,129.55
5,129.45
5,129.45
6,129.45
6,129.45
0,129.45
0,129.45
1,129.45
1,129.45
2,129.45
2,129.45
3,129.2
3,129.5
4,129.4
4,129.5
5,129.5
5,129.5
6,129.5
6,129.5
0,129.5
0,129.5
1,129.5
1,129.5
2,129.5
2,129.5
3,129.5
3,129.5
4,129.55
4,129.55
5,129.55
5,129.55
6,129.55
6,129.55
0,129.55
0,129.55
1,129.55
1,129.55
2,129.55
2,129.55
3,129.55
3,129.55
4,129.55
4,129.55
5,129.55
5,129.55
6,129.55
6,129.55
0,129.55
0,129.55
1,129.55
1,129.55
2,129.55
2,129.55
3,129.55
3,129.55
4,129.55
4,129.55
5,129.55
5,129.55
6,129.55
6,129.55
0,129.55
0,129.55
1,129.55
1,129.55
2,129.55
2,129.55
3,129.55
3,129.55
4,129.55
4,129.55
5,129.55
5,129.55
6,129.55
6,129.55
0,129.55
0,129.55
1,129.55
1,129.55
2,129.55
2,129.55
3,129.55
3,129.55
4,129.55
4,129.55
5,129.55
5,129.55
6,129.55
6,129.55
0,129.55
0,129.55
1,129.55
1,129.55
2,129.55
2,129.55
3,129.55
3,129.55
4,129.55
4,129.55
5,129.55
5,129.55
6,129.55
6,129.55
0,129.55
0,129.55
1,129.55
1,129.55
2,129.55
2,129.55
3,129.55
3,129.55
4,129.55
4,129.55
5,129.55
5,129.55
6,129.55
6,129.55
0,129.55
0,129.55
1,129.55
1,129.55
2,129.55
2,129.55
3,129.55
3,129.55
4,129.55
4,129.55
5,129.55
5,129.55
6,129.55
6,129.55
0,129.55
0,129.55
1,129.55
1,129.55
2,129.55
2,129.55
3,129.55
3,129.55
4,129.55
4,129.55
5,129.55
5,129.55
6,129.55
6,129.55
0,129.55
0,129.55
1,129.55
1,129.55
2,129.55
2,129.55
3,146.9
3,146.9
4,146.9
4,146.9
5,146.95
5,146.95
6,146.95
6,146.95
0,146.85000000000002
0,146.85000000000002
1,146.85000000000002
1,146.85000000000002
2,146.85000000000002
2,146.85000000000002
3,146.85000000000002
3,146.85000000000002
4,146.85000000000002
4,146.85000000000002
5,146.85000000000002
5,147.0
6,147.0
6,147.0
0,147.0
0,146.95
1,146.95
1,146.95
2,146.95
2,146.95
3,146.95
3,152.4
4,152.4
4,149.9
5,150.0
5,149.9333333333333
6,149.9333333333333
6,149.9333333333333
0,149.9333333333333
0,146.9333333333333
1,146.9333333333333
1,146.9333333333333
2,146.9333333333333
2,146.9333333333333
3,146.9333333333333
3,146.9333333333333
4,146.9333333333333
4,145.9
5,145.9
5,145.9
6,145.9
6,145.9
0,145.9
0,145.9
1,145.9
1,145.9
2,145.9
2,145.9
3,145.9
3,145.9
4,145.9
4,145.9
5,145.9
5,145.9
6,145.9
6,145.9
0,145.9
0,145.9
1,145.9
1,145.9
2,145.9
2,145.9
3,145.95
3,145.95
4,145.95
4,145.95
5,145.95
5,145.95
6,145.95
6,145.95
0,145.95
0,159.23333333333335
1,165.95
1,165.95
2,165.95
2,153.9
3,153.9
3,153.9
4,153.9
4,153.9
5,153.9
5,153.95
6,153.95
6,153.95
0,153.95
0,153.95
1,153.95
1,153.95
2,153.95
2,153.95
3,153.95
3,153.95
4,153.95
4,153.95
5,153.95
5,153.95
6,153.95
6,153.95
0,153.95
0,153.95
1,158.9
1,158.9
2,158.9
2,148.9
3,148.9
3,148.9
4,148.9
4,148.9
5,148.9
5,148.9
6,148.9
6,148.85000000000002
0,148.85000000000002
0,145.9
1,145.9
1,145.9
2,144.9
2,145.0
3,145.0
3,145.0
4,142.9
4,142.9
5,142.9
5,142.9
6,142.9
6,142.9
0,142.9
0,142.9
1,142.9
1,142.9
2,142.9
2,144.95
3,144.95
3,144.95
4,144.95
4,144.95
5,144.95
5,144.95
6,144.95
6,144.95
0,144.95
0,144.95
1,144.95
1,144.95
2,144.95
2,144.95
3,144.95
3,144.95
4,144.95
4,144.95
5,144.95
5,144.95
6,144.95
6,144.95
0,144.95
0,144.95
1,144.95
1,144.95
2,144.95
2,144.95
3,144.95
3,144.95
4,144.95
4,144.95
5,144.95
5,144.95
6,144.95
6,144.95
0,144.95
0,144.95
1,144.95
1,144.95
2,144.95
2,144.95
3,144.95
3,144.95
4,144.95
4,144.95
5,144.95
5,144.95
6,144.95
6,144.95
0,144.95
0,144.95
1,144.95
1,144.95
2,144.95
2,144.95
3,144.95
3,144.95
4,144.95
4,144.95
5,144.95
5,144.95
6,144.95
6,144.95
0,144.95
0,144.95
1,144.95
1,144.95
2,144.95
2,144.95
3,144.95
3,144.95
4,144.95
4,144.95
5,144.95
5,144.95
6,144.3
6,144.3
0,144.3
0,144.3
1,144.3
1,144.3
2,144.3
2,144.3
3,144.3
3,144.3
4,144.3
4,144.3
5,144.3
5,144.3
6,144.3
6,144.3
0,144.3
0,142.9
1,142.9
1,142.9
2,142.9
2,141.7
3,141.7
3,139.7
4,139.7
4,139.7
5,139.7
5,139.7
6,139.7
6,139.7
0,138.9
0,138.9
1,138.9
1,138.9
2,138.9
2,138.9
3,138.9
3,138.9
4,138.9
4,138.9
5,138.9
5,138.9
6,138.9
6,138.9
0,137.7
0,137.7
1,137.7
1,137.7
2,137.7
2,137.7
3,137.7
3,137.7
4,137.7
4,137.7
5,137.7
5,137.7
6,137.7
6,137.7
0,137.7
0,137.7
1,137.7
1,137.7
2,137.7
2,137.7
3,137.7
3,137.7
4,137.7
4,137.7
5,137.7
5,137.7
6,137.7
6,137.7
0,137.7
0,137.7
1,137.7
1,137.7
2,137.7
2,137.7
3,137.7
3,137.7
4,137.7
4,137.7
5,137.7
5,137.7
6,137.7
6,137.7
0,137.7
0,137.7
1,137.7
1,137.7
2,137.7
2,137.7
3,137.7
3,137.7
4,137.7
4,137.7
5,137.7
5,137.7
6,137.7
6,137.7
0,137.7
0,137.7
1,137.7
1,137.7
2,137.7
2,137.7
3,137.7
3,137.7
4,137.7
4,137.7
5,137.7
5,137.7
6,137.7
6,137.7
0,137.7
0,137.7
1,137.7
1,137.7
2,137.7
2,137.7
3,137.7
3,137.7
4,137.7
4,137.7
5,137.7
5,137.7
6,137.7
6,137.7
0,137.7
0,136.9
1,136.9
1,136.9
2,136.9
2,136.9
3,136.9
3,136.9
4,136.9
4,136.9
5,136.9
5,136.9
6,136.9
6,136.9
0,136.9
0,136.9
1,136.9
1,136.9
2,136.9
2,136.9
3,136.9
3,136.9
4,136.9
4,136.9
5,136.9
5,136.9
6,136.9
6,136.9
0,136.9
0,136.9
1,136.9
1,136.9
2,136.9
2,136.9
3,136.9
3,136.9
4,136.9
4,136.9
5,136.9
5,136.9
6,136.9
6,136.9
0,136.9
0,136.9
1,136.9
1,136.9
2,136.9
2,136.9
3,136.9
3,136.9
4,136.9
4,136.9
5,136.9
5,136.9
6,136.9
6,136.9
0,136.9
0,136.9
1,136.9
1,136.9
2,136.9
2,136.9
3,136.9
3,136.9
4,136.9
4,136.9
5,136.9
5,136.9
6,136.9
6,136.9
0,136.9
0,136.9
1,136.9
1,136.9
2,136.9
2,136.9
3,136.9
3,136.9
4,136.9
4,136.9
5,136.9
5,136.9
6,136.9
6,136.9
0,136.9
0,136.9
1,136.9
1,136.9
2,136.9
2,136.9
3,136.9
3,136.9
4,136.9
4,136.9
5,136.9
5,136.9
6,136.9
6,134.7
0,134.7
0,134.7
1,134.7
1,134.7
2,134.7
2,134.7
3,134.7
3,134.7
4,134.7
4,134.7
5,134.7
5,134.7
6,134.7
6,134.7
0,134.7
0,134.7
1,134.7
1,134.7
2,134.7
2,134.7
3,134.7
3,134.7
4,134.7
4,134.7
5,134.7
5,134.7
6,134.7
6,134.7
0,134.7
0,134.7
1,134.7
1,134.7
2,134.7
2,134.7
3,134.7
3,134.7
4,134.7
4,134.7
5,134.7
5,134.7
6,134.7
6,134.7
0,134.7
0,134.7
1,134.7
1,134.7
2,134.7
2,134.7
3,134.7
3,134.7
4,134.7
4,134.7
5,134.7
5,134.7
6,134.7
6,134.7
0,134.7
0,134.7
1,134.7
1,134.7
2,134.7
2,134.7
3,134.7
3,134.7
4,134.7
4,134.7
5,134.7
5,134.7
6,134.7
6,134.7
0,134.7
0,134.7
1,134.7
1,134.7
2,134.7
2,134.7
3,134.7
3,134.7
4,134.7
4,134.7
5,134.7
5,134.7
6,134.7
6,134.7
0,134.7
0,134.7
1,134.7
1,134.7
2,134.7
2,134.7
3,134.7
3,134.7
4,134.7
4,134.7
5,134.7
5,134.7
6,134.7
6,134.7
0,134.7
0,134.7
1,134.7
1,134.7
2,134.7
2,134.7
3,134.7
3,134.7
4,134.7
4,134.7
5,134.7
5,134.7
6,134.7
6,134.7
0,134.7
0,134.7
1,134.7
1,134.7
2,134.7
2,134.7
3,134.7
3,134.7
4,134.7
4,134.7
5,134.7
5,134.7
6,134.7
6,134.7
0,134.7
0,134.7
1,134.7
1,134.7
2,134.7
2,134.7
3,134.7
3,134.7
4,134.7
4,134.7
5,134.7
5,134.7
6,134.7
6,134.7
0,134.7
0,136.7
1,136.7
1,136.7
2,136.7
2,136.7
3,136.7
3,136.7
4,136.7
4,136.7
5,136.7
5,136.7
6,136.7
6,136.7
0,136.7
0,136.7
1,136.7
1,136.7
2,136.7
2,136.7
3,136.7
3,139.9
4,139.9
4,139.9
5,139.9
5,139.9
6,139.9
6,139.9
0,139.9
0,139.9
1,139.9
1,136.7
2,136.7
2,136.7
3,136.7
3,136.7
4,136.7
4,136.7
5,136.7
5,136.7
6,136.7
6,136.7
0,136.7
0,136.7
1,136.7
1,136.7
2,136.7
2,136.7
3,136.7
3,136.7
4,136.7
4,136.7
5,136.7
5,136.7
6,136.7
6,136.7
0,136.7
0,136.7
1,136.7
1,136.7
2,136.7
2,136.7
3,136.7
3,136.7
4,136.7
4,136.7
5,136.7
5,136.7
6,136.7
6,136.7
0,136.7
0,136.7
1,136.7
1,158.9
2,158.9
2,158.9
3,158.9
3,158.9
4,158.9
4,158.9
5,158.9
5,158.9
6,158.9
6,158.9
0,158.9
0,158.9
1,158.9
1,158.9
2,158.23333333333335
2,158.23333333333335
3,158.23333333333335
3,158.23333333333335
4,158.23333333333335
4,158.23333333333335
5,158.23333333333335
5,158.23333333333335
6,158.23333333333335
6,158.23333333333335
0,158.23333333333335
0,158.23333333333335
1,158.23333333333335
1,158.23333333333335
2,158.23333333333335
2,158.23333333333335
3,158.23333333333335
3,158.23333333333335
4,158.23333333333335
4,158.23333333333335
5,158.23333333333335
5,158.23333333333335
6,158.23333333333335
6,158.23333333333335
0,158.23333333333335
0,158.23333333333335
1,158.23333333333335
1,158.23333333333335
2,158.23333333333335
2,158.23333333333335
3,158.23333333333335
3,158.23333333333335
4,158.23333333333335
4,158.23333333333335
5,158.23333333333335
5,158.23333333333335
6,158.23333333333335
6,158.23333333333335
0,158.23333333333335
0,158.23333333333335
1,158.23333333333335
1,158.23333333333335
2,158.23333333333335
2,158.23333333333335
3,158.23333333333335
3,158.23333333333335
4,158.23333333333335
4,155.5
5,155.5
5,155.5
6,155.5
6,155.5
0,155.5
0,155.5
1,155.5
1,155.5
2,155.5
2,155.5
3,155.5
3,155.5
4,155.5
4,155.5
5,155.5
5,155.5
6,155.5
6,155.5
0,155.5
0,155.5
1,155.5
1,155.5
2,155.5
2,155.5
3,155.5
3,155.5
4,155.5
4,155.5
5,155.5
5,155.5
6,155.5
6,155.5
0,155.5
0,155.5
1,155.5
1,160.9
2,160.9
2,160.9
3,160.9
3,160.9
4,160.9
4,160.9
5,160.9
5,160.9
6,160.9
6,160.9
0,160.9
0,160.9
1,160.9
1,160.9
2,160.9
2,160.9
3,160.9
3,160.9
4,160.9
4,160.9
5,160.9
5,160.9
6,160.9
6,160.9
0,160.9
0,160.9
1,160.9
1,160.9
2,160.9
2,160.9
3,160.9
3,160.9
4,160.9
4,160.9
5,160.9
5,160.9
6,160.9
6,160.9
0,160.9
0,160.9
1,160.9
1,160.9
2,160.9
2,160.9
3,160.9
3,160.9
4,160.9
4,160.9
5,160.9
5,160.9
6,160.9
6,160.9
0,158.9
0,158.9
1,158.9
1,158.9
2,158.9
2,158.9
3,158.9
3,158.9
4,158.9
4,158.9
5,158.9
5,158.9
6,158.9
6,158.9
0,158.9
0,158.9
1,158.9
1,158.9
2,158.9
2,158.9
3,158.9
3,158.9
4,158.9
4,158.9
5,158.9
5,158.9
6,158.9
6,158.9
0,158.9
0,158.9
1,158.9
1,158.9
2,158.9
2,158.9
3,158.9
3,158.9
4,158.9
4,158.9
5,158.9
5,158.9
6,158.9
6,158.9
0,158.9
0,158.9
1,158.9
1,158.9
2,158.9
2,158.9
3,158.9
3,158.9
4,158.9
4,158.9
5,158.9
5,158.9
6,158.9
6,158.9
0,158.9
0,158.9
1,158.9
1,158.9
2,158.9
2,158.9
3,158.9
3,158.9
4,158.9
4,158.9
5,158.9
5,158.9
6,158.9
6,158.9
0,158.9
0,158.9
1,158.9
1,158.9
2,158.9
2,158.9
3,158.9
3,158.9
4,158.9
4,158.9
5,158.9
5,158.9
6,158.9
6,158.9
0,158.9
0,158.9
1,158.9
1,158.9
2,158.9
2,158.9
3,158.9
3,158.9
4,158.9
4,158.9
5,158.9
5,158.9
6,158.9
6,158.9
0,158.9
0,158.9
1,158.9
1,158.9
2,158.9
2,158.9
3,158.9
3,158.9
4,158.9
4,158.9
5,158.9
5,158.9
6,158.9
6,158.9
0,158.9
0,158.9
1,158.9
1,158.9
2,158.9
2,158.9
3,158.9
3,158.9
4,158.9
4,158.9
5,158.9
5,158.9
6,158.9
6,158.9
0,158.9
0,154.9
1,154.9
1,154.9
2,154.9
2,154.9
3,154.9
3,154.9
4,154.9
4,154.9
5,154.9
5,154.9
6,154.9
6,154.9
0,154.9
0,154.9
1,154.9
1,154.9
2,154.9
2,154.9
3,154.9
3,154.9
4,154.9
4,154.9
5,154.9
5,154.9
6,154.9
6,154.9
0,154.9
0,154.9
1,154.9
1,154.9
2,154.9
2,154.9
3,154.9
3,154.9
4,154.9
4,154.9
5,154.9
5,154.9
6,154.9
6,154.9
0,154.9
0,154.9
1,158.9
1,158.9
2,158.9
2,158.9
3,158.9
3,158.9
4,158.9
4,158.9
5,158.9
5,158.9
6,158.9
6,158.9
0,158.9
0,158.9
1,158.9
1,158.9
2,158.9
2,168.9
3,168.9
3,168.9
4,168.9
4,168.9
5,168.9
5,168.9
6,168.9
6,168.9
0,168.9
0,168.9
1,168.9
1,168.9
2,168.9
2,168.9
3,168.9
3,168.9
4,168.9
4,168.9
5,168.9
5,168.9
6,168.9
6,168.9
0,168.9
0,168.9
1,168.9
1,168.9
2,168.9
2,168.9
3,168.9
3,168.9
4,168.9
4,168.9
5,168.9
5,168.9
6,168.9
6,168.9
