0,0
0,0
1,124.9
1,124.9
2,123.9
2,123.9
3,122.9
3,122.9
4,122.9
4,122.9
5,122.9
5,122.9
6,122.9
6,121.4
0,119.9
0,119.9
1,119.15
1,119.15
2,116.65
2,116.65
3,115.9
3,115.9
4,114.9
4,114.9
5,114.9
5,114.9
6,114.9
6,114.9
0,114.9
0,114.4
1,114.4
1,114.4
2,145.9
2,145.9
3,145.9
3,145.9
4,145.9
4,145.9
5,145.9
5,145.4
6,145.4
6,145.4
0,145.4
0,145.4
1,144.525
1,141.9
2,141.4
2,141.4
3,140.15
3,135.4
4,139.4
4,136.4
5,136.4
5,136.4
6,133.9
6,133.9
0,130.65
0,130.65
1,128.55
1,128.55
2,126.4
2,126.4
3,124.23333333333335
3,124.23333333333335
4,121.9
4,121.9
5,121.9
5,121.9
6,121.9
6,121.9
0,121.4
0,121.4
1,133.9
1,133.9
2,133.9
2,133.9
3,133.9
3,133.9
4,133.9
4,133.9
5,142.9
5,142.9
6,142.9
6,142.9
0,142.9
0,142.9
1,140.9
1,140.9
2,140.9
2,140.9
3,139.4
3,139.4
4,137.65
4,137.65
5,137.65
5,137.65
6,134.9
6,133.9
0,131.9
0,131.9
1,125.9
1,125.9
2,125.9
2,125.9
3,136.8
3,136.8
4,136.8
4,136.8
5,136.8
5,136.8
6,136.8
6,136.8
0,136.8
0,136.8
1,148.9
1,148.9
2,148.9
2,148.9
3,148.9
3,148.9
4,145.9
4,143.9
5,143.9
5,143.9
6,143.9
6,143.9
0,143.9
0,143.9
1,143.9
1,143.9
2,143.9
2,143.9
3,143.9
3,143.9
4,143.9
4,143.9
5,143.9
5,143.9
6,143.9
6,143.9
0,143.9
0,143.9
1,143.9
1,143.9
2,143.9
2,143.9
3,143.9
3,143.9
4,143.9
4,143.9
5,143.9
5,143.9
6,143.9
6,143.9
0,143.9
0,143.9
1,143.9
1,143.9
2,143.9
2,143.9
3,143.9
3,143.9
4,143.9
4,143.9
5,143.9
5,143.9
6,143.9
6,143.9
0,143.9
0,143.9
1,143.9
1,143.9
2,143.9
2,143.9
3,143.9
3,143.9
4,143.9
4,143.9
5,143.9
5,143.9
6,143.9
6,143.9
0,143.9
0,143.9
1,143.9
1,143.9
2,143.9
2,143.9
3,143.9
3,143.9
4,143.9
4,143.9
5,143.9
5,143.9
6,143.9
6,143.9
0,143.9
0,143.9
1,143.9
1,143.9
2,143.9
2,143.9
3,143.9
3,143.9
4,143.9
4,143.9
5,143.9
5,143.9
6,143.9
6,143.9
0,143.9
0,143.9
1,143.9
1,143.9
2,143.9
2,143.9
3,143.9
3,143.9
4,143.9
4,143.9
5,143.9
5,143.9
6,143.9
6,143.9
0,143.9
0,143.9
1,143.9
1,143.9
2,143.9
2,143.9
3,143.9
3,143.9
4,143.9
4,143.9
5,143.9
5,143.9
6,143.9
6,143.9
0,143.9
0,143.9
1,143.9
1,143.9
2,143.9
2,143.9
3,143.9
3,143.9
4,143.5666666666667
4,143.5666666666667
5,143.5666666666667
5,143.5666666666667
6,143.5666666666667
6,143.5666666666667
0,143.5666666666667
0,143.5666666666667
1,143.5666666666667
1,143.5666666666667
2,143.5666666666667
2,143.5666666666667
3,143.5666666666667
3,143.5666666666667
4,152.4
4,152.4
5,152.4
5,152.4
6,152.4
6,152.4
0,150.9
0,150.9
1,150.9
1,150.4
2,150.4
2,150.4
3,150.4
3,150.4
4,148.9
4,148.9
5,148.9
5,148.9
6,148.9
6,148.9
0,148.9
0,148.9
1,148.9
1,148.9
2,148.9
2,148.9
3,148.9
3,146.9
4,146.9
4,146.23333333333335
5,146.23333333333335
5,146.23333333333335
6,146.23333333333335
6,146.23333333333335
0,146.23333333333335
0,142.9
1,142.9
1,142.9
2,142.9
2,139.4
3,139.4
3,139.4
4,139.4
4,139.4
5,139.4
5,139.4
6,139.4
6,139.4
0,139.4
0,139.4
1,139.4
1,139.4
2,163.9
2,163.9
3,163.9
3,163.9
4,163.9
4,163.9
5,163.9
5,163.9
6,163.9
6,163.9
0,163.9
0,163.9
1,163.9
1,163.9
2,163.9
2,163.9
3,163.9
3,163.9
4,163.23333333333335
4,163.23333333333335
5,163.23333333333335
5,161.5666666666667
6,161.5666666666667
6,161.5666666666667
0,161.5666666666667
0,161.5666666666667
1,161.5666666666667
1,159.4
2,157.5666666666667
2,156.5666666666667
3,155.9
3,155.0
4,155.0
4,153.9
5,153.9
5,153.9
6,153.9
6,149.65
0,149.65
0,148.4
1,148.33333333333334
1,148.33333333333334
2,147.76000000000002
2,146.9
3,146.9
3,146.23333333333335
4,146.23333333333335
4,143.15
5,143.15
5,141.9
6,141.9
6,141.9
0,141.9
0,139.9
1,139.9
1,139.9
2,139.67499999999998
2,138.9
3,138.9
3,138.9
4,138.9
4,138.15
5,138.15
5,138.15
6,138.15
6,137.70000000000002
0,137.70000000000002
0,137.70000000000002
1,161.9
1,161.9
2,161.9
2,137.5
3,137.5
3,163.9
4,163.9
4,163.9
5,163.9
5,137.5
6,137.5
6,137.5
0,137.5
0,137.1
1,137.1
1,137.1
2,150.4
2,163.9
3,163.9
3,163.9
4,163.9
4,163.9
5,163.9
5,163.9
6,163.9
6,163.9
0,163.9
0,163.9
1,163.9
1,163.9
2,163.9
2,162.56666666666666
3,162.56666666666666
3,162.56666666666666
4,162.56666666666666
4,159.4
5,159.4
5,159.4
6,155.9
6,155.3
0,155.3
0,155.3
1,153.9
1,153.9
2,153.9
2,153.9
3,153.9
3,153.9
4,153.9
4,153.9
5,153.9
5,153.9
6,153.9
6,153.9
0,150.5666666666667
0,149.5
1,149.5
1,149.5
2,146.9
2,145.4
3,145.4
3,144.2
4,143.0666666666667
4,143.0666666666667
5,143.0666666666667
5,143.0666666666667
6,139.9
6,139.23333333333335
0,139.23333333333335
0,139.23333333333335
1,139.23333333333335
1,137.5666666666667
2,137.5666666666667
2,137.5666666666667
3,137.5666666666667
3,137.5666666666667
4,137.5666666666667
4,137.5666666666667
5,137.5666666666667
5,137.5666666666667
6,137.5666666666667
6,137.5666666666667
0,137.5666666666667
0,135.9
1,135.9
1,135.9
2,135.6
2,133.9
3,133.9
3,133.9
4,133.9
4,133.9
5,133.9
5,133.9
6,133.9
6,133.9
0,133.9
0,133.9
1,133.9
1,133.9
2,133.9
2,133.9
3,133.9
3,133.9
4,131.4
4,131.4
5,131.4
5,131.4
6,131.4
6,131.4
0,131.4
0,131.4
1,131.4
1,131.4
2,131.4
2,131.4
3,131.4
3,131.4
4,131.4
4,131.4
5,131.4
5,131.4
6,131.4
6,131.4
0,131.4
0,131.4
1,131.4
1,131.4
2,131.4
2,131.4
3,131.4
3,131.4
4,131.4
4,131.4
5,131.4
5,131.4
6,131.4
6,131.4
0,131.4
0,131.4
1,131.4
1,131.4
2,131.4
2,131.4
3,131.4
3,131.4
4,131.4
4,131.4
5,131.4
5,131.4
6,131.4
6,131.4
0,131.4
0,131.4
1,131.4
1,131.4
2,131.4
2,131.4
3,131.4
3,131.4
4,131.4
4,131.4
5,131.4
5,131.4
6,131.4
6,131.4
0,131.4
0,131.4
1,131.4
1,131.4
2,131.4
2,131.4
3,131.4
3,131.4
4,131.4
4,131.4
5,131.4
5,131.4
6,131.4
6,131.4
0,131.4
0,131.4
1,131.4
1,131.4
2,131.4
2,131.4
3,131.4
3,131.4
4,131.4
4,131.4
5,131.4
5,131.4
6,131.4
6,131.4
0,131.4
0,131.4
1,131.4
1,131.4
2,131.4
2,131.4
3,131.4
3,131.4
4,131.4
4,131.4
5,131.4
5,131.4
6,131.4
6,131.4
0,131.4
0,131.4
1,131.4
1,131.4
2,131.4
2,131.4
3,131.4
3,131.4
4,131.4
4,131.4
5,131.4
5,131.4
6,131.4
6,131.4
0,131.4
0,131.4
1,131.4
1,131.4
2,131.4
2,131.4
3,131.4
3,131.4
4,131.4
4,131.4
5,131.4
5,131.4
6,131.4
6,131.4
0,131.4
0,131.4
1,131.4
1,131.4
2,131.4
2,131.4
3,131.4
3,131.4
4,131.4
4,131.4
5,131.4
5,131.4
6,131.4
6,131.4
0,131.4
0,131.4
1,131.4
1,131.4
2,131.4
2,131.4
3,131.4
3,131.4
4,131.4
4,131.4
5,131.4
5,131.4
6,131.4
6,131.4
0,131.4
0,131.4
1,131.4
1,131.4
2,131.4
2,131.4
3,131.4
3,131.4
4,131.4
4,131.4
5,131.4
5,131.4
6,131.4
6,131.4
0,131.4
0,131.4
1,131.4
1,131.4
2,131.4
2,131.4
3,131.4
3,131.4
4,131.4
4,131.4
5,131.4
5,131.4
6,131.4
6,131.4
0,131.4
0,131.4
1,131.4
1,130.9
2,130.9
2,151.9
3,151.9
3,150.9
4,150.9
4,150.9
5,150.9
5,150.9
6,150.9
6,150.9
0,150.9
0,150.9
1,150.9
1,150.9
2,150.9
2,150.9
3,148.9
3,148.9
4,148.9
4,148.9
5,148.9
5,148.9
6,146.9
6,146.9
0,146.9
0,146.9
1,146.9
1,145.9
2,144.9
2,144.9
3,144.9
3,144.9
4,143.9
4,143.9
5,143.9
5,135.7
6,135.7
6,135.7
0,135.7
0,135.7
1,135.7
1,135.7
2,135.7
2,135.7
3,135.7
3,134.3
4,134.3
4,134.3
5,133.9
5,133.9
6,133.9
6,133.9
0,133.9
0,133.9
1,133.9
1,131.9
2,130.9
2,130.9
3,130.4
3,129.4
4,153.9
4,153.9
5,153.9
5,153.9
6,153.9
6,153.9
0,153.9
0,153.9
1,153.9
1,153.4
2,153.4
2,153.4
3,153.4
3,153.4
4,153.4
4,153.4
5,153.4
5,150.9
6,150.9
6,150.9
0,150.9
0,150.9
1,150.9
1,149.9
2,148.9
2,148.9
3,147.9
3,147.9
4,146.9
4,146.9
5,146.9
5,146.9
6,146.9
6,146.9
0,145.9
0,145.9
1,145.9
1,145.9
2,142.9
2,141.9
3,141.9
3,139.9
4,139.9
4,139.9
5,139.9
5,139.9
6,139.9
6,132.8
0,132.8
0,132.8
1,132.7
1,132.7
2,132.7
2,132.3
3,132.3
3,131.7
4,161.9
4,161.9
5,161.9
5,161.9
6,161.9
6,161.9
0,161.9
0,161.9
1,160.9
1,160.9
2,160.9
2,160.9
3,160.9
3,158.9
4,158.9
4,156.9
5,156.9
5,156.9
6,156.9
6,155.9
0,155.9
0,154.9
1,154.9
1,151.9
2,151.9
2,151.9
3,150.9
3,149.9
4,149.9
4,149.9
5,149.9
5,147.8
6,147.8
6,146.7
0,146.7
0,146.7
1,146.7
1,145.9
2,145.9
2,142.9
3,142.9
3,140.9
4,140.9
4,136.9
5,136.9
5,136.9
6,136.9
6,132.7
0,132.7
0,132.7
1,132.7
1,132.7
2,132.7
2,161.9
3,161.9
3,161.9
4,161.9
4,161.9
5,161.9
5,161.9
6,161.9
6,161.9
0,161.9
0,161.9
1,161.9
1,161.9
2,161.9
2,160.9
3,160.9
3,158.9
4,158.9
4,156.9
5,156.9
5,154.9
6,154.9
6,154.9
0,154.9
0,152.9
1,152.9
1,152.9
2,152.9
2,150.9
3,150.9
3,150.9
4,150.9
4,141.4
5,138.9
5,138.9
6,138.9
6,138.9
0,138.9
0,137.9
1,137.9
1,136.9
2,136.9
2,136.9
3,136.9
3,163.9
4,163.9
4,163.9
5,163.9
5,163.9
6,163.9
6,163.9
0,163.9
0,163.4
1,163.4
1,163.4
2,163.4
2,163.4
3,162.4
3,162.4
4,162.4
4,160.9
5,160.9
5,158.9
6,158.9
6,157.9
0,157.9
0,157.9
1,157.9
1,157.9
2,157.9
2,157.9
3,157.9
3,154.9
4,154.9
4,152.9
5,152.9
5,151.9
6,151.9
6,150.9
0,150.9
0,149.9
1,149.9
1,148.9
2,147.9
2,147.9
3,147.9
3,143.9
4,141.9
4,141.9
5,141.9
5,168.9
6,168.9
6,168.9
0,168.9
0,168.9
1,168.9
1,168.9
2,167.9
2,167.9
3,167.9
3,167.9
4,167.9
4,167.9
5,167.9
5,167.9
6,167.9
6,167.9
0,167.9
0,167.9
1,165.9
1,165.9
2,165.9
2,165.9
3,165.9
3,165.9
4,165.9
4,164.9
5,164.9
5,164.9
6,164.9
6,164.9
0,164.9
0,164.9
1,164.9
1,164.9
2,164.9
2,164.9
3,164.9
3,154.9
4,154.9
4,154.9
5,154.9
5,154.9
6,154.9
6,154.9
0,154.9
0,154.9
1,154.9
1,154.9
2,154.9
2,168.9
3,168.9
3,168.9
4,168.9
4,168.9
5,168.9
5,168.9
6,168.9
6,168.9
0,167.9
0,167.9
1,167.9
1,167.2
2,166.9
2,166.9
3,166.9
3,166.9
4,166.23333333333335
4,164.9
5,164.9
5,160.9
6,160.9
6,160.9
0,160.9
0,160.9
1,160.9
1,160.9
2,160.9
2,159.76666666666668
3,157.9
3,157.33333333333334
4,157.33333333333334
4,157.33333333333334
5,157.33333333333334
5,157.33333333333334
6,157.33333333333334
6,157.33333333333334
0,157.33333333333334
0,157.33333333333334
1,156.0
1,156.0
2,156.0
2,154.9
3,154.9
3,154.9
4,154.9
4,154.9
5,154.9
5,154.9
6,154.9
6,154.9
0,154.9
0,154.9
1,154.9
1,154.9
2,154.9
2,154.9
3,154.9
3,164.23333333333335
4,164.23333333333335
4,164.23333333333335
5,164.23333333333335
5,164.23333333333335
6,164.23333333333335
6,164.23333333333335
0,164.23333333333335
0,164.23333333333335
1,164.23333333333335
1,164.23333333333335
2,164.23333333333335
2,167.9
3,167.2
3,166.9
4,166.9
4,163.9
5,162.2
5,162.2
6,162.2
6,162.2
0,160.9
0,160.9
1,160.9
1,160.9
2,159.9
2,158.9
3,155.9
3,155.9
4,155.9
4,155.9
5,155.9
5,155.9
6,155.9
6,155.9
0,155.9
0,155.9
1,155.9
1,155.9
2,155.9
2,155.9
3,155.9
3,155.9
4,155.9
4,155.9
5,155.9
5,155.9
6,155.9
6,155.9
0,155.9
0,155.9
1,155.9
1,155.9
2,155.9
2,155.9
3,155.9
3,153.5
4,152.9
4,152.9
5,152.9
5,152.9
6,152.9
6,152.9
0,152.9
0,152.9
1,150.4
1,150.4
2,150.4
2,150.4
3,148.9
3,148.9
4,148.9
4,148.9
5,148.9
5,148.9
6,148.9
6,148.9
0,162.23333333333335
0,155.76666666666668
1,149.0
1,149.0
2,149.0
2,168.9
3,168.9
3,168.9
4,168.23333333333335
4,167.23333333333335
5,167.23333333333335
5,167.23333333333335
6,167.23333333333335
6,167.23333333333335
0,167.23333333333335
0,167.23333333333335
1,167.23333333333335
1,167.23333333333335
2,165.4
2,163.9
3,161.9
3,161.9
4,161.9
4,161.9
5,161.9
5,161.9
6,161.9
6,159.9
0,159.23333333333335
0,159.23333333333335
1,157.9
1,156.5666666666667
2,154.9
2,154.9
3,154.9
3,154.9
4,154.9
4,154.9
5,154.9
5,154.9
6,154.9
6,154.9
0,154.9
0,154.9
1,154.9
1,154.9
2,154.9
2,154.9
3,154.9
3,154.9
4,154.9
4,168.9
5,168.9
5,168.9
6,168.9
6,168.9
0,168.4
0,168.4
1,168.4
1,168.4
2,168.4
2,168.4
3,168.4
3,167.9
4,167.9
4,162.9
5,160.9
5,160.9
6,160.9
6,158.23333333333332
0,158.23333333333332
0,155.23333333333335
1,155.23333333333335
1,155.23333333333335
2,155.23333333333335
2,155.23333333333335
3,155.23333333333335
3,155.23333333333335
4,155.23333333333335
4,155.23333333333335
5,155.23333333333335
5,155.23333333333335
6,155.23333333333335
6,155.23333333333335
0,155.23333333333335
0,153.9
1,153.9
1,153.9
2,153.9
2,153.9
3,153.9
3,153.9
4,153.9
4,153.9
5,153.9
5,153.9
6,152.9
6,152.9
0,152.9
0,152.9
1,152.9
1,152.9
2,152.9
2,152.9
3,152.9
3,171.9
4,171.9
4,171.9
5,171.9
5,171.9
6,171.9
6,171.9
0,170.9
0,170.9
1,170.9
1,169.5666666666667
2,167.9
2,166.9
3,165.9
3,165.9
4,164.9
4,164.23333333333335
5,164.23333333333335
5,164.23333333333335
6,164.23333333333335
6,164.23333333333335
0,164.23333333333335
0,164.23333333333335
1,164.23333333333335
1,162.9
2,162.9
2,162.9
3,162.9
3,155.4
4,155.4
4,155.4
5,155.4
5,155.4
6,154.9
6,154.9
0,154.9
0,154.9
1,154.9
1,175.9
2,175.9
2,175.9
3,175.9
3,175.9
4,175.9
4,175.9
5,175.9
5,175.9
6,175.9
6,175.9
