0,0
0,0
1,0
1,0
2,129.9
2,128.9
3,127.9
3,127.9
4,127.9
4,127.9
5,127.9
5,127.9
6,127.9
6,126.39999999999999
0,123.39999999999999
0,123.39999999999999
1,122.14999999999999
1,120.39999999999999
2,120.4
2,120.4
3,118.39999999999999
3,118.39999999999999
4,117.44999999999999
4,117.44999999999999
5,117.44999999999999
5,117.44999999999999
6,117.44999999999999
6,117.44999999999999
0,116.24999999999999
0,116.24999999999999
1,115.4
1,115.4
2,115.4
2,115.4
3,145.9
3,145.9
4,145.4
4,145.35000000000002
5,145.35000000000002
5,145.35000000000002
6,143.9
6,143.9
0,143.9
0,143.9
1,143.9
1,143.7
2,143.4
2,143.2
3,139.0666666666667
3,139.0666666666667
4,133.4
4,133.4
5,133.4
5,133.4
6,133.4
6,133.4
0,132.12857142857146
0,131.4
1,131.2
1,130.9
2,130.9
2,130.9
3,127.9
3,127.9
4,122.14999999999999
4,122.14999999999999
5,122.14999999999999
5,122.14999999999999
6,122.14999999999999
6,122.14999999999999
0,120.9
0,120.9
1,120.2
1,120.2
2,120.2
2,120.2
3,147.9
3,147.9
4,147.95
4,147.95
5,147.42499999999998
5,147.42499999999998
6,147.42499999999998
6,145.9
0,143.9
0,143.9
1,141.4
1,141.4
2,140.12
2,139.9
3,138.8375
3,138.8375
4,137.65
4,137.65
5,137.65
5,137.5
6,137.4
6,134.9
0,133.4
0,133.4
1,127.2
1,126.9
2,126.75
2,126.75
3,133.21666666666667
3,133.21666666666667
4,139.53333333333333
4,139.53333333333333
5,149.4
5,149.4
6,149.4
6,149.4
0,147.9
0,147.9
1,147.75
1,147.85000000000002
2,157.25
2,157.25
3,157.25
3,157.25
4,146.92499999999998
4,146.92499999999998
5,146.92499999999998
5,146.92499999999998
6,146.92499999999998
6,146.92499999999998
0,146.92499999999998
0,146.92499999999998
1,146.92499999999998
1,146.92499999999998
2,146.92499999999998
2,146.92499999999998
3,146.92499999999998
3,146.92499999999998
4,146.92499999999998
4,146.92499999999998
5,146.92499999999998
5,146.92499999999998
6,146.92499999999998
6,146.92499999999998
0,146.92499999999998
0,146.92499999999998
1,146.92499999999998
1,146.92499999999998
2,146.92499999999998
2,146.92499999999998
3,146.92499999999998
3,146.92499999999998
4,146.92499999999998
4,146.92499999999998
5,146.92499999999998
5,146.92499999999998
6,146.92499999999998
6,146.92499999999998
0,146.92499999999998
0,146.92499999999998
1,146.92499999999998
1,146.92499999999998
2,146.92499999999998
2,146.92499999999998
3,146.92499999999998
3,146.92499999999998
4,146.92499999999998
4,146.92499999999998
5,146.92499999999998
5,146.92499999999998
6,146.92499999999998
6,146.92499999999998
0,146.92499999999998
0,146.92499999999998
1,146.92499999999998
1,146.92499999999998
2,146.92499999999998
2,146.92499999999998
3,146.92499999999998
3,146.92499999999998
4,146.92499999999998
4,146.92499999999998
5,146.92499999999998
5,146.92499999999998
6,146.92499999999998
6,146.92499999999998
0,146.92499999999998
0,146.92499999999998
1,146.92499999999998
1,146.92499999999998
2,146.92499999999998
2,146.92499999999998
3,146.92499999999998
3,146.92499999999998
4,146.92499999999998
4,146.92499999999998
5,146.92499999999998
5,146.92499999999998
6,146.92499999999998
6,146.92499999999998
0,146.92499999999998
0,146.92499999999998
1,146.92499999999998
1,146.92499999999998
2,146.92499999999998
2,146.92499999999998
3,146.92499999999998
3,146.92499999999998
4,146.92499999999998
4,146.92499999999998
5,146.92499999999998
5,146.92499999999998
6,146.92499999999998
6,146.92499999999998
0,146.92499999999998
0,146.92499999999998
1,146.92499999999998
1,146.92499999999998
2,146.92499999999998
2,146.92499999999998
3,146.92499999999998
3,146.92499999999998
4,146.92499999999998
4,146.92499999999998
5,146.92499999999998
5,146.92499999999998
6,146.92499999999998
6,146.92499999999998
0,146.92499999999998
0,146.92499999999998
1,146.92499999999998
1,146.92499999999998
2,146.92499999999998
2,146.92499999999998
3,146.92499999999998
3,146.92499999999998
4,146.92499999999998
4,146.92499999999998
5,146.92499999999998
5,146.92499999999998
6,146.92499999999998
6,146.92499999999998
0,146.92499999999998
0,146.92499999999998
1,146.92499999999998
1,146.92499999999998
2,146.92499999999998
2,146.92499999999998
3,146.92499999999998
3,146.92499999999998
4,152.93333333333334
4,152.9
5,152.9
5,152.9
6,152.9
6,152.9
0,152.9
0,152.85000000000002
1,152.85000000000002
1,152.8
2,152.8
2,152.8
3,152.8
3,152.8
4,152.4
4,152.55
5,152.55
5,152.55
6,152.55
6,152.55
0,150.9
0,150.9
1,150.9
1,150.525
2,150.525
2,150.525
3,150.3
3,148.9
4,148.95
4,148.95
5,148.95
5,148.95
6,148.95
6,148.95
0,148.95
0,148.95
1,148.95
1,148.95
2,148.95
2,148.95
3,148.4
3,148.45
4,148.45
4,147.775
5,147.775
5,147.775
6,147.775
6,145.9
0,145.9
0,141.68571428571428
1,141.68571428571428
1,141.68571428571428
2,141.68571428571428
2,141.68571428571428
3,141.68571428571428
3,140.7
4,140.7
4,140.7
5,140.7
5,140.7
6,140.7
6,140.7
0,140.7
0,140.7
1,140.7
1,140.5
2,158.04999999999998
2,163.85000000000002
3,163.85000000000002
3,163.85000000000002
4,163.85000000000002
4,163.75
5,163.75
5,163.75
6,163.75
6,163.75
0,163.75
0,163.85000000000002
1,163.4
1,163.4
2,163.4
2,163.4
3,163.4
3,163.4
4,161.9
4,161.9
5,161.9
5,161.9
6,161.9
6,161.9
0,160.9
0,160.75
1,160.75
1,158.9
2,158.9
2,157.04999999999998
3,157.04999999999998
3,153.73333333333332
4,153.73333333333332
4,152.35000000000002
5,152.35000000000002
5,152.35000000000002
6,151.1
6,151.1
0,149.73999999999998
0,148.57999999999998
1,148.57999999999998
1,145.4
2,143.9
2,143.9
3,143.9
3,143.9
4,143.9
4,143.3
5,143.3
5,142.04999999999998
6,142.04999999999998
6,141.525
0,140.4
0,140.4
1,140.4
1,140.4
2,140.4
2,139.275
3,139.275
3,134.9
4,134.9
4,134.9
5,134.9
5,134.9
6,134.9
6,134.9
0,134.9
0,134.9
1,161.9
1,161.9
2,161.9
2,134.4
3,134.4
3,134.4
4,134.4
4,134.4
5,134.4
5,134.4
6,134.4
6,134.025
0,134.025
0,134.025
1,131.5
1,131.5
2,147.7
2,163.9
3,163.9
3,163.9
4,163.9
4,163.9
5,163.9
5,163.9
6,163.9
6,163.9
0,163.9
0,163.9
1,163.9
1,163.9
2,163.9
2,163.15
3,163.15
3,163.15
4,163.15
4,163.15
5,159.15
5,159.15
6,156.9
6,155.9
0,155.9
0,155.9
1,155.9
1,153.275
2,153.275
2,150.15
3,147.9
3,147.9
4,147.9
4,147.9
5,147.9
5,147.9
6,143.9
6,143.9
0,143.9
0,143.9
1,143.9
1,145.375
2,145.375
2,145.375
3,145.375
3,145.375
4,145.375
4,143.725
5,143.725
5,143.725
6,143.725
6,142.65
0,142.65
0,142.65
1,142.65
1,142.65
2,142.65
2,142.65
3,142.65
3,142.65
4,142.65
4,142.65
5,142.65
5,142.65
6,142.65
6,140.525
0,140.525
0,139.07500000000002
1,139.07500000000002
1,137.7
2,134.4
2,134.4
3,134.4
3,134.4
4,134.4
4,134.4
5,134.4
5,134.4
6,134.4
6,134.4
0,134.4
0,132.9
1,132.9
1,132.9
2,132.9
2,132.9
3,132.9
3,131.9
4,131.4
4,131.4
5,131.4
5,131.4
6,131.4
6,130.8
0,130.4
0,130.4
1,130.4
1,130.4
2,130.4
2,130.4
3,130.4
3,130.4
4,130.4
4,158.9
5,158.9
5,158.9
6,158.9
6,158.9
0,158.9
0,158.9
1,158.9
1,158.9
2,158.9
2,156.5
3,156.5
3,156.5
4,156.5
4,153.6
5,153.6
5,153.6
6,153.6
6,153.6
0,153.6
0,150.9
1,150.9
1,150.9
2,150.15
2,150.15
3,150.15
3,150.15
4,150.15
4,150.15
5,150.15
5,150.15
6,150.15
6,150.15
0,150.15
0,150.15
1,150.15
1,150.15
2,150.15
2,147.9
3,147.9
3,147.9
4,147.9
4,147.9
5,147.9
5,147.9
6,147.9
6,147.9
0,146.9
0,146.15
1,158.9
1,158.9
2,158.9
2,158.4
3,158.4
3,158.4
4,158.4
4,158.9
5,158.9
5,158.9
6,158.9
6,158.9
0,158.9
0,158.9
1,158.9
1,158.9
2,158.9
2,158.9
3,156.9
3,156.9
4,156.9
4,153.9
5,153.9
5,153.9
6,150.4
6,150.4
0,149.9
0,148.9
1,148.9
1,148.9
2,145.3
2,142.9
3,139.4
3,139.4
4,138.9
4,136.9
5,136.9
5,136.9
6,136.9
6,136.9
0,136.9
0,136.9
1,136.9
1,136.9
2,136.9
2,136.9
3,136.9
3,135.9
4,135.9
4,135.9
5,135.9
5,135.9
6,135.9
6,160.9
0,160.9
0,160.9
1,160.9
1,160.9
2,160.9
2,160.9
3,160.9
3,160.9
4,160.9
4,160.9
5,160.9
5,160.9
6,160.9
6,160.9
0,160.9
0,160.9
1,159.56666666666666
1,155.1
2,154.9
2,154.9
3,154.9
3,152.4
4,152.4
4,151.4
5,151.4
5,151.4
6,150.4
6,150.65
0,150.65
0,150.65
1,150.65
1,149.9
2,149.9
2,146.4
3,144.4
3,144.4
4,144.4
4,144.4
5,144.4
5,144.4
6,144.4
6,144.4
0,144.4
0,144.4
1,141.15
1,141.15
2,141.15
2,141.15
3,139.96666666666667
3,139.9
4,136.0
4,135.95
5,135.7
5,135.64999999999998
6,134.2
6,133.55
0,133.55
0,133.55
1,133.55
1,133.55
2,133.55
2,131.9
3,131.9
3,129.4
4,129.4
4,129.4
5,128.4
5,128.4
6,128.4
6,128.4
0,128.4
0,127.4
1,127.4
1,127.4
2,127.4
2,151.9
3,151.9
3,150.9
4,150.9
4,150.9
5,150.9
5,150.9
6,150.9
6,150.9
0,150.9
0,150.9
1,150.9
1,150.9
2,150.9
2,150.9
3,150.9
3,146.9
4,146.9
4,146.9
5,146.9
5,146.9
6,146.9
6,146.9
0,146.9
0,146.9
1,144.9
1,137.9
2,137.9
2,137.9
3,137.9
3,137.9
4,137.9
4,137.9
5,137.4
5,132.4
6,132.4
6,128.9
0,128.9
0,128.9
1,128.9
1,128.9
2,128.9
2,128.9
3,128.9
3,128.9
4,128.9
4,128.9
5,128.9
5,128.9
6,128.9
6,128.9
0,128.9
0,128.9
1,128.9
1,128.9
2,128.9
2,128.9
3,128.9
3,128.9
4,128.9
4,128.9
5,128.9
5,128.9
6,128.9
6,128.9
0,128.9
0,128.9
1,153.9
1,153.9
2,153.9
2,153.9
3,153.9
3,153.9
4,153.9
4,153.9
5,153.9
5,153.9
6,153.9
6,153.9
0,152.15
0,152.15
1,150.4
1,150.4
2,149.65
2,149.65
3,148.9
3,148.9
4,148.9
4,148.9
5,148.9
5,148.9
6,148.9
6,148.9
0,147.15
0,147.15
1,145.4
1,142.9
2,141.9
2,141.9
3,141.9
3,138.15
4,138.15
4,138.15
5,138.15
5,138.15
6,134.4
6,128.9
0,128.9
0,128.9
1,128.9
1,128.9
2,128.9
2,128.9
3,128.9
3,128.9
4,145.4
4,145.4
5,161.9
5,128.9
6,128.9
6,128.9
0,145.4
0,145.4
1,161.9
1,160.9
2,160.9
2,160.9
3,160.9
3,160.9
4,159.9
4,159.9
5,159.9
5,159.9
6,159.9
6,159.9
0,156.9
0,156.9
1,155.9
1,151.9
2,151.9
2,150.4
3,150.4
3,150.4
4,149.65
4,146.9
5,146.9
5,146.9
6,145.9
6,145.9
0,144.9
0,141.4
1,141.4
1,141.4
2,141.4
2,140.9
3,137.4
3,136.9
4,136.9
4,135.4
5,135.4
5,135.4
6,135.4
6,134.9
0,134.9
0,134.9
1,134.9
1,134.9
2,161.9
2,161.9
3,161.9
3,161.9
4,161.9
4,161.9
5,161.9
5,161.9
6,161.9
6,161.9
0,161.9
0,161.9
1,161.9
1,160.9
2,160.9
2,158.4
3,158.4
3,156.4
4,154.9
4,154.9
5,154.9
5,151.9
6,151.9
6,151.9
0,151.9
0,150.4
1,150.4
1,150.4
2,150.4
2,149.9
3,149.9
3,149.9
4,149.9
4,146.4
5,144.9
5,143.4
6,143.4
6,143.4
0,143.4
0,141.9
1,141.9
1,141.9
2,141.9
2,141.9
3,141.9
3,163.9
4,163.9
4,163.9
5,163.9
5,163.9
6,163.9
6,163.9
0,163.9
0,163.9
1,163.9
1,162.9
2,161.65
2,161.65
3,161.65
3,159.9
4,159.9
4,158.9
5,158.9
5,158.9
6,158.9
6,158.9
0,158.9
0,158.9
1,158.9
1,158.9
2,158.9
2,158.23333333333335
3,158.23333333333335
3,156.9
4,156.9
4,154.23333333333335
5,151.9
5,151.9
6,151.9
6,151.9
0,151.9
0,149.9
1,149.9
1,149.9
2,149.23333333333335
2,147.4
3,147.4
3,146.4
4,144.4
4,144.4
5,144.4
5,144.4
6,143.7
6,168.9
0,168.9
0,168.9
1,168.9
1,168.9
2,168.9
2,168.9
3,168.9
3,168.9
4,167.5
4,167.5
5,167.5
5,167.5
6,167.5
6,167.5
0,166.5
0,166.5
1,166.5
1,166.5
2,166.5
2,165.7
3,164.9
3,164.9
4,164.9
4,164.9
5,164.9
5,164.9
6,164.9
6,164.9
0,164.9
0,164.9
1,164.4
1,164.4
2,164.4
2,154.3
3,154.3
3,153.26666666666665
4,153.26666666666665
4,149.6
5,148.9
5,148.9
6,148.9
6,148.9
0,148.3
0,146.9
1,161.4
1,161.4
2,161.4
2,161.4
3,161.4
3,161.4
4,161.4
4,161.4
5,161.4
5,161.4
6,161.4
6,161.4
0,161.4
0,168.5
1,168.5
1,168.5
2,168.5
2,168.5
3,168.5
3,168.5
4,168.5
4,168.5
5,168.5
5,168.5
6,168.5
6,168.5
0,168.5
0,168.5
1,168.5
1,165.6
2,165.06666666666666
2,165.06666666666666
3,165.06666666666666
3,162.7
4,161.7
4,161.7
5,161.7
5,161.7
6,160.9
6,160.9
0,160.9
0,160.9
1,160.9
1,160.9
2,160.9
2,158.9
3,157.9
3,157.9
4,157.9
4,157.9
5,157.9
5,157.9
6,157.9
6,157.9
0,155.9
0,155.9
1,154.9
1,154.9
2,168.9
2,168.9
3,168.9
3,168.9
4,168.9
4,168.9
5,168.9
5,168.9
6,168.9
6,168.9
0,168.9
0,168.9
1,168.9
1,168.9
2,168.9
2,168.9
3,168.7
3,162.8
4,162.8
4,162.8
5,162.8
5,162.8
6,162.8
6,162.8
0,162.8
0,162.8
1,162.8
1,162.8
2,162.8
2,162.8
3,162.8
3,162.8
4,162.8
4,128.4
5,128.4
5,128.4
6,128.4
6,128.4
0,128.4
0,128.4
1,161.8
1,154.4
2,154.4
2,154.4
3,154.15
3,154.15
4,154.15
4,154.15
5,154.15
5,154.15
6,154.15
6,154.15
0,153.05
0,153.05
1,152.2
1,152.26666666666668
2,152.26666666666668
2,152.26666666666668
3,152.26666666666668
3,151.43333333333334
4,151.43333333333334
4,151.43333333333334
5,150.7
5,150.7
6,150.7
6,150.7
0,150.7
0,150.4
1,146.45
1,145.4
2,145.4
2,145.4
3,144.4
3,144.4
4,143.9
4,143.9
5,143.9
5,143.9
6,143.9
6,143.9
0,143.9
0,143.9
1,143.9
1,143.9
2,143.9
2,143.9
3,143.9
3,168.9
4,167.9
4,167.9
5,167.9
5,167.9
6,167.9
6,167.9
0,167.9
0,167.9
1,167.9
1,167.9
2,167.9
2,167.9
3,166.8
3,165.7
4,165.7
4,165.7
5,165.7
5,165.7
6,165.7
6,165.7
0,160.4
0,160.4
1,158.4
1,158.4
2,154.65
2,150.94
3,150.94
3,150.94
4,150.94
4,150.94
5,150.94
5,150.94
6,149.725
6,149.725
0,147.9
0,147.9
1,147.9
1,147.9
2,146.5666666666667
2,146.5666666666667
3,146.5666666666667
3,146.5666666666667
4,146.5666666666667
4,168.9
5,168.9
5,168.9
6,144.4
6,144.4
0,144.4
0,144.4
1,160.73333333333335
1,160.73333333333335
2,168.4
2,168.4
3,168.4
3,165.9
4,164.9
4,164.9
5,164.9
5,164.9
6,164.9
6,162.9
0,162.9
0,162.9
1,162.9
1,162.9
2,162.9
2,160.9
3,154.9
3,154.9
4,154.9
4,154.9
5,154.9
5,154.9
6,154.9
6,154.9
0,154.9
0,154.9
1,154.9
1,154.9
2,146.9
2,148.9
3,146.9
3,146.9
4,146.9
4,146.9
5,146.9
5,146.9
6,146.9
6,146.9
0,146.9
0,146.9
1,146.9
1,146.9
2,146.9
2,146.9
3,146.9
3,146.9
4,146.9
4,165.65
5,165.65
5,165.65
6,165.65
6,165.65
0,170.9
0,170.9
1,170.9
1,170.9
2,170.9
2,170.9
3,168.9
3,168.9
4,167.9
4,167.9
5,167.9
5,167.9
6,167.9
6,167.9
0,165.9
0,165.9
1,165.9
1,165.9
2,164.9
2,164.9
3,164.9
3,158.65
4,157.4
4,157.4
5,157.4
5,157.4
6,157.4
6,157.4
0,157.4
0,157.4
1,157.4
1,157.4
2,157.4
2,157.4
3,166.65
3,175.9
4,175.9
4,175.9
5,175.9
5,175.9
6,175.9
6,175.9
