0,127.7
0,127.7
1,127.7
1,127.7
2,121.39999999999999
2,120.4
3,119.9
3,119.9
4,119.9
4,119.9
5,119.9
5,119.9
6,119.9
6,119.9
0,119.9
0,119.9
1,118.39999999999999
1,118.39999999999999
2,118.39999999999999
2,118.39999999999999
3,115.77500000000003
3,115.77500000000003
4,115.77500000000003
4,115.77500000000003
5,115.77500000000003
5,115.77500000000003
6,115.77500000000003
6,115.77500000000003
0,115.77500000000003
0,115.77500000000003
1,115.77500000000003
1,115.77500000000003
2,133.48000000000002
2,133.48000000000002
3,133.48000000000002
3,133.48000000000002
4,144.9
4,144.9
5,143.9
5,143.9
6,143.9
6,143.9
0,143.9
0,143.9
1,141.9
1,141.9
2,141.9
2,141.9
3,138.65000000000003
3,138.65000000000003
4,133.90000000000003
4,133.90000000000003
5,131.4
5,131.4
6,131.4
6,130.78888888888892
0,127.9
0,127.9
1,127.9
1,127.40000000000002
2,126.9
2,126.9
3,122.56666666666666
3,122.56666666666666
4,122.56666666666666
4,122.56666666666666
5,122.56666666666666
5,122.56666666666666
6,122.56666666666666
6,122.56666666666666
0,122.56666666666666
0,122.56666666666666
1,121.75
1,119.9
2,119.9
2,138.5666666666667
3,147.9
3,147.9
4,147.9
4,147.9
5,147.76666666666665
5,147.76666666666665
6,146.57500000000002
6,146.57500000000002
0,146.57500000000002
0,146.57500000000002
1,141.4
1,141.4
2,138.73333333333338
2,136.5666666666667
3,135.6142857142857
3,135.6142857142857
4,132.9
4,132.9
5,129.9
5,129.9
6,129.9
6,129.9
0,129.275
0,129.275
1,127.64999999999999
1,126.15
2,126.15
2,126.15
3,124.64999999999999
3,124.64999999999999
4,149.86666666666667
4,149.9
5,149.8
5,149.9
6,149.9
6,149.9
0,148.4
0,148.4
1,148.4
1,148.4
2,148.4
2,148.4
3,148.4
3,148.4
4,148.4
4,146.9
5,146.9
5,146.9
6,146.9
6,146.9
0,146.9
0,146.9
1,146.9
1,146.9
2,146.9
2,146.9
3,146.9
3,146.9
4,146.9
4,146.9
5,146.9
5,146.9
6,146.9
6,146.9
0,146.9
0,146.9
1,146.9
1,146.9
2,146.9
2,146.9
3,146.9
3,146.9
4,146.9
4,146.9
5,146.9
5,146.9
6,146.9
6,146.9
0,146.9
0,146.9
1,146.9
1,146.9
2,146.9
2,146.9
3,146.9
3,146.9
4,146.9
4,146.9
5,146.9
5,146.9
6,146.9
6,146.9
0,146.9
0,146.9
1,146.9
1,146.9
2,146.9
2,146.9
3,146.9
3,146.9
4,146.9
4,146.9
5,146.9
5,146.9
6,146.9
6,146.9
0,146.9
0,146.9
1,146.9
1,146.9
2,146.9
2,146.9
3,146.9
3,146.9
4,146.9
4,146.9
5,146.9
5,146.9
6,146.9
6,146.9
0,146.9
0,146.9
1,146.9
1,146.9
2,146.9
2,146.9
3,146.9
3,146.9
4,146.9
4,146.9
5,146.9
5,146.9
6,146.9
6,146.9
0,146.9
0,146.9
1,146.9
1,146.9
2,146.9
2,146.9
3,146.9
3,146.9
4,146.9
4,146.9
5,146.9
5,146.9
6,146.9
6,146.9
0,146.9
0,146.9
1,146.9
1,146.9
2,146.9
2,146.9
3,146.9
3,146.9
4,146.9
4,146.9
5,146.9
5,146.9
6,146.9
6,146.9
0,146.9
0,146.9
1,146.9
1,146.9
2,146.9
2,146.9
3,122.7
3,152.9
4,142.79999999999998
4,142.79999999999998
5,142.83333333333334
5,152.9
6,152.8
6,152.9
0,152.9
0,152.9
1,152.9
1,152.9
2,150.9
2,148.9
3,148.9
3,148.9
4,149.9
4,149.9
5,149.9
5,149.9
6,149.9
6,149.9
0,149.9
0,149.9
1,149.9
1,149.9
2,149.9
2,149.9
3,149.9
3,149.9
4,149.9
4,149.9
5,149.9
5,149.9
6,145.9
6,145.9
0,145.9
0,145.9
1,145.9
1,145.9
2,148.15
2,148.15
3,148.15
3,148.15
4,144.9
4,145.9
5,145.9
5,144.4
6,144.4
6,144.4
0,144.4
0,144.4
1,144.4
1,144.4
2,141.9
2,141.9
3,141.9
3,141.9
4,141.9
4,141.9
5,141.9
5,141.9
6,141.9
6,141.9
0,141.9
0,141.9
1,141.9
1,139.1615384615385
2,139.1615384615385
2,151.9
3,151.9
3,163.85000000000002
4,163.85000000000002
4,163.85000000000002
5,163.85000000000002
5,163.85000000000002
6,163.85000000000002
6,163.85000000000002
0,163.85000000000002
0,163.85000000000002
1,160.9
1,160.9
2,160.9
2,159.4
3,159.4
3,157.4
4,155.4
4,155.4
5,155.4
5,155.4
6,155.4
6,154.15
0,154.15
0,152.4
1,152.4
1,151.7
2,150.8
2,149.4
3,149.4
3,147.27142857142863
4,147.27142857142863
4,145.58333333333334
5,145.58333333333334
5,145.58333333333334
6,143.60000000000002
6,143.60000000000002
0,142.85000000000002
0,142.425
1,141.15
1,140.4125
2,140.4125
2,139.75
3,139.75
3,139.75
4,139.6
4,139.16000000000003
5,139.16000000000003
5,139.16000000000003
6,139.16000000000003
6,139.16000000000003
0,137.675
0,137.075
1,136.23333333333332
1,135.36666666666665
2,134.75
2,134.625
3,134.625
3,134.4
4,134.4
4,134.13333333333333
5,134.13333333333333
5,133.9
6,133.9
6,133.9
0,133.4
0,132.63333333333333
1,132.1
1,132.1
2,132.1
2,132.1
3,132.1
3,132.1
4,132.1
4,132.1
5,131.96666666666667
5,131.96666666666667
6,131.96666666666667
6,131.6
0,131.6
0,131.6
1,131.04999999999998
1,131.04999999999998
2,131.04999999999998
2,131.04999999999998
3,131.04999999999998
3,131.04999999999998
4,163.9
4,163.9
5,163.9
5,163.9
6,163.9
6,163.9
0,163.9
0,160.40000000000003
1,160.40000000000003
1,157.4
2,157.4
2,157.4
3,157.4
3,157.4
4,158.4
4,155.0666666666667
5,155.0666666666667
5,155.0666666666667
6,155.0666666666667
6,155.0666666666667
0,155.0666666666667
0,151.5666666666667
1,151.5666666666667
1,149.9
2,149.9
2,148.4
3,148.4
3,146.9
4,145.4
4,143.9
5,143.9
5,143.9
6,143.9
6,143.9
0,143.9
0,142.73333333333338
1,142.73333333333338
1,141.23333333333335
2,140.9
2,140.9
3,140.9
3,140.9
4,140.23333333333332
4,139.15
5,139.15
5,139.15
6,139.15
6,139.15
0,139.15
0,139.15
1,139.15
1,139.15
2,137.9
2,137.9
3,137.9
3,137.9
4,136.7
4,137.23333333333335
5,137.23333333333335
5,135.64999999999998
6,135.64999999999998
6,135.5
0,135.5
0,135.5
1,135.5
1,135.5
2,135.05
2,134.5
3,134.5
3,133.55
4,133.55
4,133.55
5,133.55
5,133.55
6,133.55
6,133.55
0,133.55
0,133.075
1,132.13333333333333
1,132.43333333333334
2,132.43333333333334
2,132.43333333333334
3,131.2
3,131.4333333333333
4,131.4333333333333
4,130.6
5,130.6
5,130.6
6,130.6
6,130.6
0,130.6
0,130.6
1,130.6
1,130.6
2,130.6
2,130.6
3,130.6
3,158.9
4,158.9
4,158.9
5,158.9
5,158.9
6,158.9
6,158.9
0,157.49999999999997
0,157.49999999999997
1,157.49999999999997
1,155.275
2,155.275
2,153.9
3,153.9
3,153.16666666666666
4,152.16666666666666
4,151.36666666666667
5,150.8
5,150.5
6,150.5
6,149.86666666666667
0,149.86666666666667
0,149.73333333333332
1,147.76666666666668
1,145.75454545454548
2,145.75454545454548
2,145.75454545454548
3,145.75454545454548
3,145.75454545454548
4,145.75454545454548
4,143.29999999999998
5,141.45
5,141.45
6,140.8
6,140.8
0,139.96666666666667
0,140.16666666666666
1,140.16666666666666
1,140.16666666666666
2,138.5
2,138.8
3,138.8
3,137.8
4,137.8
4,137.8
5,137.8
5,137.8
6,137.2
6,137.0
0,137.0
0,135.8
1,136.1
1,135.96666666666667
2,135.96666666666667
2,135.96666666666667
3,158.9
3,158.9
4,158.9
4,158.9
5,158.9
5,158.9
6,158.9
6,158.9
0,158.9
0,158.9
1,158.9
1,158.9
2,157.9
2,157.4
3,155.4
3,154.55
4,151.4
4,149.75000000000003
5,149.75000000000003
5,148.5666666666667
6,148.5666666666667
6,145.85
0,145.85
0,142.85
1,139.0
1,137.32727272727274
2,137.32727272727274
2,134.65454545454543
3,134.65454545454543
3,132.9
4,132.9
4,132.3
5,132.3
5,132.3
6,132.3
6,132.3
0,131.91666666666666
0,131.91666666666666
1,131.91666666666666
1,131.91666666666666
2,131.91666666666666
2,131.91666666666666
3,131.91666666666666
3,131.91666666666666
4,131.91666666666666
4,131.6
5,131.6
5,131.6
6,131.6
6,131.6
0,131.6
0,131.6
1,131.6
1,160.9
2,160.9
2,160.9
3,160.9
3,160.9
4,160.9
4,160.9
5,160.9
5,159.25
6,159.25
6,157.85000000000002
0,157.85000000000002
0,155.9
1,155.9
1,155.9
2,155.9
2,153.9
3,151.9
3,148.9
4,147.35
4,145.9
5,145.9
5,145.9
6,144.9
6,144.9
0,144.15
0,142.9
1,142.9
1,142.2
2,142.1
2,141.15
3,141.15
3,140.1
4,139.1
4,138.6
5,138.6
5,138.6
6,138.6
6,137.9
0,137.9
0,135.7
1,136.8
1,136.8
2,136.8
2,133.9
3,133.64999999999998
3,133.35000000000002
4,133.35000000000002
4,132.00000000000003
5,132.00000000000003
5,132.00000000000003
6,132.00000000000003
6,132.00000000000003
0,132.00000000000003
0,129.4
1,129.4
1,128.1714285714286
2,128.1714285714286
2,126.8
3,126.8
3,126.82857142857142
4,126.82857142857142
4,125.525
5,125.525
5,125.525
6,125.525
6,124.9
0,123.9
0,123.9
1,123.9
1,123.9
2,123.9
2,123.9
3,123.9
3,141.9
4,141.9
4,141.9
5,141.9
5,141.9
6,141.9
6,141.9
0,141.9
0,149.5666666666667
1,149.5666666666667
1,149.5666666666667
2,149.5666666666667
2,145.9
3,145.9
3,142.9
4,142.9
4,139.1
5,139.1
5,137.9
6,137.9
6,137.9
0,135.9
0,134.9
1,133.7
1,131.7
2,129.7
2,128.29999999999998
3,128.29999999999998
3,128.29999999999998
4,128.29999999999998
4,128.29999999999998
5,128.29999999999998
5,128.29999999999998
6,127.9
6,127.9
0,127.4
0,127.4
1,126.9
1,126.9
2,126.9
2,125.9
3,125.9
3,124.9
4,125.23333333333335
4,125.23333333333335
5,124.9
5,125.0
6,124.9
6,124.9
0,124.9
0,124.9
1,124.9
1,124.9
2,124.9
2,124.9
3,124.9
3,124.9
4,124.9
4,124.9
5,124.9
5,124.9
6,124.9
6,124.9
0,124.9
0,153.9
1,153.9
1,153.9
2,153.9
2,152.9
3,153.4
3,152.9
4,152.9
4,152.9
5,152.4
5,150.9
6,150.9
6,144.9
0,144.9
0,144.9
1,144.9
1,144.9
2,144.9
2,142.9
3,142.9
3,141.9
4,141.15
4,141.15
5,139.9
5,139.9
6,139.9
6,139.9
0,138.9
0,138.9
1,137.9
1,136.9
2,136.9
2,135.9
3,135.23333333333335
3,133.9
4,133.9
4,133.9
5,133.9
5,130.4
6,130.4
6,130.4
0,126.9
0,127.9
1,143.4
1,126.9
2,129.4
2,129.4
3,131.9
3,126.9
4,126.9
4,126.9
5,126.9
5,126.9
6,126.9
6,126.9
0,144.4
0,144.4
1,160.65
1,160.65
2,159.23333333333335
2,157.4
3,156.65
3,156.65
4,154.3
4,151.9
5,151.9
5,151.9
6,151.9
6,149.4
0,146.9
0,145.9
1,145.4
1,142.9
2,142.4
2,140.9
3,139.9
3,139.9
4,138.4
4,138.4
5,137.4
5,137.4
6,136.9
6,136.9
0,136.9
0,136.9
1,136.23333333333335
1,136.23333333333335
2,136.23333333333335
2,134.9
3,134.9
3,133.3
4,132.5
4,132.5
5,132.5
5,132.5
6,132.5
6,132.5
0,132.5
0,132.5
1,132.5
1,131.9
2,131.9
2,131.9
3,151.9
3,151.9
4,151.9
4,151.9
5,151.9
5,151.9
6,151.9
6,151.9
0,151.9
0,151.9
1,151.9
1,159.4
2,157.23333333333335
2,155.9
3,155.9
3,155.23333333333335
4,155.23333333333335
4,155.23333333333335
5,152.23333333333335
5,152.23333333333335
6,152.23333333333335
6,152.23333333333335
0,152.23333333333335
0,152.23333333333335
1,147.9
1,146.5666666666667
2,143.9
2,142.9
3,142.9
3,142.9
4,142.9
4,140.9
5,140.9
5,140.9
6,140.9
6,139.9
0,139.9
0,138.5666666666667
1,136.9
1,136.9
2,136.9
2,136.9
3,135.9
3,163.9
4,163.9
4,163.9
5,163.9
5,163.9
6,163.9
6,163.9
0,163.9
0,162.5666666666667
1,162.5666666666667
1,158.9
2,158.9
2,158.9
3,158.9
3,158.23333333333335
4,158.23333333333335
4,156.9
5,156.9
5,156.9
6,156.9
6,156.9
0,156.9
0,156.9
1,156.9
1,155.9
2,155.9
2,154.9
3,154.9
3,153.65
4,153.65
4,149.4
5,149.4
5,149.4
6,149.4
6,149.4
0,149.4
0,149.4
1,149.4
1,146.9
2,144.9
2,143.9
3,142.5666666666667
3,141.6142857142857
4,141.6142857142857
4,168.9
5,168.9
5,168.9
6,168.9
6,168.9
0,168.9
0,167.4
1,167.4
1,167.4
2,167.4
2,167.4
3,167.4
3,167.4
4,167.4
4,167.4
5,167.4
5,165.9
6,164.9
6,164.9
0,164.9
0,164.9
1,164.9
1,164.9
2,164.15
2,164.15
3,162.9
3,161.4
4,159.4
4,157.55
5,157.55
5,157.55
6,152.9
6,150.9
0,150.9
0,147.4
1,147.4
1,151.9
2,151.9
2,151.9
3,151.9
3,145.23333333333335
4,150.9
4,145.4
5,144.9
5,144.9
6,144.9
6,144.9
0,143.9
0,143.9
1,143.9
1,143.9
2,143.9
2,143.9
3,161.9
3,161.9
4,161.9
4,161.9
5,161.9
5,161.9
6,161.9
6,161.9
0,167.4
0,167.4
1,167.4
1,167.4
2,167.4
2,164.65
3,163.23333333333335
3,162.9
4,162.9
4,162.9
5,162.9
5,162.9
6,162.9
6,162.9
0,162.9
0,162.9
1,162.9
1,162.15
2,158.4
2,156.9
3,154.9
3,154.9
4,154.9
4,154.9
5,152.9
5,152.9
6,150.9
6,150.9
0,150.9
0,150.9
1,150.9
1,150.9
2,149.5666666666667
2,149.9
3,149.9
3,149.9
4,147.1
4,150.9
5,150.9
5,150.9
6,150.9
6,150.9
0,150.9
0,150.9
1,150.9
1,150.9
2,150.9
2,150.9
3,150.9
3,150.9
4,168.9
4,168.9
5,168.9
5,168.9
6,168.9
6,168.9
0,166.9
0,166.9
1,166.9
1,166.9
2,166.9
2,166.9
3,166.9
3,166.15
4,166.15
4,166.15
5,166.15
5,166.15
6,166.15
6,166.15
0,166.15
0,164.9
1,162.9
1,159.1
2,159.1
2,157.35
3,154.9
3,154.9
4,151.9
4,150.9
5,150.9
5,149.9
6,149.9
6,149.9
0,145.9
0,145.9
1,144.9
1,144.9
2,144.9
2,144.9
3,144.9
3,144.9
4,144.9
4,144.9
5,144.9
5,144.9
6,144.9
6,144.9
0,144.9
0,144.9
1,144.9
1,144.9
2,144.9
2,144.9
3,144.9
3,144.9
4,144.9
4,144.9
5,144.9
5,144.9
6,144.9
6,144.9
0,144.9
0,144.9
1,144.9
1,144.9
2,144.9
2,144.9
3,144.9
3,144.9
4,144.9
4,144.9
5,144.9
5,144.9
6,144.9
6,144.9
0,144.9
0,144.9
1,144.9
1,145.9
2,161.23333333333332
2,161.23333333333332
3,161.23333333333332
3,161.23333333333332
4,161.23333333333332
4,161.23333333333332
5,161.23333333333332
5,161.23333333333332
6,161.23333333333332
6,161.23333333333332
0,161.23333333333332
0,168.15
1,168.15
1,168.15
2,166.9
2,166.9
3,164.9
3,164.9
4,164.9
4,164.9
5,164.9
5,164.9
6,161.9
6,159.4
0,159.4
0,159.4
1,159.4
1,154.9
2,154.9
2,153.4
3,147.9
3,150.23333333333335
4,150.23333333333335
4,144.5666666666667
5,144.5666666666667
5,144.5666666666667
6,146.9
6,146.9
0,140.9
0,142.9
1,142.9
1,142.9
2,142.9
2,142.9
3,142.9
3,142.9
4,142.9
4,142.9
5,142.9
5,142.9
6,142.9
6,142.9
0,168.9
0,168.9
1,168.9
1,168.9
2,168.9
2,168.9
3,166.9
3,166.9
4,166.9
4,166.9
5,166.9
5,166.9
6,166.9
6,160.9
0,154.15
0,151.9
1,150.73333333333332
1,150.23333333333335
2,148.025
2,148.025
3,148.025
3,149.9
4,143.9
4,145.9
5,145.9
5,144.9
6,144.9
6,144.9
0,144.9
0,144.9
1,144.9
1,144.9
2,144.9
2,144.9
3,144.9
3,144.9
4,144.9
4,144.9
5,144.9
5,144.9
6,144.9
6,144.9
0,144.9
0,144.9
1,144.9
1,144.9
2,144.9
2,144.9
3,162.9
3,162.9
4,162.9
4,162.9
5,162.9
5,162.9
6,162.9
6,162.9
0,170.9
0,170.9
1,170.9
1,169.9
2,169.9
2,169.9
3,167.9
3,166.9
4,166.9
4,166.9
5,166.9
5,166.9
6,166.9
6,162.9
0,160.9
0,159.4
1,159.4
1,159.4
2,159.4
2,159.4
3,159.4
3,159.4
4,159.4
4,159.4
5,159.4
5,159.4
6,159.4
6,154.9
0,154.9
0,154.9
1,154.9
1,154.9
2,154.9
2,154.9
3,170.65
3,170.65
4,170.65
4,170.65
5,170.65
5,170.65
6,170.65
6,174.5666666666667
