0,128.9
0,128.9
1,124.9
1,124.9
2,124.4
2,124.4
3,123.7
3,123.7
4,122.9
4,122.9
5,122.9
5,122.9
6,122.9
6,121.9
0,120.03333333333335
0,120.03333333333335
1,120.03333333333335
1,120.03333333333335
2,116.56000000000002
2,116.56000000000002
3,116.56000000000002
3,114.9
4,114.4
4,114.4
5,114.4
5,114.4
6,114.4
6,114.4
0,114.44999999999999
0,114.44999999999999
1,114.44999999999999
1,114.44999999999999
2,114.44999999999999
2,114.44999999999999
3,145.9
3,145.9
4,145.9
4,145.9
5,145.9
5,145.9
6,145.9
6,145.9
0,145.9
0,145.9
1,142.4
1,142.4
2,142.4
2,142.4
3,139.9
3,139.9
4,139.9
4,136.9
5,136.9
5,133.9
6,133.9
6,130.4
0,130.4
0,130.4
1,127.7
1,126.9
2,126.9
2,126.9
3,124.90000000000002
3,121.9
4,121.9
4,121.9
5,121.9
5,121.9
6,121.9
6,121.9
0,121.9
0,121.9
1,119.9
1,119.9
2,147.9
2,147.9
3,147.9
3,147.9
4,147.23333333333335
4,147.23333333333335
5,145.9
5,145.9
6,144.9
6,144.9
0,144.9
0,143.86666666666667
1,141.9
1,141.9
2,139.9
2,139.9
3,138.65
3,138.65
4,137.23333333333335
4,137.23333333333335
5,137.23333333333335
5,137.23333333333335
6,132.9
6,132.9
0,132.56
0,132.56
1,125.9
1,125.9
2,125.9
2,125.9
3,137.1
3,137.1
4,137.1
4,137.1
5,149.95
5,149.95
6,149.95
6,149.95
0,150.0
0,149.9
1,149.9
1,149.9
2,143.4
2,143.4
3,143.4
3,143.4
4,143.4
4,143.4
5,143.4
5,143.4
6,143.4
6,143.4
0,143.4
0,143.4
1,143.4
1,143.4
2,143.4
2,143.4
3,143.4
3,143.4
4,143.4
4,143.4
5,143.4
5,143.4
6,143.4
6,143.4
0,143.4
0,143.4
1,143.4
1,143.4
2,143.4
2,143.4
3,143.4
3,143.4
4,143.4
4,143.4
5,143.4
5,143.4
6,143.4
6,143.4
0,143.4
0,143.4
1,143.4
1,143.4
2,143.4
2,143.4
3,143.4
3,143.4
4,143.4
4,143.4
5,143.4
5,143.4
6,143.4
6,143.4
0,143.4
0,143.4
1,143.4
1,143.4
2,143.4
2,143.4
3,143.4
3,143.4
4,143.4
4,143.4
5,143.4
5,143.4
6,143.4
6,143.4
0,143.4
0,143.4
1,143.4
1,143.4
2,143.4
2,143.4
3,143.4
3,143.4
4,143.4
4,143.4
5,143.4
5,143.4
6,143.4
6,143.4
0,143.4
0,143.4
1,143.4
1,143.4
2,143.4
2,143.4
3,143.4
3,143.4
4,143.4
4,143.4
5,143.4
5,143.4
6,143.4
6,143.4
0,143.4
0,143.4
1,143.4
1,143.4
2,143.4
2,143.4
3,143.4
3,143.4
4,143.4
4,143.4
5,143.4
5,143.4
6,143.4
6,143.4
0,143.4
0,143.4
1,143.4
1,143.4
2,143.4
2,143.4
3,143.4
3,143.4
4,143.4
4,143.4
5,143.4
5,143.4
6,143.4
6,143.4
0,143.4
0,143.4
1,143.4
1,143.4
2,143.4
2,143.4
3,125.9
3,125.9
4,152.95
4,152.9
5,152.9
5,152.9
6,152.9
6,152.9
0,152.9
0,152.9
1,152.9
1,152.9
2,152.9
2,152.9
3,152.4
3,152.4
4,151.65
4,150.9
5,150.9
5,150.9
6,150.9
6,150.9
0,150.9
0,150.9
1,150.4
1,150.4
2,150.4
2,150.4
3,150.95
3,149.4
4,149.4
4,149.4
5,149.4
5,149.4
6,149.4
6,149.4
0,149.4
0,149.4
1,149.4
1,149.4
2,149.4
2,149.4
3,148.4
3,148.4
4,148.4
4,147.4
5,147.4
5,147.45
6,146.9
6,146.9
0,146.9
0,141.4
1,141.4
1,141.4
2,141.4
2,141.4
3,141.4
3,141.4
4,141.4
4,141.4
5,141.4
5,141.4
6,141.4
6,141.4
0,141.4
0,141.4
1,141.4
1,139.3
2,163.9
2,163.95
3,163.95
3,163.95
4,163.95
4,163.95
5,163.95
5,163.95
6,163.95
6,163.95
0,163.95
0,163.95
1,163.4
1,163.4
2,163.45
2,163.45
3,162.9
3,162.9
4,162.9
4,162.9
5,162.9
5,162.9
6,162.9
6,162.9
0,162.9
0,162.9
1,162.9
1,162.25
2,162.25
2,158.35
3,155.4
3,154.8
4,154.8
4,154.8
5,154.8
5,154.8
6,151.7
6,151.7
0,151.7
0,149.46666666666667
1,149.46666666666667
1,149.46666666666667
2,147.73333333333332
2,146.9
3,146.9
3,146.9
4,144.2
4,143.4
5,143.4
5,143.2
6,143.2
6,142.9
0,142.9
0,142.39999999999998
1,141.9
1,141.6
2,141.6
2,141.6
3,141.2
3,141.2
4,141.2
4,137.9
5,137.9
5,137.9
6,137.7
6,137.6
0,137.6
0,137.6
1,161.9
1,161.9
2,161.9
2,137.6
3,137.6
3,137.6
4,137.6
4,146.6
5,145.9
5,137.9
6,137.9
6,137.2
0,137.2
0,137.2
1,137.2
1,137.2
2,137.2
2,163.9
3,163.9
3,163.9
4,163.9
4,163.9
5,163.9
5,163.9
6,163.9
6,163.9
0,163.9
0,163.9
1,163.9
1,163.9
2,162.1
2,162.1
3,162.1
3,159.4
4,159.4
4,159.4
5,159.4
5,156.7
6,155.2
6,155.2
0,155.2
0,155.2
1,155.2
1,155.2
2,155.2
2,154.4
3,154.4
3,154.4
4,154.4
4,154.4
5,154.4
5,154.4
6,154.4
6,154.4
0,154.4
0,152.93333333333334
1,152.93333333333334
1,149.53333333333333
2,149.53333333333333
2,145.4
3,145.4
3,144.0666666666667
4,144.0666666666667
4,144.0666666666667
5,144.0666666666667
5,144.0666666666667
6,144.0666666666667
6,141.60000000000002
0,141.60000000000002
0,141.60000000000002
1,141.0
1,141.0
2,140.5
2,140.5
3,140.5
3,140.5
4,140.5
4,140.5
5,140.5
5,140.5
6,140.5
6,137.5
0,137.5
0,136.4
1,136.4
1,136.4
2,135.4
2,135.4
3,135.4
3,135.4
4,135.4
4,135.4
5,135.4
5,135.4
6,135.4
6,135.4
0,135.4
0,135.4
1,135.4
1,135.4
2,134.9
2,134.9
3,134.9
3,132.0
4,131.5
4,131.5
5,131.5
5,130.4
6,130.4
6,129.4
0,129.4
0,129.4
1,129.4
1,129.4
2,129.4
2,129.4
3,129.4
3,129.4
4,129.4
4,147.1
5,147.1
5,147.1
6,147.1
6,147.1
0,147.1
0,147.1
1,147.1
1,158.4
2,158.4
2,158.4
3,158.4
3,158.4
4,158.4
4,156.4
5,156.4
5,153.9
6,153.9
6,152.4
0,151.4
0,151.4
1,151.4
1,151.4
2,151.3
2,152.60000000000002
3,152.60000000000002
3,150.5
4,150.5
4,150.5
5,150.5
5,150.5
6,150.5
6,150.5
0,149.8
0,145.55
1,145.55
1,145.55
2,145.55
2,145.55
3,145.55
3,145.55
4,145.71999999999997
4,145.71999999999997
5,145.71999999999997
5,145.71999999999997
6,145.71999999999997
6,145.71999999999997
0,145.71999999999997
0,145.71999999999997
1,158.9
1,158.9
2,158.9
2,158.9
3,158.9
3,158.9
4,158.9
4,158.9
5,158.9
5,158.9
6,158.9
6,158.9
0,158.9
0,158.9
1,158.9
1,158.9
2,158.9
2,158.9
3,156.5
3,156.5
4,156.5
4,152.9
5,152.9
5,151.3
6,147.4
6,147.4
0,145.7
0,141.4
1,141.4
1,140.4
2,140.4
2,140.4
3,140.4
3,140.4
4,140.4
4,140.4
5,140.4
5,139.3
6,139.3
6,138.8
0,138.8
0,138.8
1,138.8
1,138.8
2,138.8
2,138.8
3,138.8
3,138.8
4,138.8
4,138.4
5,138.4
5,138.4
6,138.4
6,138.4
0,138.4
0,138.4
1,160.9
1,160.9
2,160.9
2,160.9
3,160.9
3,160.9
4,160.9
4,160.9
5,160.9
5,160.9
6,160.9
6,160.9
0,160.9
0,160.9
1,160.9
1,158.9
2,158.9
2,158.9
3,158.4
3,157.8
4,157.8
4,156.0
5,156.0
5,156.0
6,155.4
6,155.4
0,155.4
0,155.4
1,153.0
1,153.0
2,153.0
2,151.5
3,151.5
3,151.5
4,150.3
4,149.8
5,149.8
5,149.3
6,149.3
6,149.3
0,149.3
0,149.3
1,148.8
1,148.8
2,148.8
2,146.9
3,144.9
3,142.525
4,141.45
4,140.8
5,140.8
5,139.9
6,139.9
6,138.0
0,138.0
0,136.95
1,136.95
1,136.8
2,136.8
2,135.85000000000002
3,135.2
3,135.0
4,135.0
4,134.55
5,134.55
5,134.55
6,134.55
6,134.55
0,134.55
0,134.55
1,134.55
1,134.55
2,134.55
2,134.55
3,134.55
3,134.55
4,134.55
4,134.55
5,134.55
5,134.55
6,134.55
6,134.55
0,134.55
0,134.55
1,134.55
1,134.55
2,134.55
2,134.55
3,134.55
3,134.55
4,134.55
4,134.55
5,134.55
5,134.55
6,134.55
6,134.55
0,134.55
0,134.55
1,134.55
1,134.55
2,134.55
2,134.55
3,134.55
3,134.55
4,134.55
4,134.55
5,134.55
5,134.55
6,134.55
6,134.55
0,134.55
0,134.55
1,134.55
1,134.55
2,134.55
2,134.55
3,134.55
3,134.55
4,134.55
4,134.55
5,134.55
5,134.55
6,134.55
6,134.55
0,134.55
0,134.55
1,134.55
1,134.55
2,134.55
2,134.55
3,134.55
3,134.55
4,134.55
4,134.55
5,134.55
5,134.55
6,134.55
6,134.55
0,134.55
0,134.55
1,134.55
1,134.55
2,134.55
2,134.55
3,134.55
3,134.55
4,134.55
4,134.55
5,134.55
5,134.55
6,134.55
6,134.55
0,134.55
0,134.55
1,134.55
1,134.55
2,134.55
2,134.55
3,134.55
3,134.55
4,134.55
4,134.55
5,134.55
5,134.55
6,134.55
6,134.55
0,134.55
0,134.55
1,134.55
1,134.55
2,134.55
2,134.55
3,134.55
3,134.55
4,134.55
4,134.55
5,134.55
5,134.55
6,134.55
6,134.55
0,134.55
0,134.55
1,134.55
1,134.55
2,134.55
2,134.55
3,134.55
3,134.55
4,134.55
4,134.55
5,134.55
5,134.55
6,134.55
6,134.55
0,134.55
0,134.55
1,134.55
1,134.55
2,134.55
2,134.55
3,134.55
3,134.55
4,134.55
4,134.55
5,134.55
5,134.55
6,134.55
6,134.55
0,134.55
0,134.55
1,134.55
1,134.55
2,134.55
2,134.55
3,134.55
3,134.55
4,134.55
4,134.55
5,134.55
5,134.55
6,134.55
6,134.55
0,134.55
0,134.55
1,134.55
1,134.55
2,134.55
2,134.55
3,134.55
3,134.55
4,134.55
4,134.55
5,134.55
5,134.55
6,134.55
6,134.55
0,134.55
0,134.55
1,134.55
1,134.55
2,134.55
2,134.55
3,134.55
3,134.55
4,134.55
4,134.55
5,134.55
5,134.55
6,134.55
6,134.55
0,134.55
0,134.55
1,134.55
1,134.55
2,134.55
2,134.55
3,134.55
3,134.55
4,134.55
4,134.55
5,134.55
5,134.55
6,134.55
6,134.55
0,134.55
0,134.55
1,134.55
1,134.55
2,134.55
2,134.55
3,134.55
3,134.55
4,134.55
4,134.55
5,134.55
5,134.55
6,134.55
6,134.55
0,134.55
0,134.55
1,134.55
1,134.55
2,134.55
2,134.55
3,134.55
3,134.55
4,134.55
4,134.55
5,134.55
5,134.55
6,134.55
6,134.55
0,134.55
0,134.55
1,134.55
1,134.55
2,134.55
2,134.55
3,134.55
3,134.55
4,134.55
4,134.55
5,134.55
5,134.55
6,134.55
6,134.55
0,134.55
0,134.55
1,134.55
1,134.55
2,134.55
2,134.55
3,134.55
3,134.55
4,134.55
4,134.55
5,134.55
5,134.55
6,134.55
6,134.55
0,134.55
0,134.55
1,134.55
1,134.55
2,134.55
2,134.55
3,134.55
3,134.55
4,134.55
4,134.55
5,134.55
5,134.55
6,134.55
6,134.55
0,134.55
0,134.55
1,134.55
1,134.55
2,134.55
2,134.55
3,134.55
3,134.55
4,134.55
4,134.55
5,134.55
5,134.55
6,134.55
6,134.55
0,134.55
0,134.55
1,134.55
1,134.55
2,134.55
2,134.55
3,134.55
3,134.55
4,134.55
4,134.55
5,134.55
5,134.55
6,134.55
6,134.55
0,134.55
0,134.55
1,134.55
1,134.55
2,134.55
2,134.55
3,134.55
3,134.55
4,134.55
4,134.55
5,134.55
5,134.55
6,134.55
6,134.55
0,134.55
0,134.55
1,134.55
1,134.55
2,134.55
2,134.55
3,134.55
3,134.55
4,134.55
4,134.55
5,134.55
5,134.55
6,134.55
6,134.55
0,134.55
0,134.55
1,134.55
1,134.55
2,134.55
2,134.55
3,134.55
3,134.55
4,134.55
4,134.55
5,134.55
5,134.55
6,134.55
6,134.55
0,134.55
0,134.55
1,134.55
1,134.55
2,134.55
2,134.55
3,134.55
3,134.55
4,134.55
4,134.55
5,134.55
5,134.55
6,134.55
6,134.55
0,134.55
0,134.55
1,134.55
1,134.55
2,134.55
2,134.55
3,134.55
3,134.55
4,134.55
4,134.55
5,134.55
5,134.55
6,134.55
6,134.55
0,134.55
0,134.55
1,134.55
1,134.55
2,134.55
2,134.55
3,134.55
3,134.55
4,134.55
4,134.55
5,134.55
5,134.55
6,134.55
6,134.55
0,134.55
0,134.55
1,134.55
1,134.55
2,134.55
2,134.55
3,134.55
3,134.55
4,134.55
4,134.55
5,134.55
5,134.55
6,134.55
6,134.55
0,134.55
0,134.55
1,134.55
1,134.55
2,134.55
2,134.55
3,134.55
3,134.55
4,134.55
4,134.55
5,134.55
5,134.55
6,134.55
6,134.55
0,134.55
0,134.55
1,134.55
1,134.55
2,134.55
2,134.55
3,134.55
3,134.55
4,134.55
4,134.55
5,134.55
5,134.55
6,134.55
6,134.55
0,134.55
0,134.55
1,134.55
1,134.55
2,134.55
2,134.55
3,134.55
3,134.55
4,134.55
4,134.55
5,134.55
5,134.55
6,134.55
6,134.55
0,134.55
0,134.55
1,134.55
1,134.55
2,134.55
2,134.55
3,134.55
3,134.55
4,134.55
4,134.55
5,134.55
5,134.55
6,134.55
6,134.55
0,134.55
0,134.55
1,134.55
1,134.55
2,134.55
2,134.55
3,134.55
3,134.55
4,134.55
4,134.55
5,134.55
5,134.55
6,134.55
6,134.55
0,134.55
0,134.55
1,134.55
1,134.55
2,134.55
2,134.55
3,134.55
3,134.55
4,134.55
4,134.55
5,134.55
5,134.55
6,134.55
6,134.55
0,134.55
0,134.55
1,134.55
1,134.55
2,134.55
2,134.55
3,134.55
3,134.55
4,134.55
4,134.55
5,134.55
5,134.55
6,134.55
6,134.55
0,134.55
0,134.55
1,134.55
1,134.55
2,134.55
2,134.55
3,134.55
3,134.55
4,134.55
4,134.55
5,134.55
5,134.55
6,134.55
6,134.55
0,134.55
0,134.55
1,134.55
1,134.55
2,134.55
2,134.55
3,134.55
3,134.55
4,134.55
4,134.55
5,134.55
5,134.55
6,134.55
6,134.55
0,134.55
0,134.55
1,134.55
1,134.55
2,134.55
2,134.55
3,134.55
3,134.55
4,134.55
4,134.55
5,134.55
5,134.55
6,134.55
6,134.55
0,134.55
0,134.55
1,134.55
1,134.55
2,134.55
2,134.55
3,134.55
3,134.55
4,134.55
4,134.55
5,134.55
5,134.55
6,134.55
6,134.55
0,134.55
0,134.55
1,134.55
1,134.55
2,134.55
2,134.55
3,134.55
3,134.55
4,134.55
4,134.55
5,134.55
5,134.55
6,134.55
6,134.55
0,134.55
0,134.55
1,134.55
1,134.55
2,134.55
2,134.55
3,134.55
3,134.55
4,134.55
4,134.55
5,134.55
5,134.55
6,134.55
6,134.55
0,134.55
0,134.55
1,134.55
1,134.55
2,134.55
2,134.55
3,134.55
3,134.55
4,134.55
4,134.55
5,134.55
5,134.55
6,134.55
6,134.55
0,134.55
0,134.55
1,134.55
1,134.55
2,134.55
2,134.55
3,134.55
3,134.55
4,134.55
4,134.55
5,134.55
5,134.55
6,134.55
6,134.55
