0,123.9
0,123.9
1,122.9
1,122.9
2,122.9
2,122.9
3,122.9
3,120.9
4,120.5
4,120.5
5,120.5
5,119.9
6,119.9
6,119.9
0,119.60000000000001
0,119.60000000000001
1,118.8
1,118.9
2,118.9
2,115.9
3,115.9
3,115.9
4,114.5
4,114.5
5,114.5
5,114.5
6,114.5
6,114.5
0,114.5
0,114.5
1,114.5
1,114.5
2,114.5
2,114.5
3,145.9
3,145.9
4,145.9
4,144.9
5,144.9
5,144.9
6,144.9
6,144.9
0,144.9
0,144.9
1,142.4
1,142.4
2,142.4
2,142.4
3,138.9
3,138.9
4,136.9
4,136.9
5,135.9
5,133.9
6,133.9
6,133.9
0,130.4333333333333
0,130.4333333333333
1,127.96666666666665
1,127.96666666666665
2,124.5
2,124.5
3,124.5
3,124.5
4,133.1
4,133.1
5,133.1
5,133.1
6,133.1
6,121.4
0,119.9
0,119.9
1,119.9
1,119.9
2,119.9
2,119.9
3,147.9
3,147.9
4,157.5
4,157.5
5,144.9
5,144.9
6,143.4
6,143.4
0,143.4
0,140.9
1,137.9
1,135.9
2,135.9
2,134.9
3,134.9
3,134.9
4,133.9
4,133.9
5,131.9
5,131.9
6,131.9
6,131.9
0,130.9
0,129.9
1,128.2
1,124.9
2,124.85
2,124.85
3,136.9
3,136.9
4,136.9
4,149.4
5,149.4
5,149.4
6,148.9
6,148.9
0,147.9
0,146.9
1,146.9
1,146.9
2,146.9
2,146.9
3,144.9
3,144.9
4,143.9
4,143.9
5,143.9
5,143.9
6,143.9
6,143.9
0,143.9
0,143.9
1,143.9
1,143.9
2,143.9
2,143.9
3,143.9
3,143.9
4,143.9
4,143.9
5,143.9
5,143.9
6,143.9
6,143.9
0,143.9
0,143.9
1,143.9
1,143.9
2,143.9
2,143.9
3,143.9
3,143.9
4,143.9
4,143.9
5,143.9
5,143.9
6,143.9
6,143.9
0,143.9
0,143.9
1,143.9
1,143.9
2,143.9
2,143.9
3,143.9
3,143.9
4,143.9
4,143.9
5,143.9
5,143.9
6,143.9
6,143.9
0,143.9
0,143.9
1,143.9
1,143.9
2,143.9
2,143.9
3,143.9
3,143.9
4,143.9
4,143.9
5,143.9
5,143.9
6,143.9
6,143.9
0,143.9
0,143.9
1,143.9
1,143.9
2,143.9
2,143.9
3,143.9
3,143.9
4,143.9
4,143.9
5,143.9
5,143.9
6,143.9
6,143.9
0,143.9
0,143.9
1,143.9
1,143.9
2,143.9
2,143.9
3,143.9
3,143.9
4,143.9
4,143.9
5,143.9
5,143.9
6,143.9
6,143.9
0,143.9
0,143.9
1,143.9
1,143.9
2,143.9
2,143.9
3,143.9
3,143.9
4,143.9
4,143.9
5,143.9
5,143.9
6,143.9
6,143.9
0,143.9
0,143.9
1,143.9
1,143.9
2,143.9
2,143.9
3,143.9
3,143.9
4,143.9
4,143.9
5,143.9
5,143.9
6,143.9
6,143.9
0,143.9
0,143.9
1,143.9
1,143.9
2,143.9
2,143.9
3,124.5
3,124.5
4,152.9
4,152.9
5,152.9
5,152.9
6,152.9
6,152.9
0,152.9
0,152.9
1,152.9
1,152.4
2,152.4
2,152.4
3,151.9
3,151.9
4,150.9
4,148.9
5,148.9
5,148.9
6,148.9
6,148.9
0,147.9
0,146.9
1,147.9
1,146.9
2,146.9
2,146.9
3,146.9
3,146.9
4,146.9
4,146.9
5,146.9
5,146.9
6,146.9
6,144.9
0,146.5
0,144.9
1,144.9
1,144.9
2,144.9
2,144.9
3,143.9
3,142.9
4,141.9
4,140.9
5,140.9
5,139.9
6,139.9
6,139.9
0,139.9
0,139.95
1,139.95
1,139.95
2,139.95
2,139.95
3,139.95
3,139.95
4,139.95
4,139.95
5,139.95
5,139.95
6,139.95
6,139.95
0,139.95
0,139.95
1,139.95
1,139.95
2,139.95
2,163.9
3,163.9
3,163.9
4,163.9
4,163.9
5,163.9
5,163.9
6,163.9
6,163.9
0,163.9
0,162.9
1,162.9
1,162.9
2,162.9
2,161.9
3,159.9
3,159.9
4,159.9
4,158.9
5,158.9
5,156.9
6,156.9
6,156.9
0,156.9
0,155.9
1,155.9
1,153.9
2,153.9
2,151.9
3,149.9
3,148.9
4,148.9
4,147.9
5,147.9
5,147.9
6,143.9
6,143.9
0,143.9
0,143.9
1,143.9
1,142.9
2,142.9
2,142.9
3,142.9
3,142.9
4,142.9
4,142.9
5,142.9
5,142.9
6,142.9
6,141.9
0,141.9
0,141.23333333333335
1,141.23333333333335
1,139.73333333333332
2,139.73333333333332
2,139.73333333333332
3,139.73333333333332
3,139.73333333333332
4,139.73333333333332
4,139.73333333333332
5,139.73333333333332
5,138.23333333333332
6,138.23333333333332
6,138.23333333333332
0,138.23333333333332
0,137.23333333333332
1,137.23333333333332
1,136.56666666666666
2,136.56666666666666
2,136.56666666666666
3,136.56666666666666
3,136.56666666666666
4,135.9
4,135.9
5,135.9
5,135.9
6,135.9
6,135.9
0,135.9
0,135.9
1,134.9
1,135.4
2,135.4
2,135.4
3,135.4
3,154.23333333333332
4,154.23333333333332
4,154.23333333333332
5,154.23333333333332
5,154.23333333333332
6,154.23333333333332
6,154.23333333333332
0,154.23333333333332
0,163.23333333333332
1,161.9
1,162.4
2,162.4
2,162.4
3,159.9
3,159.9
4,158.9
4,158.42000000000002
5,158.42000000000002
5,155.9
6,155.9
6,155.9
0,152.4
0,154.15
1,154.15
1,154.15
2,154.15
2,152.0666666666667
3,152.0666666666667
3,150.5666666666667
4,150.5666666666667
4,150.5666666666667
5,150.5666666666667
5,150.5666666666667
6,150.5666666666667
6,148.73333333333332
0,148.73333333333332
0,143.5666666666667
1,141.15
1,140.9
2,139.9
2,138.9
3,138.9
3,138.9
4,138.9
4,138.9
5,138.9
5,138.9
6,136.9
6,136.9
0,136.9
0,136.9
1,136.9
1,136.9
2,136.9
2,136.9
3,136.9
3,136.9
4,136.9
4,136.9
5,136.9
5,136.9
6,136.9
6,136.9
0,136.9
0,134.7
1,134.7
1,134.7
2,134.7
2,131.63333333333333
3,131.63333333333333
3,131.63333333333333
4,130.9
4,131.2
5,131.2
5,131.2
6,131.2
6,131.2
0,131.2
0,131.2
1,130.7
1,130.5
2,130.2
2,129.9
3,129.9
3,129.9
4,129.9
4,129.9
5,129.9
5,129.9
6,129.9
6,129.9
0,129.9
0,129.9
1,129.9
1,129.9
2,129.9
2,129.9
3,129.9
3,129.9
4,129.9
4,158.9
5,158.9
5,158.9
6,158.9
6,158.9
0,158.9
0,158.9
1,158.9
1,157.9
2,157.9
2,156.9
3,156.9
3,156.9
4,154.9
4,154.9
5,154.9
5,154.9
6,154.9
6,151.9
0,151.9
0,151.9
1,151.9
1,151.9
2,151.9
2,149.9
3,149.9
3,149.9
4,149.9
4,149.9
5,149.9
5,149.9
6,149.9
6,147.9
0,146.9
0,146.9
1,146.9
1,146.9
2,146.9
2,146.9
3,144.9
3,144.9
4,144.9
4,144.9
5,144.9
5,144.9
6,144.9
6,144.9
0,143.9
0,139.9
1,139.9
1,139.9
2,134.9
2,134.9
3,134.9
3,133.9
4,133.9
4,133.9
5,133.9
5,133.9
6,133.9
6,133.9
0,158.9
0,157.9
1,157.9
1,157.9
2,157.9
2,150.4
3,150.4
3,150.4
4,150.4
4,142.9
5,142.9
5,139.9
6,139.9
6,139.9
0,139.9
0,139.9
1,139.9
1,139.9
2,139.9
2,139.9
3,138.9
3,137.7
4,137.7
4,137.7
5,136.7
5,136.7
6,136.7
6,136.7
0,136.7
0,136.7
1,136.7
1,135.9
2,135.9
2,135.9
3,135.9
3,133.9
4,133.9
4,133.9
5,133.9
5,133.9
6,133.9
6,133.9
0,133.9
0,133.9
1,160.9
1,160.9
2,160.9
2,160.9
3,160.9
3,160.9
4,160.9
4,158.9
5,158.9
5,158.9
6,158.9
6,158.9
0,158.9
0,158.9
1,158.9
1,157.9
2,157.9
2,155.4
3,155.4
3,153.9
4,153.9
4,151.9
5,151.9
5,151.9
6,151.9
6,149.9
0,149.9
0,149.9
1,148.5
1,147.5
2,144.5
2,144.5
3,143.9
3,141.9
4,141.9
4,140.0
5,140.0
5,140.0
6,140.0
6,140.0
0,140.0
0,140.0
1,134.9
1,134.9
2,134.9
2,134.9
3,134.9
3,134.9
4,134.9
4,134.5
5,134.5
5,133.5
6,133.5
6,132.7
0,132.7
0,132.7
1,132.7
1,132.4
2,132.55
2,132.1
3,131.65
3,131.65
4,130.9
4,130.9
5,130.9
5,130.9
6,130.9
6,130.9
0,130.9
0,130.3
1,129.3
1,130.3
2,129.3
2,129.3
3,129.3
3,150.9
4,150.9
4,150.9
5,150.9
5,150.9
6,150.9
6,150.9
0,150.9
0,148.4
1,148.4
1,148.4
2,148.4
2,148.4
3,148.4
3,144.9
4,143.9
4,143.9
5,143.9
5,143.9
6,143.9
6,143.9
0,139.9
0,136.9
1,136.9
1,134.9
2,134.9
2,133.9
3,133.9
3,133.9
4,132.9
4,132.9
5,132.9
5,132.9
6,132.9
6,133.9
0,133.9
0,133.9
1,133.9
1,133.9
2,133.9
2,133.9
3,133.9
3,133.9
4,133.9
4,133.9
5,133.9
5,133.9
6,133.9
6,133.9
0,133.9
0,133.9
1,133.9
1,133.9
2,133.9
2,133.9
3,132.9
3,132.9
4,132.9
4,132.9
5,132.9
5,132.9
6,132.9
6,132.9
0,132.9
0,132.9
1,132.9
1,159.9
2,156.9
2,156.9
3,153.9
3,150.9
4,150.9
4,148.9
5,148.9
5,148.9
6,147.9
6,147.9
0,146.9
0,146.9
1,146.9
1,144.9
2,143.4
2,138.9
3,138.9
3,137.9
4,138.9
4,138.9
5,138.9
5,138.9
6,138.9
6,138.9
0,138.9
0,135.9
1,135.9
1,135.9
2,135.9
2,135.9
3,135.9
3,135.9
4,135.9
4,135.9
5,135.9
5,135.9
6,135.9
6,135.9
0,135.9
0,135.9
1,147.4
1,132.4
2,135.9
2,135.9
3,136.9
3,134.9
4,134.9
4,134.9
5,134.9
5,134.9
6,134.9
6,134.9
0,134.9
0,161.9
1,161.4
1,157.9
2,157.9
2,157.9
3,157.4
3,157.4
4,156.9
4,154.9
5,153.9
5,153.9
6,152.9
6,152.9
0,151.9
0,150.5
1,150.5
1,148.4
2,147.9
2,144.9
3,144.9
3,142.9
4,142.9
4,141.9
5,141.8
5,140.7
6,139.66666666666666
6,137.9
0,137.8
0,137.8
1,136.9
1,135.9
2,134.9
2,134.9
3,133.9
3,133.7
4,133.7
4,132.9
5,132.9
5,132.9
6,132.9
6,132.5
0,132.5
0,132.5
1,131.9
1,130.9
2,130.9
2,130.4
3,129.9
3,129.9
4,161.9
4,133.9
5,161.9
5,161.9
6,161.9
6,161.9
0,161.9
0,161.9
1,161.9
1,161.9
2,157.5
2,157.5
3,157.5
3,156.35000000000002
4,154.9
4,152.4
5,152.4
5,152.4
6,152.4
6,148.9
0,148.9
0,146.9
1,146.9
1,146.9
2,145.9
2,143.9
3,143.7
3,140.7
4,139.9
4,138.9
5,138.9
5,138.9
6,138.9
6,138.9
0,136.9
0,136.9
1,135.9
1,135.9
2,135.9
2,135.9
3,135.9
3,135.9
4,135.9
4,163.9
5,163.9
5,163.9
6,163.9
6,163.9
0,163.9
0,163.9
1,163.9
1,160.9
2,160.9
2,160.9
3,158.9
3,158.9
4,158.9
4,158.9
5,158.9
5,158.9
6,158.9
6,158.9
0,158.9
0,157.9
1,157.9
1,157.9
2,157.9
2,157.9
3,157.9
3,157.9
4,157.9
4,157.9
5,157.9
5,157.9
6,157.9
6,157.9
0,157.9
0,157.9
1,157.9
1,157.9
2,157.9
2,157.9
3,157.9
3,157.9
4,157.9
4,157.9
5,157.9
5,157.9
6,157.9
6,157.9
0,157.9
0,157.9
1,157.9
1,157.9
2,157.9
2,157.9
3,157.9
3,157.9
4,157.9
4,157.9
5,157.9
5,157.9
6,157.9
6,157.9
0,157.9
0,157.9
1,157.9
1,157.9
2,157.9
2,157.9
3,157.9
3,157.9
4,157.9
4,157.9
5,157.9
5,157.9
6,157.9
6,157.9
0,157.9
0,157.9
1,157.9
1,157.9
2,157.9
2,157.9
3,157.9
3,157.9
4,157.9
4,157.9
5,157.9
5,157.9
6,157.9
6,157.9
0,157.9
0,157.9
1,157.9
1,157.9
2,157.9
2,157.9
3,157.9
3,157.9
4,157.9
4,157.9
5,157.9
5,157.9
6,157.9
6,157.9
0,157.9
0,157.9
1,157.9
1,157.9
2,157.9
2,157.9
3,157.9
3,157.9
4,157.9
4,157.9
5,157.9
5,157.9
6,157.9
6,157.9
0,157.9
0,157.9
1,157.9
1,157.9
2,157.9
2,157.9
3,157.9
3,157.9
4,157.9
4,157.9
5,157.9
5,157.9
6,157.9
6,157.9
0,157.9
0,157.9
1,157.9
1,157.9
2,157.9
2,157.9
3,157.9
3,157.9
4,157.9
4,157.9
5,157.9
5,157.9
6,157.9
6,157.9
0,157.9
0,157.9
1,157.9
1,157.9
2,157.9
2,157.9
3,157.9
3,157.9
4,157.9
4,157.9
5,157.9
5,157.9
6,157.9
6,157.9
0,157.9
0,157.9
1,157.9
1,157.9
2,157.9
2,157.9
3,157.9
3,157.9
4,157.9
4,157.9
5,157.9
5,157.9
6,157.9
6,157.9
0,157.9
0,157.9
1,157.9
1,157.9
2,157.9
2,157.9
3,157.9
3,157.9
4,157.9
4,157.9
5,157.9
5,157.9
6,157.9
6,157.9
0,157.9
0,157.9
1,157.9
1,157.9
2,157.9
2,157.9
3,157.9
3,157.9
4,157.9
4,157.9
5,157.9
5,157.9
6,157.9
6,157.9
0,157.9
0,157.9
1,157.9
1,157.9
2,157.9
2,157.9
3,157.9
3,157.9
4,157.9
4,157.9
5,157.9
5,157.9
6,157.9
6,157.9
0,157.9
0,157.9
1,157.9
1,157.9
2,157.9
2,157.9
3,157.9
3,157.9
4,157.9
4,157.9
5,157.9
5,157.9
6,157.9
6,157.9
0,157.9
0,157.9
1,157.9
1,157.9
2,157.9
2,157.9
3,157.9
3,157.9
4,157.9
4,157.9
5,157.9
5,157.9
6,157.9
6,157.9
0,157.9
0,157.9
1,157.9
1,157.9
2,157.9
2,157.9
3,157.9
3,157.9
4,157.9
4,157.9
5,157.9
5,157.9
6,157.9
6,157.9
0,157.9
0,152.4
1,150.9
1,150.9
2,144.9
2,144.9
3,144.9
3,144.9
4,144.5
4,144.5
5,142.5
5,142.5
6,142.5
6,142.5
0,142.5
0,142.5
1,142.5
1,141.5
2,141.5
2,140.9
3,140.9
3,140.9
4,140.9
4,140.9
5,139.9
5,139.9
6,139.9
6,139.9
0,159.23333333333335
0,159.23333333333335
1,159.23333333333335
1,159.23333333333335
2,159.23333333333335
2,159.23333333333335
3,164.9
3,164.9
4,163.5666666666667
4,163.5666666666667
5,158.9
5,158.9
6,158.9
6,158.9
0,158.9
0,155.9
1,155.9
1,155.9
2,155.9
2,155.9
3,152.9
3,151.4
4,147.9
4,145.9
5,145.9
5,145.9
6,145.9
6,145.9
0,145.9
0,144.9
1,144.9
1,144.9
2,144.9
2,144.9
3,144.9
3,144.9
4,144.9
4,144.9
5,144.9
5,144.9
6,144.9
6,144.9
0,144.9
0,143.5
1,143.5
1,142.9
2,142.9
2,142.9
3,142.9
3,142.9
4,142.9
4,171.9
5,171.9
5,171.9
6,171.9
6,171.9
0,170.9
0,170.9
1,170.9
1,169.9
2,168.9
2,168.9
3,168.9
3,168.9
4,167.9
4,167.9
5,167.9
5,167.9
6,167.9
6,167.9
0,166.9
0,164.9
1,163.7
1,163.7
2,163.7
2,163.7
3,161.9
3,160.9
4,160.9
4,160.9
5,160.9
5,160.9
6,157.9
6,156.9
0,156.9
0,154.9
1,154.9
1,151.9
2,151.9
2,151.9
3,151.9
3,175.9
4,175.9
4,175.9
5,175.9
5,175.9
6,175.9
6,175.9
