0,0
0,0
1,0
1,0
2,0
2,0
3,0
3,0
4,0
4,0
5,0
5,0
6,137.95
6,137.95
0,137.95
0,137.95
1,137.95
1,137.95
2,138.6
2,137.9
3,137.9
3,137.9
4,137.9
4,137.9
5,137.9
5,137.9
6,137.9
6,137.8
0,137.94
0,137.94
1,137.94
1,137.94
2,137.94
2,137.94
3,137.94
3,137.94
4,137.94
4,137.94
5,137.95
5,137.95
6,137.95
6,137.95
0,137.95
0,137.95
1,137.95
1,137.95
2,137.95
2,137.95
3,137.95
3,137.95
4,137.95
4,137.95
5,137.95
5,137.95
6,137.95
6,137.95
0,137.95
0,137.95
1,137.95
1,137.95
2,137.95
2,137.95
3,137.95
3,137.95
4,137.95
4,137.95
5,137.95
5,137.95
6,137.95
6,137.95
0,137.95
0,137.95
1,137.95
1,137.95
2,137.95
2,137.95
3,137.95
3,137.95
4,137.95
4,137.95
5,137.95
5,137.95
6,137.95
6,137.95
0,137.9
0,137.9
1,137.9
1,137.9
2,137.9
2,137.9
3,137.9
3,137.9
4,137.95
4,137.95
5,137.95
5,137.95
6,137.95
6,137.95
0,137.95
0,137.95
1,137.95
1,137.95
2,137.95
2,137.95
3,137.95
3,137.95
4,137.85000000000002
4,137.85000000000002
5,137.85000000000002
5,137.85000000000002
6,137.85000000000002
6,137.85000000000002
0,137.85000000000002
0,137.85000000000002
1,137.85000000000002
1,137.85000000000002
2,137.85000000000002
2,137.85000000000002
3,137.95
3,137.95
4,137.95
4,137.95
5,137.95
5,137.95
6,137.95
6,137.95
0,137.95
0,137.95
1,137.95
1,137.95
2,137.95
2,137.95
3,137.95
3,137.95
4,137.95
4,137.95
5,137.95
5,137.95
6,137.95
6,137.95
0,137.95
0,137.95
1,137.95
1,137.95
2,137.95
2,137.95
3,137.95
3,137.95
4,137.95
4,137.95
5,137.95
5,137.95
6,137.95
6,137.95
0,137.95
0,137.95
1,137.95
1,137.95
2,137.95
2,137.95
3,137.95
3,137.95
4,137.95
4,137.95
5,137.95
5,137.95
6,137.95
6,137.95
0,137.95
0,137.95
1,137.95
1,137.95
2,137.95
2,137.95
3,137.95
3,137.95
4,137.95
4,137.95
5,137.95
5,137.95
6,137.95
6,137.95
0,137.95
0,137.95
1,137.95
1,137.95
2,137.95
2,137.95
3,137.95
3,137.95
4,137.95
4,137.95
5,137.95
5,137.95
6,137.95
6,137.95
0,137.95
0,137.95
1,137.95
1,137.95
2,137.95
2,137.95
3,137.95
3,137.95
4,137.95
4,137.95
5,137.95
5,137.95
6,137.95
6,137.95
0,137.95
0,137.95
1,137.95
1,137.95
2,137.95
2,137.95
3,137.95
3,137.95
4,137.95
4,137.95
5,137.95
5,137.95
6,137.95
6,137.95
0,137.95
0,137.95
1,137.95
1,137.95
2,137.95
2,137.95
3,137.95
3,137.95
4,137.95
4,137.95
5,137.95
5,137.95
6,137.95
6,137.95
0,137.95
0,137.95
1,137.95
1,137.95
2,137.95
2,137.95
3,137.95
3,137.95
4,137.95
4,144.95
5,144.85000000000002
5,144.85000000000002
6,144.85000000000002
6,144.85000000000002
0,144.85000000000002
0,144.85000000000002
1,144.85000000000002
1,144.85000000000002
2,144.85000000000002
2,144.85000000000002
3,144.85000000000002
3,144.85000000000002
4,144.85000000000002
4,144.85000000000002
5,144.85000000000002
5,144.85000000000002
6,144.85000000000002
6,144.85000000000002
0,144.85000000000002
0,144.85000000000002
1,148.23333333333335
1,148.23333333333335
2,148.23333333333335
2,148.23333333333335
3,148.23333333333335
3,148.23333333333335
4,148.23333333333335
4,148.85000000000002
5,148.85000000000002
5,148.85000000000002
6,148.85000000000002
6,148.85000000000002
0,148.85000000000002
0,148.85000000000002
1,148.85000000000002
1,148.85000000000002
2,148.85000000000002
2,148.06666666666666
3,148.06666666666666
3,148.06666666666666
4,148.06666666666666
4,145.4
5,145.4
5,145.4
6,145.4
6,145.4
0,145.4
0,145.4
1,145.4
1,145.4
2,145.4
2,145.4
3,145.4
3,146.62727272727275
4,146.0
4,145.85000000000002
5,145.9
5,145.95
6,145.95
6,142.9
0,142.9
0,142.9
1,142.9
1,145.48
2,145.48
2,145.48
3,145.48
3,145.48
4,145.48
4,145.325
5,145.325
5,145.325
6,145.35000000000002
6,145.35000000000002
0,165.9
0,160.02857142857144
1,160.02857142857144
1,160.02857142857144
2,160.02857142857144
2,160.9
3,160.9
3,160.9
4,160.9
4,160.9
5,160.9
5,160.9
6,160.9
6,160.9
0,160.9
0,160.9
1,160.9
1,160.9
2,160.9
2,160.95
3,160.95
3,160.95
4,160.95
4,160.95
5,160.95
5,160.95
6,160.95
6,160.95
0,160.95
0,160.95
1,160.95
1,160.95
2,160.95
2,160.95
3,160.95
3,160.95
4,160.95
4,160.95
5,160.95
5,160.95
6,160.95
6,160.95
0,160.95
0,160.95
1,160.95
1,160.95
2,154.50000000000003
2,152.9
3,152.9
3,152.9
4,152.9
4,152.9
5,152.9
5,152.9
6,152.9
6,152.9
0,152.9
0,152.9
1,152.9
1,152.9
2,152.9
2,152.9
3,152.9
3,152.9
4,152.9
4,152.9
5,152.9
5,152.9
6,152.9
6,152.9
0,152.9
0,152.9
1,152.9
1,152.9
2,152.9
2,152.9
3,152.9
3,152.9
4,152.9
4,152.9
5,152.9
5,152.9
6,152.9
6,152.9
0,152.9
0,152.9
1,152.9
1,152.9
2,152.9
2,152.9
3,152.9
3,152.9
4,152.9
4,152.9
5,152.9
5,152.9
6,152.9
6,152.9
0,152.9
0,152.9
1,152.9
1,152.9
2,152.9
2,152.9
3,152.9
3,152.9
4,152.9
4,152.9
5,152.9
5,152.9
6,152.9
6,152.9
0,152.9
0,152.9
1,152.9
1,152.9
2,152.9
2,152.9
3,152.9
3,152.9
4,152.9
4,152.9
5,152.9
5,152.9
6,152.9
6,152.9
0,152.9
0,152.9
1,152.9
1,152.9
2,152.9
2,152.9
3,152.9
3,152.9
4,152.9
4,152.9
5,152.9
5,152.9
6,152.9
6,152.9
0,151.3
0,150.9
1,150.9
1,150.9
2,150.9
2,150.9
3,150.9
3,150.9
4,150.9
4,150.9
5,150.9
5,150.9
6,150.9
6,150.9
0,150.9
0,150.9
1,150.9
1,150.9
2,150.9
2,150.9
3,150.9
3,150.9
4,150.9
4,150.9
5,150.9
5,150.9
6,150.9
6,150.9
0,150.9
0,150.9
1,150.9
1,150.9
2,150.9
2,150.9
3,150.9
3,150.9
4,150.9
4,150.9
5,150.9
5,150.9
6,150.9
6,150.9
0,150.9
0,150.9
1,150.9
1,150.9
2,150.9
2,150.9
3,150.9
3,150.9
4,150.9
4,150.9
5,150.9
5,150.9
6,150.9
6,150.9
0,150.9
0,150.9
1,150.9
1,150.9
2,150.9
2,150.9
3,150.9
3,150.9
4,150.9
4,150.9
5,150.9
5,150.9
6,150.9
6,150.9
0,150.9
0,150.9
1,150.9
1,150.9
2,150.9
2,150.9
3,150.9
3,150.9
4,150.9
4,150.9
5,150.9
5,150.9
6,150.9
6,150.9
0,150.9
0,150.9
1,150.9
1,150.9
2,150.9
2,150.9
3,150.9
3,150.9
4,150.9
4,150.9
5,150.9
5,150.9
6,150.9
6,150.9
0,150.9
0,150.9
1,150.9
1,150.9
2,150.9
2,150.9
3,150.9
3,150.9
4,150.9
4,150.9
5,150.9
5,150.9
6,150.9
6,150.9
0,150.9
0,150.9
1,150.9
1,150.9
2,150.9
2,150.9
3,150.9
3,150.9
4,150.9
4,150.9
5,150.9
5,150.9
6,150.9
6,150.9
0,150.9
0,150.9
1,150.9
1,150.9
2,150.9
2,150.9
3,150.9
3,150.9
4,150.9
4,150.9
5,150.9
5,150.9
6,150.9
6,149.9
0,149.9
0,149.9
1,149.9
1,149.9
2,149.9
2,149.9
3,149.9
3,149.9
4,149.9
4,149.9
5,149.9
5,149.9
6,149.9
6,149.9
0,149.9
0,149.9
1,149.9
1,149.9
2,149.9
2,149.9
3,149.9
3,149.9
4,149.9
4,149.9
5,149.9
5,149.9
6,149.9
6,149.9
0,149.9
0,149.9
1,149.9
1,149.9
2,149.9
2,149.9
3,148.9
3,148.9
4,148.9
4,148.9
5,148.9
5,148.9
6,148.9
6,148.9
0,148.9
0,148.9
1,148.9
1,148.9
2,148.9
2,148.9
3,148.9
3,148.9
4,148.9
4,148.8
5,148.8
5,148.8
6,148.8
6,148.8
0,148.8
0,148.8
1,148.8
1,148.8
2,148.8
2,148.8
3,148.8
3,148.8
4,148.8
4,148.8
5,148.8
5,148.8
6,148.8
6,148.8
0,148.8
0,148.8
1,148.8
1,148.8
2,148.8
2,148.8
3,148.8
3,148.8
4,148.8
4,148.8
5,148.8
5,148.8
6,148.8
6,148.8
0,148.8
0,148.8
1,148.8
1,148.8
2,148.8
2,148.8
3,148.8
3,148.8
4,148.8
4,148.8
5,148.8
5,148.8
6,148.8
6,148.8
0,148.8
0,148.8
1,148.8
1,148.8
2,148.8
2,148.8
3,148.8
3,148.8
4,148.8
4,148.8
5,148.8
5,148.8
6,148.8
6,148.8
0,148.8
0,148.8
1,148.8
1,148.8
2,148.8
2,148.8
3,148.8
3,148.8
4,148.8
4,148.8
5,148.8
5,148.8
6,148.8
6,148.8
0,148.8
0,148.8
1,148.8
1,148.8
2,148.8
2,148.8
3,148.8
3,148.8
4,148.8
4,148.8
5,148.8
5,148.8
6,148.8
6,148.8
0,148.8
0,148.8
1,148.8
1,148.8
2,148.8
2,148.8
3,148.8
3,148.8
4,148.8
4,147.9
5,147.9
5,147.9
6,147.9
6,147.9
0,147.9
0,147.9
1,147.9
1,147.9
2,147.9
2,147.9
3,147.9
3,147.9
4,147.9
4,147.9
5,147.9
5,147.9
6,147.9
6,147.9
0,147.9
0,147.9
1,147.9
1,147.9
2,147.9
2,147.9
3,147.9
3,147.9
4,147.9
4,147.9
5,147.9
5,147.9
6,147.9
6,147.9
0,147.9
0,147.9
1,147.9
1,147.9
2,147.9
2,147.9
3,147.9
3,147.9
4,147.9
4,147.9
5,147.9
5,147.9
6,147.9
6,147.9
0,147.9
0,147.9
1,147.9
1,149.5666666666667
2,149.4
2,149.4
3,149.5666666666667
3,149.5666666666667
4,149.4
4,148.9
5,148.9
5,148.9
6,148.9
6,148.9
0,148.9
0,148.9
1,148.9
1,148.9
2,148.9
2,148.9
3,148.9
3,148.9
4,148.9
4,148.9
5,148.9
5,148.9
6,148.9
6,148.9
0,148.9
0,148.9
1,148.9
1,148.9
2,153.7
2,153.7
3,153.7
3,153.7
4,153.7
4,149.65
5,149.65
5,149.65
6,149.23333333333335
6,149.23333333333335
0,149.23333333333335
0,149.23333333333335
1,149.23333333333335
1,149.23333333333335
2,149.23333333333335
2,149.23333333333335
3,149.23333333333335
3,149.23333333333335
4,149.23333333333335
4,149.23333333333335
5,149.23333333333335
5,149.23333333333335
6,149.23333333333335
6,149.23333333333335
0,149.23333333333335
0,149.23333333333335
1,149.23333333333335
1,149.23333333333335
2,149.23333333333335
2,149.23333333333335
3,149.23333333333335
3,149.23333333333335
4,149.23333333333335
4,149.23333333333335
5,149.23333333333335
5,149.23333333333335
6,149.23333333333335
6,149.23333333333335
0,149.23333333333335
0,149.23333333333335
1,149.23333333333335
1,149.23333333333335
2,149.23333333333335
2,149.23333333333335
3,149.23333333333335
3,149.23333333333335
4,149.23333333333335
4,149.23333333333335
5,149.23333333333335
5,149.23333333333335
6,149.23333333333335
6,149.23333333333335
0,149.23333333333335
0,149.23333333333335
1,149.23333333333335
1,149.23333333333335
2,149.23333333333335
2,149.23333333333335
3,149.23333333333335
3,149.23333333333335
4,149.23333333333335
4,149.23333333333335
5,149.23333333333335
5,149.23333333333335
6,149.23333333333335
6,149.23333333333335
0,149.23333333333335
0,149.23333333333335
1,149.23333333333335
1,149.23333333333335
2,158.9
2,158.9
3,158.9
3,158.9
4,158.9
4,158.9
5,158.9
5,158.9
6,158.9
6,158.9
0,156.9
0,157.9
1,157.9
1,157.9
2,155.9
2,155.9
3,155.9
3,155.9
4,155.9
4,155.9
5,155.9
5,155.9
6,155.9
6,155.9
0,155.9
0,155.9
1,155.9
1,155.9
2,155.9
2,155.9
3,155.9
3,155.9
4,155.9
4,155.9
5,155.9
5,155.9
6,155.9
6,155.9
0,155.9
0,155.9
1,155.9
1,155.9
2,155.9
2,155.9
3,155.9
3,155.9
4,155.9
4,155.9
5,155.9
5,155.9
6,155.9
6,155.9
0,155.9
0,155.9
1,155.9
1,155.9
2,155.9
2,155.9
3,155.9
3,155.9
4,155.9
4,155.9
5,155.9
5,155.9
6,155.9
6,155.9
0,155.9
0,155.9
1,155.9
1,155.9
2,155.9
2,155.9
3,155.9
3,155.9
4,155.9
4,155.9
5,155.9
5,155.9
6,155.9
6,155.9
0,155.9
0,155.9
1,155.9
1,155.9
2,155.9
2,155.9
3,155.9
3,155.9
4,155.9
4,155.9
5,155.9
5,155.9
6,155.9
6,155.9
0,155.9
0,155.9
1,155.9
1,155.9
2,155.9
2,155.9
3,155.9
3,155.9
4,155.9
4,155.9
5,155.9
5,155.9
6,155.9
6,155.9
0,155.9
0,155.9
1,155.9
1,155.9
2,155.9
2,155.9
3,155.9
3,155.9
4,155.9
4,155.9
5,155.9
5,155.9
6,155.9
6,155.9
0,155.9
0,155.9
1,155.9
1,155.9
2,155.9
2,155.9
3,155.9
3,155.9
4,155.9
4,155.9
5,155.9
5,155.9
6,155.9
6,155.9
0,155.9
0,155.9
1,155.9
1,155.9
2,155.9
2,155.9
3,155.9
3,155.9
4,155.9
4,155.9
5,155.9
5,155.9
6,155.9
6,155.9
0,155.9
0,155.9
1,155.9
1,155.9
2,160.9
2,160.9
3,160.9
3,160.9
4,160.9
4,160.9
5,160.9
5,160.9
6,160.9
6,160.9
0,160.9
0,157.9
1,157.9
1,157.9
2,157.9
2,157.9
3,157.9
3,157.9
4,157.9
4,157.9
5,157.9
5,157.9
6,157.9
6,157.9
0,157.9
0,157.9
1,157.9
1,157.9
2,157.9
2,157.9
3,157.9
3,157.9
4,157.9
4,157.9
5,157.9
5,157.9
6,157.9
6,157.9
0,157.9
0,157.9
1,157.9
1,157.9
2,157.9
2,157.9
3,157.9
3,157.9
4,157.9
4,157.9
5,157.9
5,157.9
6,157.9
6,157.9
0,157.9
0,157.9
1,157.9
1,157.9
2,157.9
2,157.9
3,157.9
3,157.9
4,157.9
4,157.9
5,157.9
5,157.9
6,157.9
6,157.9
0,157.9
0,157.9
1,157.9
1,157.9
2,157.9
2,157.9
3,157.9
3,157.9
4,159.9
4,159.9
5,159.9
5,159.9
6,159.9
6,159.9
0,159.9
0,159.9
1,159.9
1,159.9
2,159.9
2,159.9
3,159.9
3,159.9
4,159.9
4,159.9
5,159.9
5,159.9
6,159.9
6,159.9
0,159.9
0,159.9
1,157.9
1,157.9
2,157.9
2,157.9
3,157.9
3,157.9
4,157.9
4,157.9
5,157.9
5,157.9
6,157.9
6,157.9
0,157.9
0,157.9
1,157.9
1,157.9
2,157.9
2,157.9
3,157.9
3,157.9
4,157.9
4,157.9
5,157.9
5,157.9
6,157.9
6,157.9
0,157.9
0,157.9
1,157.9
1,157.9
2,157.9
2,157.9
3,159.9
3,159.9
4,159.9
4,159.9
5,158.65
5,158.65
6,158.65
6,158.65
0,158.65
0,158.65
1,158.65
1,158.65
2,158.65
2,158.65
3,158.65
3,158.65
4,158.65
4,158.65
5,158.65
5,158.65
6,158.65
6,158.65
0,158.65
0,159.15
1,159.15
1,159.15
2,159.15
2,157.9
3,157.9
3,157.9
4,157.9
4,157.9
5,157.9
5,157.9
6,157.9
6,157.9
0,157.9
0,157.9
1,158.9
1,158.9
2,158.9
2,158.9
3,158.9
3,158.9
4,158.9
4,158.9
5,158.9
5,158.9
6,158.9
6,160.9
0,162.9
0,162.9
1,162.9
1,162.9
2,162.9
2,167.23333333333332
3,167.23333333333332
3,167.23333333333332
4,167.23333333333332
4,167.23333333333332
5,167.23333333333332
5,167.23333333333332
6,167.23333333333332
6,167.23333333333332
0,167.23333333333332
0,167.23333333333332
1,167.23333333333332
1,167.23333333333332
2,167.23333333333332
2,168.9
3,168.9
3,168.9
4,168.9
4,168.9
5,168.9
5,168.9
6,168.9
6,168.9
0,167.9
0,167.9
1,166.9
1,166.9
2,166.9
2,166.9
3,166.9
3,166.9
4,166.9
4,166.9
5,166.9
5,166.9
6,166.9
6,166.9
