0,0
0,0
1,0
1,0
2,131.55
2,131.55
3,130.15
3,130.15
4,129.9
4,129.9
5,129.9
5,129.9
6,129.9
6,129.9
0,129.9
0,129.9
1,129.9
1,129.9
2,129.9
2,129.9
3,128.4
3,128.4
4,127.9
4,127.9
5,127.9
5,127.9
6,127.9
6,127.9
0,127.9
0,127.9
1,127.44999999999997
1,127.44999999999997
2,127.3
2,127.3
3,127.3
3,127.3
4,127.0857142857143
4,127.0857142857143
5,126.9
5,126.9
6,126.9
6,126.9
0,126.9
0,126.9
1,126.58750000000003
1,126.58750000000003
2,126.4
2,126.4
3,126.4
3,126.4
4,126.4
4,126.4
5,126.4
5,126.4
6,126.4
6,126.4
0,126.4
0,126.4
1,126.02499999999999
1,125.4
2,125.4
2,125.4
3,125.4
3,125.4
4,124.9
4,124.9
5,124.9
5,124.9
6,124.9
6,124.9
0,124.9
0,124.9
1,124.9
1,124.9
2,124.9
2,124.9
3,124.9
3,124.9
4,124.9
4,124.9
5,124.9
5,124.9
6,124.9
6,124.9
0,124.9
0,124.9
1,124.9
1,124.9
2,124.4
2,124.4
3,124.4
3,124.4
4,124.4
4,124.4
5,124.4
5,124.4
6,124.4
6,124.4
0,124.4
0,124.4
1,124.4
1,124.4
2,124.025
2,124.025
3,124.025
3,124.025
4,124.025
4,124.025
5,124.025
5,124.025
6,124.025
6,124.025
0,124.025
0,124.025
1,124.025
1,124.025
2,124.0
2,124.0
3,124.0
3,124.0
4,124.0
4,124.0
5,124.0
5,124.0
6,124.0
6,124.0
0,124.0
0,124.0
1,124.0
1,124.0
2,124.0
2,124.0
3,124.0
3,124.0
4,124.0
4,124.0
5,124.0
5,124.0
6,124.0
6,124.0
0,124.0
0,124.0
1,124.0
1,124.0
2,124.0
2,124.0
3,124.0
3,124.0
4,124.0
4,124.0
5,124.0
5,124.0
6,124.0
6,124.0
0,124.0
0,124.0
1,124.0
1,124.0
2,124.0
2,124.0
3,124.0
3,124.0
4,124.0
4,124.0
5,124.0
5,124.0
6,124.0
6,124.0
0,124.0
0,124.0
1,124.0
1,124.0
2,124.0
2,124.0
3,124.0
3,124.0
4,124.0
4,124.0
5,124.0
5,124.0
6,124.0
6,124.0
0,124.0
0,124.0
1,124.0
1,124.0
2,124.0
2,124.0
3,124.0
3,124.0
4,124.0
4,124.0
5,124.0
5,124.0
6,124.0
6,124.0
0,124.0
0,124.0
1,124.0
1,124.0
2,124.0
2,124.0
3,124.0
3,124.0
4,124.0
4,124.0
5,124.0
5,124.0
6,124.0
6,124.0
0,124.0
0,124.0
1,124.0
1,124.0
2,124.0
2,124.0
3,124.0
3,124.0
4,124.0
4,124.0
5,124.0
5,124.0
6,124.0
6,124.0
0,124.0
0,124.0
1,124.0
1,124.0
2,124.0
2,124.0
3,124.0
3,124.0
4,124.0
4,124.0
5,124.0
5,124.0
6,124.0
6,124.0
0,124.0
0,124.0
1,124.0
1,124.0
2,124.0
2,124.0
3,124.0
3,124.0
4,124.0
4,124.0
5,124.0
5,124.0
6,124.0
6,124.0
0,124.0
0,124.0
1,124.0
1,124.0
2,124.0
2,124.0
3,124.0
3,124.0
4,124.0
4,124.0
5,124.0
5,124.0
6,124.0
6,124.0
0,124.0
0,124.0
1,124.0
1,124.0
2,124.0
2,124.0
3,124.0
3,124.0
4,124.0
4,124.0
5,124.0
5,124.0
6,124.0
6,124.0
0,146.9
0,146.9
1,146.9
1,146.9
2,146.9
2,146.9
3,146.9
3,146.9
4,146.9
4,146.9333333333333
5,146.9333333333333
5,146.9333333333333
6,146.9333333333333
6,146.9333333333333
0,146.9333333333333
0,146.8
1,146.8
1,146.8
2,146.8
2,146.8
3,146.8
3,146.95
4,146.95
4,146.95
5,146.95
5,146.95
6,146.95
6,146.95
0,146.95
0,146.95
1,146.95
1,146.95
2,146.95
2,146.95
3,147.0
3,147.0
4,147.0
4,147.0
5,147.0
5,147.0
6,147.0
6,147.0
0,156.4
0,165.9
1,165.9
1,165.9
2,165.9
2,164.9
3,164.9
3,164.9
4,164.9
4,164.9
5,164.9
5,164.9
6,164.9
6,164.9
0,164.95
0,164.95
1,164.95
1,164.95
2,164.95
2,164.83333333333334
3,164.8
3,164.8
4,164.8
4,164.8
5,164.8
5,164.8
6,164.8
6,164.8
0,164.8
0,162.7
1,162.7
1,162.7
2,162.7
2,161.36666666666667
3,161.36666666666667
3,161.36666666666667
4,161.36666666666667
4,161.36666666666667
5,161.36666666666667
5,161.36666666666667
6,161.36666666666667
6,161.36666666666667
0,161.36666666666667
0,160.75
1,160.22000000000003
1,160.22000000000003
2,160.22000000000003
2,160.22000000000003
3,160.22000000000003
3,160.22000000000003
4,160.22000000000003
4,160.22000000000003
5,160.22000000000003
5,160.22000000000003
6,160.22000000000003
6,159.95
0,159.95
0,159.95
1,159.95
1,159.95
2,159.95
2,159.95
3,159.95
3,159.95
4,159.95
4,159.95
5,159.95
5,159.95
6,159.95
6,159.95
0,159.95
0,159.95
1,159.95
1,159.95
2,159.95
2,159.95
3,159.95
3,159.95
4,159.95
4,159.95
5,159.95
5,159.95
6,159.95
6,159.95
0,159.95
0,159.95
1,159.95
1,159.95
2,159.95
2,159.95
3,159.95
3,159.95
4,159.95
4,159.95
5,159.95
5,159.95
6,159.95
6,159.95
0,159.95
0,159.95
1,159.95
1,159.95
2,159.95
2,159.95
3,159.95
3,159.95
4,159.95
4,159.95
5,159.95
5,159.95
6,159.95
6,159.95
0,159.95
0,159.95
1,159.95
1,159.95
2,159.95
2,159.95
3,159.95
3,159.95
4,159.95
4,159.95
5,159.95
5,159.95
6,159.95
6,159.95
0,159.95
0,159.95
1,159.95
1,159.95
2,159.95
2,159.95
3,159.95
3,159.95
4,156.05
4,156.0
5,156.0
5,156.0
6,156.0
6,156.0
0,156.0
0,156.0
1,156.0
1,156.0
2,156.0
2,156.0
3,156.0
3,156.0
4,156.0
4,156.0
5,156.0
5,156.0
6,156.0
6,156.0
0,156.0
0,149.15
1,149.15
1,149.15
2,149.15
2,149.15
3,149.15
3,149.15
4,149.15
4,149.15
5,149.15
5,149.15
6,149.15
6,149.15
0,149.15
0,149.15
1,149.15
1,149.15
2,149.15
2,149.15
3,149.15
3,149.15
4,149.15
4,149.15
5,149.15
5,149.15
6,149.15
6,149.15
0,149.15
0,149.15
1,149.15
1,149.15
2,149.15
2,149.15
3,149.15
3,149.15
4,149.15
4,149.15
5,149.15
5,149.15
6,149.15
6,149.15
0,149.15
0,149.15
1,149.15
1,149.15
2,149.15
2,149.15
3,149.15
3,149.15
4,149.15
4,149.15
5,149.15
5,149.15
6,149.15
6,149.15
0,149.15
0,149.15
1,149.15
1,149.15
2,149.15
2,149.15
3,149.15
3,149.15
4,149.15
4,149.15
5,149.15
5,149.15
6,149.15
6,149.15
0,149.15
0,149.15
1,149.15
1,149.15
2,149.15
2,149.15
3,149.15
3,149.15
4,149.15
4,149.15
5,149.15
5,149.15
6,149.15
6,149.15
0,149.15
0,149.15
1,149.15
1,149.15
2,149.15
2,149.15
3,149.15
3,149.15
4,149.15
4,149.15
5,149.15
5,149.15
6,149.15
6,149.15
0,149.15
0,149.15
1,149.15
1,149.15
2,149.15
2,149.15
3,149.15
3,149.15
4,149.15
4,149.15
5,149.15
5,149.15
6,149.15
6,149.15
0,149.15
0,149.15
1,149.15
1,149.15
2,149.15
2,149.15
3,149.15
3,149.15
4,149.15
4,149.15
5,149.15
5,149.15
6,149.15
6,149.15
0,149.15
0,149.15
1,149.15
1,149.15
2,149.15
2,149.15
3,149.15
3,149.15
4,149.15
4,149.15
5,149.15
5,149.15
6,149.15
6,149.15
0,149.15
0,149.15
1,149.15
1,149.15
2,149.15
2,149.15
3,149.15
3,149.15
4,149.15
4,149.15
5,149.15
5,149.15
6,149.15
6,149.15
0,149.15
0,149.15
1,149.15
1,149.15
2,149.15
2,149.15
3,149.15
3,149.15
4,149.15
4,149.15
5,149.15
5,149.15
6,149.15
6,149.15
0,149.15
0,145.9
1,145.9
1,145.9
2,145.9
2,145.9
3,145.9
3,145.9
4,141.9
4,141.9
5,141.9
5,141.9
6,141.9
6,141.9
0,141.9
0,141.9
1,141.9
1,141.9
2,141.9
2,141.9
3,141.9
3,141.9
4,141.9
4,141.9
5,141.9
5,141.9
6,141.9
6,141.9
0,141.9
0,141.9
1,141.9
1,141.9
2,141.9
2,141.9
3,141.9
3,141.9
4,141.9
4,141.9
5,141.9
5,141.9
6,141.9
6,141.9
0,141.9
0,141.9
1,141.9
1,141.9
2,141.9
2,141.9
3,141.9
3,141.9
4,141.9
4,141.9
5,141.9
5,141.9
6,141.9
6,141.9
0,141.9
0,141.9
1,141.9
1,141.9
2,141.9
2,141.9
3,141.9
3,141.9
4,141.9
4,141.9
5,141.9
5,141.9
6,144.4
6,144.4
0,144.4
0,144.4
1,144.4
1,144.4
2,144.4
2,144.4
3,144.4
3,144.4
4,144.4
4,144.4
5,144.4
5,144.4
6,144.4
6,144.4
0,144.4
0,144.4
1,144.4
1,144.4
2,144.4
2,144.4
3,144.4
3,144.4
4,144.4
4,144.4
5,144.4
5,144.4
6,144.4
6,144.4
0,144.4
0,144.4
1,144.4
1,144.4
2,144.4
2,144.4
3,144.4
3,144.4
4,144.4
4,144.4
5,144.4
5,144.4
6,144.4
6,144.4
0,144.4
0,144.4
1,144.4
1,144.4
2,144.4
2,144.4
3,144.4
3,144.4
4,144.4
4,144.4
5,144.4
5,144.4
6,144.4
6,144.4
0,140.9
0,141.9
1,140.9
1,140.9
2,140.9
2,140.9
3,140.9
3,143.9
4,143.9
4,143.9
5,143.9
5,143.9
6,143.9
6,143.9
0,143.9
0,140.9
1,140.9
1,146.9
2,143.9
2,143.9
3,143.9
3,143.9
4,143.9
4,143.9
5,143.9
5,143.9
6,143.9
6,143.9
0,143.9
0,143.9
1,143.9
1,144.9
2,147.4
2,147.4
3,148.9
3,148.9
4,148.9
4,148.9
5,148.9
5,148.9
6,148.9
6,148.9
0,148.9
0,148.9
1,148.9
1,148.9
2,142.9
2,148.23333333333335
3,144.9
3,144.9
4,144.9
4,144.9
5,144.9
5,144.9
6,144.9
6,144.9
0,144.9
0,144.9
1,141.9
1,141.9
2,150.9
2,150.9
3,150.9
3,150.9
4,150.9
4,142.9
5,142.9
5,142.9
6,142.9
6,142.9
0,146.9
0,146.9
1,146.9
1,146.9
2,146.9
2,146.9
3,146.9
3,146.9
4,146.9
4,146.9
5,146.9
5,146.9
6,146.9
6,146.9
0,146.9
0,146.9
1,146.9
1,146.9
2,146.9
2,146.9
3,146.9
3,146.9
4,146.9
4,146.9
5,146.9
5,146.9
6,146.9
6,146.9
0,146.9
0,146.9
1,146.9
1,146.9
2,146.9
2,146.9
3,146.9
3,146.9
4,146.9
4,142.85000000000002
5,142.85000000000002
5,142.85000000000002
6,142.85000000000002
6,142.85000000000002
0,142.85000000000002
0,142.85000000000002
1,142.85000000000002
1,142.85000000000002
2,142.85000000000002
2,142.85000000000002
3,142.85000000000002
3,145.8
4,145.8
4,145.8
5,145.8
5,145.8
6,145.8
6,145.8
0,145.8
0,145.8
1,145.8
1,153.0
2,153.0
2,153.0
3,153.0
3,153.0
4,153.0
4,153.0
5,153.0
5,153.0
6,153.0
6,153.0
0,153.0
0,153.0
1,153.0
1,153.0
2,158.0666666666667
2,158.0666666666667
3,158.0666666666667
3,157.0666666666667
4,157.0666666666667
4,157.0666666666667
5,157.0666666666667
5,157.0666666666667
6,157.0666666666667
6,157.0666666666667
0,157.0666666666667
0,157.0666666666667
1,157.0666666666667
1,157.0666666666667
2,156.23333333333335
2,156.23333333333335
3,156.23333333333335
3,155.23333333333335
4,155.23333333333335
4,155.23333333333335
5,155.23333333333335
5,155.23333333333335
6,155.23333333333335
6,155.23333333333335
0,155.23333333333335
0,155.23333333333335
1,155.23333333333335
1,155.23333333333335
2,155.23333333333335
2,155.23333333333335
3,155.23333333333335
3,155.23333333333335
4,155.23333333333335
4,155.23333333333335
5,155.23333333333335
5,155.23333333333335
6,155.23333333333335
6,155.23333333333335
0,155.23333333333335
0,155.23333333333335
1,155.23333333333335
1,155.23333333333335
2,155.23333333333335
2,155.23333333333335
3,155.23333333333335
3,155.23333333333335
4,155.23333333333335
4,155.23333333333335
5,155.23333333333335
5,155.23333333333335
6,155.23333333333335
6,155.23333333333335
0,155.23333333333335
0,155.23333333333335
1,155.23333333333335
1,155.23333333333335
2,155.23333333333335
2,155.23333333333335
3,155.23333333333335
3,155.23333333333335
4,155.23333333333335
4,155.23333333333335
5,155.23333333333335
5,155.23333333333335
6,155.23333333333335
6,155.23333333333335
0,155.23333333333335
0,155.23333333333335
1,155.23333333333335
1,155.23333333333335
2,155.23333333333335
2,155.23333333333335
3,159.15
3,159.15
4,159.15
4,159.15
5,159.15
5,159.15
6,159.15
6,159.15
0,159.15
0,160.9
1,160.9
1,160.9
2,160.9
2,160.9
3,160.9
3,160.9
4,160.9
4,160.9
5,160.9
5,160.9
6,160.9
6,160.9
0,160.9
0,160.9
1,160.9
1,160.9
2,160.9
2,160.9
3,160.9
3,160.9
4,160.9
4,160.9
5,160.9
5,160.9
6,160.9
6,160.9
0,160.9
0,160.9
1,160.9
1,160.9
2,160.9
2,160.9
3,160.9
3,160.9
4,160.9
4,160.9
5,160.9
5,160.9
6,160.9
6,160.9
0,160.9
0,160.9
1,160.9
1,160.9
2,160.9
2,160.9
3,160.9
3,160.9
4,160.9
4,160.9
5,160.9
5,160.9
6,160.9
6,160.9
0,160.9
0,160.9
1,160.9
1,160.9
2,160.9
2,160.9
3,160.9
3,160.9
4,160.9
4,160.9
5,160.9
5,160.9
6,160.9
6,160.9
0,160.9
0,160.9
1,160.9
1,159.65
2,159.65
2,159.65
3,159.65
3,157.73333333333335
4,157.73333333333335
4,157.73333333333335
5,157.73333333333335
5,157.73333333333335
6,157.73333333333335
6,157.73333333333335
0,157.73333333333335
0,157.73333333333335
1,157.73333333333335
1,157.73333333333335
2,157.73333333333335
2,157.73333333333335
3,157.73333333333335
3,157.73333333333335
4,157.73333333333335
4,157.73333333333335
5,157.73333333333335
5,157.73333333333335
6,157.73333333333335
6,157.73333333333335
0,157.73333333333335
0,157.73333333333335
1,157.73333333333335
1,157.73333333333335
2,157.73333333333335
2,157.73333333333335
3,157.73333333333335
3,157.73333333333335
4,157.73333333333335
4,157.73333333333335
5,157.73333333333335
5,157.73333333333335
6,157.73333333333335
6,157.73333333333335
0,157.73333333333335
0,157.73333333333335
1,157.73333333333335
1,157.73333333333335
2,157.73333333333335
2,157.73333333333335
3,157.73333333333335
3,157.73333333333335
4,157.73333333333335
4,153.9
5,153.9
5,153.9
6,153.9
6,153.9
0,153.9
0,153.9
1,153.9
1,153.9
2,153.9
2,153.9
3,153.9
3,153.9
4,157.23333333333332
4,157.23333333333332
5,157.23333333333332
5,157.23333333333332
6,157.23333333333332
6,157.23333333333332
0,157.23333333333332
0,155.56666666666666
1,155.56666666666666
1,155.56666666666666
2,155.56666666666666
2,155.56666666666666
3,155.56666666666666
3,155.56666666666666
4,155.56666666666666
4,155.56666666666666
5,155.56666666666666
5,155.56666666666666
6,153.63333333333333
6,153.63333333333333
0,153.63333333333333
0,153.63333333333333
1,153.63333333333333
1,153.63333333333333
2,153.63333333333333
2,153.63333333333333
3,153.63333333333333
3,153.63333333333333
4,153.63333333333333
4,153.63333333333333
5,153.63333333333333
5,153.63333333333333
6,153.63333333333333
6,153.63333333333333
0,153.63333333333333
0,153.63333333333333
1,153.63333333333333
1,153.63333333333333
2,153.63333333333333
2,153.63333333333333
3,153.63333333333333
3,153.63333333333333
4,153.63333333333333
4,153.63333333333333
5,153.63333333333333
5,153.63333333333333
6,153.63333333333333
6,153.63333333333333
0,153.63333333333333
0,153.63333333333333
1,153.63333333333333
1,153.63333333333333
2,153.63333333333333
2,153.63333333333333
3,153.63333333333333
3,153.63333333333333
4,153.63333333333333
4,153.63333333333333
5,153.63333333333333
5,153.63333333333333
6,153.63333333333333
6,153.63333333333333
0,153.63333333333333
0,153.63333333333333
1,153.63333333333333
1,153.63333333333333
2,153.63333333333333
2,153.63333333333333
3,153.63333333333333
3,153.63333333333333
4,153.63333333333333
4,153.63333333333333
5,153.63333333333333
5,153.63333333333333
6,153.63333333333333
6,153.63333333333333
0,153.63333333333333
0,157.1
1,157.1
1,157.1
2,157.1
2,157.1
3,154.82
3,154.82
4,154.82
4,154.82
5,154.82
5,154.82
6,154.82
6,154.82
0,154.82
0,154.82
1,158.76666666666665
1,158.76666666666665
2,158.76666666666665
2,158.76666666666665
3,158.76666666666665
3,158.76666666666665
4,158.76666666666665
4,158.76666666666665
5,158.76666666666665
5,158.76666666666665
6,158.76666666666665
6,158.76666666666665
0,160.23333333333332
0,160.23333333333332
1,160.23333333333332
1,160.23333333333332
2,160.23333333333332
2,166.9
3,166.9
3,166.9
4,166.9
4,166.9
5,166.9
5,166.9
6,166.9
6,166.9
0,166.9
0,166.9
1,166.9
1,166.9
2,166.9
2,166.9
3,166.9
3,166.9
4,166.9
4,166.9
5,166.9
5,166.9
6,166.9
6,166.9
0,166.9
0,166.9
1,166.9
1,166.9
2,166.9
2,166.9
3,166.9
3,166.9
4,166.9
4,166.9
5,166.9
5,166.9
6,166.9
6,166.9
