0,131.15
0,126.4
1,124.8
1,124.8
2,119.9
2,119.9
3,119.9
3,119.85
4,119.85
4,117.9
5,117.9
5,117.9
6,117.9
6,117.9
0,117.9
0,117.9
1,117.9
1,116.7
2,115.9
2,115.9
3,115.9
3,115.9
4,115.9
4,115.9
5,115.9
5,115.9
6,115.9
6,115.9
0,115.9
0,115.9
1,114.4
1,114.4
2,114.4
2,114.4
3,145.9
3,145.9
4,145.4
4,145.4
5,145.4
5,145.4
6,145.4
6,145.4
0,145.4
0,145.4
1,144.9
1,144.9
2,144.9
2,144.9
3,140.9
3,139.9
4,136.9
4,134.50000000000003
5,134.50000000000003
5,134.50000000000003
6,134.50000000000003
6,132.9
0,130.9
0,130.9
1,125.9
1,127.9
2,127.9
2,127.9
3,121.9
3,123.9
4,123.9
4,123.9
5,123.9
5,123.9
6,123.9
6,123.9
0,123.9
0,123.9
1,120.56666666666668
1,120.9
2,120.9
2,120.9
3,138.5666666666667
3,138.5666666666667
4,147.23333333333335
4,147.23333333333335
5,146.23333333333335
5,146.23333333333335
6,143.9
6,143.9
0,142.5666666666667
0,140.9
1,138.9
1,138.9
2,138.23333333333335
2,138.23333333333335
3,138.23333333333335
3,138.23333333333335
4,136.5666666666667
4,135.23333333333335
5,135.23333333333335
5,135.23333333333335
6,133.9
6,133.9
0,131.9
0,131.9
1,126.9
1,126.9
2,126.9
2,126.9
3,130.65
3,130.65
4,130.65
4,130.65
5,130.65
5,130.65
6,149.95
6,149.95
0,149.85000000000002
0,149.85000000000002
1,149.85000000000002
1,149.85000000000002
2,149.85000000000002
2,147.9
3,147.9
3,147.9
4,145.23333333333335
4,139.9
5,139.9
5,139.9
6,139.9
6,139.9
0,139.9
0,139.9
1,139.9
1,139.9
2,139.9
2,139.9
3,139.9
3,139.9
4,139.9
4,139.9
5,139.9
5,139.9
6,139.9
6,139.9
0,139.9
0,139.9
1,139.9
1,139.9
2,139.9
2,139.9
3,139.9
3,139.9
4,139.9
4,139.9
5,139.9
5,139.9
6,139.9
6,139.9
0,139.9
0,139.9
1,139.9
1,139.9
2,139.9
2,139.9
3,139.9
3,139.9
4,139.9
4,139.9
5,139.9
5,139.9
6,139.9
6,139.9
0,139.9
0,139.9
1,139.9
1,139.9
2,139.9
2,139.9
3,139.9
3,139.9
4,139.9
4,139.9
5,139.9
5,139.9
6,139.9
6,139.9
0,139.9
0,139.9
1,139.9
1,139.9
2,139.9
2,139.9
3,139.9
3,139.9
4,139.9
4,139.9
5,139.9
5,139.9
6,139.9
6,139.9
0,139.9
0,139.9
1,139.9
1,139.9
2,139.9
2,139.9
3,139.9
3,139.9
4,139.9
4,139.9
5,139.9
5,139.9
6,139.9
6,139.9
0,139.9
0,139.9
1,139.9
1,139.9
2,139.9
2,139.9
3,139.9
3,139.9
4,139.9
4,139.9
5,139.9
5,139.9
6,139.9
6,139.9
0,139.9
0,139.9
1,139.9
1,139.9
2,139.9
2,139.9
3,139.9
3,139.9
4,139.9
4,139.9
5,139.9
5,139.9
6,139.9
6,139.9
0,139.9
0,139.9
1,139.9
1,139.9
2,139.9
2,139.9
3,139.9
3,139.9
4,152.9
4,152.9
5,152.9
5,152.8
6,152.8
6,152.8
0,152.8
0,152.8
1,152.8
1,152.8
2,152.8
2,152.8
3,152.8
3,152.8
4,152.8
4,152.85000000000002
5,152.85000000000002
5,152.85000000000002
6,152.85000000000002
6,152.85000000000002
0,152.85000000000002
0,152.85000000000002
1,152.85000000000002
1,150.9
2,150.95
2,150.95
3,150.95
3,150.95
4,150.95
4,150.95
5,150.95
5,150.95
6,150.95
6,150.95
0,150.95
0,150.95
1,150.95
1,150.95
2,150.95
2,150.95
3,149.5666666666667
3,149.5666666666667
4,149.5666666666667
4,147.9
5,147.9
5,147.9
6,147.9
6,147.9
0,147.9
0,145.9
1,147.1
1,144.7
2,144.7
2,144.7
3,144.7
3,144.7
4,144.7
4,144.7
5,144.7
5,144.7
6,144.7
6,144.7
0,144.7
0,141.0
1,141.0
1,141.0
2,163.9
2,163.9
3,163.9
3,163.9
4,163.9
4,163.9
5,163.9
5,163.9
6,163.9
6,163.9
0,163.9
0,163.9
1,163.7
1,163.7
2,163.7
2,163.7
3,163.64999999999998
3,163.64999999999998
4,163.64999999999998
4,163.64999999999998
5,163.64999999999998
5,163.64999999999998
6,163.64999999999998
6,163.64999999999998
0,163.64999999999998
0,163.75
1,163.75
1,163.75
2,163.75
2,160.35000000000002
3,155.1
3,153.4
4,150.9
4,150.9
5,150.9
5,150.9
6,150.9
6,150.9
0,150.95
0,148.4
1,148.4
1,145.9
2,142.9
2,142.95
3,142.95
3,142.95
4,142.95
4,141.20000000000002
5,141.20000000000002
5,141.20000000000002
6,141.20000000000002
6,141.20000000000002
0,141.20000000000002
0,136.86666666666667
1,136.86666666666667
1,135.4
2,135.4
2,135.4
3,135.4
3,135.4
4,135.4
4,135.4
5,135.4
5,135.4
6,135.4
6,135.4
0,135.4
0,135.4
1,152.9
1,152.9
2,152.9
2,143.23333333333332
3,143.23333333333332
3,153.9
4,153.9
4,153.9
5,153.9
5,142.73333333333338
6,142.73333333333338
6,142.73333333333338
0,142.73333333333338
0,136.56666666666666
1,134.29999999999998
1,134.29999999999998
2,134.29999999999998
2,163.9
3,163.9
3,163.9
4,163.9
4,163.9
5,163.9
5,163.9
6,163.9
6,163.9
0,163.9
0,163.9
1,163.9
1,163.9
2,163.9
2,163.9
3,163.9
3,163.23333333333332
4,163.23333333333332
4,160.23333333333332
5,157.70000000000002
5,157.70000000000002
6,157.70000000000002
6,157.70000000000002
0,157.70000000000002
0,155.56666666666666
1,155.56666666666666
1,151.9
2,151.9
2,149.9
3,149.9
3,149.9
4,149.9
4,149.9
5,149.9
5,149.9
6,149.9
6,149.9
0,149.9
0,149.9
1,149.9
1,146.9
2,146.9
2,146.23333333333335
3,146.23333333333335
3,146.23333333333335
4,146.23333333333335
4,145.23333333333335
5,145.23333333333335
5,145.23333333333335
6,145.23333333333335
6,145.23333333333335
0,145.23333333333335
0,145.23333333333335
1,144.1
1,142.4
2,142.4
2,142.4
3,142.4
3,142.4
4,142.4
4,142.4
5,142.4
5,142.4
6,142.4
6,142.4
0,142.4
0,140.4
1,139.73333333333335
1,138.9
2,137.9
2,137.9
3,137.9
3,137.9
4,137.9
4,137.3
5,136.63333333333335
5,136.63333333333335
6,136.63333333333335
6,136.63333333333335
0,136.63333333333335
0,133.9
1,132.5666666666667
1,132.5666666666667
2,132.5666666666667
2,130.9
3,130.9
3,130.9
4,130.9
4,130.9
5,130.9
5,130.9
6,130.9
6,130.9
0,130.9
0,130.9
1,130.9
1,130.23333333333335
2,130.23333333333335
2,130.23333333333335
3,130.23333333333335
3,149.23333333333335
4,149.23333333333335
4,149.23333333333335
5,149.23333333333335
5,149.23333333333335
6,149.23333333333335
6,149.23333333333335
0,149.23333333333335
0,149.23333333333335
1,149.23333333333335
1,149.23333333333335
2,156.9
2,156.9
3,156.9
3,156.9
4,156.9
4,155.9
5,155.9
5,155.9
6,155.9
6,153.9
0,152.9
0,150.9
1,149.7
1,149.7
2,149.7
2,149.7
3,149.7
3,149.7
4,149.7
4,149.7
5,149.7
5,149.7
6,149.7
6,149.7
0,149.7
0,145.5666666666667
1,145.5666666666667
1,141.9
2,141.9
2,141.9
3,141.9
3,141.9
4,141.9
4,141.9
5,141.9
5,141.9
6,141.9
6,141.9
0,141.9
0,140.9
1,140.9
1,140.9
2,139.9
2,139.9
3,151.1
3,151.1
4,151.1
4,151.1
5,151.1
5,151.1
6,151.1
6,151.1
0,151.1
0,151.1
1,151.1
1,151.1
2,151.1
2,151.1
3,155.9
3,155.9
4,154.9
4,151.4
5,151.4
5,151.4
6,149.23333333333335
6,148.23333333333335
0,148.23333333333335
0,145.1
1,138.9
1,138.9
2,138.9
2,138.9
3,137.5666666666667
3,137.5666666666667
4,137.5666666666667
4,137.0666666666667
5,137.0666666666667
5,137.0666666666667
6,137.0666666666667
6,137.0666666666667
0,137.0666666666667
0,137.0666666666667
1,137.0666666666667
1,135.9
2,135.9
2,135.9
3,135.9
3,135.9
4,135.9
4,135.63333333333333
5,135.63333333333333
5,135.63333333333333
6,135.63333333333333
6,160.9
0,160.9
0,160.9
1,160.9
1,160.9
2,160.9
2,160.9
3,160.9
3,160.9
4,160.9
4,160.9
5,160.9
5,160.9
6,160.9
6,160.9
0,160.9
0,160.9
1,160.9
1,169.20000000000002
2,169.20000000000002
2,152.9
3,152.9
3,150.65
4,150.65
4,147.9
5,147.9
5,147.9
6,146.9
6,146.9
0,145.9
0,145.9
1,143.5666666666667
1,143.5666666666667
2,142.1
2,142.1
3,142.1
3,140.9
4,140.9
4,140.23333333333335
5,140.23333333333335
5,140.23333333333335
6,140.23333333333335
6,140.23333333333335
0,140.23333333333335
0,137.7
1,137.7
1,137.7
2,136.4
2,134.7
3,134.3
3,134.3
4,130.9
4,130.4
5,130.4
5,130.0666666666667
6,130.0666666666667
6,129.7
0,129.7
0,129.5
1,129.5
1,129.5
2,129.5
2,129.0666666666667
3,129.23333333333335
3,128.2
4,128.2
4,126.9
5,126.9
5,126.4
6,126.4
6,126.4
0,126.4
0,126.4
1,126.4
1,126.4
2,126.4
2,126.4
3,126.4
3,126.4
4,126.4
4,126.4
5,126.4
5,126.4
6,126.4
6,126.4
0,126.4
0,150.9
1,150.9
1,150.9
2,150.9
2,150.9
3,150.9
3,150.9
4,150.9
4,146.9
5,146.9
5,143.4
6,143.4
6,143.4
0,143.4
0,143.4
1,138.9
1,136.2
2,136.2
2,133.9
3,133.9
3,133.9
4,133.9
4,133.9
5,133.9
5,132.65
6,132.65
6,131.9
0,131.9
0,131.9
1,131.9
1,131.9
2,131.9
2,131.9
3,131.9
3,131.9
4,128.4
4,128.4
5,128.4
5,128.4
6,128.4
6,128.4
0,128.4
0,127.4
1,127.4
1,126.9
2,126.4
2,126.4
3,126.4
3,126.4
4,153.9
4,153.9
5,153.9
5,153.9
6,153.9
6,153.9
0,153.9
0,153.9
1,153.9
1,153.9
2,153.9
2,153.9
3,153.9
3,153.9
4,153.9
4,153.9
5,153.9
5,146.65
6,146.65
6,146.65
0,146.65
0,146.65
1,146.65
1,146.65
2,146.65
2,146.65
3,146.65
3,144.4
4,140.4
4,140.4
5,138.9
5,138.9
6,138.9
6,138.9
0,138.9
0,136.9
1,136.9
1,136.9
2,136.9
2,134.4
3,139.9
3,139.9
4,139.9
4,131.4
5,131.4
5,131.4
6,131.4
6,131.4
0,131.4
0,131.4
1,131.4
1,127.4
2,127.4
2,127.4
3,127.4
3,127.4
4,161.9
4,161.9
5,161.9
5,161.9
6,161.9
6,161.9
0,161.9
0,161.9
1,160.9
1,160.9
2,160.9
2,159.9
3,156.9
3,156.9
4,156.9
4,156.9
5,156.9
5,156.9
6,156.9
6,156.9
0,156.9
0,148.4
1,145.9
1,143.9
2,143.9
2,142.9
3,142.9
3,142.9
4,139.4
4,138.9
5,138.4
5,137.65
6,137.65
6,137.65
0,137.65
0,137.65
1,137.65
1,136.9
2,136.9
2,136.4
3,136.4
3,136.4
4,136.4
4,136.4
5,133.1
5,133.1
6,132.9
6,132.9
0,132.9
0,132.9
1,132.9
1,132.9
2,161.9
2,161.9
3,161.9
3,161.9
4,161.9
4,161.9
5,161.9
5,161.9
6,161.9
6,161.9
0,161.9
0,161.9
1,161.9
1,161.9
2,161.9
2,160.4
3,160.4
3,160.4
4,155.9
4,155.9
5,155.9
5,155.9
6,155.9
6,155.9
0,155.9
0,155.9
1,155.9
1,149.9
2,149.9
2,147.9
3,147.9
3,142.65
4,142.65
4,142.65
5,142.65
5,141.4
6,141.4
6,140.65
0,140.65
0,140.65
1,140.65
1,140.65
2,140.65
2,140.65
3,140.65
3,139.9
4,139.9
4,163.9
5,163.9
5,163.9
6,163.9
6,163.9
0,163.9
0,163.9
1,163.9
1,163.9
2,163.9
2,161.4
3,161.4
3,161.4
4,161.4
4,161.4
5,161.4
5,161.4
6,161.4
6,161.4
0,159.9
0,159.9
1,159.9
1,159.9
2,159.9
2,159.9
3,155.9
3,154.9
4,154.9
4,154.4
5,154.4
5,154.4
6,154.4
6,152.9
0,152.9
0,150.9
1,150.9
1,149.9
2,149.9
2,143.9
3,143.9
3,143.9
4,143.9
4,143.9
5,143.9
5,140.9
6,140.9
6,159.5666666666667
0,159.5666666666667
0,159.5666666666667
1,159.5666666666667
1,159.5666666666667
2,159.5666666666667
2,159.5666666666667
3,159.5666666666667
3,159.5666666666667
4,159.5666666666667
4,159.5666666666667
5,159.5666666666667
5,159.5666666666667
6,159.5666666666667
6,159.5666666666667
0,167.9
0,167.9
1,167.9
1,167.9
2,167.9
2,162.9
3,162.9
3,162.9
4,162.9
4,162.5666666666667
5,162.5666666666667
5,162.5666666666667
6,162.5666666666667
6,162.5666666666667
0,162.5666666666667
0,162.5666666666667
1,162.5666666666667
1,162.5666666666667
2,162.5666666666667
2,157.6
3,157.6
3,154.4
4,154.4
4,151.9
5,151.9
5,151.9
6,151.9
6,151.9
0,151.9
0,148.9
1,148.9
1,147.2
2,146.9
2,146.9
3,146.9
3,146.9
4,146.9
4,168.9
5,168.9
5,168.9
6,168.9
6,168.9
0,168.9
0,168.9
1,168.9
1,168.9
2,168.9
2,168.9
3,168.9
3,168.9
4,168.9
4,168.9
5,168.9
5,168.9
6,168.9
6,168.9
0,168.9
0,168.9
1,168.9
1,167.2
2,163.15
2,163.15
3,163.15
3,160.9
4,160.4
4,158.4
5,158.4
5,156.9
6,153.9
6,153.9
0,153.9
0,153.9
1,153.9
1,153.9
2,153.9
2,152.9
3,152.9
3,151.9
4,150.9
4,150.9
5,150.9
5,148.9
6,148.9
6,148.9
0,148.9
0,148.9
1,148.9
1,148.9
2,148.9
2,148.9
3,148.9
3,148.9
4,148.9
4,168.9
5,168.9
5,168.9
6,168.9
6,168.9
0,168.9
0,168.9
1,168.9
1,168.9
2,168.9
2,168.9
3,168.9
3,168.9
4,168.9
4,168.9
5,168.9
5,168.9
6,168.9
6,168.9
0,168.9
0,168.9
1,168.9
1,168.9
2,168.9
2,168.9
3,168.9
3,168.9
4,168.9
4,163.9
5,163.9
5,163.9
6,163.9
6,163.9
0,163.4
0,163.4
1,161.9
1,156.9
2,154.4
2,154.4
3,154.4
3,154.4
4,154.4
4,152.9
5,152.9
5,150.9
6,150.9
6,150.9
0,150.9
0,150.15
1,150.15
1,150.15
2,150.15
2,150.15
3,149.15
3,149.15
4,149.15
4,149.15
5,149.15
5,149.15
6,149.15
6,149.15
0,145.9
0,142.4
1,142.4
1,142.4
2,142.4
2,142.4
3,142.4
3,142.4
4,142.4
4,142.4
5,142.4
5,142.4
6,142.4
6,142.4
0,142.4
0,142.4
1,142.4
1,142.4
2,142.4
2,168.9
3,168.9
3,168.9
4,168.9
4,168.9
5,168.9
5,168.9
6,168.9
6,168.9
0,168.9
0,168.9
1,168.9
1,168.9
2,168.9
2,168.9
3,167.9
3,167.9
4,167.4
4,166.9
5,163.9
5,163.4
6,162.4
6,162.4
0,158.7
0,157.3
1,157.3
1,156.9
2,156.9
2,148.9
3,148.9
3,148.7
4,148.7
4,148.7
5,148.7
5,148.7
6,148.7
6,148.7
0,144.65
0,144.65
1,144.65
1,144.65
2,143.4
2,143.4
3,143.4
3,143.4
4,143.4
4,143.4
5,143.4
5,143.4
6,143.4
6,143.4
0,143.4
0,143.4
1,168.9
1,168.9
2,168.9
2,168.9
3,168.4
3,168.4
4,168.4
4,165.9
5,165.9
5,165.9
6,165.9
6,163.65
0,163.65
0,163.65
1,163.65
1,163.65
2,163.65
2,163.65
3,163.65
3,153.9
4,153.9
4,153.9
5,153.9
5,153.9
6,153.9
6,153.9
0,153.9
0,153.9
1,153.9
1,153.9
2,142.9
2,142.9
3,142.9
3,142.9
4,142.9
4,142.9
5,142.9
5,142.9
6,142.4
6,142.4
0,142.4
0,142.4
1,142.4
1,142.4
2,142.4
2,142.4
3,142.4
3,142.4
4,142.4
4,171.9
5,171.9
5,171.9
6,171.9
6,171.9
0,170.9
0,170.9
1,170.9
1,169.9
2,168.9
2,168.9
3,168.9
3,168.9
4,168.9
4,168.9
5,168.9
5,168.9
6,168.9
6,168.9
0,168.9
0,168.9
1,168.9
1,168.9
2,168.9
2,166.9
3,166.9
3,165.9
4,160.9
4,160.9
5,160.9
5,160.9
6,158.9
6,157.9
0,156.9
0,156.9
1,156.9
1,156.9
2,156.9
2,156.9
3,156.9
3,175.9
4,175.9
4,175.9
5,175.9
5,175.9
6,175.9
6,175.9
