0,0
0,126.9
1,126.9
1,124.9
2,124.9
2,122.9
3,122.9
3,119.9
4,119.9
4,119.9
5,119.9
5,119.9
6,119.9
6,117.7
0,117.7
0,117.7
1,117.7
1,117.3
2,117.3
2,117.3
3,117.3
3,115.9
4,115.9
4,115.9
5,115.9
5,115.9
6,115.9
6,115.9
0,115.9
0,115.9
1,114.9
1,114.9
2,114.9
2,114.9
3,145.9
3,145.9
4,145.4
4,145.4
5,145.4
5,145.4
6,145.4
6,143.9
0,143.9
0,143.9
1,143.9
1,139.9
2,139.9
2,138.9
3,138.9
3,138.9
4,138.9
4,136.9
5,136.9
5,136.9
6,136.9
6,135.4
0,133.9
0,133.9
1,127.4
1,126.9
2,126.9
2,126.9
3,126.9
3,126.9
4,126.9
4,126.9
5,126.9
5,126.9
6,126.9
6,124.9
0,124.9
0,124.9
1,124.9
1,124.9
2,124.9
2,124.9
3,124.9
3,147.9
4,146.65
4,146.65
5,146.65
5,146.65
6,146.65
6,143.4
0,141.76666666666665
0,141.76666666666665
1,141.76666666666665
1,138.9
2,138.9
2,138.9
3,138.6
3,138.6
4,136.4
4,135.9
5,135.9
5,135.9
6,135.9
6,134.9
0,133.9
0,133.9
1,127.9
1,127.9
2,127.9
2,125.9
3,124.9
3,124.9
4,124.9
4,149.9
5,149.9
5,149.9
6,149.9
6,148.9
0,148.9
0,148.9
1,148.9
1,148.9
2,148.9
2,148.9
3,148.9
3,148.9
4,148.9
4,145.9
5,145.9
5,145.9
6,145.9
6,145.9
0,145.9
0,145.9
1,145.9
1,145.9
2,145.9
2,145.9
3,145.9
3,145.9
4,145.9
4,145.9
5,145.9
5,145.9
6,145.9
6,145.9
0,145.9
0,145.9
1,145.9
1,145.9
2,145.9
2,145.9
3,145.9
3,145.9
4,145.9
4,145.9
5,145.9
5,145.9
6,145.9
6,145.9
0,145.9
0,145.9
1,145.9
1,145.9
2,145.9
2,145.9
3,145.9
3,145.9
4,145.9
4,145.9
5,145.9
5,145.9
6,145.9
6,145.9
0,145.9
0,145.9
1,145.9
1,145.9
2,145.9
2,145.9
3,145.9
3,145.9
4,145.9
4,145.9
5,145.9
5,145.9
6,145.9
6,145.9
0,145.9
0,145.9
1,145.9
1,145.9
2,145.9
2,145.9
3,145.9
3,145.9
4,145.9
4,145.9
5,145.9
5,145.9
6,145.9
6,145.9
0,145.9
0,145.9
1,145.9
1,145.9
2,145.9
2,145.9
3,145.9
3,145.9
4,145.9
4,145.9
5,145.9
5,145.9
6,145.9
6,145.9
0,145.9
0,145.9
1,145.9
1,145.9
2,145.9
2,145.9
3,145.9
3,145.9
4,145.9
4,145.9
5,145.9
5,145.9
6,145.9
6,145.9
0,145.9
0,145.9
1,145.9
1,145.9
2,145.9
2,145.9
3,145.9
3,145.9
4,145.9
4,145.9
5,145.9
5,145.9
6,145.9
6,145.9
0,145.9
0,145.9
1,145.9
1,145.9
2,145.9
2,145.9
3,124.5
3,124.5
4,152.9
4,152.9
5,152.9
5,152.9
6,152.9
6,152.9
0,152.9
0,152.9
1,152.9
1,152.9
2,152.9
2,152.9
3,152.9
3,152.9
4,152.9
4,152.9
5,152.9
5,152.9
6,152.9
6,152.9
0,152.9
0,152.9
1,150.9
1,150.9
2,150.9
2,150.9
3,150.4
3,150.4
4,150.4
4,150.4
5,150.4
5,150.4
6,150.4
6,150.4
0,150.4
0,150.45
1,148.9
1,148.9
2,145.4
2,145.4
3,145.4
3,143.9
4,143.9
4,143.9
5,143.9
5,143.9
6,143.9
6,143.9
0,143.9
0,143.9
1,143.9
1,143.9
2,141.9
2,141.9
3,141.9
3,139.9
4,139.9
4,139.9
5,139.9
5,139.9
6,139.9
6,139.9
0,139.9
0,139.9
1,139.9
1,139.9
2,139.9
2,139.9
3,163.9
3,163.9
4,163.9
4,163.9
5,163.9
5,163.9
6,163.9
6,163.9
0,163.9
0,163.9
1,163.4
1,163.4
2,163.4
2,163.4
3,163.4
3,163.4
4,163.4
4,163.4
5,163.4
5,163.4
6,163.4
6,163.4
0,163.4
0,158.9
1,155.9
1,154.9
2,153.9
2,152.4
3,152.4
3,150.9
4,150.9
4,150.9
5,150.9
5,150.9
6,150.9
6,150.9
0,150.4
0,145.9
1,145.9
1,144.9
2,144.4
2,144.4
3,144.4
3,144.4
4,143.9
4,143.9
5,143.9
5,143.9
6,143.9
6,143.9
0,143.9
0,138.9
1,138.9
1,138.9
2,138.9
2,138.9
3,138.9
3,138.9
4,138.9
4,138.85000000000002
5,138.85000000000002
5,138.85000000000002
6,138.85000000000002
6,138.85000000000002
0,138.85000000000002
0,138.85000000000002
1,138.85000000000002
1,138.85000000000002
2,138.85000000000002
2,138.85000000000002
3,138.85000000000002
3,138.85000000000002
4,138.85000000000002
4,138.85000000000002
5,138.85000000000002
5,138.85000000000002
6,138.85000000000002
6,138.85000000000002
0,138.85000000000002
0,138.85000000000002
1,138.85000000000002
1,138.85000000000002
2,138.85000000000002
2,138.85000000000002
3,138.85000000000002
3,138.85000000000002
4,138.85000000000002
4,163.9
5,163.9
5,163.9
6,163.9
6,163.9
0,163.9
0,163.9
1,163.9
1,163.9
2,163.9
2,163.9
3,162.9
3,162.9
4,162.9
4,162.9
5,160.9
5,160.9
6,160.9
6,160.9
0,160.9
0,160.9
1,160.9
1,160.9
2,160.9
2,157.9
3,157.9
3,157.9
4,157.9
4,157.9
5,157.9
5,157.9
6,157.9
6,157.9
0,157.9
0,157.9
1,154.9
1,154.9
2,150.9
2,150.9
3,142.9
3,142.9
4,142.9
4,142.9
5,142.9
5,142.9
6,142.9
6,142.9
0,139.9
0,139.9
1,139.9
1,139.9
2,139.9
2,139.9
3,139.9
3,139.9
4,139.9
4,139.9
5,139.9
5,139.9
6,139.9
6,139.9
0,139.9
0,139.9
1,139.9
1,139.9
2,139.9
2,134.9
3,134.9
3,134.9
4,134.9
4,134.9
5,134.9
5,134.9
6,134.9
6,134.9
0,134.9
0,134.9
1,133.5666666666667
1,133.5666666666667
2,133.5666666666667
2,133.5666666666667
3,133.5666666666667
3,131.5666666666667
4,131.5666666666667
4,131.5666666666667
5,131.5666666666667
5,131.5666666666667
6,131.5666666666667
6,131.5666666666667
0,131.5666666666667
0,131.5666666666667
1,131.5666666666667
1,131.5666666666667
2,131.5666666666667
2,131.5666666666667
3,131.5666666666667
3,131.5666666666667
4,131.5666666666667
4,131.5666666666667
5,131.5666666666667
5,131.5666666666667
6,131.5666666666667
6,131.5666666666667
0,158.9
0,158.9
1,158.9
1,158.9
2,155.9
2,153.9
3,153.9
3,153.9
4,153.9
4,153.9
5,153.9
5,153.9
6,153.9
6,153.9
0,153.9
0,153.9
1,153.9
1,153.9
2,153.9
2,148.9
3,146.9
3,146.9
4,146.9
4,145.9
5,145.9
5,145.9
6,144.9
6,144.9
0,143.9
0,143.9
1,143.9
1,143.9
2,141.9
2,141.9
3,138.9
3,138.9
4,138.9
4,138.9
5,138.9
5,138.9
6,138.9
6,138.9
0,138.9
0,137.9
1,137.9
1,136.9
2,136.9
2,135.9
3,135.9
3,134.9
4,133.9
4,133.9
5,133.9
5,133.9
6,133.9
6,133.9
0,158.9
0,156.9
1,156.9
1,156.9
2,156.9
2,156.9
3,155.9
3,154.9
4,154.9
4,148.9
5,147.4
5,147.4
6,147.4
6,147.4
0,146.9
0,145.4
1,145.4
1,138.9
2,138.9
2,138.9
3,138.9
3,135.9
4,135.9
4,135.9
5,135.9
5,135.9
6,135.9
6,135.9
0,135.9
0,135.9
1,135.9
1,135.9
2,134.9
2,134.9
3,134.9
3,134.9
4,134.9
4,134.9
5,134.9
5,134.9
6,134.9
6,134.9
0,134.9
0,134.9
1,134.9
1,134.9
2,134.9
2,160.9
3,160.9
3,160.9
4,160.9
4,158.9
5,158.9
5,158.9
6,158.9
6,158.9
0,158.9
0,158.9
1,158.9
1,157.9
2,152.9
2,152.9
3,151.9
3,148.9
4,148.9
4,146.9
5,146.9
5,146.9
6,146.9
6,146.9
0,146.9
0,146.9
1,143.9
1,143.9
2,142.9
2,139.7
3,139.7
3,137.9
4,136.9
4,136.9
5,136.4
5,136.4
6,136.4
6,136.4
0,136.4
0,136.4
1,133.9
1,133.9
2,133.9
2,133.9
3,133.9
3,133.9
4,133.9
4,133.9
5,133.9
5,133.9
6,133.9
6,133.9
0,133.9
0,133.9
1,133.95
1,133.95
2,133.95
2,133.95
3,133.95
3,133.95
4,133.4
4,132.65
5,132.65
5,132.65
6,132.65
6,132.65
0,132.65
0,132.65
1,132.65
1,132.65
2,132.65
2,132.65
3,132.65
3,132.65
4,132.65
4,132.65
5,132.65
5,132.65
6,132.65
6,132.65
0,132.65
0,132.65
1,132.65
1,132.65
2,132.65
2,132.65
3,132.65
3,132.65
4,132.65
4,132.65
5,132.65
5,132.65
6,132.65
6,132.65
0,132.65
0,132.65
1,132.65
1,132.65
2,132.65
2,132.65
3,132.65
3,132.65
4,132.65
4,132.65
5,132.65
5,132.65
6,132.65
6,132.65
0,132.65
0,132.65
1,132.65
1,132.65
2,132.65
2,132.65
3,132.65
3,132.65
4,132.65
4,132.65
5,132.65
5,132.65
6,132.65
6,132.65
0,132.65
0,132.65
1,132.65
1,132.65
2,132.65
2,132.65
3,132.65
3,132.65
4,132.65
4,132.65
5,132.65
5,132.65
6,132.65
6,132.65
0,132.65
0,132.65
1,132.65
1,132.65
2,132.65
2,132.65
3,132.65
3,132.65
4,132.65
4,132.65
5,132.65
5,132.65
6,132.65
6,132.65
0,132.65
0,132.65
1,132.65
1,132.65
2,132.65
2,132.65
3,132.65
3,132.65
4,132.65
4,132.65
5,132.65
5,132.65
6,132.65
6,132.65
0,132.65
0,132.65
1,132.65
1,132.65
2,132.65
2,132.65
3,132.65
3,132.65
4,132.65
4,132.65
5,132.65
5,132.65
6,132.65
6,132.65
0,132.65
0,132.65
1,132.65
1,132.65
2,132.65
2,132.65
3,132.65
3,132.65
4,132.65
4,132.65
5,132.65
5,132.65
6,132.65
6,132.65
0,132.65
0,132.65
1,132.65
1,132.65
2,132.65
2,132.65
3,132.65
3,132.65
4,132.65
4,132.65
5,132.65
5,132.65
6,132.65
6,132.65
0,132.65
0,132.65
1,132.65
1,132.65
2,132.65
2,132.65
3,132.65
3,132.65
4,132.65
4,132.65
5,132.65
5,132.65
6,132.65
6,132.65
0,132.65
0,132.65
1,132.65
1,132.65
2,132.65
2,132.65
3,132.65
3,132.65
4,132.65
4,132.65
5,132.65
5,132.65
6,132.65
6,132.65
0,132.65
0,132.65
1,132.65
1,132.65
2,132.65
2,130.9
3,130.9
3,130.9
4,130.9
4,130.9
5,130.9
5,161.9
6,161.9
6,161.9
0,161.9
0,161.9
1,161.9
1,160.9
2,160.9
2,158.9
3,158.9
3,156.9
4,154.9
4,152.9
5,151.4
5,151.4
6,151.4
6,151.4
0,150.9
0,150.9
1,148.9
1,148.9
2,148.4
2,147.4
3,143.4
3,143.4
4,142.9
4,142.9
5,142.9
5,142.9
6,142.9
6,142.9
0,142.9
0,140.4
1,138.9
1,138.9
2,138.9
2,138.9
3,138.9
3,138.9
4,138.9
4,138.9
5,138.9
5,138.9
6,138.9
6,138.9
0,162.9
0,162.9
1,162.9
1,158.9
2,158.9
2,158.9
3,158.9
3,158.9
4,158.9
4,158.9
5,158.9
5,158.9
6,158.9
6,158.9
0,157.9
0,156.9
1,156.9
1,156.9
2,156.9
2,156.9
3,156.9
3,156.9
4,156.9
4,156.4
5,156.4
5,156.4
6,156.4
6,156.4
0,155.15
0,152.9
1,152.9
1,152.9
2,151.9
2,151.9
3,148.9
3,144.9
4,144.9
4,144.9
5,144.9
5,144.9
6,144.9
6,144.9
0,144.9
0,144.9
1,144.9
1,144.9
2,168.9
2,168.9
3,168.9
3,168.9
4,168.9
4,168.9
5,164.9
5,164.9
6,164.9
6,164.9
0,164.9
0,164.9
1,164.9
1,164.9
2,164.9
2,162.9
3,161.9
3,161.9
4,161.9
4,161.9
5,161.9
5,161.9
6,161.9
6,161.9
0,161.9
0,161.9
1,161.9
1,159.9
2,159.9
2,159.4
3,156.2
3,156.2
4,156.2
4,152.4
5,152.4
5,150.9
6,150.9
6,150.9
0,147.9
0,147.9
1,146.2
1,146.2
2,146.2
2,143.9
3,143.9
3,143.9
4,143.9
4,160.5666666666667
5,160.5666666666667
5,160.5666666666667
6,160.5666666666667
6,160.5666666666667
0,160.5666666666667
0,160.5666666666667
1,160.5666666666667
1,160.5666666666667
2,160.5666666666667
2,160.5666666666667
3,160.5666666666667
3,160.5666666666667
4,160.5666666666667
4,160.5666666666667
5,160.5666666666667
5,160.5666666666667
6,160.5666666666667
6,160.5666666666667
0,166.9
0,166.9
1,166.9
1,164.4
2,162.9
2,162.7
3,161.4
3,158.9
4,158.9
4,158.5666666666667
5,158.5666666666667
5,158.5666666666667
6,158.5666666666667
6,158.5666666666667
0,158.5666666666667
0,158.5666666666667
1,158.5666666666667
1,158.5666666666667
2,153.4
2,148.9
3,148.9
3,148.4
4,148.4
4,148.4
5,148.4
5,148.4
6,148.4
6,148.4
0,148.4
0,148.4
1,148.4
1,148.4
2,148.4
2,145.9
3,144.5666666666667
3,144.5666666666667
4,144.5666666666667
4,144.5666666666667
5,168.9
5,168.9
6,168.9
6,168.9
0,168.9
0,168.9
1,168.9
1,168.9
2,168.9
2,166.9
3,166.9
3,166.9
4,166.9
4,166.9
5,166.9
5,166.9
6,166.9
6,166.9
0,166.9
0,166.9
1,166.9
1,160.9
2,160.9
2,160.9
3,160.9
3,157.9
4,157.9
4,157.9
5,155.9
5,155.9
6,155.9
6,155.9
0,152.9
0,148.9
1,147.9
1,147.9
2,146.9
2,146.9
3,146.5
3,146.5
4,146.5
4,145.9
5,145.9
5,145.9
6,145.9
6,145.9
0,145.9
0,144.9
1,144.9
1,144.9
2,144.9
2,144.9
3,144.4
3,144.4
4,144.4
4,143.9
5,143.9
5,143.9
6,143.9
6,143.9
0,142.4
0,142.0666666666667
1,142.0666666666667
1,140.9
2,140.9
2,140.9
3,140.9
3,140.9
4,140.9
4,140.9
5,140.9
5,140.9
6,140.9
6,140.9
0,140.9
0,140.9
1,140.9
1,140.9
2,140.9
2,140.9
3,159.5666666666667
3,159.5666666666667
4,167.9
4,167.9
5,167.9
5,167.9
6,167.9
6,167.9
0,165.9
0,160.9
1,160.9
1,160.9
2,160.9
2,159.9
3,159.9
3,159.9
4,159.9
4,158.9
5,158.9
5,158.9
6,158.9
6,158.9
0,158.9
0,157.9
1,157.9
1,153.5
2,153.5
2,152.9
3,152.4
3,152.4
4,150.4
4,148.55
5,148.55
5,148.55
6,148.55
6,148.55
0,140.9
0,140.9
1,140.9
1,140.9
2,140.9
2,140.9
3,140.9
3,140.9
4,139.9
4,139.9
5,139.9
5,139.9
6,139.9
6,139.9
0,139.9
0,139.9
1,168.9
1,167.5666666666667
2,167.5666666666667
2,167.5666666666667
3,167.5666666666667
3,167.5666666666667
4,165.9
4,164.9
5,164.9
5,164.9
6,164.9
6,164.9
0,162.7
0,162.7
1,162.7
1,160.7
2,160.7
2,160.7
3,160.7
3,153.5
4,153.5
4,153.5
5,153.5
5,153.5
6,153.5
6,153.5
0,153.5
0,153.5
1,153.5
1,153.5
2,142.9
2,132.4
3,132.4
3,132.4
4,132.4
4,132.4
5,132.4
5,132.4
6,132.4
6,132.4
0,132.4
0,132.4
1,157.15
1,157.15
2,157.15
2,157.15
3,157.15
3,157.15
4,157.15
4,157.15
5,157.15
5,157.15
6,157.15
6,157.15
0,168.9
0,168.9
1,168.9
1,168.9
2,168.9
2,168.9
3,168.9
3,168.23333333333335
4,165.9
4,165.9
5,165.9
5,165.9
6,165.9
6,165.9
0,162.9
0,162.9
1,162.9
1,160.9
2,159.9
2,159.9
3,158.9
3,158.23333333333335
4,158.23333333333335
4,158.23333333333335
5,158.23333333333335
5,158.23333333333335
6,158.23333333333335
6,158.23333333333335
0,156.9
0,152.9
1,152.9
1,152.9
2,152.9
2,152.9
3,163.9
3,163.9
4,163.9
4,163.9
5,163.9
5,163.9
6,163.9
6,163.9
