0,127.9
0,127.9
1,125.9
1,124.9
2,123.9
2,123.9
3,122.9
3,122.9
4,122.9
4,122.9
5,122.9
5,122.9
6,122.9
6,121.73333333333333
0,121.4
0,118.9
1,118.9
1,118.9
2,116.4
2,116.4
3,115.9
3,115.9
4,115.9
4,115.9
5,115.9
5,115.9
6,115.9
6,114.9
0,114.3
0,114.3
1,114.3
1,114.3
2,145.9
2,145.9
3,145.9
3,145.9
4,145.9
4,145.4
5,145.4
5,145.4
6,144.9
6,144.15
0,144.15
0,144.15
1,142.4
1,139.5
2,139.5
2,139.5
3,139.5
3,137.5
4,137.5
4,136.73333333333332
5,136.4
5,133.9
6,133.4
6,133.4
0,130.775
0,130.775
1,127.2
1,125.9
2,125.9
2,125.9
3,124.3625
3,124.3625
4,121.9
4,121.9
5,121.9
5,121.9
6,121.9
6,121.9
0,120.9
0,120.9
1,120.15
1,120.15
2,147.9
2,147.9
3,147.9
3,147.9
4,147.15
4,147.15
5,144.9
5,144.9
6,142.9
6,142.9
0,142.9
0,142.9
1,142.9
1,141.9
2,140.9
2,140.9
3,139.4
3,139.4
4,137.65
4,137.65
5,137.65
5,137.65
6,135.4
6,135.4
0,131.9
0,130.8
1,127.90000000000002
1,124.9
2,124.9
2,124.9
3,136.3
3,136.3
4,136.3
4,149.5666666666667
5,149.4
5,149.4
6,149.4
6,149.4
0,149.45
0,149.45
1,149.45
1,148.9
2,146.9
2,146.9
3,146.9
3,145.9
4,144.9
4,143.9
5,143.9
5,143.9
6,143.9
6,143.9
0,143.9
0,143.9
1,143.9
1,143.9
2,143.9
2,143.9
3,143.9
3,143.9
4,143.9
4,143.9
5,143.9
5,143.9
6,143.9
6,143.9
0,143.9
0,143.9
1,143.9
1,143.9
2,143.9
2,143.9
3,143.9
3,143.9
4,143.9
4,143.9
5,143.9
5,143.9
6,143.9
6,143.9
0,143.9
0,143.9
1,143.9
1,143.9
2,143.9
2,143.9
3,143.9
3,143.9
4,143.9
4,143.9
5,143.9
5,143.9
6,143.9
6,143.9
0,143.9
0,143.9
1,143.9
1,143.9
2,143.9
2,143.9
3,143.9
3,143.9
4,143.9
4,143.9
5,143.9
5,143.9
6,143.9
6,143.9
0,143.9
0,143.9
1,143.9
1,143.9
2,143.9
2,143.9
3,143.9
3,143.9
4,143.9
4,143.9
5,143.9
5,143.9
6,143.9
6,143.9
0,143.9
0,143.9
1,143.9
1,143.9
2,143.9
2,143.9
3,143.9
3,143.9
4,143.9
4,143.9
5,143.9
5,143.9
6,143.9
6,143.9
0,143.9
0,143.9
1,143.9
1,143.9
2,143.9
2,143.9
3,143.9
3,143.9
4,143.9
4,143.9
5,143.9
5,143.9
6,143.9
6,143.9
0,143.9
0,143.9
1,143.9
1,143.9
2,143.9
2,143.9
3,143.9
3,143.9
4,143.9
4,143.9
5,143.9
5,143.9
6,143.9
6,143.9
0,143.9
0,143.9
1,143.9
1,143.9
2,143.9
2,143.9
3,143.9
3,143.9
4,152.9
4,152.9
5,152.9
5,152.9
6,152.9
6,152.9
0,152.9
0,152.9
1,152.9
1,152.9
2,152.4
2,152.4
3,152.4
3,152.4
4,150.9
4,150.9
5,150.9
5,150.9
6,150.9
6,150.9
0,150.9
0,150.9
1,150.9
1,148.9
2,148.9
2,147.4
3,147.4
3,147.4
4,147.4
4,147.4
5,147.4
5,147.4
6,147.4
6,147.4
0,147.4
0,145.9
1,145.9
1,145.9
2,145.9
2,146.35000000000002
3,145.15
3,145.15
4,145.15
4,141.9
5,141.9
5,141.9
6,141.9
6,141.9
0,141.9
0,142.275
1,140.275
1,140.275
2,140.275
2,140.275
3,138.9
3,138.9
4,138.8
4,138.8
5,138.8
5,138.8
6,138.8
6,138.8
0,138.8
0,138.8
1,138.8
1,138.8
2,157.625
2,157.625
3,157.625
3,157.625
4,157.625
4,157.625
5,157.625
5,157.625
6,157.625
6,157.625
0,157.625
0,157.625
1,157.625
1,157.625
2,157.625
2,161.9
3,161.9
3,161.9
4,160.9
4,160.9
5,160.9
5,160.9
6,158.23333333333332
6,158.23333333333332
0,155.70000000000002
0,155.075
1,155.075
1,154.48000000000002
2,153.9
2,153.6
3,152.66666666666669
3,152.18749999999997
4,152.65
4,152.65
5,151.9
5,151.9
6,150.925
6,150.925
0,147.6
0,149.175
1,149.325
1,149.325
2,148.7866666666667
2,148.21249999999998
3,147.56249999999997
3,147.04999999999998
4,145.98333333333332
4,144.2923076923077
5,143.25
5,142.75
6,142.2
6,142.2875
0,141.6
0,141.825
1,141.2
1,140.9
2,141.6
2,140.6
3,140.6
3,140.55
4,140.55
4,140.09999999999997
5,140.09999999999997
5,140.09999999999997
6,139.25000000000003
6,138.70000000000002
0,139.04999999999998
0,138.4
1,156.025
1,156.025
2,156.025
2,137.4
3,137.4
3,137.4
4,137.4
4,137.925
5,137.925
5,137.925
6,137.65
6,137.65
0,137.65
0,138.92499999999998
1,138.92499999999998
1,138.92499999999998
2,151.65
2,163.9
3,163.9
3,163.9
4,163.9
4,163.9
5,163.9
5,163.9
6,163.9
6,163.9
0,163.9
0,163.9
1,163.9
1,163.9
2,161.9
2,161.9
3,161.9
3,161.15
4,161.15
4,161.15
5,157.9
5,157.9
6,157.9
6,157.9
0,155.4
0,155.4
1,155.4
1,155.4
2,155.4
2,154.23333333333332
3,152.925
3,151.9
4,150.8
4,150.8
5,150.8
5,150.8
6,150.8
6,150.8
0,150.8
0,148.6
1,146.2
1,146.2
2,146.2
2,145.375
3,145.375
3,142.475
4,142.475
4,142.475
5,140.15
5,139.6
6,139.6
6,138.775
0,138.775
0,138.23333333333335
1,138.23333333333335
1,138.23333333333335
2,136.9
2,136.9
3,136.9
3,135.9
4,135.9
4,135.9
5,135.9
5,135.9
6,135.9
6,135.9
0,135.9
0,135.9
1,135.9
1,135.9
2,135.9
2,135.9
3,135.9
3,135.9
4,135.9
4,135.9
5,135.9
5,135.9
6,135.9
6,136.66666666666666
0,136.66666666666666
0,136.66666666666666
1,136.66666666666666
1,136.66666666666666
2,136.66666666666666
2,136.66666666666666
3,136.66666666666666
3,136.66666666666666
4,136.66666666666666
4,136.66666666666666
5,136.66666666666666
5,136.66666666666666
6,136.66666666666666
6,136.66666666666666
0,134.36666666666667
0,133.6
1,133.6
1,133.6
2,133.6
2,133.6
3,133.6
3,133.6
4,133.6
4,158.9
5,158.9
5,158.9
6,158.9
6,158.9
0,158.9
0,158.9
1,158.9
1,157.66
2,157.66
2,157.66
3,156.9
3,156.9
4,156.9
4,151.21999999999997
5,151.21999999999997
5,151.21999999999997
6,151.21999999999997
6,151.21999999999997
0,150.5
0,150.5
1,150.5
1,150.5
2,150.5
2,150.5
3,148.925
3,148.925
4,148.925
4,147.3
5,147.3
5,147.3
6,147.3
6,147.3
0,146.225
0,146.225
1,146.225
1,146.225
2,146.225
2,145.6
3,145.6
3,144.15
4,144.15
4,144.15
5,144.15
5,144.15
6,144.15
6,144.15
0,144.15
0,143.25
1,153.46666666666667
1,153.46666666666667
2,153.46666666666667
2,153.46666666666667
3,153.46666666666667
3,153.46666666666667
4,153.46666666666667
4,153.46666666666667
5,153.46666666666667
5,153.46666666666667
6,153.46666666666667
6,153.46666666666667
0,153.46666666666667
0,153.46666666666667
1,153.46666666666667
1,153.46666666666667
2,156.5
2,156.5
3,155.9
3,155.9
4,155.23333333333332
4,153.9
5,153.9
5,153.9
6,148.9
6,148.9
0,148.9
0,147.01666666666668
1,142.55
1,141.575
2,140.68
2,140.68
3,140.68
3,140.68
4,140.68
4,139.9
5,139.9
5,139.15
6,139.15
6,139.15
0,139.15
0,139.15
1,139.15
1,139.15
2,139.15
2,139.15
3,139.15
3,139.15
4,139.15
4,139.15
5,139.6
5,139.6
6,139.6
6,138.9
0,138.9
0,138.9
1,155.4
1,155.4
2,155.4
2,155.4
3,155.4
3,155.4
4,155.4
4,155.4
5,155.4
5,155.4
6,155.4
6,155.4
0,155.4
0,159.4
1,159.4
1,159.4
2,158.23333333333332
2,158.23333333333332
3,156.525
3,154.6
4,154.6
4,153.66666666666666
5,153.66666666666666
5,153.66666666666666
6,152.6
6,151.6333333333333
0,150.95
0,150.95
1,150.95
1,149.9
2,149.9
2,148.5
3,148.13333333333333
3,148.13333333333333
4,148.13333333333333
4,147.4
5,147.6
5,146.9
6,146.9
6,146.9
0,146.9
0,146.9
1,145.13333333333333
1,145.13333333333333
2,144.35000000000002
2,144.8
3,143.0
3,141.5083333333333
4,140.73333333333332
4,138.78000000000003
5,138.8
5,138.46666666666667
6,137.05714285714285
6,136.53333333333333
0,136.53333333333333
0,136.65
1,135.83333333333334
1,135.85000000000002
2,135.35
2,135.4
3,135.0
3,134.89999999999998
4,134.0
4,134.55
5,134.29999999999998
5,134.4
6,134.2
6,134.2
0,133.5
0,133.8
1,132.89999999999998
1,133.9
2,132.9
2,151.9
3,151.9
3,151.23333333333335
4,151.23333333333335
4,151.23333333333335
5,151.23333333333335
5,151.23333333333335
6,151.23333333333335
6,151.23333333333335
0,151.23333333333335
0,151.23333333333335
1,151.23333333333335
1,151.23333333333335
2,151.23333333333335
2,149.45
3,149.45
3,147.8
4,147.8
4,147.8
5,147.8
5,146.8
6,146.8
6,146.8
0,146.8
0,147.2
1,145.7
1,145.7
2,144.9
2,144.9
3,144.9
3,144.9
4,143.9
4,142.9
5,142.9
5,140.25
6,139.39999999999998
6,137.95
0,137.28571428571428
0,135.35000000000002
1,135.50000000000003
1,135.50000000000003
2,135.8
2,134.9
3,134.9
3,134.3
4,134.3
4,132.9
5,133.83333333333334
5,133.9
6,133.5666666666667
6,132.2
0,132.4333333333333
0,132.4333333333333
1,133.2
1,131.9
2,131.4
2,131.4
3,130.4
3,129.4
4,141.4
4,141.4
5,153.9
5,153.9
6,153.9
6,153.9
0,153.9
0,153.9
1,153.9
1,153.9
2,153.9
2,153.9
3,153.9
3,153.9
4,153.9
4,153.9
5,153.9
5,151.9
6,148.9
6,148.9
0,146.9
0,146.9
1,146.9
1,146.9
2,146.5666666666667
2,146.5666666666667
3,146.4
3,146.4
4,146.23333333333335
4,146.23333333333335
5,145.9
5,145.9
6,145.9
6,145.9
0,145.9
0,144.9
1,145.4
1,142.7
2,142.9
2,141.8
3,141.1
3,139.7
4,137.9
4,138.15
5,138.15
5,137.4
6,137.1
6,133.82000000000002
0,132.8
0,130.9
1,130.9
1,130.9
2,130.9
2,130.9
3,130.9
3,130.9
4,146.4
4,146.4
5,161.9
5,139.9
6,150.9
6,150.9
0,161.9
0,161.9
1,161.4
1,161.4
2,160.9
2,160.9
3,159.9
3,159.9
4,158.9
4,158.9
5,158.9
5,156.4
6,155.9
6,155.9
0,155.3
0,153.9
1,153.9
1,152.8
2,152.33333333333334
2,149.9
3,148.9
3,148.9
4,148.9
4,147.9
5,148.5
5,147.7
6,147.7
6,147.7
0,145.49999999999997
0,145.49999999999997
1,145.49999999999997
1,145.49999999999997
2,145.49999999999997
2,145.49999999999997
3,145.49999999999997
3,140.9
4,139.9
4,137.4
5,137.4
5,137.4
6,134.8
6,132.8
0,132.8
0,131.86666666666667
1,131.86666666666667
1,130.7
2,151.23333333333335
2,151.23333333333335
3,151.23333333333335
3,151.23333333333335
4,151.23333333333335
4,151.23333333333335
5,151.23333333333335
5,151.23333333333335
6,151.23333333333335
6,151.23333333333335
0,151.23333333333335
0,151.23333333333335
1,151.23333333333335
1,151.23333333333335
2,151.23333333333335
2,161.1
3,161.1
3,158.9
4,158.9
4,155.4
5,155.4
5,155.4
6,155.4
6,155.4
0,155.4
0,152.9
1,152.9
1,152.9
2,150.9
2,148.9
3,148.4
3,148.4
4,146.9
4,139.9
5,139.9
5,138.23333333333335
6,138.23333333333335
6,138.23333333333335
0,138.23333333333335
0,138.23333333333335
1,137.23333333333335
1,137.23333333333335
2,137.23333333333335
2,137.23333333333335
3,137.23333333333335
3,163.9
4,163.9
4,163.9
5,163.9
5,163.9
6,163.9
6,163.9
0,163.9
0,163.9
1,163.9
1,163.9
2,161.9
2,160.9
3,160.9
3,160.23333333333335
4,160.23333333333335
4,160.23333333333335
5,160.23333333333335
5,159.23333333333335
6,159.23333333333335
6,159.23333333333335
0,159.23333333333335
0,159.23333333333335
1,159.23333333333335
1,157.9
2,157.9
2,157.9
3,157.9
3,155.9
4,155.9
4,153.4
5,153.4
5,153.4
6,153.4
6,153.4
0,153.4
0,151.9
1,149.9
1,148.9
2,148.9
2,148.9
3,148.4
3,145.9
4,145.9
4,142.9
5,142.9
5,168.9
6,168.9
6,168.9
0,168.9
0,168.9
1,168.9
1,167.4
2,167.4
2,167.4
3,166.9
3,165.9
4,165.9
4,165.9
5,165.9
5,165.9
6,165.9
6,165.9
0,163.7
0,163.7
1,162.7
1,162.7
2,161.7
2,161.7
3,161.7
3,161.7
4,160.9
4,160.9
5,160.9
5,160.9
6,160.9
6,160.9
0,158.9
0,157.9
1,157.9
1,157.9
2,154.8
2,150.3
3,150.3
3,150.3
4,150.3
4,150.3
5,150.3
5,150.3
6,150.3
6,150.3
0,150.3
0,150.3
1,168.9
1,168.9
2,168.9
2,168.9
3,168.9
3,168.9
4,168.9
4,168.9
5,168.9
5,168.9
6,168.9
6,168.9
0,168.9
0,167.3
1,167.3
1,167.3
2,164.9
2,161.7
3,161.7
3,161.7
4,161.7
4,160.4
5,160.4
5,160.4
6,160.4
6,160.4
0,160.4
0,160.4
1,160.4
1,160.4
2,158.7
2,157.7
3,156.9
3,156.9
4,156.9
4,156.9
5,156.9
5,156.9
6,156.9
6,153.9
0,153.9
0,153.9
1,153.9
1,153.9
2,153.9
2,153.9
3,153.9
3,153.9
4,151.9
4,151.9
5,151.9
5,151.9
6,151.9
6,150.9
0,149.9
0,149.9
1,149.9
1,149.9
2,149.7
2,149.7
3,149.7
3,168.9
4,168.9
4,168.9
5,168.9
5,168.9
6,168.9
6,168.9
0,168.9
0,168.9
1,168.9
1,168.7
2,167.7
2,166.7
3,166.7
3,161.7
4,159.9
4,159.9
5,159.9
5,159.9
6,159.9
6,159.9
0,159.9
0,159.9
1,159.9
1,158.9
2,155.9
2,155.9
3,155.9
3,154.9
4,154.9
4,153.9
5,153.9
5,153.9
6,153.9
6,153.9
0,153.9
0,153.9
1,153.9
1,153.9
2,151.9
2,151.9
3,151.9
3,150.8
4,150.8
4,150.8
5,150.8
5,150.8
6,150.8
6,149.9
0,149.9
0,149.9
1,149.9
1,149.9
2,148.9
2,148.9
3,148.9
3,147.2
4,146.9
4,146.9
5,146.9
5,146.9
6,146.9
6,146.9
0,146.9
0,144.7
1,144.7
1,144.7
2,143.9
2,143.9
3,142.9
3,142.9
4,142.9
4,142.9
5,142.9
5,142.9
6,142.9
6,142.9
0,155.4
0,140.9
1,168.9
1,168.9
2,168.9
2,168.9
3,168.9
3,168.9
4,167.9
4,166.9
5,166.9
5,166.9
6,166.9
6,166.9
0,165.9
0,163.9
1,163.9
1,163.9
2,162.9
2,162.5
3,160.9
3,160.9
4,160.9
4,158.9
5,158.9
5,158.9
6,158.9
6,158.9
0,158.9
0,157.9
1,155.9
1,155.9
2,154.9
2,153.9
3,153.9
3,152.9
4,151.9
4,151.9
5,150.9
5,150.9
6,150.9
6,150.9
0,149.9
0,149.9
1,149.9
1,149.9
2,149.9
2,149.9
3,149.9
3,149.9
4,146.9
4,146.9
5,146.9
5,146.9
6,146.9
6,146.9
0,168.9
0,168.4
1,168.4
1,168.4
2,168.4
2,168.4
3,167.9
3,159.9
4,159.9
4,157.9
5,157.9
5,157.9
6,157.9
6,157.9
0,154.9
0,151.7
1,151.7
1,150.9
2,150.9
2,149.7
3,149.7
3,149.7
4,149.7
4,148.9
5,148.9
5,148.9
6,148.9
6,147.9
0,147.9
0,147.9
1,147.9
1,147.9
2,147.9
2,147.9
3,147.9
3,147.9
4,147.9
4,147.9
5,147.9
5,147.9
6,146.9
6,146.9
0,146.9
0,146.9
1,146.9
1,146.9
2,146.9
2,171.9
3,171.9
3,171.9
4,171.9
4,171.9
5,171.9
5,171.9
6,171.9
6,171.9
0,170.9
0,170.9
1,170.9
1,168.4
2,166.9
2,166.9
3,165.9
3,165.9
4,164.9
4,164.9
5,164.9
5,164.9
6,164.9
6,164.9
0,164.9
0,164.9
1,164.9
1,163.9
2,163.9
2,163.9
3,163.9
3,156.4
4,156.4
4,156.4
5,156.4
5,156.4
6,154.9
6,154.9
0,154.9
0,154.9
1,152.9
1,163.4
2,163.4
2,163.4
3,163.4
3,163.4
4,163.4
4,163.4
5,163.4
5,163.4
6,163.4
6,163.4
