0,133.9
0,132.9
1,130.9
1,130.9
2,127.4
2,127.4
3,124.9
3,123.9
4,123.9
4,123.9
5,123.9
5,123.9
6,123.9
6,123.9
0,123.9
0,119.9
1,121.9
1,121.9
2,118.56666666666666
2,118.56666666666666
3,118.56666666666666
3,118.56666666666666
4,118.56666666666666
4,118.56666666666666
5,118.56666666666666
5,118.56666666666666
6,118.56666666666666
6,118.56666666666666
0,118.56666666666666
0,118.56666666666666
1,116.9
1,116.9
2,116.9
2,145.9
3,131.4
3,131.4
4,145.4
4,145.4
5,145.4
5,145.4
6,145.4
6,144.9
0,144.9
0,142.9
1,141.9
1,141.9
2,135.9
2,135.9
3,132.9
3,131.9
4,131.9
4,131.9
5,131.9
5,131.9
6,130.9
6,130.9
0,130.9
0,130.9
1,129.4
1,129.4
2,127.9
2,127.9
3,125.9
3,125.9
4,122.25
4,122.25
5,121.7
5,121.25
6,121.25
6,121.25
0,119.9
0,119.9
1,119.9
1,119.9
2,119.9
2,119.9
3,147.9
3,147.9
4,145.7
4,145.7
5,145.7
5,145.7
6,143.15
6,143.15
0,143.15
0,143.15
1,140.4
1,140.4
2,140.4
2,140.4
3,140.4
3,140.4
4,140.4
4,138.4
5,135.9
5,135.9
6,135.9
6,135.9
0,131.4
0,131.4
1,127.9
1,127.9
2,123.41666666666667
2,120.9
3,119.9
3,119.9
4,149.9
4,149.9
5,149.9
5,149.9
6,148.9
6,148.9
0,147.9
0,146.9
1,146.9
1,146.9
2,146.9
2,146.9
3,146.9
3,146.9
4,146.9
4,145.9
5,145.9
5,145.9
6,145.9
6,145.9
0,145.9
0,145.9
1,145.9
1,145.9
2,145.9
2,145.9
3,145.9
3,145.9
4,145.9
4,145.9
5,145.9
5,145.9
6,145.9
6,145.9
0,145.9
0,145.9
1,145.9
1,145.9
2,145.9
2,145.9
3,145.9
3,145.9
4,145.9
4,145.9
5,145.9
5,145.9
6,145.9
6,145.9
0,145.9
0,145.9
1,145.9
1,145.9
2,145.9
2,145.9
3,145.9
3,145.9
4,145.9
4,145.9
5,145.9
5,145.9
6,145.9
6,145.9
0,145.9
0,145.9
1,145.9
1,145.9
2,145.9
2,145.9
3,145.9
3,145.9
4,145.9
4,145.9
5,145.9
5,145.9
6,145.9
6,145.9
0,145.9
0,145.9
1,145.9
1,145.9
2,145.9
2,145.9
3,145.9
3,145.9
4,145.9
4,145.9
5,145.9
5,145.9
6,145.9
6,145.9
0,145.9
0,145.9
1,145.9
1,145.9
2,145.9
2,145.9
3,145.9
3,145.9
4,145.9
4,145.9
5,145.9
5,145.9
6,145.9
6,145.9
0,145.9
0,145.9
1,145.9
1,145.9
2,145.9
2,145.9
3,145.9
3,145.9
4,145.9
4,145.9
5,145.9
5,145.9
6,145.9
6,145.9
0,145.9
0,145.9
1,145.9
1,145.9
2,145.9
2,145.9
3,145.9
3,145.9
4,145.9
4,145.9
5,145.9
5,145.9
6,145.9
6,145.9
0,145.9
0,145.9
1,145.9
1,145.9
2,145.9
2,145.9
3,145.9
3,142.20000000000002
4,142.20000000000002
4,142.20000000000002
5,153.0
5,153.0
6,152.9
6,152.9
0,152.9
0,152.9
1,152.9
1,152.9
2,152.9
2,152.9
3,152.9
3,152.9
4,152.9
4,150.9
5,150.9
5,150.9
6,150.9
6,150.9
0,149.9
0,148.5666666666667
1,148.5666666666667
1,147.72
2,147.72
2,147.72
3,147.72
3,144.55
4,144.55
4,143.9
5,143.9
5,143.9
6,143.9
6,143.9
0,143.9
0,143.9
1,143.9
1,143.9
2,141.9
2,141.9
3,141.9
3,141.9
4,141.9
4,141.9
5,141.9
5,141.9
6,141.9
6,136.9
0,136.9
0,136.9
1,136.9
1,136.9
2,136.9
2,136.9
3,136.9
3,136.9
4,136.9
4,136.9
5,136.9
5,136.9
6,136.9
6,136.9
0,136.9
0,136.9
1,136.9
1,136.9
2,136.9
2,136.95
3,136.95
3,163.9
4,163.9
4,163.85000000000002
5,161.9
5,161.9
6,161.9
6,161.9
0,161.9
0,161.9
1,161.9
1,161.9
2,161.9
2,153.9
3,153.9
3,153.9
4,151.9
4,151.9
5,151.9
5,147.3
6,147.3
6,147.3
0,145.2
0,145.2
1,145.2
1,144.8
2,143.7
2,143.3
3,143.3
3,142.66666666666666
4,141.6
4,141.6
5,141.6
5,141.6
6,141.6
6,141.6
0,141.6
0,140.2
1,139.70000000000002
1,138.8
2,138.8
2,138.8
3,138.8
3,138.8
4,138.8
4,137.8
5,137.8
5,137.8
6,137.8
6,137.8
0,137.8
0,136.7
1,135.0
1,135.0
2,135.0
2,134.5
3,134.5
3,134.5
4,134.4
4,134.4
5,134.4
5,134.4
6,134.4
6,134.4
0,134.4
0,134.4
1,134.4
1,134.4
2,134.4
2,134.4
3,134.4
3,134.4
4,134.4
4,134.4
5,134.4
5,134.4
6,134.4
6,134.4
0,134.4
0,134.4
1,134.4
1,133.73333333333332
2,133.73333333333332
2,133.73333333333332
3,133.73333333333332
3,133.73333333333332
4,133.73333333333332
4,148.65
5,163.9
5,163.9
6,163.9
6,163.9
0,163.9
0,163.9
1,163.9
1,163.9
2,163.9
2,161.3
3,161.3
3,161.3
4,161.3
4,161.3
5,161.3
5,161.3
6,161.3
6,161.3
0,161.3
0,161.3
1,161.3
1,161.3
2,161.3
2,156.5
3,156.5
3,156.5
4,156.5
4,156.5
5,156.5
5,156.5
6,156.5
6,156.5
0,151.7
0,151.7
1,149.7
1,149.7
2,149.7
2,147.775
3,147.775
3,145.13333333333333
4,143.16666666666669
4,143.16666666666669
5,143.16666666666669
5,143.16666666666669
6,143.16666666666669
6,143.16666666666669
0,143.16666666666669
0,143.16666666666669
1,143.16666666666669
1,143.16666666666669
2,143.16666666666669
2,143.16666666666669
3,143.16666666666669
3,143.16666666666669
4,143.16666666666669
4,143.16666666666669
5,143.16666666666669
5,143.16666666666669
6,142.03333333333333
6,138.65
0,138.65
0,138.65
1,138.65
1,138.65
2,138.65
2,138.65
3,138.65
3,138.65
4,138.65
4,134.3
5,134.3
5,134.3
6,134.3
6,134.3
0,134.3
0,134.3
1,134.3
1,134.3
2,134.3
2,130.8
3,130.8
3,129.7
4,129.7
4,129.7
5,129.7
5,129.7
6,129.7
6,129.7
0,129.7
0,129.7
1,129.7
1,128.5
2,128.5
2,128.5
3,128.5
3,128.5
4,128.5
4,128.5
5,128.5
5,128.5
6,128.5
6,128.5
0,160.23333333333335
0,158.9
1,158.9
1,154.43333333333334
2,154.43333333333334
2,154.43333333333334
3,154.43333333333334
3,153.9
4,153.9
4,153.9
5,153.9
5,152.9
6,152.9
6,152.9
0,152.9
0,152.9
1,152.9
1,150.9
2,150.9
2,150.9
3,150.9
3,150.9
4,150.9
4,150.9
5,150.9
5,150.9
6,150.9
6,150.9
0,149.5666666666667
0,149.5666666666667
1,149.5666666666667
1,149.5666666666667
2,149.5666666666667
2,145.9
3,145.9
3,145.9
4,142.76666666666668
4,142.76666666666668
5,142.76666666666668
5,142.76666666666668
6,142.76666666666668
6,142.76666666666668
0,142.76666666666668
0,142.76666666666668
1,142.76666666666668
1,142.76666666666668
2,141.0
2,138.43333333333334
3,138.43333333333334
3,135.2
4,135.2
4,135.2
5,135.2
5,135.2
6,135.2
6,135.2
0,150.66666666666666
0,158.23333333333335
1,158.23333333333335
1,158.23333333333335
2,156.9
2,153.7
3,149.8
3,146.73333333333332
4,145.0
4,145.0
5,145.0
5,145.0
6,145.0
6,145.0
0,145.0
0,143.9
1,142.23333333333335
1,142.23333333333335
2,142.23333333333335
2,142.23333333333335
3,142.23333333333335
3,140.9
4,140.9
4,137.16666666666669
5,137.16666666666669
5,137.16666666666669
6,137.16666666666669
6,137.16666666666669
0,137.16666666666669
0,133.50000000000003
1,133.50000000000003
1,133.50000000000003
2,133.50000000000003
2,133.50000000000003
3,133.50000000000003
3,133.50000000000003
4,133.50000000000003
4,133.50000000000003
5,133.50000000000003
5,133.50000000000003
6,133.50000000000003
6,133.50000000000003
0,133.50000000000003
0,133.50000000000003
1,133.50000000000003
1,133.50000000000003
2,133.50000000000003
2,151.5666666666667
3,151.5666666666667
3,158.9
4,158.9
4,158.9
5,158.9
5,158.9
6,158.9
6,158.9
0,154.9
0,154.2
1,154.2
1,154.2
2,154.2
2,154.2
3,153.9
3,151.16666666666669
4,151.16666666666669
4,145.8
5,145.8
5,145.8
6,145.8
6,145.8
0,145.8
0,145.8
1,140.9
1,140.9
2,138.9
2,138.9
3,138.9
3,138.9
4,138.9
4,138.9
5,138.9
5,138.9
6,138.9
6,138.9
0,138.9
0,138.9
1,138.9
1,138.9
2,138.9
2,138.23333333333335
3,138.23333333333335
3,138.23333333333335
4,132.9
4,132.9
5,132.9
5,132.9
6,130.9
6,130.9
0,130.9
0,130.9
1,130.9
1,130.9
2,128.9
2,126.9
3,126.9
3,126.9
4,126.9
4,126.9
5,126.9
5,126.9
6,126.9
6,126.9
0,126.9
0,124.9
1,124.9
1,124.9
2,124.9
2,124.9
3,124.9
3,150.9
4,150.9
4,150.9
5,150.9
5,150.4
6,150.4
6,150.4
0,150.4
0,150.4
1,150.4
1,145.60000000000002
2,142.9
2,141.9
3,141.9
3,140.0
4,136.1
4,134.0
5,134.0
5,134.0
6,132.0
6,132.0
0,132.0
0,132.0
1,132.0
1,129.8
2,129.8
2,129.8
3,129.8
3,128.7
4,128.7
4,128.3
5,128.3
5,128.3
6,127.7
6,127.7
0,127.30000000000001
0,127.30000000000001
1,126.30000000000001
1,126.30000000000001
2,125.7
2,125.7
3,125.7
3,125.7
4,125.7
4,125.7
5,125.7
5,125.7
6,125.7
6,125.7
0,125.7
0,125.7
1,125.7
1,125.7
2,125.1
2,125.1
3,125.1
3,125.1
4,125.1
4,125.1
5,125.1
5,125.1
6,125.1
6,125.1
0,125.1
0,125.1
1,125.1
1,153.9
2,153.9
2,153.9
3,153.2
3,153.2
4,150.45
4,150.45
5,148.4
5,148.4
6,148.4
6,144.9
0,144.9
0,144.9
1,144.9
1,144.9
2,144.9
2,144.9
3,144.9
3,144.9
4,144.9
4,144.9
5,144.9
5,144.9
6,144.9
6,144.9
0,144.9
0,144.9
1,144.9
1,143.8
2,143.8
2,143.8
3,143.8
3,141.9
4,140.9
4,139.9
5,139.9
5,138.9
6,138.9
6,138.9
0,138.9
0,138.9
1,138.9
1,134.2
2,133.45
2,131.6
3,131.6
3,130.6
4,146.25
4,146.25
5,161.9
5,161.9
6,161.9
6,161.9
0,161.9
0,161.9
1,159.4
1,155.9
2,155.9
2,155.9
3,155.9
3,155.9
4,155.4
4,155.4
5,155.4
5,155.4
6,155.4
6,155.4
0,155.4
0,155.4
1,155.4
1,155.4
2,148.5
2,154.9
3,147.7
3,147.7
4,146.4
4,146.4
5,145.9
5,145.9
6,145.9
6,145.9
0,145.2
0,145.2
1,145.2
1,145.2
2,145.2
2,141.7
3,137.05
3,134.3
4,134.10000000000002
4,132.7
5,132.7
5,132.7
6,132.7
6,132.7
0,132.7
0,130.7
1,130.7
1,130.7
2,130.7
2,130.7
3,130.7
3,130.7
4,130.7
4,130.7
5,130.7
5,130.7
6,130.7
6,130.7
0,130.7
0,130.7
1,146.3
1,160.5
2,160.5
2,159.5
3,158.9
3,157.9
4,157.9
4,157.9
5,157.9
5,157.9
6,157.9
6,157.9
0,157.9
0,157.9
1,153.9
1,153.9
2,148.9
2,148.9
3,148.9
3,143.4
4,143.4
4,143.4
5,143.4
5,143.4
6,143.4
6,143.4
0,143.4
0,140.5
1,140.5
1,140.5
2,140.5
2,140.5
3,140.5
3,140.5
4,140.5
4,163.9
5,163.9
5,163.9
6,163.9
6,163.9
0,163.9
0,163.9
1,163.9
1,163.9
2,160.9
2,160.9
3,160.9
3,159.9
4,159.9
4,159.4
5,159.4
5,159.4
6,159.4
6,159.4
0,159.4
0,159.4
1,157.9
1,157.9
2,157.9
2,157.9
3,156.9
3,156.9
4,156.9
4,151.0
5,151.0
5,151.0
6,151.0
6,151.0
0,151.0
0,149.9
1,149.9
1,149.9
2,149.9
2,149.9
3,149.9
3,146.83333333333334
4,146.83333333333334
4,141.8
5,141.8
5,140.1
6,139.8
6,139.8
0,159.20000000000002
0,159.20000000000002
1,159.20000000000002
1,160.9
2,160.9
2,160.9
3,160.9
3,160.9
4,160.9
4,160.9
5,160.9
5,160.9
6,160.9
6,155.9
0,155.9
0,153.9
1,153.9
1,153.9
2,153.9
2,153.23333333333335
3,153.23333333333335
3,151.9
4,151.9
4,151.23333333333335
5,151.23333333333335
5,151.23333333333335
6,151.23333333333335
6,151.23333333333335
0,149.4
0,149.4
1,145.3
1,142.9
2,142.1
2,142.1
3,142.1
3,141.03333333333333
4,140.5
4,140.5
5,140.5
5,140.5
6,140.5
6,140.5
0,140.5
0,140.5
1,140.5
1,140.5
2,140.5
2,140.5
3,140.5
3,140.5
4,154.7
4,168.9
5,168.9
5,168.9
6,168.9
6,168.9
0,168.5
0,168.5
1,168.5
1,166.5
2,165.5
2,164.5
3,164.5
3,162.9
4,161.3
4,160.2
5,160.2
5,159.1
6,159.1
6,159.1
0,158.8
0,158.8
1,158.8
1,158.8
2,155.9
2,153.05
3,153.05
3,153.05
4,149.36666666666667
4,146.1
5,146.1
5,144.9
6,142.9
6,142.9
0,142.9
0,142.9
1,142.9
1,142.9
2,142.9
2,141.9
3,141.9
3,141.9
4,141.9
4,141.9
5,141.9
5,141.9
6,141.9
6,141.9
0,141.9
0,141.9
1,141.9
1,141.9
2,141.9
2,159.9
3,159.9
3,159.9
4,159.9
4,159.9
5,159.9
5,159.9
6,159.9
6,159.9
0,167.29999999999998
0,165.5
1,165.5
1,164.9
2,163.8
2,163.5
3,163.5
3,163.5
4,163.5
4,163.5
5,163.5
5,163.5
6,163.5
6,163.3
0,162.3
0,162.3
1,162.3
1,159.75
2,159.75
2,157.2
3,156.9
3,156.5
4,156.5
4,156.5
5,156.5
5,156.5
6,156.5
6,156.5
0,156.5
0,156.5
1,156.5
1,156.5
2,155.9
2,149.4
3,149.4
3,149.4
4,149.4
4,149.4
5,149.4
5,147.4
6,145.4
6,145.4
0,143.4
0,143.4
1,142.3
1,140.8
2,140.8
2,140.8
3,140.8
3,140.8
4,140.8
4,140.8
5,140.8
5,140.8
6,140.8
6,140.8
0,140.8
0,140.8
1,140.8
1,139.8
2,139.8
2,139.8
3,139.8
3,139.8
4,139.8
4,139.8
5,139.8
5,139.8
6,139.8
6,139.8
0,139.8
0,139.8
1,139.8
1,139.8
2,139.8
2,139.8
3,159.20000000000002
3,166.5
4,166.5
4,164.9
5,164.9
5,164.9
6,164.9
6,164.9
0,164.7
0,164.7
1,164.7
1,164.7
2,162.7
2,160.7
3,158.7
3,158.7
4,158.7
4,158.7
5,158.7
5,158.7
6,158.7
6,158.7
0,158.7
0,154.7
1,150.6
1,150.6
2,150.6
2,146.05
3,146.05
3,146.05
4,146.05
4,146.05
5,146.05
5,146.05
6,146.05
6,146.05
0,146.05
0,146.05
1,146.05
1,146.05
2,143.60000000000002
2,140.8
3,140.8
3,140.8
4,140.8
4,140.8
5,140.8
5,140.8
6,140.8
6,140.8
0,140.8
0,168.9
1,168.9
1,168.9
2,166.2
2,160.3
3,156.3
3,156.3
4,152.9
4,150.7
5,150.7
5,150.7
6,150.7
6,146.7
0,146.7
0,146.7
1,146.7
1,144.9
2,144.9
2,144.9
3,144.9
3,144.9
4,144.9
4,144.9
5,144.9
5,144.9
6,144.9
6,144.9
0,144.9
0,144.9
1,144.9
1,144.9
2,144.9
2,144.9
3,144.9
3,144.9
4,144.9
4,144.9
5,144.9
5,144.9
6,144.9
6,144.9
0,144.9
0,144.9
1,144.9
1,144.9
2,144.9
2,144.9
3,144.9
3,144.9
4,144.9
4,162.9
5,162.9
5,162.9
6,162.9
6,162.9
0,170.3
0,170.3
1,170.3
1,167.4
2,167.4
2,167.4
3,167.4
3,167.4
4,167.4
4,167.4
5,167.4
5,162.9
6,162.9
6,160.9
0,158.9
0,157.9
1,156.9
1,152.9
2,151.9
2,151.9
3,151.9
3,150.9
4,150.9
4,150.9
5,150.9
5,150.9
6,150.9
6,150.9
0,150.9
0,148.9
1,148.9
1,147.9
2,147.9
2,147.9
3,147.9
3,147.9
4,175.9
4,175.9
5,175.9
5,175.9
6,175.9
6,175.9
