0,0
0,126.9
1,124.7
1,124.7
2,124.7
2,124.7
3,124.7
3,124.7
4,124.7
4,124.7
5,124.7
5,124.7
6,124.7
6,122.3
0,122.3
0,119.9
1,117.26666666666665
1,117.26666666666665
2,115.9
2,115.9
3,124.89999999999999
3,124.89999999999999
4,124.89999999999999
4,124.89999999999999
5,124.89999999999999
5,114.8
6,114.9
6,114.9
0,114.4
0,114.4
1,113.8
1,113.8
2,113.8
2,113.8
3,145.9
3,145.9
4,145.95
4,142.9
5,142.46666666666667
5,142.46666666666667
6,140.7
6,140.7
0,140.7
0,140.7
1,140.7
1,136.7
2,135.5
2,135.5
3,135.5
3,135.5
4,133.9
4,133.9
5,133.9
5,133.9
6,133.9
6,133.9
0,133.9
0,133.9
1,132.9
1,132.9
2,132.9
2,132.9
3,132.6
3,132.6
4,132.6
4,132.6
5,130.9
5,129.9
6,129.9
6,127.9
0,127.9
0,127.9
1,124.9
1,124.9
2,122.9
2,122.9
3,147.9
3,147.9
4,147.9
4,147.9
5,147.9
5,147.9
6,147.9
6,147.9
0,147.9
0,147.9
1,147.9
1,147.9
2,147.9
2,147.9
3,145.9
3,145.9
4,144.9
4,144.7
5,144.7
5,144.7
6,138.9
6,138.9
0,132.9
0,132.9
1,129.9
1,129.9
2,127.9
2,127.9
3,137.9
3,137.9
4,137.9
4,137.9
5,137.9
5,137.9
6,137.9
6,137.9
0,148.7
0,148.7
1,148.7
1,148.7
2,148.7
2,148.7
3,148.7
3,148.7
4,143.9
4,141.9
5,141.9
5,141.9
6,141.9
6,141.9
0,141.9
0,141.9
1,141.9
1,141.9
2,141.9
2,141.9
3,141.9
3,141.9
4,141.9
4,141.9
5,141.9
5,141.9
6,141.9
6,141.9
0,141.9
0,141.9
1,141.9
1,141.9
2,141.9
2,141.9
3,141.9
3,141.9
4,141.9
4,141.9
5,141.9
5,141.9
6,141.9
6,141.9
0,141.9
0,141.9
1,141.9
1,141.9
2,141.9
2,141.9
3,141.9
3,141.9
4,141.9
4,141.9
5,141.9
5,141.9
6,141.9
6,141.9
0,141.9
0,141.9
1,141.9
1,141.9
2,141.9
2,141.9
3,141.9
3,141.9
4,141.9
4,141.9
5,141.9
5,141.9
6,141.9
6,141.9
0,141.9
0,141.9
1,141.9
1,141.9
2,141.9
2,141.9
3,141.9
3,141.9
4,141.9
4,141.9
5,141.9
5,141.9
6,141.9
6,141.9
0,141.9
0,141.9
1,141.9
1,141.9
2,141.9
2,141.9
3,141.9
3,141.9
4,141.9
4,141.9
5,141.9
5,141.9
6,141.9
6,141.9
0,141.9
0,141.9
1,141.9
1,141.9
2,141.9
2,141.9
3,141.9
3,141.9
4,141.9
4,141.9
5,141.9
5,141.9
6,141.9
6,141.9
0,141.9
0,141.9
1,141.9
1,141.9
2,141.9
2,141.9
3,141.9
3,141.9
4,141.9
4,141.9
5,141.9
5,141.9
6,141.9
6,141.9
0,141.9
0,141.9
1,141.9
1,141.9
2,141.9
2,141.9
3,141.9
3,141.9
4,144.9
4,152.95
5,152.95
5,152.95
6,152.95
6,152.95
0,152.95
0,152.95
1,152.95
1,152.95
2,152.95
2,152.95
3,152.95
3,151.5666666666667
4,151.5666666666667
4,151.5666666666667
5,151.5666666666667
5,151.5666666666667
6,150.95
6,150.95
0,150.95
0,148.9
1,148.9
1,148.6
2,148.6
2,148.6
3,148.6
3,148.6
4,148.6
4,148.6
5,148.64999999999998
5,148.64999999999998
6,148.64999999999998
6,148.7
0,148.55
0,148.6
1,148.6
1,148.6
2,148.6
2,148.64999999999998
3,148.64999999999998
3,148.64999999999998
4,148.64999999999998
4,148.64999999999998
5,148.64999999999998
5,148.64999999999998
6,148.64999999999998
6,148.64999999999998
0,148.64999999999998
0,143.23333333333335
1,142.5666666666667
1,142.5666666666667
2,142.5666666666667
2,142.5666666666667
3,139.9
3,139.9
4,139.9
4,139.9
5,139.9
5,139.9
6,139.9
6,139.9
0,139.9
0,139.9
1,139.9
1,138.64285714285714
2,138.64285714285714
2,155.23333333333335
3,155.23333333333335
3,155.23333333333335
4,155.23333333333335
4,155.23333333333335
5,155.23333333333335
5,155.23333333333335
6,163.85000000000002
6,163.85000000000002
0,163.85000000000002
0,163.85000000000002
1,162.7
1,162.7
2,162.7
2,161.5
3,161.5
3,161.5
4,161.5
4,161.5
5,161.5
5,161.5
6,161.75
6,161.75
0,161.75
0,159.76666666666665
1,159.76666666666665
1,157.7
2,155.5666666666667
2,154.85000000000002
3,153.7
3,153.7
4,153.7
4,153.7
5,153.7
5,153.7
6,153.7
6,153.7
0,151.14999999999998
0,148.6
1,148.6
1,148.6
2,148.6
2,148.6
3,148.6
3,148.6
4,148.6
4,148.6
5,148.6
5,148.6
6,148.55
6,148.55
0,148.55
0,148.55
1,145.95999999999998
1,142.9
2,141.56666666666666
2,141.56666666666666
3,140.3
3,140.3
4,140.3
4,138.9
5,138.9
5,138.9
6,138.9
6,138.9
0,137.56666666666666
0,136.56666666666666
1,136.3
1,136.3
2,136.3
2,135.3
3,135.3
3,135.3
4,133.96666666666667
4,132.9
5,132.9
5,132.9
6,132.9
6,132.63333333333333
0,132.63333333333333
0,131.9
1,130.9
1,130.9
2,130.9
2,130.9
3,130.9
3,152.9
4,152.9
4,152.9
5,152.9
5,152.9
6,152.9
6,152.9
0,152.9
0,152.9
1,152.9
1,152.9
2,152.9
2,163.1
3,163.1
3,163.1
4,161.9
4,161.9
5,161.9
5,161.9
6,161.9
6,161.9
0,161.9
0,160.70000000000002
1,159.1
1,158.29999999999998
2,158.29999999999998
2,154.13333333333333
3,150.3
3,150.3
4,150.3
4,149.36666666666667
5,149.36666666666667
5,149.36666666666667
6,149.36666666666667
6,149.36666666666667
0,149.36666666666667
0,149.36666666666667
1,149.36666666666667
1,149.36666666666667
2,149.36666666666667
2,149.36666666666667
3,149.36666666666667
3,149.36666666666667
4,149.36666666666667
4,149.36666666666667
5,149.36666666666667
5,149.36666666666667
6,149.36666666666667
6,149.36666666666667
0,149.36666666666667
0,149.36666666666667
1,149.36666666666667
1,149.36666666666667
2,149.36666666666667
2,149.36666666666667
3,141.9
3,141.9
4,141.9
4,141.9
5,141.9
5,141.9
6,140.23333333333335
6,140.23333333333335
0,140.23333333333335
0,137.5
1,137.5
1,137.5
2,135.9
2,135.9
3,135.9
3,134.5
4,134.5
4,134.5
5,134.5
5,134.5
6,134.5
6,134.5
0,134.5
0,130.9
1,130.9
1,130.9
2,130.9
2,130.9
3,130.9
3,130.9
4,130.9
4,130.9
5,130.9
5,130.4
6,130.4
6,130.4
0,130.4
0,128.9
1,128.9
1,128.9
2,128.9
2,128.9
3,128.9
3,128.9
4,128.9
4,155.9
5,155.9
5,155.9
6,155.9
6,155.9
0,155.9
0,155.9
1,155.9
1,155.9
2,154.7
2,154.7
3,150.9
3,150.9
4,150.9
4,150.9
5,150.9
5,150.9
6,150.9
6,150.9
0,150.9
0,149.7
1,149.16666666666666
1,149.16666666666666
2,149.16666666666666
2,149.16666666666666
3,149.16666666666666
3,149.16666666666666
4,149.16666666666666
4,149.16666666666666
5,149.16666666666666
5,149.16666666666666
6,149.16666666666666
6,149.16666666666666
0,149.16666666666666
0,149.16666666666666
1,149.16666666666666
1,149.16666666666666
2,149.16666666666666
2,149.16666666666666
3,149.16666666666666
3,149.16666666666666
4,149.16666666666666
4,149.16666666666666
5,149.16666666666666
5,149.16666666666666
6,149.16666666666666
6,149.16666666666666
0,149.16666666666666
0,147.5666666666667
1,145.9
1,145.9
2,143.9
2,143.9
3,142.5666666666667
3,137.9
4,137.9
4,137.9
5,158.9
5,158.9
6,158.9
6,158.9
0,158.9
0,158.9
1,158.9
1,158.9
2,156.9
2,156.9
3,155.9
3,155.9
4,154.7
4,154.7
5,154.7
5,154.7
6,154.7
6,154.7
0,154.7
0,148.9
1,148.9
1,148.9
2,148.9
2,148.9
3,148.9
3,148.9
4,148.9
4,147.5666666666667
5,147.5666666666667
5,145.5666666666667
6,145.5666666666667
6,145.5666666666667
0,143.7
0,143.16666666666666
1,142.17999999999998
1,140.36666666666665
2,138.9
2,138.9
3,138.9
3,137.4333333333333
4,136.1
4,134.98
5,134.98
5,134.98
6,134.98
6,134.98
0,134.98
0,134.98
1,134.98
1,160.9
2,160.9
2,160.9
3,160.9
3,160.9
4,160.3
4,159.7
5,159.7
5,159.7
6,159.7
6,159.7
0,158.9
0,156.5
1,155.3
1,155.3
2,155.3
2,155.3
3,155.3
3,153.9
4,153.9
4,152.7
5,152.7
5,152.7
6,152.7
6,152.7
0,152.7
0,152.7
1,152.7
1,152.7
2,146.9
2,146.9
3,146.9
3,146.9
4,146.1
4,146.1
5,146.1
5,146.1
6,146.1
6,146.1
0,140.9
0,140.9
1,140.9
1,136.9
2,136.9
2,136.9
3,133.9
3,133.9
4,130.9
4,130.9
5,130.9
5,130.9
6,130.9
6,130.9
0,130.9
0,130.5666666666667
1,130.5666666666667
1,130.22500000000002
2,130.22500000000002
2,129.15
3,129.15
3,128.15
4,128.15
4,126.4
5,126.4
5,126.4
6,126.4
6,126.15
0,124.7
0,124.7
1,124.7
1,123.9
2,123.9
2,123.9
3,123.9
3,150.9
4,150.9
4,150.9
5,150.9
5,150.9
6,150.9
6,150.9
0,150.9
0,150.9
1,150.9
1,150.9
2,150.9
2,148.9
3,148.9
3,148.9
4,148.9
4,148.9
5,148.9
5,148.9
6,148.9
6,148.9
0,148.9
0,140.9
1,139.7
1,138.5
2,137.3
2,136.1
3,136.1
3,136.1
4,136.1
4,136.1
5,136.1
5,135.6
6,135.6
6,135.6
0,135.6
0,134.9
1,134.9
1,133.9
2,133.9
2,132.9
3,132.9
3,130.9
4,130.3
4,129.4
5,129.4
5,129.4
6,129.4
6,129.4
0,128.8
0,127.9
1,127.9
1,127.9
2,127.9
2,127.9
3,126.7
3,126.7
4,126.7
4,126.7
5,126.7
5,153.9
6,153.9
6,153.9
0,153.9
0,153.9
1,153.9
1,153.9
2,153.9
2,152.7
3,151.8
3,151.8
4,149.9
4,149.9
5,148.9
5,148.9
6,148.9
6,148.9
0,148.9
0,148.9
1,148.9
1,148.9
2,148.9
2,147.9
3,147.2
3,147.2
4,146.5
4,146.5
5,146.5
5,146.5
6,146.5
6,146.5
0,145.7
0,145.7
1,144.9
1,143.9
2,140.9
2,140.9
3,138.9
3,138.9
4,138.9
4,136.05
5,136.05
5,134.7
6,134.7
6,134.7
0,134.7
0,133.9
1,133.9
1,133.4
2,133.4
2,132.9
3,132.9
3,132.4
4,147.15
4,147.15
5,161.9
5,161.9
6,161.9
6,161.9
0,161.9
0,161.9
1,161.4
1,161.4
2,160.9
2,160.9
3,160.9
3,159.7
4,159.7
4,158.5
5,158.5
5,158.5
6,158.5
6,156.5
0,154.5
0,154.5
1,153.7
1,153.7
2,151.9
2,151.9
3,150.3
3,148.5
4,147.2
4,147.2
5,145.9
5,145.9
6,144.9
6,144.9
0,143.9
0,143.9
1,143.9
1,139.9
2,139.9
2,136.9
3,136.9
3,136.9
4,136.9
4,136.9
5,136.9
5,136.9
6,134.9
6,134.9
0,134.9
0,134.9
1,134.9
1,133.9
2,147.9
2,147.9
3,147.9
3,147.9
4,147.9
4,147.9
5,147.9
5,147.9
6,147.9
6,147.9
0,147.9
0,147.9
1,147.9
1,147.9
2,147.9
2,147.9
3,147.9
3,160.7
4,160.1
4,158.3
5,158.3
5,158.3
6,158.3
6,156.60000000000002
0,156.60000000000002
0,156.60000000000002
1,156.60000000000002
1,149.9
2,149.9
2,149.9
3,149.9
3,149.9
4,149.9
4,149.9
5,149.9
5,149.9
6,149.9
6,144.9
0,144.9
0,144.9
1,144.9
1,144.9
2,142.9
2,142.9
3,142.9
3,142.9
4,138.9
4,163.9
5,163.9
5,163.9
6,163.9
6,163.9
0,163.9
0,163.9
1,163.9
1,163.9
2,163.9
2,163.9
3,163.9
3,163.9
4,163.9
4,161.5
5,161.5
5,161.5
6,161.5
6,161.5
0,161.5
0,161.5
1,161.5
1,161.5
2,161.5
2,161.5
3,161.5
3,158.3
4,158.3
4,156.9
5,156.9
5,156.9
6,156.9
6,156.9
0,156.9
0,153.9
1,153.9
1,152.675
2,152.675
2,150.6
3,150.6
3,149.575
4,149.575
4,149.575
5,149.575
5,146.7
6,168.9
6,168.9
0,168.9
0,168.9
1,168.9
1,168.9
2,168.9
2,168.9
3,168.9
3,168.9
4,168.9
4,168.9
5,168.9
5,168.9
6,168.9
6,168.9
0,168.9
0,168.9
1,168.9
1,168.9
2,168.9
2,168.9
3,168.9
3,168.9
4,168.9
4,168.9
5,168.9
5,168.9
6,168.9
6,164.9
0,164.9
0,160.9
1,160.9
1,160.9
2,160.9
2,156.9
3,156.9
3,155.9
4,155.9
4,154.4
5,151.2
5,151.2
6,151.2
6,151.2
0,150.9
0,149.5666666666667
1,149.5666666666667
1,149.5666666666667
2,162.23333333333335
2,162.23333333333335
3,162.23333333333335
3,162.23333333333335
4,162.23333333333335
4,162.23333333333335
5,162.23333333333335
5,162.23333333333335
6,162.23333333333335
6,162.23333333333335
0,162.23333333333335
0,162.23333333333335
1,162.23333333333335
1,162.23333333333335
2,162.23333333333335
2,162.23333333333335
3,162.23333333333335
3,162.23333333333335
4,162.23333333333335
4,162.23333333333335
5,162.23333333333335
5,162.23333333333335
6,162.23333333333335
6,162.23333333333335
0,162.23333333333335
0,162.23333333333335
1,162.23333333333335
1,162.23333333333335
2,167.9
2,166.9
3,166.9
3,166.9
4,166.9
4,165.5666666666667
5,162.9
5,162.9
6,162.9
6,162.9
0,162.9
0,162.9
1,162.9
1,162.9
2,162.9
2,162.9
3,162.9
3,162.9
4,159.2
4,159.2
5,159.2
5,159.2
6,159.2
6,159.2
0,159.2
0,159.2
1,158.55
1,158.55
2,158.55
2,155.05
3,155.05
3,164.23333333333335
4,164.23333333333335
4,164.23333333333335
5,164.23333333333335
5,164.23333333333335
6,164.23333333333335
6,164.23333333333335
0,164.23333333333335
0,164.23333333333335
1,164.23333333333335
1,164.23333333333335
2,164.23333333333335
2,164.23333333333335
3,164.23333333333335
3,164.23333333333335
4,164.23333333333335
4,164.23333333333335
5,164.23333333333335
5,164.23333333333335
6,164.23333333333335
6,167.9
0,167.9
0,167.9
1,167.9
1,167.9
2,167.9
2,167.9
3,167.9
3,167.9
4,167.9
4,167.9
5,167.9
5,167.9
6,167.9
6,166.5666666666667
0,163.9
0,163.9
1,160.9
1,160.9
2,160.9
2,158.9
3,158.9
3,158.9
4,156.9
4,156.9
5,156.9
5,154.05
6,154.05
6,154.05
0,154.05
0,154.05
1,154.05
1,154.05
2,154.05
2,148.9
3,148.4
3,162.0666666666667
4,162.0666666666667
4,148.2
5,148.2
5,148.2
6,148.2
6,148.2
0,148.2
0,148.2
1,148.2
1,148.2
2,148.2
2,148.2
3,148.2
3,148.2
4,148.2
4,148.2
5,148.2
5,148.2
6,148.2
6,148.2
0,162.0
0,154.9
1,154.9
1,154.9
2,161.9
2,161.9
3,161.9
3,161.9
4,161.9
4,161.9
5,161.9
5,161.9
6,161.9
6,161.9
0,161.9
0,161.9
1,161.9
1,161.9
2,161.9
2,161.9
3,161.9
3,161.9
4,161.9
4,161.9
5,161.9
5,161.9
6,161.9
6,161.9
0,161.9
0,160.9
1,158.9
1,158.9
2,158.9
2,158.9
3,158.9
3,156.9
4,154.9
4,154.9
5,154.9
5,154.9
6,154.9
6,154.9
0,147.9
0,147.9
1,147.9
1,147.9
2,147.9
2,147.9
3,147.9
3,161.9
4,161.9
4,161.9
5,161.9
5,161.9
6,161.9
6,161.9
0,161.9
0,161.9
1,161.9
1,161.9
2,161.9
2,161.9
3,161.9
3,161.9
4,161.9
4,161.9
5,161.9
5,161.9
6,161.9
6,161.9
0,161.9
0,166.23333333333335
1,166.23333333333335
1,166.23333333333335
2,166.23333333333335
2,166.23333333333335
3,166.23333333333335
3,166.23333333333335
4,166.23333333333335
4,166.23333333333335
5,160.9
5,160.9
6,160.9
6,160.9
0,160.9
0,158.9
1,158.9
1,158.9
2,158.9
2,158.9
3,156.9
3,156.9
4,156.9
4,156.9
5,156.9
5,156.9
6,156.9
6,156.9
0,156.9
0,152.9
1,152.9
1,148.9
2,171.9
2,171.9
3,171.9
3,171.9
4,171.9
4,171.9
5,171.9
5,171.9
6,171.9
6,171.9
0,170.9
0,170.9
1,170.9
1,170.9
2,170.9
2,170.9
3,170.9
3,168.9
4,168.9
4,168.9
5,168.9
5,168.9
6,168.9
6,168.9
0,168.9
0,168.9
1,168.9
1,168.9
2,168.9
2,168.9
3,168.9
3,158.9
4,153.9
4,152.7
5,152.7
5,152.7
6,152.7
6,150.3
0,148.9
0,146.7
1,146.7
1,175.9
2,175.9
2,175.9
3,175.9
3,175.9
4,175.9
4,175.9
5,175.9
5,175.9
6,174.7
6,172.83333333333334
