0,122.9
0,122.9
1,122.9
1,122.9
2,120.4
2,120.4
3,118.4
3,118.4
4,118.4
4,118.4
5,118.4
5,118.4
6,117.8
6,117.8
0,117.8
0,117.9
1,117.9
1,117.4
2,116.4
2,116.4
3,115.9
3,115.9
4,115.9
4,115.9
5,115.9
5,115.9
6,115.9
6,115.9
0,115.9
0,115.9
1,115.9
1,115.9
2,115.9
2,115.9
3,145.9
3,145.9
4,145.9
4,145.9
5,145.9
5,145.9
6,145.9
6,144.9
0,144.9
0,144.9
1,142.23333333333332
1,142.23333333333332
2,136.4
2,134.9
3,133.9
3,133.9
4,133.9
4,133.9
5,133.9
5,133.9
6,133.9
6,133.9
0,130.9
0,130.9
1,128.3
1,128.3
2,127.5
2,127.5
3,122.4
3,122.4
4,122.4
4,122.4
5,122.4
5,122.4
6,122.4
6,122.4
0,122.4
0,122.4
1,120.9
1,119.9
2,119.9
2,119.9
3,147.9
3,146.65
4,145.9
4,145.9
5,144.9
5,144.9
6,143.9
6,142.9
0,141.9
0,140.9
1,137.4
1,137.4
2,135.9
2,135.9
3,134.4
3,134.4
4,134.4
4,134.4
5,132.7
5,132.7
6,132.7
6,130.9
0,128.76666666666668
0,128.76666666666668
1,126.4
1,126.4
2,126.4
2,126.4
3,124.9
3,124.9
4,149.9
4,149.9
5,149.9
5,149.9
6,149.9
6,149.4
0,149.4
0,149.4
1,149.4
1,149.4
2,143.9
2,143.9
3,143.9
3,141.9
4,140.4
4,140.4
5,140.4
5,140.4
6,140.4
6,140.4
0,140.4
0,140.4
1,140.4
1,140.4
2,140.4
2,140.4
3,140.4
3,140.4
4,140.4
4,140.4
5,140.4
5,140.4
6,140.4
6,140.4
0,140.4
0,140.4
1,140.4
1,140.4
2,140.4
2,140.4
3,140.4
3,140.4
4,140.4
4,140.4
5,140.4
5,140.4
6,140.4
6,140.4
0,140.4
0,140.4
1,140.4
1,140.4
2,140.4
2,140.4
3,140.4
3,140.4
4,140.4
4,140.4
5,140.4
5,140.4
6,140.4
6,140.4
0,140.4
0,140.4
1,140.4
1,140.4
2,140.4
2,140.4
3,140.4
3,140.4
4,140.4
4,140.4
5,140.4
5,140.4
6,140.4
6,140.4
0,140.4
0,140.4
1,140.4
1,140.4
2,140.4
2,140.4
3,140.4
3,140.4
4,140.4
4,140.4
5,140.4
5,140.4
6,140.4
6,140.4
0,140.4
0,140.4
1,140.4
1,140.4
2,140.4
2,140.4
3,140.4
3,140.4
4,140.4
4,140.4
5,140.4
5,140.4
6,140.4
6,140.4
0,140.4
0,140.4
1,140.4
1,140.4
2,140.4
2,140.4
3,140.4
3,140.4
4,140.4
4,140.4
5,140.4
5,140.4
6,140.4
6,140.4
0,140.4
0,140.4
1,140.4
1,140.4
2,140.4
2,140.4
3,140.4
3,140.4
4,140.4
4,140.4
5,140.4
5,140.4
6,140.4
6,140.4
0,140.4
0,140.4
1,140.4
1,140.4
2,140.4
2,140.4
3,123.5
3,123.5
4,123.5
4,123.5
5,123.5
5,138.4
6,138.4
6,138.4
0,138.4
0,138.4
1,138.4
1,138.4
2,138.4
2,138.4
3,138.4
3,138.4
4,138.4
4,138.4
5,138.4
5,138.4
6,138.4
6,138.4
0,149.9
0,149.9
1,147.9
1,147.9
2,146.9
2,143.9
3,143.9
3,143.9
4,143.9
4,143.9
5,142.9
5,142.9
6,142.9
6,142.9
0,142.9
0,141.5
1,141.5
1,141.5
2,140.9
2,140.9
3,140.9
3,140.9
4,139.9
4,139.9
5,139.9
5,136.9
6,136.9
6,136.9
0,136.9
0,136.9
1,136.9
1,136.9
2,136.9
2,136.9
3,136.9
3,136.9
4,136.9
4,136.9
5,136.9
5,136.9
6,136.9
6,136.9
0,136.9
0,136.9
1,136.9
1,136.9
2,136.9
2,136.9
3,162.9
3,162.9
4,162.9
4,162.9
5,162.9
5,162.9
6,162.9
6,162.9
0,162.9
0,159.9
1,159.9
1,159.9
2,159.9
2,158.9
3,157.9
3,156.9
4,156.9
4,156.9
5,156.9
5,156.9
6,156.9
6,156.9
0,156.9
0,152.9
1,152.9
1,149.9
2,149.9
2,149.8
3,146.9
3,146.9
4,146.9
4,146.9
5,146.9
5,146.9
6,143.9
6,143.9
0,141.9
0,141.9
1,141.9
1,140.8
2,140.8
2,138.9
3,138.9
3,138.9
4,138.9
4,138.8
5,138.8
5,138.8
6,138.8
6,138.8
0,138.8
0,136.9
1,135.9
1,134.9
2,134.9
2,134.9
3,134.9
3,134.9
4,134.9
4,134.9
5,134.9
5,134.9
6,134.9
6,134.9
0,134.9
0,134.9
1,134.9
1,134.4
2,134.4
2,134.4
3,134.4
3,134.4
4,134.4
4,134.4
5,134.4
5,134.4
6,133.9
6,133.9
0,133.9
0,133.5
1,133.5
1,133.5
2,133.5
2,133.5
3,133.5
3,133.5
4,133.5
4,162.9
5,162.9
5,162.9
6,162.9
6,162.9
0,162.9
0,159.9
1,159.9
1,159.9
2,159.9
2,159.9
3,159.9
3,159.9
4,155.9
4,155.9
5,155.9
5,154.9
6,152.4
6,152.4
0,150.9
0,150.9
1,147.9
1,147.9
2,147.9
2,146.9
3,143.9
3,143.9
4,143.9
4,143.9
5,142.9
5,142.9
6,142.9
6,142.9
0,142.7
0,140.9
1,140.9
1,140.9
2,140.9
2,138.9
3,138.9
3,136.9
4,136.9
4,135.9
5,135.9
5,135.9
6,135.9
6,135.9
0,134.9
0,134.9
1,134.9
1,134.9
2,134.9
2,134.9
3,134.9
3,134.9
4,134.9
4,134.9
5,134.9
5,134.9
6,134.9
6,134.9
0,134.9
0,134.9
1,134.9
1,134.9
2,134.9
2,134.9
3,134.9
3,134.9
4,134.9
4,133.9
5,133.9
5,133.9
6,133.9
6,133.9
0,132.9
0,131.5
1,131.5
1,130.9
2,129.9
2,129.9
3,129.9
3,129.9
4,129.9
4,129.9
5,129.9
5,129.9
6,129.9
6,129.9
0,128.9
0,127.9
1,127.9
1,127.9
2,127.9
2,127.9
3,127.9
3,127.9
4,127.9
4,127.9
5,127.9
5,157.9
6,157.9
6,157.9
0,157.9
0,157.9
1,155.9
1,154.9
2,153.4
2,153.4
3,149.4
3,149.4
4,149.4
4,149.4
5,149.4
5,149.4
6,149.4
6,149.4
0,149.4
0,149.4
1,144.9
1,142.9
2,142.9
2,142.9
3,142.9
3,142.9
4,140.9
4,140.9
5,140.9
5,140.9
6,140.9
6,140.9
0,140.9
0,140.9
1,140.9
1,140.9
2,138.9
2,138.9
3,138.9
3,138.9
4,138.9
4,137.9
5,137.9
5,137.9
6,137.9
6,137.9
0,137.4
0,136.8
1,135.9
1,135.4
2,134.9
2,134.4
3,133.9
3,133.4
4,132.9
4,132.9
5,131.9
5,131.9
6,131.9
6,157.9
0,129.9
0,129.9
1,144.9
1,144.9
2,144.9
2,144.9
3,144.9
3,144.9
4,144.9
4,144.9
5,144.9
5,142.9
6,142.4
6,142.4
0,142.3
0,140.70000000000002
1,140.70000000000002
1,135.7
2,134.9
2,134.9
3,134.9
3,134.9
4,134.9
4,134.9
5,134.9
5,134.9
6,134.9
6,134.9
0,133.9
0,133.9
1,132.9
1,132.9
2,132.9
2,132.9
3,132.9
3,132.9
4,132.9
4,132.9
5,132.9
5,132.9
6,132.9
6,132.9
0,132.9
0,132.9
1,132.9
1,132.9
2,132.9
2,159.9
3,159.9
3,159.9
4,159.9
4,159.9
5,159.9
5,159.9
6,159.9
6,159.9
0,155.9
0,155.9
1,153.9
1,153.4
2,150.9
2,150.4
3,150.4
3,147.9
4,147.9
4,145.4
5,145.4
5,144.9
6,144.9
6,144.9
0,144.9
0,144.4
1,144.4
1,142.025
2,142.025
2,139.3
3,139.3
3,134.65
4,133.9
4,133.4
5,133.4
5,133.4
6,132.9
6,132.9
0,131.9
0,131.4
1,131.4
1,130.65
2,130.65
2,129.9
3,129.9
3,129.8
4,129.8
4,129.0
5,129.0
5,128.2
6,128.2
6,128.2
0,126.9
0,126.36666666666667
1,126.36666666666667
1,125.4
2,125.4
2,124.9
3,124.9
3,124.4
4,124.4
4,123.9
5,123.9
5,123.9
6,123.9
6,123.9
0,123.9
0,123.9
1,123.9
1,122.9
2,122.9
2,122.9
3,149.9
3,149.9
4,149.9
4,149.9
5,149.9
5,149.9
6,149.9
6,149.9
0,149.9
0,149.9
1,148.9
1,148.9
2,148.9
2,146.9
3,146.9
3,143.9
4,143.9
4,143.9
5,143.9
5,143.9
6,143.9
6,143.9
0,143.9
0,137.4
1,132.9
1,132.9
2,130.4
2,130.4
3,130.4
3,130.4
4,130.4
4,130.4
5,130.4
5,129.9
6,129.9
6,129.9
0,129.9
0,129.9
1,129.9
1,129.9
2,128.9
2,127.9
3,127.9
3,127.9
4,127.9
4,127.9
5,127.9
5,127.9
6,127.9
6,127.9
0,127.9
0,127.4
1,127.4
1,124.4
2,123.9
2,123.9
3,123.9
3,123.9
4,123.9
4,123.9
5,123.9
5,123.9
6,123.9
6,123.9
0,123.9
0,123.9
1,123.9
1,152.9
2,152.9
2,152.9
3,151.4
3,151.4
4,148.9
4,148.9
5,147.4
5,147.4
6,145.9
6,143.9
0,142.85000000000002
0,142.85000000000002
1,141.35000000000002
1,141.35000000000002
2,140.9
2,140.9
3,140.9
3,139.9
4,139.9
4,138.9
5,136.65
5,136.65
6,134.4
6,134.4
0,133.9
0,133.9
1,133.9
1,133.9
2,133.9
2,132.73333333333335
3,131.9
3,131.9
4,131.9
4,131.9
5,131.9
5,131.4
6,131.4
6,131.4
0,131.4
0,129.9
1,131.4
1,129.65
2,128.9
2,128.9
3,128.4
3,128.4
4,128.4
4,128.4
5,128.4
5,128.4
6,128.4
6,128.4
0,144.65
0,144.65
1,160.9
1,160.9
2,160.9
2,160.9
3,159.9
3,159.9
4,157.9
4,157.9
5,156.4
5,153.9
6,153.9
6,150.9
0,149.0666666666667
0,145.4
1,143.9
1,142.7
2,142.2
2,142.2
3,141.3
3,141.3
4,140.9
4,139.4
5,138.73333333333335
5,136.4
6,135.9
6,135.9
0,135.9
0,135.9
1,135.9
1,135.9
2,135.9
2,135.9
3,135.9
3,135.9
4,135.9
4,135.5
5,134.5
5,134.5
6,134.5
6,133.7
0,133.7
0,132.4
1,132.4
1,130.9
2,130.9
2,130.9
3,130.9
3,130.9
4,130.9
4,130.9
5,130.9
5,130.9
6,130.9
6,160.9
0,131.4
0,160.9
1,145.65
1,145.65
2,157.9
2,154.4
3,148.9
3,148.9
4,148.9
4,148.9
5,148.9
5,146.7
6,146.7
6,145.9
0,143.9
0,143.9
1,142.9
1,142.9
2,141.9
2,140.9
3,140.9
3,139.9
4,139.9
4,137.73333333333335
5,137.73333333333335
5,137.73333333333335
6,137.73333333333335
6,137.73333333333335
0,137.73333333333335
0,137.73333333333335
1,137.73333333333335
1,135.9
2,135.9
2,135.9
3,135.9
3,135.9
4,162.9
4,162.9
5,162.9
5,162.9
6,162.9
6,162.9
0,162.9
0,162.4
1,162.4
1,161.4
2,161.4
2,160.4
3,160.4
3,160.4
4,160.4
4,160.4
5,160.4
5,160.4
6,160.4
6,160.4
0,160.4
0,160.4
1,158.9
1,158.9
2,157.9
2,156.4
3,156.4
3,156.4
4,153.9
4,148.4
5,144.9
5,144.9
6,144.9
6,144.9
0,144.9
0,144.9
1,143.9
1,142.9
2,142.9
2,142.9
3,142.9
3,142.9
4,142.9
4,142.7
5,141.7
5,140.2
6,140.2
6,167.9
0,167.9
0,167.9
1,167.4
1,167.4
2,167.4
2,167.4
3,167.4
3,167.4
4,167.4
4,166.9
5,166.9
5,166.9
6,166.9
6,166.9
0,166.9
0,166.9
1,166.9
1,164.4
2,164.4
2,162.4
3,162.4
3,160.9
4,159.9
4,158.9
5,158.9
5,156.9
6,156.9
6,155.9
0,152.9
0,152.9
1,150.9
1,149.9
2,149.9
2,149.9
3,149.9
3,148.4
4,148.4
4,146.4
5,146.4
5,146.4
6,143.8
6,143.8
0,143.8
0,141.5
1,141.5
1,141.5
2,141.5
2,141.5
3,141.5
3,168.9
4,168.9
4,168.9
5,168.9
5,168.9
6,168.9
6,168.9
0,168.9
0,168.4
1,168.4
1,167.4
2,167.4
2,167.4
3,165.4
3,165.4
4,165.4
4,165.4
5,165.4
5,163.9
6,163.9
6,163.9
0,163.9
0,163.9
1,163.9
1,161.9
2,161.9
2,157.23333333333335
3,154.9
3,152.16666666666666
4,150.7
4,150.7
5,150.7
5,150.7
6,150.7
6,148.4
0,148.4
0,148.4
1,148.4
1,148.4
2,148.4
2,145.9
3,145.9
3,145.9
4,145.9
4,145.9
5,145.9
5,145.9
6,145.9
6,145.9
0,145.7
0,144.7
1,144.7
1,144.7
2,143.9
2,143.9
3,143.9
3,143.9
4,143.9
4,168.9
5,168.9
5,168.9
6,168.9
6,168.9
0,168.9
0,167.9
1,167.4
1,167.4
2,167.4
2,167.4
3,167.4
3,167.4
4,167.4
4,167.4
5,167.4
5,167.4
6,167.4
6,167.4
0,167.4
0,167.4
1,161.9
1,161.9
2,159.23333333333335
2,156.9
3,152.9
3,152.9
4,151.9
4,151.9
5,148.9
5,147.9
6,147.9
6,147.9
0,146.7
0,145.9
1,145.9
1,145.9
2,145.9
2,145.9
3,145.9
3,145.9
4,145.9
4,145.9
5,144.9
5,144.9
6,144.9
6,143.9
0,143.9
0,143.9
1,143.9
1,143.9
2,143.9
2,143.9
3,143.9
3,143.9
4,141.9
4,141.9
5,141.9
5,141.9
6,141.9
6,141.9
0,141.9
0,141.9
1,141.9
1,141.9
2,141.9
2,141.9
3,141.9
3,141.9
4,141.9
4,141.9
5,141.9
5,141.9
6,141.9
6,141.9
0,141.9
0,141.9
1,141.9
1,141.9
2,141.9
2,168.9
3,168.9
3,168.9
4,168.9
4,168.9
5,168.9
5,168.9
6,168.9
6,168.9
0,168.9
0,168.9
1,168.9
1,168.9
2,168.9
2,166.4
3,166.4
3,166.4
4,164.7
4,162.8
5,160.9
5,160.9
6,160.9
6,160.9
0,160.9
0,160.9
1,160.9
1,159.4
2,159.4
2,157.9
3,157.9
3,156.9
4,145.9
4,145.9
5,145.9
5,145.9
6,145.9
6,145.9
0,145.9
0,143.9
1,143.9
1,143.9
2,143.9
2,143.9
3,143.9
3,143.9
4,143.9
4,143.9
5,142.9
5,142.9
6,142.9
6,141.7
0,141.7
0,168.9
1,168.9
1,168.4
2,168.4
2,168.4
3,168.4
3,168.4
4,168.4
4,168.4
5,165.9
5,164.9
6,163.9
6,163.4
0,163.4
0,163.4
1,161.9
1,155.9
2,155.9
2,151.9
3,151.9
3,150.9
4,150.9
4,150.9
5,149.9
5,149.9
6,147.3
6,144.7
0,144.7
0,144.7
1,144.7
1,144.7
2,144.7
2,144.7
3,144.7
3,144.7
4,144.7
4,144.7
5,144.7
5,144.7
6,144.7
6,144.7
0,144.7
0,144.7
1,144.7
1,144.7
2,144.7
2,144.7
3,144.7
3,144.7
4,171.9
4,171.9
5,171.9
5,171.9
6,171.9
6,171.9
0,171.9
0,171.9
1,165.9
1,163.9
2,163.9
2,163.9
3,159.9
3,159.9
4,159.9
4,162.9
5,162.9
5,160.9
6,160.9
6,162.9
0,158.9
0,158.9
1,158.9
1,156.4
2,150.9
2,150.9
3,150.9
3,150.9
4,150.9
4,150.9
5,150.9
5,148.9
6,148.9
6,148.9
0,148.9
0,148.9
1,148.9
1,148.9
2,148.9
2,148.9
3,175.9
3,175.9
4,175.9
4,175.9
5,175.9
5,175.9
6,175.9
6,175.9
