0,0
0,0
1,129.9
1,129.9
2,127.9
2,127.9
3,126.9
3,125.9
4,123.9
4,123.9
5,123.9
5,123.9
6,123.9
6,123.9
0,123.9
0,123.9
1,121.90000000000002
1,121.90000000000002
2,121.90000000000002
2,121.90000000000002
3,118.9
3,118.9
4,117.9
4,117.9
5,117.9
5,117.9
6,117.9
6,117.9
0,117.9
0,117.9
1,117.9
1,117.9
2,145.9
2,145.9
3,145.9
3,145.9
4,145.9
4,145.9
5,145.9
5,145.9
6,145.9
6,145.9
0,145.9
0,145.9
1,142.9
1,142.9
2,142.9
2,142.9
3,140.9
3,140.9
4,139.29999999999998
4,137.9
5,136.9
5,135.9
6,134.9
6,134.9
0,133.4
0,133.4
1,133.4
1,130.56666666666666
2,129.9
2,129.9
3,128.86666666666667
3,128.86666666666667
4,126.9
4,126.9
5,125.9
5,125.9
6,125.9
6,123.9
0,123.9
0,123.9
1,123.9
1,123.9
2,123.9
2,135.9
3,147.86666666666667
3,147.86666666666667
4,147.86666666666667
4,147.86666666666667
5,147.86666666666667
5,147.86666666666667
6,147.86666666666667
6,147.86666666666667
0,146.5666666666667
0,146.5666666666667
1,143.9
1,143.9
2,143.9
2,143.9
3,141.9
3,141.9
4,138.9
4,138.9
5,138.9
5,138.9
6,138.9
6,136.9
0,136.9
0,135.9
1,131.9
1,131.9
2,131.9
2,131.9
3,133.65
3,133.65
4,133.65
4,133.65
5,133.65
5,133.65
6,133.65
6,133.65
0,133.65
0,133.65
1,133.65
1,133.65
2,147.9
2,147.9
3,147.9
3,147.9
4,147.9
4,145.9
5,145.9
5,145.9
6,145.9
6,145.9
0,145.9
0,145.9
1,145.9
1,145.9
2,145.9
2,145.9
3,145.9
3,145.9
4,145.9
4,145.9
5,145.9
5,145.9
6,145.9
6,145.9
0,145.9
0,145.9
1,145.9
1,145.9
2,145.9
2,145.9
3,145.9
3,145.9
4,145.9
4,145.9
5,145.9
5,145.9
6,145.9
6,145.9
0,145.9
0,145.9
1,145.9
1,145.9
2,145.9
2,145.9
3,145.9
3,145.9
4,145.9
4,145.9
5,145.9
5,145.9
6,145.9
6,145.9
0,145.9
0,145.9
1,145.9
1,145.9
2,145.9
2,145.9
3,145.9
3,145.9
4,145.9
4,145.9
5,145.9
5,145.9
6,145.9
6,145.9
0,145.9
0,145.9
1,145.9
1,145.9
2,145.9
2,145.9
3,145.9
3,145.9
4,145.9
4,145.9
5,145.9
5,145.9
6,145.9
6,145.9
0,145.9
0,145.9
1,145.9
1,145.9
2,145.9
2,145.9
3,145.9
3,145.9
4,145.9
4,145.9
5,145.9
5,145.9
6,145.9
6,145.9
0,145.9
0,145.9
1,145.9
1,145.9
2,145.9
2,145.9
3,145.9
3,145.9
4,145.9
4,145.9
5,145.9
5,145.9
6,145.9
6,145.9
0,145.9
0,145.9
1,145.9
1,145.9
2,145.9
2,145.9
3,145.9
3,145.9
4,145.9
4,145.9
5,145.9
5,145.9
6,145.9
6,145.9
0,145.9
0,145.9
1,145.9
1,145.9
2,145.9
2,145.9
3,145.9
3,131.85000000000002
4,152.9
4,152.9
5,152.9
5,152.9
6,152.9
6,152.9
0,152.9
0,152.9
1,152.9
1,152.9
2,152.9
2,152.9
3,152.9
3,151.9
4,151.9
4,151.9
5,151.9
5,151.9
6,150.9
6,150.9
0,150.9
0,150.9
1,149.9
1,149.9
2,149.9
2,149.9
3,149.9
3,149.9
4,149.9
4,149.9
5,149.9
5,149.9
6,149.9
6,149.9
0,149.9
0,149.9
1,149.9
1,149.9
2,149.9
2,149.23333333333335
3,149.23333333333335
3,149.23333333333335
4,149.23333333333335
4,148.4
5,148.4
5,148.4
6,148.4
6,148.4
0,148.4
0,147.26000000000002
1,146.1
1,146.1
2,146.1
2,146.1
3,146.1
3,146.1
4,146.1
4,146.1
5,146.1
5,146.1
6,146.1
6,146.1
0,146.1
0,146.1
1,146.1
1,146.1
2,146.1
2,157.96666666666667
3,157.96666666666667
3,157.96666666666667
4,157.96666666666667
4,157.96666666666667
5,157.96666666666667
5,157.96666666666667
6,157.96666666666667
6,157.96666666666667
0,157.96666666666667
0,157.96666666666667
1,163.4
1,163.4
2,163.4
2,163.4
3,163.4
3,163.4
4,163.4
4,163.4
5,163.4
5,163.4
6,163.4
6,163.4
0,163.4
0,163.4
1,163.4
1,163.4
2,163.4
2,159.7
3,159.2
3,159.0
4,159.0
4,159.0
5,159.0
5,159.0
6,156.9
6,154.9
0,154.9
0,155.1
1,155.1
1,154.1
2,153.1
2,153.1
3,153.1
3,153.1
4,152.6
4,152.6
5,151.6
5,151.6
6,151.6
6,149.1
0,148.1
0,148.1
1,148.1
1,148.1
2,148.1
2,148.1
3,148.1
3,145.1
4,144.85
4,144.6
5,144.6
5,144.6
6,144.6
6,144.6
0,144.6
0,144.6
1,143.4
1,143.4
2,143.4
2,143.4
3,143.4
3,143.4
4,143.4
4,143.4
5,143.4
5,143.4
6,143.4
6,143.4
0,143.4
0,143.4
1,142.4
1,142.4
2,142.4
2,142.4
3,142.4
3,142.4
4,163.9
4,163.9
5,163.9
5,163.9
6,163.9
6,163.9
0,163.9
0,162.9
1,162.9
1,162.9
2,162.9
2,162.9
3,162.9
3,161.4
4,161.4
4,161.4
5,161.4
5,156.9
6,154.9
6,154.9
0,154.9
0,154.9
1,154.9
1,154.9
2,154.9
2,153.4
3,153.4
3,153.4
4,153.4
4,153.4
5,153.4
5,153.4
6,153.4
6,153.4
0,153.4
0,153.4
1,151.4
1,151.4
2,151.4
2,149.4
3,147.7
3,147.7
4,147.7
4,145.53333333333333
5,145.53333333333333
5,145.53333333333333
6,145.53333333333333
6,145.53333333333333
0,145.53333333333333
0,145.53333333333333
1,145.53333333333333
1,145.5
2,145.5
2,145.5
3,145.5
3,145.5
4,145.5
4,145.5
5,145.5
5,145.5
6,145.5
6,143.5
0,143.5
0,142.5
1,142.5
1,142.16666666666666
2,142.16666666666666
2,141.5
3,141.5
3,141.5
4,141.5
4,141.5
5,141.5
5,141.5
6,141.5
6,141.5
0,141.5
0,140.63333333333333
1,140.63333333333333
1,138.86666666666665
2,138.86666666666665
2,138.86666666666665
3,138.86666666666665
3,137.7
4,137.7
4,137.7
5,137.7
5,137.7
6,137.7
6,137.7
0,136.8
0,136.8
1,136.8
1,136.8
2,136.8
2,136.8
3,136.8
3,136.8
4,136.8
4,158.9
5,158.9
5,158.9
6,158.9
6,158.9
0,158.9
0,156.9
1,156.9
1,156.9
2,156.9
2,156.9
3,156.9
3,156.9
4,156.9
4,155.96666666666667
5,155.96666666666667
5,155.96666666666667
6,155.96666666666667
6,155.96666666666667
0,155.96666666666667
0,154.83333333333334
1,154.83333333333334
1,154.83333333333334
2,154.83333333333334
2,154.83333333333334
3,154.83333333333334
3,154.83333333333334
4,154.83333333333334
4,154.83333333333334
5,152.2
5,152.2
6,152.2
6,152.2
0,152.2
0,149.7
1,149.7
1,149.7
2,149.7
2,147.7
3,147.7
3,147.7
4,147.7
4,147.7
5,147.7
5,147.7
6,147.7
6,147.7
0,147.7
0,147.7
1,147.7
1,147.7
2,147.7
2,147.7
3,147.7
3,147.7
4,147.7
4,147.7
5,158.9
5,158.9
6,158.9
6,158.9
0,158.9
0,158.9
1,158.9
1,158.9
2,158.9
2,157.2
3,157.2
3,157.2
4,157.2
4,154.9
5,154.9
5,153.0
6,153.0
6,153.0
0,150.5
0,149.63333333333333
1,147.2
1,146.53333333333333
2,146.53333333333333
2,146.53333333333333
3,146.53333333333333
3,144.2
4,144.2
4,143.2
5,143.2
5,141.7
6,141.7
6,141.7
0,141.7
0,141.7
1,141.7
1,141.7
2,141.7
2,141.7
3,141.7
3,141.7
4,141.7
4,141.7
5,141.7
5,141.7
6,141.7
6,141.7
0,141.7
0,141.7
1,139.7
1,139.7
2,139.7
2,160.9
3,160.9
3,160.9
4,160.9
4,160.9
5,160.9
5,160.1
6,160.1
6,160.1
0,160.1
0,160.1
1,160.1
1,158.9
2,158.9
2,157.5
3,157.5
3,157.5
4,155.2
4,155.2
5,155.2
5,155.2
6,153.7
6,153.7
0,153.7
0,153.7
1,153.7
1,153.7
2,153.7
2,151.36666666666665
3,150.7
3,150.7
4,150.7
4,149.36666666666665
5,149.36666666666665
5,149.36666666666665
6,149.36666666666665
6,149.36666666666665
0,149.36666666666665
0,149.36666666666665
1,147.7
1,143.7
2,143.7
2,143.7
3,142.7
3,142.2
4,142.2
4,141.2
5,141.2
5,138.2
6,138.2
6,138.2
0,138.2
0,137.9
1,137.9
1,135.7
2,135.7
2,135.7
3,135.7
3,135.2
4,135.2
4,135.2
5,135.2
5,134.2
6,134.2
6,134.2
0,134.2
0,133.45
1,133.45
1,133.45
2,133.45
2,133.45
3,133.45
3,141.8
4,141.8
4,141.8
5,141.8
5,141.8
6,141.8
6,141.8
0,141.8
0,141.8
1,141.8
1,149.55
2,149.55
2,149.55
3,149.55
3,149.55
4,149.55
4,149.55
5,149.55
5,149.55
6,149.55
6,149.55
0,147.9
0,147.9
1,147.9
1,147.9
2,147.9
2,146.8
3,146.8
3,146.8
4,144.2
4,144.2
5,144.2
5,143.7
6,143.7
6,143.7
0,143.7
0,142.7
1,142.7
1,140.45
2,139.2
2,139.2
3,139.2
3,138.7
4,138.7
4,136.7
5,136.2
5,136.2
6,136.2
6,136.2
0,135.95
0,135.95
1,135.7
1,135.2
2,134.7
2,133.7
3,133.7
3,133.7
4,153.9
4,153.9
5,153.9
5,153.9
6,153.9
6,153.9
0,153.9
0,153.9
1,153.9
1,153.9
2,153.9
2,153.9
3,153.9
3,153.9
4,153.9
4,151.9
5,150.55
5,150.55
6,149.2
6,149.2
0,149.2
0,149.2
1,149.2
1,147.2
2,147.2
2,147.2
3,147.2
3,147.2
4,147.2
4,147.2
5,147.2
5,147.2
6,147.2
6,147.2
0,147.2
0,146.2
1,146.2
1,145.2
2,145.2
2,144.7
3,144.7
3,144.7
4,144.7
4,143.64999999999998
5,142.2
5,142.2
6,142.2
6,142.2
0,142.2
0,144.45
1,145.2
1,143.3
2,140.7
2,140.7
3,139.7
3,139.7
4,146.6
4,146.6
5,161.9
5,161.9
6,161.9
6,161.9
0,161.9
0,161.9
1,161.9
1,161.9
2,161.3
2,161.3
3,160.7
3,160.7
4,160.7
4,157.9
5,157.9
5,157.9
6,157.9
6,154.8
0,153.7
0,153.7
1,153.7
1,151.9
2,151.9
2,151.9
3,150.4
3,150.4
4,148.9
4,148.9
5,148.9
5,149.45
6,149.2
6,149.2
0,149.2
0,148.2
1,148.2
1,145.7
2,144.2
2,144.2
3,142.7
3,142.7
4,142.7
4,141.7
5,141.7
5,141.7
6,141.2
6,140.7
0,140.7
0,140.7
1,138.7
1,138.7
2,161.9
2,161.9
3,161.9
3,161.9
4,161.9
4,161.9
5,161.9
5,161.9
6,161.9
6,161.9
0,161.9
0,161.9
1,161.9
1,160.2
2,160.2
2,160.2
3,160.2
3,159.7
4,159.7
4,159.7
5,159.7
5,159.7
6,159.7
6,155.2
0,155.2
0,155.2
1,155.2
1,155.2
2,152.9
2,153.7
3,153.7
3,151.2
4,151.2
4,146.7
5,146.7
5,146.7
6,146.7
6,145.2
0,145.2
0,143.2
1,143.2
1,143.2
2,143.2
2,143.2
3,163.9
3,163.9
4,163.9
4,163.9
5,163.9
5,163.9
6,163.9
6,163.9
0,163.9
0,161.9
1,161.9
1,161.9
2,160.9
2,160.9
3,160.9
3,160.9
4,160.9
4,159.7
5,159.7
5,159.7
6,159.7
6,159.7
0,159.7
0,159.7
1,159.7
1,159.7
2,159.7
2,159.7
3,159.7
3,159.7
4,159.7
4,159.7
5,159.7
5,159.7
6,159.7
6,159.7
0,159.7
0,159.7
1,159.7
1,159.7
2,159.7
2,159.7
3,159.7
3,159.7
4,159.7
4,159.7
5,159.7
5,159.7
6,159.7
6,159.7
0,159.7
0,159.7
1,159.7
1,159.7
2,159.7
2,159.7
3,159.7
3,159.7
4,159.7
4,159.7
5,159.7
5,159.7
6,159.7
6,159.7
0,159.7
0,159.7
1,159.7
1,159.7
2,159.7
2,159.7
3,159.7
3,159.7
4,159.7
4,159.7
5,159.7
5,159.7
6,159.7
6,159.7
0,159.7
0,159.7
1,159.7
1,159.7
2,159.7
2,159.7
3,159.7
3,159.7
4,159.7
4,159.7
5,159.7
5,159.7
6,159.7
6,159.7
0,159.7
0,159.7
1,159.7
1,159.7
2,159.7
2,159.7
3,159.7
3,159.7
4,159.7
4,159.7
5,159.7
5,159.7
6,159.7
6,159.7
0,159.7
0,159.7
1,159.7
1,159.7
2,159.7
2,159.7
3,159.7
3,159.7
4,159.7
4,159.7
5,159.7
5,159.7
6,159.7
6,159.7
0,159.7
0,159.7
1,159.7
1,159.7
2,159.7
2,159.7
3,159.7
3,159.7
4,159.7
4,159.7
5,159.7
5,159.7
6,159.7
6,159.7
0,159.7
0,159.7
1,159.7
1,159.7
2,159.7
2,159.7
3,159.7
3,159.7
4,159.7
4,159.7
5,159.7
5,159.7
6,159.7
6,159.7
0,159.7
0,159.7
1,159.7
1,159.7
2,159.7
2,159.7
3,159.7
3,159.7
4,159.7
4,159.7
5,159.7
5,159.7
6,159.7
6,159.7
0,159.7
0,159.7
1,159.7
1,159.7
2,159.7
2,159.7
3,159.7
3,159.7
4,159.7
4,159.7
5,159.7
5,159.7
6,159.7
6,159.7
0,159.7
0,159.7
1,159.7
1,159.7
2,159.7
2,159.7
3,159.7
3,159.7
4,159.7
4,159.7
5,159.7
5,159.7
6,159.7
6,159.7
0,159.7
0,159.7
1,159.7
1,159.7
2,159.7
2,159.7
3,159.7
3,159.7
4,159.7
4,159.7
5,159.7
5,159.7
6,159.7
6,159.7
0,159.7
0,159.7
1,159.7
1,159.7
2,159.7
2,159.7
3,159.7
3,159.7
4,159.7
4,159.7
5,159.7
5,159.7
6,159.7
6,159.7
0,159.7
0,159.7
1,159.7
1,159.7
2,159.7
2,159.7
3,159.7
3,159.7
4,159.7
4,159.7
5,159.7
5,159.7
6,159.7
6,159.7
0,159.7
0,159.7
1,159.7
1,159.7
2,159.7
2,159.7
3,159.7
3,159.7
4,159.7
4,159.7
5,159.7
5,159.7
6,159.7
6,159.7
0,159.7
0,159.7
1,159.7
1,159.7
2,159.7
2,159.7
3,159.7
3,159.7
4,159.7
4,159.7
5,159.7
5,159.7
6,159.7
6,159.7
0,159.7
0,159.7
1,159.7
1,159.7
2,159.7
2,159.7
3,159.7
3,159.7
4,159.7
4,159.7
5,159.7
5,159.7
6,159.7
6,159.7
0,159.7
0,159.7
1,159.7
1,159.7
2,159.7
2,159.7
3,159.7
3,159.7
4,159.7
4,159.7
5,159.7
5,159.7
6,159.7
6,159.7
0,159.7
0,159.7
1,159.7
1,159.7
2,159.7
2,159.7
3,159.7
3,159.7
4,159.7
4,159.7
5,159.7
5,159.7
6,159.7
6,159.7
0,159.7
0,159.7
1,159.7
1,159.7
2,159.7
2,159.7
3,159.7
3,159.7
4,159.7
4,159.7
5,159.7
5,159.7
6,159.7
6,159.7
0,159.7
0,159.7
1,159.7
1,159.7
2,159.7
2,159.7
3,159.7
3,159.7
4,159.7
4,159.7
5,159.7
5,159.7
6,159.7
6,159.7
0,159.7
0,159.7
1,159.7
1,159.7
2,159.7
2,159.7
3,159.7
3,159.7
4,159.7
4,159.7
5,159.7
5,159.7
6,159.7
6,159.7
0,159.7
0,159.7
1,159.7
1,159.7
2,159.7
2,159.7
3,159.7
3,159.7
4,159.7
4,159.7
5,159.7
5,159.7
6,159.7
6,159.7
0,159.7
0,159.7
1,159.7
1,159.7
2,159.7
2,159.7
3,159.7
3,159.7
4,159.7
4,159.7
5,159.7
5,159.7
6,159.7
6,159.7
0,161.9
0,161.9
1,161.9
1,161.9
2,161.9
2,161.9
3,161.9
3,161.9
4,161.9
4,161.9
5,161.9
5,161.9
6,175.9
6,175.9
