0,134.9
0,134.9
1,133.9
1,133.9
2,133.9
2,133.9
3,133.9
3,133.9
4,133.15
4,133.15
5,133.15
5,133.15
6,130.9
6,130.9
0,128.65
0,127.94999999999999
1,125.9
1,125.9
2,127.23333333333333
2,127.23333333333333
3,127.23333333333333
3,127.23333333333333
4,127.23333333333333
4,127.23333333333333
5,127.23333333333333
5,127.23333333333333
6,126.94999999999999
6,126.94999999999999
0,125.86666666666667
0,125.86666666666667
1,125.86666666666667
1,125.86666666666667
2,125.86666666666667
2,125.86666666666667
3,125.94999999999999
3,125.94999999999999
4,125.94999999999999
4,125.94999999999999
5,125.94999999999999
5,125.94999999999999
6,125.94999999999999
6,125.94999999999999
0,133.9
0,133.9
1,133.9
1,133.9
2,133.9
2,133.9
3,133.9
3,133.9
4,133.9
4,133.9
5,133.9
5,133.9
6,133.9
6,133.9
0,133.9
0,133.9
1,133.9
1,133.9
2,133.9
2,133.9
3,133.9
3,133.9
4,133.9
4,133.9
5,133.9
5,133.9
6,133.9
6,133.9
0,133.9
0,133.9
1,133.9
1,133.9
2,133.9
2,133.9
3,133.9
3,133.9
4,133.95
4,133.95
5,133.95
5,133.95
6,133.95
6,133.95
0,136.56666666666666
0,136.56666666666666
1,136.56666666666666
1,136.56666666666666
2,136.56666666666666
2,136.56666666666666
3,136.56666666666666
3,136.56666666666666
4,136.56666666666666
4,136.56666666666666
5,136.56666666666666
5,136.56666666666666
6,136.56666666666666
6,136.56666666666666
0,136.56666666666666
0,136.56666666666666
1,136.56666666666666
1,136.56666666666666
2,136.56666666666666
2,136.56666666666666
3,136.56666666666666
3,136.56666666666666
4,136.56666666666666
4,136.56666666666666
5,137.8
5,137.9
6,137.9
6,137.9
0,135.9
0,135.9
1,136.92499999999998
1,136.92499999999998
2,143.9
2,143.9
3,143.9
3,143.9
4,143.9
4,143.9
5,143.9
5,143.9
6,143.9
6,143.9
0,143.9
0,143.9
1,143.9
1,143.9
2,143.9
2,143.9
3,143.9
3,143.9
4,143.9
4,143.9
5,143.9
5,143.9
6,143.9
6,143.9
0,143.9
0,143.9
1,143.9
1,143.9
2,143.9
2,143.9
3,143.9
3,143.9
4,143.9
4,143.9
5,143.9
5,143.9
6,143.9
6,143.9
0,143.9
0,143.9
1,143.9
1,143.9
2,143.9
2,143.9
3,143.9
3,143.9
4,143.9
4,143.9
5,143.9
5,143.9
6,143.9
6,143.9
0,143.9
0,143.9
1,143.9
1,143.9
2,143.9
2,143.9
3,143.9
3,143.9
4,143.9
4,143.9
5,143.9
5,143.9
6,143.9
6,143.9
0,143.9
0,143.9
1,143.9
1,143.9
2,143.9
2,143.9
3,143.9
3,143.9
4,143.9
4,143.9
5,143.9
5,143.9
6,143.9
6,143.9
0,143.9
0,143.9
1,143.9
1,143.9
2,143.9
2,143.9
3,143.9
3,143.9
4,143.9
4,143.9
5,143.9
5,143.9
6,143.9
6,143.9
0,143.9
0,143.9
1,143.9
1,143.9
2,143.9
2,143.9
3,143.9
3,143.9
4,143.9
4,143.9
5,143.9
5,143.9
6,143.9
6,143.9
0,143.9
0,143.9
1,143.9
1,143.9
2,143.9
2,143.9
3,143.9
3,143.9
4,143.9
4,143.9
5,143.9
5,143.9
6,143.9
6,143.9
0,143.9
0,143.9
1,143.9
1,143.9
2,143.9
2,143.9
3,143.9
3,143.9
4,143.9
4,156.6
5,156.5
5,156.55
6,156.55
6,156.55
0,156.45
0,156.45
1,156.45
1,156.45
2,156.45
2,156.45
3,156.45
3,156.45
4,156.45
4,156.45
5,156.45
5,156.45
6,156.45
6,156.45
0,156.45
0,156.45
1,156.45
1,156.45
2,156.45
2,156.55
3,156.55
3,156.55
4,156.55
4,156.55
5,156.55
5,156.55
6,156.55
6,156.55
0,156.55
0,156.55
1,156.55
1,156.55
2,156.55
2,156.55
3,156.55
3,156.55
4,156.55
4,156.55
5,155.8
5,155.8
6,155.8
6,155.8
0,155.8
0,155.8
1,155.8
1,155.8
2,155.8
2,155.8
3,155.8
3,155.8
4,155.8
4,155.8
5,155.8
5,155.8
6,155.8
6,155.8
0,155.8
0,155.8
1,155.8
1,156.3
2,156.35000000000002
2,156.35000000000002
3,156.25
3,156.25
4,156.35000000000002
4,156.35000000000002
5,156.35000000000002
5,156.35000000000002
6,156.35000000000002
6,156.35000000000002
0,165.9
0,161.375
1,161.375
1,161.375
2,161.375
2,166.1
3,165.6
3,165.6
4,165.75
4,165.75
5,165.75
5,165.8
6,165.75
6,165.75
0,165.75
0,165.75
1,165.75
1,165.75
2,165.75
2,165.75
3,165.75
3,165.75
4,165.75
4,165.75
5,165.75
5,165.75
6,165.75
6,165.75
0,165.75
0,165.75
1,165.75
1,165.75
2,165.75
2,165.75
3,165.64999999999998
3,165.64999999999998
4,165.64999999999998
4,165.64999999999998
5,165.64999999999998
5,165.64999999999998
6,165.64999999999998
6,165.64999999999998
0,165.64999999999998
0,165.64999999999998
1,165.45000000000002
1,165.45000000000002
2,165.45000000000002
2,165.45000000000002
3,165.45000000000002
3,165.45000000000002
4,165.45000000000002
4,165.45000000000002
5,165.45000000000002
5,165.45000000000002
6,165.45000000000002
6,165.45000000000002
0,165.45000000000002
0,165.45000000000002
1,161.7
1,165.7
2,165.7
2,165.7
3,165.7
3,165.75
4,165.75
4,164.8
5,164.8
5,164.8
6,164.8
6,164.8
0,164.8
0,164.8
1,164.8
1,164.8
2,163.1
2,163.1
3,163.1
3,162.3
4,162.7
4,162.63333333333333
5,162.63333333333333
5,162.63333333333333
6,162.63333333333333
6,162.63333333333333
0,164.16666666666666
0,164.16666666666666
1,164.16666666666666
1,164.16666666666666
2,164.16666666666666
2,164.16666666666666
3,164.16666666666666
3,164.16666666666666
4,164.16666666666666
4,164.16666666666666
5,164.16666666666666
5,164.16666666666666
6,164.16666666666666
6,164.16666666666666
0,164.16666666666666
0,164.16666666666666
1,164.16666666666666
1,164.16666666666666
2,164.16666666666666
2,164.16666666666666
3,164.16666666666666
3,164.16666666666666
4,164.16666666666666
4,161.56666666666666
5,161.56666666666666
5,161.56666666666666
6,161.56666666666666
6,161.56666666666666
0,161.56666666666666
0,161.56666666666666
1,161.56666666666666
1,161.56666666666666
2,161.56666666666666
2,161.56666666666666
3,161.56666666666666
3,161.56666666666666
4,161.56666666666666
4,161.56666666666666
5,161.56666666666666
5,161.56666666666666
6,161.56666666666666
6,161.56666666666666
0,161.56666666666666
0,161.56666666666666
1,162.85999999999999
1,162.85999999999999
2,163.1
2,163.1
3,163.1
3,163.1
4,163.1
4,163.1
5,163.1
5,163.1
6,163.1
6,160.9
0,160.9
0,150.7
1,150.7
1,150.7
2,150.7
2,150.7
3,150.7
3,150.7
4,150.7
4,150.7
5,150.7
5,150.7
6,150.7
6,150.7
0,160.7
0,160.7
1,160.7
1,160.7
2,160.7
2,160.7
3,160.7
3,160.7
4,160.7
4,160.7
5,160.7
5,160.7
6,160.7
6,160.7
0,160.7
0,160.7
1,160.7
1,160.7
2,160.7
2,160.7
3,160.7
3,160.7
4,160.7
4,160.7
5,160.7
5,160.7
6,160.7
6,160.7
0,160.7
0,160.7
1,160.7
1,160.7
2,160.7
2,160.7
3,160.7
3,160.7
4,160.7
4,160.7
5,160.7
5,160.7
6,160.7
6,160.7
0,160.7
0,160.7
1,160.7
1,160.7
2,160.7
2,160.7
3,160.7
3,160.7
4,160.7
4,160.7
5,160.7
5,160.7
6,160.7
6,160.7
0,160.7
0,160.7
1,160.7
1,160.7
2,160.7
2,160.7
3,160.7
3,160.7
4,160.7
4,160.7
5,160.7
5,160.7
6,160.7
6,160.76666666666668
0,160.76666666666668
0,160.76666666666668
1,160.76666666666668
1,160.76666666666668
2,160.76666666666668
2,160.76666666666668
3,160.76666666666668
3,160.76666666666668
4,160.76666666666668
4,160.76666666666668
5,160.76666666666668
5,160.76666666666668
6,160.76666666666668
6,160.76666666666668
0,160.76666666666668
0,160.76666666666668
1,160.76666666666668
1,160.16666666666666
2,160.16666666666666
2,160.16666666666666
3,160.16666666666666
3,160.16666666666666
4,160.16666666666666
4,160.16666666666666
5,160.16666666666666
5,160.16666666666666
6,160.16666666666666
6,160.16666666666666
0,160.16666666666666
0,160.16666666666666
1,160.16666666666666
1,160.16666666666666
2,160.16666666666666
2,160.16666666666666
3,160.16666666666666
3,159.15
4,159.15
4,159.15
5,159.15
5,159.15
6,158.23333333333335
6,157.9
0,157.9
0,157.9
1,157.9
1,157.9
2,157.9
2,157.9
3,157.9
3,157.23333333333332
4,157.23333333333332
4,157.23333333333332
5,157.23333333333332
5,157.23333333333332
6,157.23333333333332
6,157.23333333333332
0,157.23333333333332
0,157.23333333333332
1,157.23333333333332
1,160.9
2,160.9
2,160.9
3,160.9
3,160.9
4,160.9
4,155.9
5,155.9
5,155.9
6,155.9
6,155.9
0,155.9
0,155.9
1,155.9
1,155.9
2,155.9
2,155.9
3,155.9
3,155.9
4,155.9
4,150.65
5,150.65
5,150.65
6,150.65
6,150.65
0,150.65
0,150.65
1,148.4
1,147.9
2,147.9
2,147.9
3,147.9
3,147.9
4,147.9
4,146.9714285714286
5,146.9714285714286
5,146.9714285714286
6,146.9714285714286
6,146.9714285714286
0,146.9714285714286
0,146.9714285714286
1,146.9714285714286
1,146.9714285714286
2,146.9714285714286
2,146.9714285714286
3,146.9714285714286
3,146.58571428571426
4,146.58571428571426
4,146.5
5,146.5
5,146.5
6,146.5
6,146.5
0,146.5
0,146.05
1,146.05
1,146.05
2,146.05
2,146.05
3,146.05
3,146.05
4,146.05
4,146.05
5,146.05
5,146.05
6,146.05
6,146.05
0,146.05
0,146.05
1,146.05
1,146.05
2,146.05
2,146.05
3,146.05
3,146.05
4,146.05
4,146.05
5,146.05
5,146.05
6,146.05
6,146.05
0,146.05
0,146.05
1,146.05
1,146.05
2,146.05
2,146.05
3,146.05
3,146.05
4,146.05
4,146.05
5,146.05
5,146.05
6,146.05
6,146.05
0,146.05
0,146.05
1,146.05
1,146.05
2,146.05
2,146.05
3,146.05
3,146.05
4,146.05
4,146.05
5,146.05
5,146.05
6,145.9
6,145.9
0,145.9
0,145.9
1,145.9
1,145.9
2,145.9
2,145.9
3,145.9
3,145.9
4,145.9
4,145.9
5,145.9
5,145.9
6,145.9
6,145.9
0,145.9
0,145.9
1,145.9
1,145.9
2,145.9
2,145.7
3,145.7
3,145.7
4,145.7
4,145.7
5,145.7
5,145.7
6,145.7
6,145.7
0,145.7
0,145.7
1,145.7
1,145.7
2,145.7
2,145.7
3,145.7
3,145.7
4,145.7
4,145.7
5,145.7
5,145.7
6,145.7
6,145.7
0,145.7
0,145.7
1,145.7
1,145.7
2,145.7
2,145.7
3,145.7
3,145.7
4,145.5
4,145.6
5,145.5
5,145.5
6,145.5
6,145.5
0,145.5
0,145.5
1,145.5
1,145.5
2,145.5
2,145.5
3,145.5
3,145.5
4,145.5
4,145.5
5,145.5
5,145.5
6,145.5
6,145.5
0,145.5
0,145.5
1,145.5
1,145.5
2,145.5
2,145.5
3,145.5
3,145.5
4,145.5
4,145.3
5,145.3
5,145.3
6,145.3
6,145.3
0,145.3
0,145.3
1,145.3
1,145.3
2,145.3
2,145.3
3,145.3
3,145.3
4,145.3
4,145.3
5,145.3
5,145.3
6,145.3
6,145.3
0,145.3
0,145.3
1,145.3
1,145.3
2,145.3
2,145.3
3,145.3
3,145.3
4,145.3
4,145.3
5,145.3
5,145.3
6,145.3
6,145.03333333333333
0,144.9
0,144.9
1,144.9
1,144.9
2,148.9
2,148.9
3,148.9
3,148.9
4,148.9
4,148.9
5,148.9
5,148.9
6,148.9
6,148.9
0,148.9
0,148.9
1,148.9
1,148.9
2,148.9
2,148.9
3,148.9
3,148.9
4,148.9
4,148.9
5,148.9
5,148.9
6,148.9
6,148.9
0,148.9
0,148.9
1,148.9
1,148.9
2,148.9
2,148.9
3,148.9
3,148.9
4,148.9
4,148.9
5,148.9
5,148.9
6,148.9
6,148.9
0,148.9
0,148.9
1,148.9
1,148.9
2,148.9
2,148.9
3,148.9
3,148.9
4,148.9
4,148.03333333333333
5,148.03333333333333
5,148.03333333333333
6,148.03333333333333
6,148.03333333333333
0,148.5
0,148.3
1,148.3
1,148.3
2,148.3
2,148.3
3,148.3
3,148.3
4,148.3
4,148.3
5,148.3
5,148.3
6,148.3
6,148.3
0,148.3
0,148.3
1,148.3
1,148.3
2,148.3
2,148.3
3,148.3
3,148.3
4,148.3
4,148.3
5,148.3
5,148.3
6,148.3
6,148.3
0,148.3
0,148.3
1,148.3
1,148.3
2,148.3
2,148.3
3,148.3
3,152.9
4,152.9
4,152.9
5,152.9
5,152.9
6,152.9
6,152.9
0,152.9
0,152.9
1,152.9
1,152.9
2,152.9
2,152.9
3,152.9
3,152.9
4,152.9
4,152.9
5,152.9
5,152.9
6,152.9
6,152.9
0,152.9
0,152.9
1,152.9
1,152.9
2,152.9
2,152.9
3,152.9
3,152.9
4,152.9
4,152.9
5,152.9
5,152.9
6,152.9
6,152.9
0,152.9
0,152.9
1,152.9
1,152.9
2,152.9
2,152.9
3,152.9
3,152.9
4,152.9
4,152.9
5,152.9
5,152.9
6,152.9
6,152.9
0,152.9
0,152.9
1,152.9
1,152.9
2,152.9
2,152.9
3,152.9
3,154.9
4,154.9
4,154.9
5,154.9
5,154.9
6,154.9
6,154.9
0,154.9
0,154.9
1,154.9
1,154.9
2,154.9
2,154.9
3,152.7
3,152.7
4,152.7
4,152.7
5,152.7
5,164.85
6,164.85
6,164.85
0,164.85
0,164.85
1,164.85
1,168.7
2,168.7
2,168.7
3,168.5
3,168.5
4,168.5
4,168.5
5,168.5
5,168.5
6,168.5
6,168.5
0,168.5
0,168.5
1,168.5
1,168.5
2,168.5
2,168.5
3,168.5
3,168.5
4,168.5
4,168.5
5,168.5
5,168.5
6,168.5
6,168.5
0,168.5
0,168.5
1,168.5
1,168.5
2,168.5
2,168.5
3,168.5
3,168.5
4,168.5
4,168.5
5,168.5
5,168.5
6,168.5
6,168.5
0,168.5
0,168.5
1,168.5
1,168.5
2,168.5
2,168.5
3,168.5
3,168.5
4,168.5
4,168.5
5,168.5
5,168.5
6,168.5
6,168.5
0,168.5
0,168.5
1,168.5
1,168.5
2,168.5
2,168.5
3,168.5
3,168.5
4,168.5
4,168.5
5,168.5
5,168.5
6,168.5
6,168.5
0,168.5
0,168.5
1,168.5
1,168.5
2,168.5
2,168.5
3,168.5
3,168.5
4,168.5
4,168.5
5,168.5
5,168.5
6,168.5
6,168.5
0,168.5
0,168.5
1,168.5
1,168.5
2,168.5
2,168.5
3,168.5
3,167.9
4,167.9
4,167.9
5,167.9
5,167.9
6,167.9
6,167.9
0,167.9
0,167.9
1,166.9
1,166.9
2,166.9
2,166.9
3,166.9
3,166.9
4,166.9
4,166.9
5,166.9
5,166.9
6,166.9
6,166.9
0,166.9
0,166.7
1,165.2
1,165.2
2,165.2
2,165.2
3,165.2
3,163.7
4,162.7
4,162.7
5,162.7
5,162.7
6,162.7
6,162.7
0,162.7
0,161.8
1,161.8
1,150.8
2,160.9
2,160.9
3,160.9
3,160.9
4,160.9
4,160.9
5,160.9
5,160.9
6,160.9
6,160.9
0,160.9
0,160.9
1,160.9
1,160.9
2,160.9
2,160.9
3,160.9
3,160.9
4,160.9
4,160.9
5,160.9
5,160.9
6,160.9
6,160.9
0,160.9
0,160.9
1,160.9
1,160.9
2,160.9
2,160.9
3,160.9
3,160.9
4,160.9
4,160.9
5,160.9
5,160.9
6,160.9
6,160.9
0,160.9
0,160.9
1,160.9
1,160.9
2,160.9
2,160.9
3,160.9
3,160.9
4,160.9
4,160.9
5,160.9
5,160.9
6,160.9
6,160.9
0,160.9
0,160.9
1,160.9
1,160.9
2,160.9
2,160.9
3,160.9
3,160.9
4,160.9
4,160.9
5,160.9
5,160.9
6,160.9
6,160.9
0,160.9
0,160.9
1,160.9
1,160.9
2,160.9
2,160.9
3,160.9
3,160.9
4,160.9
4,160.9
5,160.9
5,160.9
6,160.9
6,160.9
0,160.9
0,160.9
1,160.9
1,160.9
2,160.9
2,160.9
3,160.9
3,160.9
4,160.9
4,160.9
5,160.9
5,160.9
6,160.9
6,160.9
0,160.9
0,160.9
1,160.9
1,160.9
2,160.9
2,160.9
3,160.9
3,160.9
4,160.9
4,160.9
5,160.9
5,160.9
6,160.9
6,160.9
0,160.9
0,162.9
1,162.9
1,162.9
2,162.9
2,167.4
3,167.4
3,167.4
4,167.4
4,167.4
5,167.4
5,167.4
6,167.4
6,167.4
0,167.4
0,167.4
1,167.4
1,167.4
2,167.4
2,167.4
3,167.4
3,167.4
4,167.4
4,167.4
5,167.4
5,167.4
6,167.4
6,167.4
0,167.4
0,167.4
1,164.9
1,164.9
2,164.9
2,164.9
3,157.9
3,157.9
4,157.9
4,157.9
5,157.9
5,157.9
6,157.9
6,157.9
