0,0
0,0
1,133.9
1,133.9
2,133.9
2,133.8
3,132.9
3,132.9
4,130.7
4,130.7
5,130.7
5,130.7
6,130.75
6,130.75
0,129.9
0,130.0
1,128.86666666666665
1,128.86666666666665
2,128.8
2,128.9
3,126.9
3,126.9
4,126.9
4,126.9
5,123.9
5,123.9
6,123.9
6,123.9
0,123.85
0,123.85
1,123.85
1,123.94999999999999
2,123.94999999999999
2,123.94999999999999
3,123.94999999999999
3,123.94999999999999
4,123.94999999999999
4,122.56666666666666
5,122.56666666666666
5,122.56666666666666
6,122.56666666666666
6,122.56666666666666
0,122.56666666666666
0,121.8
1,121.9
1,121.9
2,121.85
2,121.85
3,121.85
3,121.85
4,121.85
4,121.85
5,121.85
5,121.85
6,121.85
6,121.85
0,121.85
0,121.85
1,121.94999999999999
1,121.94999999999999
2,121.94999999999999
2,121.94999999999999
3,121.94999999999999
3,121.94999999999999
4,121.94999999999999
4,121.94999999999999
5,121.94999999999999
5,121.94999999999999
6,120.56666666666668
6,120.56666666666668
0,120.56666666666668
0,120.56666666666668
1,120.56666666666668
1,120.56666666666668
2,120.56666666666668
2,120.56666666666668
3,120.56666666666668
3,120.56666666666668
4,138.5666666666667
4,138.5666666666667
5,138.5666666666667
5,138.5666666666667
6,138.5666666666667
6,138.5666666666667
0,141.8875
0,141.8875
1,141.8875
1,141.8875
2,141.8875
2,141.8875
3,126.85
3,126.85
4,126.85
4,126.85
5,126.85
5,126.85
6,126.85
6,126.85
0,126.85
0,126.85
1,126.85
1,127.0
2,126.9
2,126.9
3,126.9
3,126.9
4,126.9
4,126.9
5,126.9
5,126.9
6,126.9
6,126.9
0,126.95
0,126.95
1,126.85
1,126.85
2,126.85
2,126.85
3,126.85
3,126.85
4,126.85
4,126.85
5,126.85
5,126.85
6,126.85
6,126.85
0,126.85
0,126.85
1,126.85
1,126.85
2,126.85
2,126.85
3,126.85
3,126.85
4,126.85
4,126.85
5,126.85
5,126.85
6,126.85
6,126.85
0,126.85
0,126.85
1,126.85
1,126.85
2,126.85
2,126.85
3,126.85
3,126.85
4,126.85
4,126.85
5,126.85
5,126.85
6,126.85
6,126.85
0,126.85
0,126.85
1,126.85
1,126.85
2,126.85
2,126.85
3,126.85
3,126.85
4,126.85
4,126.85
5,126.85
5,126.85
6,126.85
6,126.85
0,126.85
0,126.85
1,126.85
1,126.85
2,126.85
2,126.85
3,126.85
3,126.85
4,126.85
4,126.85
5,126.85
5,126.85
6,126.85
6,126.85
0,126.85
0,126.85
1,126.85
1,126.85
2,126.85
2,126.85
3,126.85
3,126.85
4,126.85
4,126.85
5,126.85
5,126.85
6,126.85
6,126.85
0,126.85
0,126.85
1,126.85
1,126.85
2,126.85
2,126.85
3,126.85
3,126.85
4,126.85
4,126.85
5,126.85
5,126.85
6,126.85
6,126.85
0,126.85
0,126.85
1,126.85
1,126.85
2,126.85
2,126.85
3,126.85
3,126.85
4,126.85
4,126.85
5,126.85
5,126.85
6,126.85
6,126.85
0,126.85
0,126.85
1,126.85
1,126.85
2,126.85
2,126.85
3,126.85
3,126.85
4,126.85
4,126.85
5,126.85
5,126.85
6,126.85
6,126.85
0,126.85
0,126.85
1,126.85
1,126.85
2,126.85
2,126.85
3,126.85
3,126.85
4,126.85
4,126.85
5,126.85
5,126.85
6,126.85
6,126.85
0,126.85
0,126.85
1,126.85
1,137.85000000000002
2,137.85000000000002
2,137.85000000000002
3,137.85000000000002
3,137.85000000000002
4,137.85000000000002
4,137.85000000000002
5,137.85000000000002
5,137.85000000000002
6,137.85000000000002
6,137.85000000000002
0,137.95
0,137.95
1,148.9
1,148.9
2,148.9
2,148.95
3,148.95
3,149.68571428571428
4,149.68571428571428
4,149.68571428571428
5,149.68571428571428
5,149.68571428571428
6,149.68571428571428
6,149.68571428571428
0,149.68571428571428
0,149.36666666666665
1,149.36666666666665
1,148.75
2,148.75
2,148.75
3,148.75
3,148.75
4,148.75
4,148.75
5,148.75
5,148.75
6,148.75
6,148.75
0,148.75
0,148.75
1,145.7
1,145.7
2,145.7
2,145.7
3,145.56666666666666
3,145.56666666666666
4,145.56666666666666
4,145.56666666666666
5,145.55
5,145.55
6,145.55
6,145.55
0,145.55
0,145.55
1,145.55
1,145.55
2,145.55
2,145.55
3,145.55
3,145.55
4,145.55
4,145.55
5,145.55
5,145.45
6,145.45
6,145.45
0,155.75
0,155.7
1,155.7
1,155.7
2,155.7
2,155.7
3,155.7
3,155.7
4,155.7
4,155.7
5,155.7
5,163.9
6,163.9
6,162.43333333333334
0,162.43333333333334
0,162.43333333333334
1,162.43333333333334
1,161.7
2,161.7
2,161.56666666666666
3,161.56666666666666
3,161.56666666666666
4,161.56666666666666
4,161.56666666666666
5,161.56666666666666
5,161.56666666666666
6,161.56666666666666
6,161.56666666666666
0,161.55
0,161.275
1,161.275
1,161.275
2,161.275
2,157.5666666666667
3,157.5666666666667
3,157.5666666666667
4,157.5666666666667
4,157.5666666666667
5,157.5666666666667
5,157.5666666666667
6,157.5666666666667
6,157.5666666666667
0,157.5666666666667
0,157.5666666666667
1,157.5666666666667
1,157.5666666666667
2,157.5666666666667
2,157.5666666666667
3,157.5666666666667
3,157.5666666666667
4,155.95
4,155.95
5,155.95
5,155.95
6,155.95
6,155.95
0,155.95
0,155.95
1,155.95
1,155.95
2,155.95
2,151.23333333333332
3,151.23333333333332
3,147.70000000000002
4,147.70000000000002
4,146.76666666666665
5,146.76666666666665
5,146.76666666666665
6,146.76666666666665
6,146.76666666666665
0,146.76666666666665
0,146.76666666666665
1,146.76666666666665
1,146.76666666666665
2,146.9
2,146.9
3,146.9
3,146.9
4,146.9
4,146.9
5,146.9
5,146.9
6,146.9
6,146.9
0,146.9
0,146.9
1,146.9
1,146.9
2,146.9
2,146.23333333333332
3,146.23333333333332
3,146.23333333333332
4,146.23333333333332
4,146.23333333333332
5,146.23333333333332
5,146.23333333333332
6,146.23333333333332
6,146.23333333333332
0,146.23333333333332
0,146.23333333333332
1,146.23333333333332
1,146.23333333333332
2,146.23333333333332
2,146.23333333333332
3,146.23333333333332
3,146.23333333333332
4,146.23333333333332
4,145.76666666666668
5,145.76666666666668
5,145.76666666666668
6,145.76666666666668
6,145.76666666666668
0,145.76666666666668
0,142.9
1,141.9
1,140.9
2,140.9
2,140.7
3,140.7
3,140.7
4,140.7
4,138.7
5,138.7
5,138.7
6,138.7
6,138.7
0,138.7
0,138.7
1,138.7
1,138.7
2,137.36666666666665
2,137.36666666666665
3,137.36666666666665
3,137.36666666666665
4,137.36666666666665
4,137.36666666666665
5,137.36666666666665
5,137.36666666666665
6,137.36666666666665
6,137.36666666666665
0,137.36666666666665
0,137.36666666666665
1,137.36666666666665
1,137.36666666666665
2,137.36666666666665
2,137.36666666666665
3,137.36666666666665
3,137.36666666666665
4,137.36666666666665
4,135.5
5,135.5
5,135.5
6,135.5
6,135.5
0,135.5
0,135.5
1,135.5
1,134.96666666666667
2,134.96666666666667
2,134.96666666666667
3,134.96666666666667
3,134.96666666666667
4,134.96666666666667
4,134.96666666666667
5,134.96666666666667
5,134.96666666666667
6,134.96666666666667
6,134.96666666666667
0,134.96666666666667
0,134.96666666666667
1,134.96666666666667
1,134.96666666666667
2,134.96666666666667
2,134.96666666666667
3,134.96666666666667
3,134.96666666666667
4,134.96666666666667
4,134.96666666666667
5,134.96666666666667
5,134.96666666666667
6,134.96666666666667
6,134.96666666666667
0,134.96666666666667
0,134.96666666666667
1,134.96666666666667
1,158.9
2,158.9
2,158.9
3,158.9
3,145.7
4,145.7
4,145.7
5,145.7
5,145.7
6,145.7
6,145.7
0,145.7
0,145.7
1,145.7
1,145.7
2,145.7
2,145.7
3,145.7
3,145.7
4,145.7
4,145.7
5,145.7
5,145.7
6,145.7
6,145.7
0,145.7
0,145.7
1,145.7
1,145.7
2,158.9
2,158.9
3,158.9
3,158.9
4,158.9
4,158.9
5,158.9
5,158.9
6,158.9
6,158.9
0,158.9
0,158.9
1,157.5666666666667
1,157.5666666666667
2,157.5666666666667
2,157.5666666666667
3,157.5666666666667
3,157.5666666666667
4,157.5666666666667
4,157.5666666666667
5,157.5666666666667
5,157.5666666666667
6,157.5666666666667
6,157.5666666666667
0,157.5666666666667
0,157.5666666666667
1,157.5666666666667
1,157.5666666666667
2,157.5666666666667
2,157.5666666666667
3,157.5666666666667
3,157.5666666666667
4,157.5666666666667
4,157.5666666666667
5,157.5666666666667
5,157.5666666666667
6,157.5666666666667
6,157.5666666666667
0,155.5666666666667
0,155.9
1,155.9
1,155.9
2,154.3
2,153.10000000000002
3,153.10000000000002
3,153.10000000000002
4,153.10000000000002
4,153.10000000000002
5,153.10000000000002
5,153.10000000000002
6,153.10000000000002
6,153.10000000000002
0,151.5
0,149.85000000000002
1,149.85000000000002
1,149.85000000000002
2,149.85000000000002
2,149.85000000000002
3,149.85000000000002
3,149.85000000000002
4,149.85000000000002
4,149.85000000000002
5,149.85000000000002
5,149.85000000000002
6,149.85000000000002
6,149.85000000000002
0,149.85000000000002
0,149.85000000000002
1,149.85000000000002
1,149.85000000000002
2,149.85000000000002
2,147.02
3,148.7
3,147.3
4,154.8
4,160.9
5,160.9
5,158.76666666666668
6,158.76666666666668
6,158.76666666666668
0,158.76666666666668
0,158.76666666666668
1,158.76666666666668
1,156.9
2,156.9
2,156.9
3,156.9
3,156.9
4,156.9
4,156.9
5,156.9
5,156.9
6,156.9
6,156.9
0,156.9
0,156.9
1,156.9
1,156.9
2,154.5
2,148.9
3,148.9
3,148.9
4,148.9
4,148.9
5,146.9
5,146.9
6,146.9
6,146.9
0,146.9
0,146.9
1,146.9
1,146.9
2,143.9
2,141.9
3,143.23333333333335
3,143.23333333333335
4,143.23333333333335
4,140.5
5,139.8
5,139.7
6,139.7
6,139.7
0,139.7
0,139.7
1,139.75
1,139.75
2,139.75
2,139.75
3,139.75
3,139.75
4,139.75
4,139.75
5,138.5
5,137.3
6,137.3
6,137.3
0,137.3
0,137.3
1,136.9
1,134.9
2,134.9
2,133.8
3,133.8
3,133.8
4,133.8
4,133.8
5,133.8
5,133.8
6,133.8
6,133.8
0,133.8
0,133.8
1,133.8
1,133.8
2,133.8
2,133.8
3,133.8
3,133.8
4,133.8
4,133.8
5,133.8
5,132.8
6,132.8
6,132.8
0,132.8
0,132.8
1,132.8
1,131.0
2,131.0
2,131.0
3,131.0
3,131.0
4,131.0
4,131.0
5,131.0
5,131.0
6,129.3
6,129.3
0,129.3
0,129.3
1,129.3
1,129.3
2,129.3
2,129.3
3,129.3
3,129.3
4,129.3
4,129.3
5,129.3
5,129.3
6,129.3
6,129.3
0,129.3
0,129.3
1,129.3
1,129.3
2,129.3
2,129.3
3,129.3
3,129.3
4,129.3
4,129.3
5,129.3
5,129.3
6,129.3
6,129.3
0,129.3
0,129.3
1,129.3
1,129.3
2,129.3
2,141.60000000000002
3,153.9
3,153.9
4,153.9
4,153.9
5,153.9
5,153.9
6,153.9
6,153.9
0,153.9
0,153.9
1,153.9
1,153.9
2,153.9
2,153.9
3,153.9
3,153.9
4,153.9
4,153.9
5,153.9
5,153.9
6,153.9
6,153.9
0,153.9
0,153.9
1,153.9
1,153.9
2,153.9
2,153.9
3,153.9
3,153.9
4,153.9
4,150.9
5,150.9
5,150.9
6,147.9
6,147.9
0,147.9
0,147.9
1,146.9
1,146.9
2,145.9
2,145.9
3,145.9
3,145.9
4,145.9
4,141.9
5,141.9
5,141.9
6,141.9
6,141.9
0,141.9
0,141.9
1,141.9
1,141.7
2,141.7
2,141.7
3,141.7
3,141.7
4,141.7
4,141.7
5,141.7
5,141.7
6,141.7
6,141.7
0,141.7
0,141.7
1,141.7
1,141.7
2,141.7
2,141.7
3,141.7
3,141.7
4,141.7
4,141.7
5,141.7
5,141.7
6,141.7
6,141.7
0,141.6
0,141.6
1,141.6
1,141.6
2,141.6
2,141.6
3,141.6
3,141.6
4,141.6
4,141.6
5,141.6
5,141.6
6,141.6
6,141.6
0,141.6
0,141.6
1,141.6
1,140.9
2,140.9
2,140.9
3,140.9
3,140.9
4,140.9
4,140.9
5,140.9
5,140.9
6,140.9
6,140.9
0,140.9
0,139.05
1,139.05
1,139.05
2,139.05
2,139.05
3,139.05
3,139.05
4,139.05
4,139.05
5,139.05
5,139.05
6,139.05
6,139.05
0,139.05
0,139.05
1,139.05
1,139.05
2,139.05
2,139.05
3,139.05
3,139.05
4,139.05
4,139.05
5,139.05
5,139.05
6,139.05
6,139.05
0,139.05
0,139.05
1,139.05
1,139.05
2,139.05
2,139.05
3,139.05
3,139.05
4,139.05
4,139.05
5,163.9
5,163.9
6,163.9
6,163.9
0,163.9
0,163.9
1,163.9
1,163.9
2,163.9
2,163.9
3,163.9
3,163.9
4,163.9
4,163.9
5,163.9
5,163.9
6,163.9
6,163.9
0,163.9
0,163.9
1,163.9
1,163.9
2,163.9
2,163.9
3,163.9
3,163.9
4,163.9
4,163.9
5,163.9
5,163.9
6,163.9
6,163.9
0,163.9
0,163.9
1,155.9
1,155.9
2,155.9
2,155.9
3,155.9
3,155.9
4,155.9
4,155.9
5,155.9
5,155.9
6,155.9
6,155.9
0,155.9
0,155.9
1,155.9
1,155.9
2,155.9
2,153.9
3,153.9
3,153.9
4,153.9
4,153.9
5,153.9
5,153.9
6,153.9
6,153.9
0,153.9
0,153.9
1,153.9
1,153.9
2,153.9
2,153.9
3,153.9
3,153.9
4,153.9
4,153.9
5,153.9
5,153.9
6,153.9
6,153.9
0,153.9
0,153.9
1,153.9
1,153.9
2,153.9
2,153.9
3,153.9
3,154.83333333333334
4,154.83333333333334
4,154.83333333333334
5,154.83333333333334
5,154.83333333333334
6,153.5
6,153.5
0,153.5
0,153.5
1,153.5
1,153.5
2,153.5
2,153.5
3,153.5
3,153.5
4,153.5
4,153.5
5,153.5
5,168.9
6,168.9
6,168.9
0,168.9
0,168.9
1,168.9
1,168.7
2,168.7
2,168.7
3,168.7
3,168.7
4,168.7
4,168.7
5,168.7
5,168.7
6,168.7
6,168.7
0,168.7
0,166.9
1,166.9
1,166.9
2,166.9
2,166.9
3,166.9
3,166.9
4,166.9
4,166.9
5,166.9
5,166.9
6,166.9
6,166.9
0,166.9
0,166.9
1,166.9
1,166.9
2,166.9
2,166.9
3,166.9
3,166.9
4,166.9
4,166.9
5,166.9
5,164.9
6,164.9
6,164.9
0,164.9
0,164.9
1,164.9
1,164.9
2,164.9
2,164.9
3,164.9
3,164.9
4,164.9
4,164.9
5,164.9
5,164.9
6,164.9
6,164.9
0,164.9
0,164.9
1,164.9
1,164.9
2,164.9
2,164.9
3,164.9
3,164.9
4,164.9
4,164.9
5,164.9
5,164.9
6,164.9
6,164.9
0,164.9
0,164.9
1,163.8
1,163.7
2,163.7
2,163.7
3,163.7
3,163.3
4,163.3
4,163.3
5,163.3
5,163.3
6,163.3
6,163.3
0,161.56666666666666
0,159.9
1,159.9
1,159.9
2,159.9
2,158.5
3,158.5
3,158.1
4,158.1
4,158.1
5,157.63333333333333
5,157.63333333333333
6,157.63333333333333
6,157.63333333333333
0,157.63333333333333
0,157.63333333333333
1,157.63333333333333
1,157.63333333333333
2,157.63333333333333
2,157.63333333333333
3,157.63333333333333
3,155.9
4,155.9
4,155.9
5,155.9
5,155.9
6,155.9
6,155.9
0,155.9
0,155.9
1,155.9
1,155.9
2,155.9
2,155.9
3,155.9
3,155.9
4,155.9
4,153.9
5,153.9
5,153.9
6,153.9
6,153.9
0,153.9
0,153.9
1,153.9
1,152.7
2,152.7
2,152.7
3,152.7
3,151.7
4,160.3
4,168.9
5,168.9
5,168.9
6,168.9
6,168.9
0,168.9
0,168.9
1,168.9
1,168.9
2,168.9
2,166.5
3,166.5
3,166.5
4,166.5
4,164.7
5,164.7
5,164.7
6,164.7
6,164.16666666666666
0,164.16666666666666
0,164.16666666666666
1,161.9
1,161.9
2,161.9
2,161.9
3,161.9
3,161.9
4,161.9
4,158.23333333333335
5,158.23333333333335
5,158.23333333333335
6,158.23333333333335
6,158.23333333333335
0,155.43333333333334
0,155.43333333333334
1,155.43333333333334
1,153.23333333333332
2,153.23333333333332
2,153.23333333333332
3,153.23333333333332
3,153.23333333333332
4,153.23333333333332
4,153.23333333333332
5,153.23333333333332
5,153.23333333333332
6,153.23333333333332
6,153.23333333333332
0,153.23333333333332
0,153.23333333333332
1,153.23333333333332
1,153.23333333333332
2,153.23333333333332
2,153.23333333333332
3,153.23333333333332
3,153.23333333333332
4,153.23333333333332
4,153.23333333333332
5,153.23333333333332
5,153.23333333333332
6,153.23333333333332
6,153.23333333333332
0,153.23333333333332
0,153.23333333333332
1,153.23333333333332
1,153.23333333333332
2,153.23333333333332
2,153.23333333333332
3,153.23333333333332
3,153.23333333333332
4,153.23333333333332
4,153.23333333333332
5,153.23333333333332
5,153.23333333333332
6,153.23333333333332
6,151.9
0,151.9
0,160.9
1,160.9
1,160.9
2,160.9
2,153.96666666666667
3,150.63333333333333
3,149.4
4,149.4
4,149.4
5,149.4
5,149.4
6,149.4
6,149.4
0,149.4
0,149.4
1,155.4333333333333
1,155.4333333333333
2,155.4333333333333
2,155.4333333333333
3,155.4333333333333
3,155.4333333333333
4,155.4333333333333
4,155.4333333333333
5,155.4333333333333
5,155.4333333333333
6,155.4333333333333
6,155.4333333333333
0,167.5666666666667
0,167.5666666666667
1,170.9
1,170.9
2,170.9
2,170.9
3,170.9
3,170.9
4,170.9
4,170.9
5,170.9
5,170.9
6,170.9
6,170.9
0,170.9
0,170.9
1,170.9
1,170.9
2,170.9
2,170.9
3,170.9
3,170.9
4,168.9
4,168.9
5,168.9
5,168.9
6,168.9
6,168.9
0,168.9
0,168.9
1,168.9
1,168.9
2,168.9
2,168.9
3,168.9
3,168.9
4,168.9
4,168.9
5,168.9
5,168.9
6,168.9
6,168.9
