0,0
0,0
1,0
1,0
2,0
2,0
3,125.9
3,123.7
4,123.7
4,123.7
5,123.7
5,123.7
6,122.9
6,122.9
0,122.9
0,122.9
1,120.39999999999999
1,120.39999999999999
2,120.39999999999999
2,120.39999999999999
3,120.39999999999999
3,120.39999999999999
4,118.9
4,118.9
5,118.9
5,118.9
6,118.9
6,117.9
0,115.9
0,115.9
1,115.9
1,115.9
2,115.9
2,115.9
3,115.9
3,145.65
4,145.65
4,145.65
5,145.65
5,145.65
6,143.9
6,143.9
0,139.4
0,139.4
1,139.4
1,139.4
2,139.4
2,139.4
3,139.4
3,139.4
4,135.9
4,135.9
5,135.9
5,135.9
6,135.9
6,133.9
0,131.9
0,128.9
1,128.9
1,127.9
2,127.9
2,127.9
3,127.9
3,115.9
4,115.9
4,115.9
5,115.9
5,115.9
6,115.9
6,115.9
0,115.9
0,115.9
1,115.9
1,115.9
2,115.9
2,115.9
3,147.9
3,147.9
4,145.4
4,145.4
5,144.9
5,144.9
6,144.9
6,140.15
0,140.15
0,140.15
1,133.7
1,129.7
2,129.7
2,129.7
3,128.9
3,128.9
4,128.9
4,128.9
5,128.9
5,126.9
6,126.9
6,126.9
0,126.9
0,126.9
1,125.7
1,125.7
2,124.5
2,123.9
3,119.9
3,119.9
4,149.9
4,149.9
5,149.9
5,149.9
6,149.9
6,149.9
0,149.9
0,149.9
1,149.9
1,149.9
2,149.9
2,149.4
3,145.9
3,136.9
4,136.9
4,136.9
5,136.9
5,136.9
6,136.9
6,136.9
0,136.9
0,136.9
1,136.9
1,136.9
2,136.9
2,136.9
3,136.9
3,136.9
4,136.9
4,136.9
5,136.9
5,136.9
6,136.9
6,136.9
0,136.9
0,136.9
1,136.9
1,136.9
2,136.9
2,136.9
3,136.9
3,136.9
4,136.9
4,136.9
5,136.9
5,136.9
6,136.9
6,136.9
0,136.9
0,136.9
1,136.9
1,136.9
2,136.9
2,136.9
3,136.9
3,136.9
4,136.9
4,136.9
5,136.9
5,136.9
6,136.9
6,136.9
0,136.9
0,136.9
1,136.9
1,136.9
2,136.9
2,136.9
3,136.9
3,136.9
4,136.9
4,136.9
5,136.9
5,136.9
6,136.9
6,136.9
0,136.9
0,136.9
1,136.9
1,136.9
2,136.9
2,136.9
3,136.9
3,136.9
4,136.9
4,136.9
5,136.9
5,136.9
6,136.9
6,136.9
0,136.9
0,136.9
1,136.9
1,136.9
2,136.9
2,136.9
3,136.9
3,136.9
4,136.9
4,136.9
5,136.9
5,136.9
6,136.9
6,136.9
0,136.9
0,136.9
1,136.9
1,136.9
2,136.9
2,136.9
3,136.9
3,136.9
4,136.9
4,136.9
5,136.9
5,136.9
6,136.9
6,136.9
0,136.9
0,136.9
1,136.9
1,136.9
2,136.9
2,136.9
3,136.9
3,136.9
4,136.9
4,136.9
5,136.9
5,136.9
6,136.9
6,136.9
0,136.9
0,136.9
1,136.9
1,136.9
2,136.9
2,136.9
3,136.9
3,136.9
4,136.9
4,136.9
5,136.9
5,151.9
6,151.9
6,151.9
0,151.9
0,151.9
1,151.9
1,151.9
2,151.9
2,151.9
3,149.9
3,149.9
4,149.9
4,149.9
5,149.9
5,149.9
6,149.9
6,149.9
0,142.9
0,142.9
1,142.9
1,142.9
2,142.9
2,142.9
3,142.9
3,142.9
4,142.9
4,142.9
5,142.9
5,142.9
6,142.9
6,142.9
0,142.9
0,141.9
1,141.9
1,141.9
2,141.9
2,141.9
3,141.9
3,141.9
4,141.9
4,141.9
5,141.9
5,141.9
6,141.9
6,141.9
0,141.9
0,141.9
1,141.9
1,141.9
2,141.9
2,141.9
3,141.9
3,141.9
4,141.9
4,141.9
5,141.9
5,141.9
6,141.9
6,141.9
0,141.9
0,141.9
1,141.9
1,138.3
2,138.3
2,138.3
3,138.3
3,162.9
4,162.9
4,162.9
5,162.9
5,162.9
6,162.9
6,162.9
0,161.15
0,161.15
1,159.7
1,159.7
2,158.9
2,158.9
3,158.9
3,158.9
4,153.9
4,153.9
5,153.9
5,153.9
6,153.9
6,153.9
0,153.9
0,153.9
1,153.9
1,153.9
2,151.8
2,149.9
3,149.9
3,149.9
4,149.9
4,149.9
5,149.9
5,149.9
6,149.9
6,149.9
0,149.9
0,142.9
1,142.9
1,142.9
2,144.05
2,142.7
3,142.7
3,142.7
4,142.7
4,142.7
5,142.7
5,142.7
6,142.5
6,140.9
0,138.7
0,138.7
1,138.7
1,138.7
2,137.7
2,137.7
3,137.7
3,137.7
4,137.7
4,137.7
5,137.7
5,137.7
6,137.7
6,137.7
0,137.7
0,137.7
1,137.7
1,137.7
2,137.7
2,137.7
3,137.7
3,137.7
4,137.7
4,137.7
5,137.7
5,137.5
6,137.5
6,137.5
0,137.5
0,136.9
1,136.9
1,136.9
2,136.9
2,136.9
3,136.9
3,162.9
4,135.7
4,162.9
5,162.9
5,162.9
6,162.9
6,162.9
0,162.9
0,162.9
1,162.9
1,159.9
2,157.9
2,157.9
3,154.9
3,152.7
4,148.3
4,148.3
5,144.9
5,144.9
6,144.9
6,144.9
0,144.9
0,144.9
1,144.9
1,144.9
2,144.9
2,144.9
3,144.9
3,144.9
4,144.9
4,144.9
5,144.9
5,144.9
6,144.9
6,143.9
0,143.9
0,143.9
1,143.9
1,143.9
2,143.9
2,143.9
3,143.9
3,143.9
4,143.9
4,143.9
5,143.9
5,143.9
6,143.9
6,143.9
0,143.9
0,141.9
1,141.9
1,141.5
2,141.5
2,140.9
3,140.9
3,139.5
4,139.5
4,138.9
5,138.9
5,137.9
6,137.9
6,137.15
0,137.15
0,137.15
1,137.15
1,135.9
2,135.9
2,134.9
3,134.9
3,134.9
4,134.9
4,133.9
5,133.9
5,133.9
6,133.9
6,133.9
0,133.9
0,132.9
1,132.9
1,132.9
2,132.9
2,132.9
3,132.9
3,132.9
4,132.9
4,132.9
5,132.9
5,132.9
6,132.9
6,132.9
0,132.9
0,130.9
1,130.9
1,130.9
2,130.9
2,130.9
3,130.9
3,130.9
4,130.9
4,130.9
5,130.9
5,130.9
6,157.9
6,157.9
0,157.9
0,157.9
1,155.9
1,155.9
2,155.9
2,155.9
3,155.9
3,154.9
4,147.9
4,147.9
5,147.9
5,147.9
6,147.9
6,147.9
0,147.9
0,147.8
1,147.8
1,147.6
2,147.6
2,147.6
3,147.6
3,147.6
4,147.6
4,147.6
5,147.6
5,147.6
6,147.6
6,147.1
0,147.1
0,147.1
1,147.1
1,147.1
2,147.1
2,147.1
3,146.7
3,146.7
4,146.7
4,146.7
5,146.4
5,146.4
6,146.4
6,146.4
0,146.4
0,146.4
1,146.4
1,146.4
2,143.7
2,143.7
3,143.7
3,143.7
4,143.7
4,143.7
5,143.7
5,143.7
6,143.7
6,143.7
0,143.7
0,142.2
1,142.2
1,142.2
2,142.2
2,140.6
3,140.6
3,140.6
4,140.6
4,140.6
5,139.5
5,139.5
6,139.5
6,139.5
0,139.5
0,139.5
1,139.5
1,139.5
2,139.5
2,139.5
3,139.5
3,139.5
4,139.5
4,139.5
5,139.5
5,139.5
6,139.5
6,139.5
0,138.4
0,138.4
1,137.7
1,137.7
2,137.7
2,137.7
3,137.7
3,137.7
4,137.7
4,137.7
5,137.7
5,137.7
6,137.7
6,136.7
0,136.7
0,136.7
1,136.7
1,135.7
2,135.7
2,159.9
3,159.9
3,159.9
4,159.9
4,159.9
5,157.9
5,157.9
6,157.9
6,157.9
0,157.9
0,156.9
1,156.9
1,156.9
2,156.9
2,156.9
3,156.9
3,156.9
4,153.9
4,153.9
5,153.9
5,149.9
6,149.9
6,149.9
0,149.9
0,149.9
1,149.9
1,149.9
2,144.9
2,144.9
3,144.4
3,144.4
4,144.4
4,144.4
5,141.9
5,141.8
6,141.8
6,141.8
0,141.8
0,141.8
1,141.8
1,141.8
2,141.8
2,141.8
3,141.8
3,141.8
4,137.9
4,137.9
5,137.9
5,137.9
6,137.9
6,137.9
0,137.7
0,137.7
1,136.9
1,136.9
2,135.9
2,135.9
3,134.7
3,134.7
4,133.7
4,133.7
5,133.7
5,133.7
6,133.7
6,133.7
0,133.7
0,133.7
1,133.7
1,133.7
2,133.7
2,129.7
3,129.7
3,149.9
4,148.05
4,147.9
5,148.45
5,147.9
6,147.9
6,146.0
0,145.8
0,145.8
1,145.8
1,145.8
2,145.8
2,145.8
3,145.8
3,143.9
4,142.3
4,139.9
5,139.9
5,139.9
6,139.9
6,139.9
0,139.14999999999998
0,139.14999999999998
1,139.14999999999998
1,139.14999999999998
2,138.2
2,138.2
3,136.7
3,136.7
4,136.7
4,135.7
5,135.7
5,135.7
6,135.7
6,135.7
0,135.7
0,135.7
1,135.7
1,135.7
2,135.7
2,135.7
3,135.7
3,135.7
4,135.7
4,135.7
5,135.7
5,135.7
6,135.7
6,135.7
0,135.7
0,135.7
1,135.7
1,135.7
2,135.3
2,135.3
3,135.3
3,135.3
4,135.0
4,135.0
5,134.7
5,134.7
6,134.7
6,134.7
0,134.7
0,134.7
1,134.7
1,152.9
2,152.9
2,152.9
3,152.05
3,150.3
4,149.7
4,149.7
5,149.7
5,149.7
6,149.7
6,147.7
0,147.7
0,147.7
1,147.7
1,147.7
2,147.7
2,147.7
3,147.3
3,147.3
4,145.83333333333334
4,145.83333333333334
5,143.73333333333335
5,143.73333333333335
6,142.9
6,142.9
0,142.9
0,142.4
1,142.4
1,141.4
2,141.4
2,141.4
3,141.4
3,141.4
4,141.4
4,141.4
5,141.4
5,141.4
6,141.4
6,141.4
0,141.4
0,141.4
1,141.4
1,139.4
2,139.4
2,139.4
3,139.4
3,139.4
4,138.55
4,138.55
5,137.7
5,137.7
6,137.7
6,137.7
0,137.7
0,159.9
1,159.9
1,157.9
2,157.4
2,157.4
3,156.9
3,156.9
4,156.9
4,156.9
5,156.9
5,156.9
6,156.9
6,156.9
0,156.9
0,156.9
1,155.4
1,155.4
2,153.9
2,153.9
3,149.9
3,149.9
4,149.9
4,149.9
5,149.9
5,140.9
6,140.9
6,140.9
0,140.9
0,140.9
1,140.9
1,140.9
2,140.9
2,140.9
3,140.9
3,140.9
4,140.9
4,140.9
5,140.9
5,140.9
6,140.9
6,140.9
0,140.9
0,140.9
1,140.9
1,140.9
2,140.9
2,140.35000000000002
3,140.35000000000002
3,140.35000000000002
4,140.35000000000002
4,140.35000000000002
5,140.35000000000002
5,140.35000000000002
6,140.35000000000002
6,140.35000000000002
0,140.35000000000002
0,160.9
1,160.9
1,159.4
2,156.9
2,156.9
3,156.9
3,155.9
4,155.9
4,155.9
5,153.9
5,153.9
6,153.9
6,153.9
0,151.9
0,151.9
1,147.9
1,147.9
2,142.9
2,142.9
3,138.9
3,138.9
4,138.9
4,138.9
5,138.9
5,137.9
6,137.9
6,137.9
0,137.9
0,137.9
1,137.9
1,137.9
2,137.9
2,137.9
3,137.9
3,137.9
4,136.9
4,162.9
5,162.9
5,160.9
6,160.9
6,160.9
0,160.9
0,160.9
1,160.9
1,160.9
2,160.9
2,160.9
3,160.9
3,160.9
4,160.9
4,160.9
5,160.9
5,160.9
6,157.65
6,157.65
0,157.65
0,157.65
1,157.65
1,155.9
2,155.9
2,155.9
3,155.9
3,155.9
4,155.9
4,155.9
5,155.9
5,155.9
6,155.9
6,155.9
0,155.9
0,153.9
1,153.9
1,152.9
2,152.9
2,152.9
3,152.9
3,152.9
4,152.9
4,152.9
5,152.9
5,152.9
6,152.9
6,167.9
0,167.9
0,165.9
1,165.9
1,165.9
2,165.9
2,165.9
3,164.9
3,163.9
4,155.9
4,155.9
5,155.9
5,155.9
6,155.9
6,155.9
0,155.9
0,153.9
1,153.9
1,151.9
2,150.5
2,150.5
3,150.5
3,150.5
4,150.5
4,150.2
5,150.2
5,150.2
6,150.2
6,150.2
0,150.2
0,150.2
1,150.2
1,150.2
2,150.2
2,149.3
3,149.3
3,149.3
4,148.7
4,148.7
5,148.7
5,148.7
6,148.7
6,147.5
0,146.2
0,144.5
1,143.4
1,143.4
2,143.4
2,143.4
3,143.4
3,168.9
4,168.9
4,166.9
5,166.9
5,166.9
6,166.9
6,166.9
0,166.9
0,166.9
1,166.9
1,166.9
2,166.9
2,166.9
3,166.9
3,166.9
4,166.9
4,166.9
5,166.9
5,166.9
6,166.9
6,166.9
0,166.9
0,166.9
1,166.9
1,166.9
2,166.9
2,166.9
3,166.9
3,166.9
4,166.9
4,166.9
5,165.9
5,163.9
6,163.9
6,163.9
0,163.9
0,163.9
1,163.9
1,163.9
2,163.9
2,162.9
3,162.9
3,162.9
4,162.9
4,162.9
5,162.9
5,162.9
6,162.9
6,162.9
0,162.9
0,162.9
1,162.9
1,162.9
2,162.9
2,162.9
3,162.9
3,168.9
4,168.9
4,168.9
5,168.9
5,168.9
6,168.9
6,168.9
0,168.9
0,168.9
1,168.9
1,168.9
2,168.9
2,168.9
3,168.9
3,168.9
4,168.9
4,168.9
5,168.9
5,168.9
6,168.9
6,168.9
0,168.9
0,166.9
1,166.9
1,166.9
2,166.9
2,166.9
3,166.9
3,166.9
4,166.9
4,166.9
5,166.9
5,166.9
6,166.9
6,166.9
0,166.9
0,166.9
1,166.9
1,166.9
2,166.9
2,155.9
3,155.9
3,155.9
4,155.9
4,155.9
5,155.9
5,155.9
6,155.9
6,155.9
0,155.9
0,155.9
1,155.9
1,155.9
2,155.9
2,154.5
3,154.5
3,154.5
4,154.5
4,154.5
5,154.5
5,154.5
6,154.5
6,154.5
0,154.5
0,154.5
1,154.5
1,154.5
2,154.5
2,154.5
3,154.5
3,154.5
4,154.5
4,154.5
5,154.5
5,154.5
6,154.5
6,154.5
0,154.5
0,154.5
1,154.5
1,154.5
2,154.5
2,168.9
3,168.9
3,168.9
4,168.9
4,166.9
5,166.9
5,166.9
6,166.9
6,166.9
0,166.9
0,166.9
1,162.9
1,162.9
2,162.9
2,162.9
3,160.9
3,158.9
4,158.9
4,158.9
5,158.9
5,158.9
6,158.9
6,158.9
0,158.9
0,149.7
1,149.7
1,149.7
2,149.7
2,149.7
3,149.7
3,149.7
4,149.7
4,149.7
5,149.7
5,149.7
6,149.7
6,149.7
0,149.7
0,149.7
1,149.7
1,149.7
2,149.7
2,148.9
3,148.9
3,148.9
4,142.9
4,142.9
5,142.9
5,142.9
6,142.9
6,142.9
0,142.9
0,168.9
1,153.9
1,163.9
2,158.9
2,158.9
3,158.9
3,158.9
4,158.9
4,158.9
5,158.9
5,158.9
6,158.9
6,155.9
0,155.9
0,155.9
1,155.9
1,155.9
2,155.9
2,155.9
3,155.9
3,155.9
4,155.9
4,155.9
5,155.9
5,155.9
6,155.9
6,155.9
0,155.9
0,155.9
1,155.9
1,155.9
2,155.9
2,155.9
3,155.9
3,155.9
4,155.9
4,155.9
5,155.9
5,155.9
6,155.9
6,155.9
0,155.9
0,155.9
1,155.9
1,155.9
2,155.9
2,155.9
3,155.9
3,155.9
4,155.9
4,171.9
5,171.9
5,171.9
6,171.9
6,169.9
0,169.9
0,169.9
1,169.9
1,169.9
2,169.9
2,169.9
3,169.9
3,168.9
4,168.9
4,168.9
5,168.9
5,168.9
6,168.9
6,168.9
0,168.9
0,168.9
1,168.9
1,168.9
2,168.9
2,168.9
3,168.9
3,163.9
4,163.9
4,163.9
5,163.9
5,163.9
6,163.9
6,163.9
0,163.9
0,163.9
1,163.9
1,163.9
2,163.9
2,163.9
3,163.9
3,173.4
4,173.4
4,173.4
5,173.4
5,173.4
6,173.4
6,173.4
