0,0
0,0
1,127.9
1,127.9
2,127.9
2,127.9
3,127.9
3,127.9
4,127.9
4,127.9
5,127.9
5,127.85
6,127.85
6,127.85
0,126.9
0,126.9
1,126.9
1,126.9
2,126.9
2,126.9
3,126.9
3,126.9
4,126.9
4,126.9
5,126.9
5,126.9
6,126.9
6,126.9
0,126.9
0,126.9
1,125.39999999999999
1,125.39999999999999
2,121.9
2,121.9
3,121.9
3,121.9
4,121.9
4,121.9
5,121.9
5,122.0
6,121.9
6,121.9
0,121.9
0,121.9
1,121.9
1,121.9
2,121.9
2,121.9
3,121.9
3,121.9
4,121.9
4,121.9
5,121.9
5,121.9
6,121.9
6,121.9
0,121.9
0,121.9
1,121.9
1,121.9
2,121.9
2,121.9
3,121.9
3,121.9
4,121.9
4,121.9
5,121.9
5,121.9
6,121.9
6,121.9
0,121.9
0,121.9
1,121.9
1,121.9
2,121.9
2,121.9
3,121.9
3,147.9
4,147.9
4,147.85000000000002
5,147.85000000000002
5,147.85000000000002
6,147.85000000000002
6,147.85000000000002
0,121.9
0,121.9
1,121.9
1,121.9
2,121.9
2,121.9
3,121.9
3,121.9
4,121.9
4,121.9
5,121.9
5,121.9
6,121.9
6,121.9
0,121.95
0,121.95
1,121.95
1,121.95
2,121.95
2,121.95
3,121.95
3,121.95
4,121.95
4,121.95
5,121.95
5,121.95
6,121.95
6,121.95
0,121.95
0,121.95
1,121.95
1,121.95
2,121.95
2,121.95
3,119.9
3,121.95
4,121.95
4,121.95
5,121.95
5,121.95
6,121.95
6,121.95
0,121.95
0,121.95
1,121.95
1,121.95
2,121.95
2,121.95
3,121.95
3,121.95
4,121.95
4,121.95
5,121.95
5,121.95
6,121.95
6,121.95
0,121.95
0,121.95
1,121.95
1,121.95
2,121.95
2,121.95
3,121.95
3,121.95
4,121.95
4,121.95
5,121.95
5,121.95
6,121.95
6,121.95
0,121.95
0,121.95
1,121.95
1,121.95
2,121.95
2,121.95
3,121.95
3,121.95
4,121.95
4,121.95
5,121.95
5,121.95
6,121.95
6,121.95
0,121.95
0,121.95
1,121.95
1,121.95
2,121.95
2,121.95
3,121.95
3,121.95
4,121.95
4,121.95
5,121.95
5,121.95
6,121.95
6,121.95
0,121.95
0,121.95
1,121.95
1,121.95
2,121.95
2,121.95
3,121.95
3,121.95
4,121.95
4,121.95
5,121.95
5,121.95
6,121.95
6,121.95
0,121.95
0,121.95
1,121.95
1,121.95
2,121.95
2,121.95
3,121.95
3,121.95
4,121.95
4,121.95
5,121.95
5,121.95
6,121.95
6,121.95
0,121.95
0,121.95
1,121.95
1,121.95
2,121.95
2,121.95
3,121.95
3,121.95
4,121.95
4,121.95
5,121.95
5,121.95
6,121.95
6,121.95
0,121.95
0,121.95
1,121.95
1,121.95
2,121.95
2,121.95
3,121.95
3,121.95
4,121.95
4,121.95
5,121.95
5,121.95
6,121.95
6,121.95
0,121.95
0,121.95
1,121.95
1,121.95
2,121.95
2,121.95
3,148.36666666666667
3,148.36666666666667
4,148.36666666666667
4,148.36666666666667
5,148.36666666666667
5,148.36666666666667
6,148.36666666666667
6,148.36666666666667
0,148.36666666666667
0,148.36666666666667
1,148.36666666666667
1,148.36666666666667
2,148.36666666666667
2,148.36666666666667
3,148.36666666666667
3,148.36666666666667
4,148.36666666666667
4,148.36666666666667
5,148.36666666666667
5,148.36666666666667
6,148.36666666666667
6,148.36666666666667
0,148.36666666666667
0,148.36666666666667
1,148.36666666666667
1,148.36666666666667
2,148.35000000000002
2,148.35000000000002
3,148.35000000000002
3,148.35000000000002
4,148.35000000000002
4,148.35000000000002
5,148.35000000000002
5,148.35000000000002
6,148.35000000000002
6,148.35000000000002
0,148.35000000000002
0,148.45
1,148.45
1,148.45
2,148.45
2,148.45
3,148.45
3,148.45
4,148.45
4,147.42500000000004
5,146.85000000000002
5,146.85000000000002
6,146.85000000000002
6,146.85000000000002
0,146.85000000000002
0,146.85000000000002
1,146.85000000000002
1,146.85000000000002
2,146.85000000000002
2,146.85000000000002
3,146.85000000000002
3,146.85000000000002
4,146.85000000000002
4,146.85000000000002
5,146.85000000000002
5,146.75
6,146.75
6,146.55
0,146.55
0,146.45
1,146.45
1,146.45
2,146.45
2,146.45
3,146.45
3,146.45
4,146.45
4,146.45
5,146.45
5,146.45
6,146.45
6,146.45
0,153.23333333333335
0,159.5666666666667
1,159.5666666666667
1,159.5666666666667
2,159.5666666666667
2,163.9
3,163.9
3,163.9
4,163.9
4,163.9
5,163.9
5,163.9
6,163.9
6,163.9
0,163.9
0,163.9
1,163.9
1,163.9
2,163.9
2,163.15
3,161.5666666666667
3,160.9
4,160.9
4,160.9
5,160.9
5,160.9
6,160.9
6,160.9
0,160.9
0,155.9
1,155.9
1,155.9
2,155.9
2,155.9
3,155.9
3,155.9
4,155.9
4,155.9
5,155.9
5,155.9
6,155.9
6,155.9
0,155.85000000000002
0,155.85000000000002
1,155.85000000000002
1,155.85000000000002
2,155.85000000000002
2,155.85000000000002
3,155.85000000000002
3,155.85000000000002
4,155.85000000000002
4,154.4
5,154.4
5,154.4
6,154.4
6,154.4
0,153.85000000000002
0,148.3
1,148.3
1,148.3
2,148.3
2,148.35000000000002
3,148.35000000000002
3,148.35000000000002
4,148.35000000000002
4,148.35000000000002
5,148.35000000000002
5,148.35000000000002
6,148.35000000000002
6,148.35000000000002
0,148.35000000000002
0,148.35000000000002
1,148.35000000000002
1,148.35000000000002
2,148.35000000000002
2,148.35000000000002
3,148.35000000000002
3,148.35000000000002
4,148.35000000000002
4,148.35000000000002
5,148.35000000000002
5,148.35000000000002
6,148.35000000000002
6,148.35000000000002
0,148.35000000000002
0,148.35000000000002
1,148.35000000000002
1,148.35000000000002
2,148.35000000000002
2,148.35000000000002
3,148.35000000000002
3,148.35000000000002
4,148.35000000000002
4,148.35000000000002
5,148.35000000000002
5,148.35000000000002
6,148.35000000000002
6,148.35000000000002
0,148.35000000000002
0,148.35000000000002
1,148.35000000000002
1,148.35000000000002
2,148.35000000000002
2,148.35000000000002
3,148.35000000000002
3,148.35000000000002
4,148.35000000000002
4,148.35000000000002
5,148.35000000000002
5,148.35000000000002
6,148.35000000000002
6,148.35000000000002
0,148.35000000000002
0,148.35000000000002
1,148.35000000000002
1,148.35000000000002
2,148.35000000000002
2,148.35000000000002
3,148.35000000000002
3,148.35000000000002
4,148.35000000000002
4,148.35000000000002
5,148.35000000000002
5,148.35000000000002
6,148.35000000000002
6,148.35000000000002
0,148.35000000000002
0,148.35000000000002
1,148.35000000000002
1,148.35000000000002
2,148.35000000000002
2,148.35000000000002
3,148.35000000000002
3,148.35000000000002
4,148.35000000000002
4,148.35000000000002
5,148.35000000000002
5,148.35000000000002
6,148.35000000000002
6,148.35000000000002
0,148.35000000000002
0,148.35000000000002
1,148.35000000000002
1,148.35000000000002
2,148.35000000000002
2,148.35000000000002
3,148.35000000000002
3,148.35000000000002
4,148.35000000000002
4,148.35000000000002
5,148.35000000000002
5,148.35000000000002
6,148.35000000000002
6,148.35000000000002
0,148.35000000000002
0,148.35000000000002
1,148.35000000000002
1,148.35000000000002
2,148.35000000000002
2,148.35000000000002
3,148.35000000000002
3,148.35000000000002
4,148.35000000000002
4,148.35000000000002
5,148.35000000000002
5,148.35000000000002
6,148.35000000000002
6,148.35000000000002
0,148.35000000000002
0,148.35000000000002
1,148.35000000000002
1,148.35000000000002
2,148.35000000000002
2,148.35000000000002
3,148.35000000000002
3,148.35000000000002
4,148.35000000000002
4,148.35000000000002
5,148.35000000000002
5,148.35000000000002
6,148.35000000000002
6,148.35000000000002
0,148.35000000000002
0,148.35000000000002
1,148.35000000000002
1,156.25
2,156.25
2,156.25
3,156.25
3,156.9
4,156.9
4,156.9
5,156.9
5,151.53333333333333
6,151.53333333333333
6,151.53333333333333
0,151.53333333333333
0,148.7
1,148.7
1,148.7
2,148.7
2,148.7
3,148.7
3,148.7
4,148.7
4,148.7
5,148.7
5,148.7
6,148.7
6,148.7
0,148.7
0,148.7
1,148.7
1,148.7
2,148.7
2,158.9
3,158.9
3,158.9
4,158.9
4,158.9
5,158.9
5,158.9
6,158.9
6,158.9
0,158.9
0,158.9
1,158.9
1,158.9
2,158.9
2,158.9
3,158.9
3,158.9
4,158.9
4,158.9
5,158.9
5,158.9
6,158.9
6,158.9
0,158.9
0,158.9
1,158.9
1,158.9
2,158.9
2,158.9
3,158.9
3,155.9
4,154.9
4,154.9
5,154.9
5,154.9
6,154.9
6,154.9
0,154.9
0,154.9
1,154.9
1,154.9
2,154.9
2,154.9
3,154.9
3,154.9
4,154.9
4,154.9
5,154.9
5,154.9
6,154.9
6,154.9
0,154.4
0,154.4
1,154.4
1,154.4
2,154.4
2,154.4
3,154.4
3,154.4
4,154.4
4,154.4
5,154.4
5,154.4
6,154.4
6,154.4
0,154.4
0,154.4
1,154.4
1,154.4
2,154.4
2,154.4
3,154.4
3,154.4
4,160.9
4,160.9
5,160.9
5,154.9
6,154.9
6,154.9
0,154.9
0,154.9
1,154.9
1,154.9
2,154.9
2,154.9
3,154.9
3,154.9
4,154.9
4,154.9
5,154.9
5,154.9
6,154.9
6,154.9
0,154.9
0,154.9
1,154.9
1,154.9
2,154.9
2,154.9
3,154.9
3,154.9
4,154.9
4,154.4
5,154.4
5,154.33333333333334
6,154.3
6,154.3
0,154.25
0,153.9
1,152.9
1,152.9
2,152.9
2,152.9
3,152.8
3,152.80000000000004
4,152.76666666666668
4,152.7
5,152.7
5,152.7
6,152.7
6,152.7
0,152.7
0,152.7
1,152.7
1,149.9
2,149.9
2,149.9
3,149.9
3,144.65
4,144.65
4,144.65
5,144.65
5,144.65
6,144.65
6,140.9
0,140.9
0,140.85000000000002
1,139.4333333333333
1,135.5666666666667
2,135.5666666666667
2,132.9
3,132.7
3,132.7
4,132.7
4,132.7
5,132.7
5,132.7
6,132.7
6,132.7
0,132.7
0,132.7
1,132.7
1,132.7
2,132.7
2,132.7
3,132.7
3,132.7
4,132.7
4,132.7
5,132.7
5,132.7
6,132.7
6,132.7
0,132.6
0,132.5
1,132.5
1,132.5
2,132.5
2,132.5
3,132.5
3,132.5
4,132.5
4,132.5
5,132.5
5,132.5
6,132.5
6,132.5
0,132.5
0,132.5
1,132.5
1,132.5
2,132.5
2,132.5
3,132.5
3,132.5
4,132.5
4,132.5
5,132.5
5,132.5
6,132.5
6,132.5
0,132.5
0,132.4
1,132.4
1,132.4
2,132.4
2,132.4
3,132.4
3,132.4
4,132.4
4,132.4
5,132.4
5,132.4
6,132.4
6,132.4
0,132.4
0,132.4
1,132.4
1,132.4
2,143.15
2,153.9
3,153.9
3,153.9
4,153.9
4,153.9
5,153.9
5,153.9
6,153.9
6,153.9
0,153.9
0,153.9
1,153.9
1,153.9
2,153.9
2,153.9
3,153.9
3,153.9
4,153.9
4,153.9
5,153.9
5,153.9
6,153.9
6,153.9
0,153.9
0,153.9
1,153.9
1,153.9
2,153.9
2,153.9
3,153.9
3,153.9
4,153.9
4,153.9
5,153.9
5,153.9
6,153.9
6,153.9
0,153.9
0,153.9
1,153.9
1,153.9
2,153.9
2,153.9
3,153.9
3,153.9
4,153.9
4,153.4
5,153.65
5,153.65
6,153.65
6,153.65
0,153.5666666666667
0,153.5666666666667
1,153.4
1,153.4
2,153.4
2,153.4
3,153.4
3,153.4
4,153.4
4,153.4
5,153.4
5,153.4
6,153.4
6,153.4
0,153.4
0,153.4
1,153.4
1,153.4
2,153.4
2,153.4
3,153.4
3,153.4
4,153.4
4,153.4
5,153.4
5,151.9
6,151.9
6,150.9
0,150.9
0,150.9
1,150.9
1,150.9
2,150.9
2,150.9
3,148.9
3,148.9
4,148.9
4,148.9
5,148.9
5,148.9
6,148.9
6,148.9
0,148.9
0,148.9
1,148.9
1,148.9
2,148.9
2,148.9
3,148.9
3,148.9
4,148.9
4,148.9
5,148.9
5,148.9
6,148.9
6,148.9
0,148.9
0,148.9
1,148.9
1,148.9
2,148.9
2,148.9
3,156.9
3,156.9
4,156.9
4,148.9
5,148.9
5,148.9
6,148.9
6,148.9
0,148.9
0,148.9
1,148.9
1,148.9
2,148.9
2,148.9
3,148.9
3,148.9
4,148.9
4,148.9
5,148.9
5,148.9
6,148.9
6,148.9
0,148.9
0,148.9
1,148.9
1,148.9
2,148.9
2,148.9
3,148.9
3,148.9
4,148.9
4,163.9
5,163.9
5,163.9
6,163.9
6,163.9
0,163.9
0,163.9
1,163.9
1,163.9
2,163.9
2,161.9
3,161.9
3,161.9
4,161.9
4,161.9
5,161.9
5,161.9
6,161.9
6,161.9
0,161.9
0,161.9
1,161.9
1,161.9
2,161.9
2,161.9
3,161.9
3,161.9
4,161.9
4,161.9
5,161.9
5,161.9
6,161.9
6,161.9
0,161.9
0,161.9
1,161.9
1,161.9
2,161.9
2,161.9
3,161.9
3,161.9
4,161.9
4,158.4
5,158.4
5,158.4
6,158.4
6,158.4
0,157.4
0,157.4
1,157.4
1,156.9
2,156.9
2,156.9
3,156.9
3,156.9
4,156.9
4,156.9
5,156.9
5,156.9
6,156.9
6,156.9
0,156.9
0,156.9
1,156.9
1,156.9
2,156.9
2,156.9
3,156.9
3,156.9
4,156.9
4,156.9
5,156.9
5,156.9
6,156.9
6,156.9
0,156.9
0,156.9
1,156.9
1,156.9
2,156.9
2,156.9
3,156.9
3,156.9
4,156.9
4,156.9
5,156.9
5,156.9
6,156.9
6,156.9
0,156.9
0,156.9
1,156.9
1,156.9
2,156.9
2,156.9
3,156.9
3,156.9
4,156.9
4,168.9
5,168.9
5,168.9
6,168.9
6,168.9
0,168.9
0,168.9
1,168.9
1,166.9
2,166.9
2,166.9
3,166.9
3,166.9
4,166.9
4,166.9
5,166.9
5,166.9
6,166.9
6,166.9
0,166.9
0,166.9
1,166.9
1,166.9
2,166.9
2,166.9
3,166.9
3,166.9
4,166.9
4,166.9
5,166.9
5,166.9
6,166.9
6,166.9
0,166.9
0,166.9
1,166.9
1,166.9
2,166.9
2,166.9
3,165.9
3,164.9
4,164.9
4,164.9
5,164.9
5,164.9
6,164.9
6,164.9
0,164.9
0,164.9
1,164.9
1,164.9
2,164.9
2,163.9
3,163.9
3,163.9
4,163.9
4,163.9
5,163.9
5,163.9
6,163.9
6,163.9
0,163.9
0,168.9
1,168.9
1,168.9
2,168.9
2,168.9
3,168.9
3,168.9
4,168.9
4,168.9
5,168.9
5,168.9
6,168.9
6,168.9
0,168.9
0,168.9
1,168.9
1,168.9
2,168.9
2,168.9
3,166.9
3,165.9
4,165.9
4,164.9
5,164.9
5,164.9
6,164.9
6,164.9
0,164.9
0,163.9
1,163.9
1,158.9
2,158.9
2,158.9
3,158.9
3,158.9
4,158.9
4,158.9
5,158.9
5,158.9
6,158.9
6,158.9
0,158.9
0,158.9
1,158.9
1,158.9
2,158.9
2,158.9
3,158.9
3,158.9
4,158.9
4,158.9
5,158.9
5,158.9
6,158.9
6,158.9
0,158.9
0,158.9
1,158.9
1,158.9
2,158.9
2,158.9
3,158.9
3,158.9
4,158.9
4,157.9
5,157.9
5,157.9
6,157.9
6,157.9
0,157.9
0,157.9
1,157.9
1,157.9
2,157.9
2,157.9
3,157.9
3,157.9
4,168.9
4,168.9
5,168.9
5,168.9
6,168.9
6,168.9
0,168.9
0,168.9
1,168.9
1,168.9
2,168.9
2,168.9
3,168.9
3,168.9
4,167.9
4,167.9
5,167.9
5,167.9
6,167.9
6,167.9
0,167.9
0,167.9
1,166.9
1,166.9
2,164.4
2,160.9
3,160.9
3,160.9
4,160.9
4,160.9
5,160.9
5,160.9
6,160.9
6,160.9
0,160.9
0,160.9
1,160.9
1,160.9
2,159.9
2,158.9
3,158.9
3,158.9
4,158.9
4,158.9
5,158.9
5,158.9
6,158.9
6,158.9
0,158.9
0,148.9
1,148.9
1,148.9
2,148.9
2,148.9
3,163.9
3,163.9
4,163.9
4,162.65
5,162.65
5,162.65
6,162.65
6,162.65
0,162.4
0,162.4
1,162.4
1,160.9
2,160.9
2,159.9
3,159.9
3,159.9
4,159.9
4,159.9
5,159.9
5,159.9
6,159.9
6,159.9
0,159.9
0,159.9
1,159.9
1,159.9
2,159.9
2,159.9
3,159.9
3,159.9
4,159.9
4,159.9
5,159.9
5,159.9
6,159.9
6,159.9
0,159.9
0,159.9
1,159.9
1,159.9
2,159.9
2,159.9
3,159.9
3,159.9
4,159.9
4,159.9
5,159.9
5,159.9
6,159.9
6,159.9
0,160.23333333333335
0,160.23333333333335
1,160.23333333333335
1,170.9
2,170.9
2,170.9
3,170.9
3,170.9
4,168.9
4,168.9
5,168.9
5,168.9
6,168.9
6,168.9
0,168.9
0,168.9
1,168.9
1,168.9
2,168.9
2,168.9
3,168.9
3,168.9
4,168.9
4,168.9
5,168.9
5,168.9
6,168.9
6,168.9
0,168.9
0,166.9
1,166.9
1,166.9
2,166.9
2,166.9
3,166.9
3,166.9
4,166.9
4,166.9
5,166.9
5,166.9
6,166.9
6,166.9
