0,0
0,0
1,0
1,0
2,135.9
2,135.9
3,135.9
3,135.9
4,135.9
4,135.9
5,135.9
5,135.9
6,135.9
6,135.9
0,137.9
0,137.8
1,137.9
1,137.9
2,137.9
2,137.9
3,137.9
3,137.9
4,137.9
4,137.9
5,137.9
5,137.9
6,137.9
6,137.9
0,137.9
0,137.9
1,137.9
1,137.9
2,137.9
2,137.9
3,137.9
3,137.9
4,137.9
4,137.9
5,137.9
5,137.9
6,137.9
6,137.9
0,137.9
0,137.9
1,136.85
1,136.85
2,136.85
2,136.85
3,136.85
3,136.85
4,136.85
4,136.85
5,136.85
5,136.85
6,136.85
6,137.4
0,137.3
0,137.3
1,137.3
1,137.3
2,137.3
2,137.3
3,137.3
3,137.3
4,137.3
4,137.3
5,137.3
5,137.3
6,137.3
6,137.3
0,137.3
0,137.3
1,137.3
1,137.3
2,137.3
2,137.3
3,137.3
3,137.3
4,137.3
4,137.3
5,137.3
5,137.3
6,134.95
6,134.95
0,134.95
0,134.95
1,134.95
1,134.95
2,134.95
2,134.95
3,134.95
3,137.35000000000002
4,138.68333333333334
4,138.68333333333334
5,138.68333333333334
5,138.68333333333334
6,138.68333333333334
6,133.3
0,137.3
0,137.3
1,137.3
1,137.3
2,137.3
2,137.3
3,137.3
3,137.3
4,137.2
4,137.3
5,137.3
5,137.3
6,137.3
6,137.3
0,137.3
0,137.3
1,137.3
1,137.3
2,137.3
2,137.3
3,137.3
3,137.3
4,137.3
4,137.35000000000002
5,137.35000000000002
5,137.35000000000002
6,137.35000000000002
6,137.35000000000002
0,137.35000000000002
0,137.35000000000002
1,137.35000000000002
1,137.35000000000002
2,137.35000000000002
2,137.35000000000002
3,137.35000000000002
3,137.35000000000002
4,137.35000000000002
4,137.35000000000002
5,137.35000000000002
5,137.35000000000002
6,137.35000000000002
6,137.35000000000002
0,137.35000000000002
0,137.35000000000002
1,137.35000000000002
1,137.35000000000002
2,137.35000000000002
2,137.35000000000002
3,137.35000000000002
3,137.35000000000002
4,137.35000000000002
4,137.35000000000002
5,137.35000000000002
5,137.35000000000002
6,137.35000000000002
6,137.35000000000002
0,137.35000000000002
0,137.35000000000002
1,137.35000000000002
1,137.35000000000002
2,137.35000000000002
2,137.35000000000002
3,137.35000000000002
3,137.35000000000002
4,137.35000000000002
4,137.35000000000002
5,137.35000000000002
5,137.35000000000002
6,137.35000000000002
6,137.35000000000002
0,137.35000000000002
0,137.35000000000002
1,137.35000000000002
1,137.35000000000002
2,137.35000000000002
2,137.35000000000002
3,137.35000000000002
3,137.35000000000002
4,137.35000000000002
4,137.35000000000002
5,137.35000000000002
5,137.35000000000002
6,137.35000000000002
6,137.35000000000002
0,137.35000000000002
0,137.35000000000002
1,137.35000000000002
1,137.35000000000002
2,137.35000000000002
2,137.35000000000002
3,137.35000000000002
3,137.35000000000002
4,137.35000000000002
4,137.35000000000002
5,137.35000000000002
5,137.35000000000002
6,137.35000000000002
6,137.35000000000002
0,137.35000000000002
0,137.35000000000002
1,137.35000000000002
1,137.35000000000002
2,137.35000000000002
2,137.35000000000002
3,137.35000000000002
3,137.35000000000002
4,137.35000000000002
4,137.35000000000002
5,137.35000000000002
5,137.35000000000002
6,137.35000000000002
6,137.35000000000002
0,137.35000000000002
0,137.35000000000002
1,137.35000000000002
1,137.35000000000002
2,137.35000000000002
2,137.35000000000002
3,137.35000000000002
3,137.35000000000002
4,137.35000000000002
4,137.35000000000002
5,137.35000000000002
5,137.35000000000002
6,137.35000000000002
6,137.35000000000002
0,137.35000000000002
0,137.35000000000002
1,137.35000000000002
1,137.35000000000002
2,137.35000000000002
2,137.35000000000002
3,137.35000000000002
3,137.35000000000002
4,137.35000000000002
4,137.35000000000002
5,137.35000000000002
5,137.35000000000002
6,137.35000000000002
6,137.35000000000002
0,137.35000000000002
0,137.35000000000002
1,137.35000000000002
1,137.35000000000002
2,137.35000000000002
2,137.35000000000002
3,137.35000000000002
3,137.35000000000002
4,142.75
4,142.75
5,142.75
5,142.75
6,142.75
6,142.75
0,142.75
0,142.75
1,142.75
1,142.75
2,142.75
2,142.75
3,142.75
3,142.75
4,142.75
4,150.95
5,150.95
5,150.95
6,150.95
6,142.5
0,142.5
0,142.5
1,148.9
1,148.9
2,148.9
2,148.9
3,148.9
3,148.9
4,150.95
4,150.95
5,150.95
5,150.95
6,150.95
6,150.95
0,150.95
0,150.95
1,150.95
1,150.95
2,150.95
2,150.95
3,150.95
3,146.9
4,146.9
4,150.8
5,150.8
5,150.8
6,150.8
6,150.8
0,150.8
0,150.8
1,150.8
1,150.8
2,150.8
2,150.8
3,150.8
3,150.8
4,150.8
4,150.8
5,150.8
5,150.8
6,150.8
6,150.8
0,150.8
0,150.8
1,150.8
1,150.8
2,150.8
2,150.8
3,150.8
3,150.8
4,150.8
4,146.85000000000002
5,150.7
5,150.8
6,150.8
6,150.8
0,150.8
0,150.8
1,150.8
1,150.8
2,150.8
2,165.9
3,165.9
3,165.9
4,163.9
4,163.9
5,163.9
5,163.9
6,163.9
6,163.9
0,163.9
0,162.68
1,162.68
1,158.23333333333335
2,158.23333333333335
2,158.23333333333335
3,154.9
3,154.9
4,154.9
4,154.9
5,154.9
5,154.9
6,154.9
6,154.9
0,154.9
0,160.85000000000002
1,160.85000000000002
1,160.85000000000002
2,160.85000000000002
2,160.85000000000002
3,160.85000000000002
3,160.85000000000002
4,160.85000000000002
4,160.85000000000002
5,160.85000000000002
5,160.85000000000002
6,160.85000000000002
6,160.85000000000002
0,160.85000000000002
0,160.7
1,160.7
1,160.7
2,160.7
2,160.7
3,160.7
3,160.7
4,160.7
4,160.7
5,160.7
5,160.7
6,160.7
6,160.64999999999998
0,160.64999999999998
0,160.64999999999998
1,160.64999999999998
1,160.64999999999998
2,160.64999999999998
2,160.64999999999998
3,160.64999999999998
3,160.64999999999998
4,160.64999999999998
4,160.64999999999998
5,160.64999999999998
5,160.64999999999998
6,160.64999999999998
6,160.64999999999998
0,160.64999999999998
0,160.64999999999998
1,160.64999999999998
1,160.64999999999998
2,160.64999999999998
2,160.64999999999998
3,160.64999999999998
3,160.64999999999998
4,160.64999999999998
4,160.64999999999998
5,160.64999999999998
5,160.64999999999998
6,160.64999999999998
6,160.64999999999998
0,160.64999999999998
0,160.64999999999998
1,160.64999999999998
1,160.64999999999998
2,160.64999999999998
2,160.64999999999998
3,160.64999999999998
3,160.64999999999998
4,160.64999999999998
4,160.64999999999998
5,160.64999999999998
5,160.64999999999998
6,160.64999999999998
6,160.64999999999998
0,160.64999999999998
0,160.64999999999998
1,160.64999999999998
1,160.64999999999998
2,160.64999999999998
2,160.64999999999998
3,160.64999999999998
3,160.64999999999998
4,160.64999999999998
4,160.64999999999998
5,160.64999999999998
5,160.64999999999998
6,160.64999999999998
6,160.64999999999998
0,160.64999999999998
0,160.64999999999998
1,160.64999999999998
1,160.64999999999998
2,160.64999999999998
2,160.64999999999998
3,160.64999999999998
3,160.64999999999998
4,160.64999999999998
4,160.64999999999998
5,160.64999999999998
5,160.64999999999998
6,160.64999999999998
6,160.64999999999998
0,154.9
0,150.9
1,150.9
1,150.9
2,150.9
2,150.9
3,150.9
3,150.9
4,150.9
4,148.9
5,148.9
5,148.9
6,148.9
6,148.9
0,148.9
0,148.9
1,148.9
1,148.9
2,148.9
2,148.9
3,148.9
3,148.9
4,148.7
4,148.7
5,148.7
5,148.7
6,148.7
6,148.7
0,148.7
0,148.7
1,148.7
1,148.7
2,148.7
2,145.9
3,145.9
3,145.9
4,145.9
4,145.9
5,145.9
5,145.9
6,145.9
6,145.9
0,145.9
0,145.9
1,145.9
1,145.9
2,145.9
2,145.9
3,145.9
3,145.9
4,145.9
4,145.9
5,145.9
5,145.9
6,145.9
6,145.9
0,145.9
0,145.9
1,145.9
1,145.9
2,145.9
2,145.9
3,145.9
3,145.9
4,145.9
4,145.9
5,145.9
5,145.9
6,145.9
6,145.9
0,145.9
0,145.9
1,145.9
1,145.9
2,145.9
2,145.9
3,145.9
3,145.9
4,145.9
4,145.9
5,145.9
5,145.9
6,145.9
6,145.9
0,145.9
0,145.9
1,145.9
1,145.9
2,145.9
2,145.9
3,145.9
3,145.9
4,145.9
4,145.9
5,145.9
5,145.9
6,145.9
6,145.9
0,145.9
0,145.9
1,145.9
1,145.9
2,145.9
2,145.9
3,145.9
3,145.9
4,145.9
4,145.9
5,145.9
5,145.9
6,145.9
6,145.9
0,145.9
0,145.9
1,145.9
1,145.9
2,145.9
2,145.9
3,145.9
3,145.9
4,145.9
4,145.9
5,145.9
5,145.9
6,145.9
6,145.9
0,145.9
0,145.9
1,145.9
1,145.9
2,145.9
2,145.9
3,145.9
3,145.9
4,145.9
4,145.9
5,145.9
5,145.9
6,145.9
6,145.9
0,145.9
0,145.9
1,145.9
1,145.9
2,145.9
2,145.9
3,145.9
3,145.9
4,145.9
4,145.9
5,145.9
5,145.9
6,145.9
6,145.9
0,145.9
0,145.9
1,145.9
1,145.9
2,145.9
2,145.9
3,145.9
3,145.9
4,145.9
4,145.9
5,145.9
5,145.9
6,145.9
6,145.9
0,145.9
0,145.9
1,145.9
1,145.9
2,145.9
2,145.9
3,145.9
3,145.9
4,145.9
4,145.9
5,145.9
5,145.9
6,145.9
6,145.9
0,145.9
0,145.9
1,145.9
1,145.9
2,145.9
2,145.9
3,143.4
3,143.4
4,141.9
4,141.9
5,141.9
5,141.9
6,141.9
6,141.9
0,141.9
0,141.9
1,141.9
1,141.9
2,141.9
2,141.9
3,141.9
3,141.9
4,141.9
4,140.9
5,139.53333333333333
5,139.53333333333333
6,139.53333333333333
6,139.53333333333333
0,139.53333333333333
0,137.9
1,137.9
1,136.9
2,136.9
2,136.9
3,136.9
3,136.9
4,136.9
4,136.9
5,136.9
5,136.9
6,136.9
6,136.9
0,136.9
0,136.9
1,136.9
1,135.9
2,135.9
2,135.9
3,135.9
3,135.9
4,135.9
4,148.9
5,136.9
5,136.9
6,136.9
6,136.9
0,136.9
0,136.9
1,136.9
1,136.9
2,136.9
2,140.9
3,140.9
3,140.9
4,141.9
4,141.9
5,141.9
5,141.9
6,141.9
6,141.9
0,141.9
0,141.9
1,138.4
1,138.4
2,136.9
2,136.9
3,136.9
3,136.9
4,136.9
4,136.9
5,136.9
5,136.9
6,136.9
6,136.9
0,136.9
0,136.9
1,136.9
1,136.9
2,136.9
2,136.9
3,136.9
3,136.9
4,136.9
4,136.9
5,136.9
5,136.9
6,136.9
6,136.9
0,136.9
0,136.9
1,136.9
1,136.9
2,136.9
2,136.9
3,136.9
3,136.9
4,136.9
4,136.9
5,136.9
5,136.9
6,136.9
6,136.9
0,136.9
0,136.9
1,136.9
1,136.9
2,142.9
2,142.9
3,142.9
3,142.9
4,142.9
4,136.9
5,136.9
5,136.9
6,136.9
6,136.9
0,136.9
0,136.9
1,136.9
1,136.9
2,136.9
2,136.9
3,136.9
3,136.9
4,136.9
4,136.9
5,136.9
5,136.9
6,136.9
6,136.9
0,136.9
0,136.9
1,136.9
1,136.9
2,136.9
2,136.9
3,136.9
3,136.9
4,136.9
4,136.9
5,136.9
5,136.9
6,136.9
6,136.9
0,136.9
0,136.9
1,136.9
1,136.9
2,136.9
2,136.9
3,136.9
3,136.9
4,136.9
4,136.9
5,136.9
5,136.9
6,136.9
6,136.9
0,136.9
0,136.9
1,136.9
1,136.9
2,143.9
2,143.9
3,150.9
3,150.9
4,150.9
4,150.9
5,150.9
5,150.9
6,150.9
6,150.9
0,150.9
0,148.9
1,148.9
1,148.9
2,148.9
2,148.9
3,148.9
3,148.9
4,148.9
4,148.9
5,148.9
5,148.9
6,148.9
6,148.9
0,147.9
0,140.9
1,140.9
1,140.9
2,154.9
2,154.9
3,154.9
3,154.9
4,154.9
4,154.9
5,154.9
5,154.9
6,154.9
6,149.9
0,149.9
0,149.9
1,149.9
1,149.9
2,149.9
2,143.4
3,143.4
3,143.4
4,143.4
4,143.4
5,143.4
5,143.4
6,143.4
6,143.4
0,143.4
0,143.4
1,143.4
1,140.9
2,140.9
2,140.9
3,140.9
3,140.9
4,140.9
4,140.9
5,140.9
5,140.9
6,140.9
6,140.9
0,140.9
0,140.9
1,140.9
1,140.9
2,140.9
2,140.9
3,140.9
3,140.9
4,140.9
4,140.9
5,140.9
5,140.9
6,140.9
6,140.9
0,140.9
0,140.9
1,140.9
1,140.9
2,140.9
2,140.9
3,140.9
3,140.9
4,140.9
4,140.9
5,140.9
5,140.9
6,140.9
6,140.9
0,140.9
0,140.9
1,140.9
1,140.9
2,158.9
2,158.9
3,158.9
3,158.9
4,158.9
4,157.9
5,157.9
5,157.9
6,157.9
6,157.9
0,157.9
0,157.9
1,157.9
1,157.9
2,157.9
2,157.9
3,155.65
3,155.65
4,155.65
4,150.9
5,150.9
5,150.9
6,150.9
6,150.9
0,150.9
0,150.9
1,150.9
1,150.9
2,150.9
2,150.9
3,150.9
3,150.9
4,150.9
4,153.9
5,153.9
5,153.9
6,153.9
6,153.9
0,153.9
0,152.9
1,152.9
1,152.9
2,152.9
2,152.9
3,164.9
3,164.9
4,164.9
4,164.9
5,164.9
5,164.9
6,164.9
6,164.9
0,164.9
0,164.9
1,164.9
1,164.9
2,164.9
2,164.9
3,164.9
3,164.9
4,164.9
4,164.9
5,164.9
5,164.9
6,164.9
6,164.9
0,164.9
0,164.9
1,164.9
1,164.9
2,164.9
2,164.9
3,164.9
3,164.9
4,164.9
4,164.9
5,164.9
5,164.9
6,164.9
6,164.9
0,164.9
0,164.9
1,164.9
1,160.9
2,160.9
2,160.9
3,158.9
3,158.9
4,158.9
4,158.9
5,158.9
5,168.9
6,168.9
6,168.9
0,168.9
0,168.9
1,168.9
1,168.9
2,168.9
2,168.9
3,168.9
3,168.9
4,168.9
4,168.9
5,168.9
5,168.9
6,168.9
6,168.9
0,168.9
0,168.9
1,168.9
1,168.9
2,168.9
2,166.9
3,166.9
3,166.9
4,166.9
4,166.9
5,166.9
5,166.9
6,166.9
6,166.9
0,166.9
0,166.9
1,166.9
1,166.9
2,164.9
2,162.9
3,162.9
3,162.9
4,162.9
4,162.9
5,162.9
5,162.9
6,162.9
6,162.9
0,162.9
0,162.9
1,162.9
1,162.9
2,162.9
2,162.9
3,162.9
3,162.9
4,162.9
4,160.9
5,160.9
5,160.9
6,160.9
6,160.9
0,160.9
0,160.9
1,160.9
1,160.9
2,160.9
2,160.9
3,160.9
3,160.9
4,160.9
4,160.9
5,160.9
5,160.9
6,160.9
6,158.9
0,158.9
0,160.9
1,160.9
1,160.9
2,160.9
2,160.9
3,160.9
3,160.9
4,160.9
4,160.9
5,160.9
5,160.9
6,160.9
6,160.9
0,160.9
0,160.9
1,160.9
1,158.9
2,158.9
2,158.9
3,158.9
3,158.9
4,158.9
4,158.9
5,158.9
5,158.9
6,158.9
6,158.9
0,158.9
0,158.9
1,158.9
1,158.9
2,158.9
2,158.9
3,158.9
3,158.9
4,158.9
4,158.9
5,158.9
5,158.9
6,158.9
6,158.9
0,158.9
0,158.9
1,158.9
1,158.9
2,158.9
2,157.9
3,157.9
3,157.9
4,157.9
4,157.9
5,157.9
5,157.9
6,157.9
6,157.9
0,153.9
0,154.4
1,154.4
1,154.4
2,154.4
2,154.4
3,154.4
3,154.4
4,154.4
4,154.4
5,154.4
5,154.4
6,154.4
6,154.4
0,154.4
0,154.4
1,152.9
1,152.9
2,152.9
2,152.9
3,152.9
3,152.9
4,152.9
4,152.9
5,152.9
5,152.9
6,152.9
6,152.9
0,152.9
0,152.7
1,152.7
1,152.7
2,152.7
2,152.7
3,152.7
3,152.7
4,152.7
4,152.7
5,152.7
5,152.7
6,152.7
6,152.7
0,152.7
0,152.7
1,152.7
1,152.7
2,152.7
2,152.7
3,152.7
3,152.7
4,152.7
4,150.9
5,150.9
5,150.9
6,150.9
6,150.9
0,150.9
0,150.9
1,150.9
1,150.9
2,150.9
2,150.9
3,150.9
3,150.9
4,150.9
4,150.9
5,150.9
5,150.9
6,150.9
6,150.9
0,150.9
0,150.9
1,150.9
1,150.9
2,150.9
2,150.9
3,150.9
3,150.9
4,150.7
4,150.7
5,150.7
5,150.7
6,150.7
6,150.7
0,150.7
0,150.7
1,150.7
1,150.7
2,150.7
2,150.7
3,150.7
3,150.7
4,150.7
4,150.7
5,150.7
5,150.7
6,150.7
6,150.7
0,150.7
0,150.7
1,150.7
1,150.7
2,150.7
2,150.7
3,150.7
3,150.7
4,150.7
4,150.7
5,150.7
5,150.7
6,150.7
6,150.7
0,168.9
0,168.9
1,168.9
1,168.9
2,168.7
2,168.7
3,168.7
3,168.7
4,168.7
4,168.7
5,168.7
5,168.7
6,168.7
6,168.7
0,167.9
0,167.9
1,167.9
1,167.9
2,167.9
2,167.9
3,167.9
3,167.9
4,167.9
4,167.9
5,167.9
5,167.9
6,167.9
6,167.9
0,166.4
0,166.4
1,166.4
1,166.4
2,166.4
2,166.4
3,166.4
3,166.4
4,175.4
4,175.4
5,175.4
5,175.4
6,175.4
6,175.4
