0,0
0,127.9
1,125.9
1,125.9
2,122.9
2,122.9
3,121.9
3,121.9
4,121.9
4,119.9
5,119.9
5,119.9
6,119.9
6,119.9
0,119.9
0,119.9
1,119.9
1,119.9
2,118.9
2,118.9
3,117.9
3,117.9
4,117.9
4,117.9
5,117.9
5,117.9
6,117.9
6,115.9
0,106.9
0,106.9
1,106.9
1,106.9
2,106.9
2,106.9
3,145.9
3,145.9
4,144.9
4,144.9
5,144.9
5,144.9
6,144.9
6,144.9
0,144.9
0,144.9
1,144.9
1,144.9
2,142.9
2,142.9
3,137.9
3,137.9
4,135.56666666666666
4,133.9
5,132.9
5,132.9
6,132.9
6,131.9
0,129.56666666666666
0,129.56666666666666
1,126.9
1,125.9
2,124.5
2,124.5
3,124.5
3,124.5
4,124.5
4,124.5
5,124.5
5,124.5
6,124.5
6,124.5
0,121.9
0,121.9
1,121.9
1,121.9
2,121.9
2,121.9
3,147.9
3,147.9
4,147.025
4,147.025
5,145.9
5,145.9
6,145.9
6,145.9
0,139.9
0,139.9
1,134.4
1,134.4
2,134.4
2,134.4
3,132.4
3,132.4
4,132.4
4,132.4
5,132.4
5,132.4
6,132.4
6,130.9
0,130.9
0,130.9
1,129.9
1,127.9
2,126.9
2,126.9
3,124.9
3,124.9
4,149.9
4,149.9
5,148.9
5,148.9
6,148.9
6,148.9
0,147.9
0,147.9
1,147.9
1,147.9
2,147.9
2,147.9
3,147.9
3,147.9
4,144.4
4,141.9
5,141.9
5,141.9
6,141.9
6,141.9
0,141.9
0,141.9
1,141.9
1,141.9
2,141.9
2,141.9
3,141.9
3,141.9
4,141.9
4,141.9
5,141.9
5,141.9
6,141.9
6,141.9
0,141.9
0,141.9
1,141.9
1,141.9
2,141.9
2,141.9
3,141.9
3,141.9
4,141.9
4,141.9
5,141.9
5,141.9
6,141.9
6,141.9
0,141.9
0,141.9
1,141.9
1,141.9
2,141.9
2,141.9
3,141.9
3,141.9
4,141.9
4,141.9
5,141.9
5,141.9
6,141.9
6,141.9
0,141.9
0,141.9
1,141.9
1,141.9
2,141.9
2,141.9
3,141.9
3,141.9
4,141.9
4,141.9
5,141.9
5,141.9
6,141.9
6,141.9
0,141.9
0,141.9
1,141.9
1,141.9
2,141.9
2,141.9
3,141.9
3,141.9
4,141.9
4,141.9
5,141.9
5,141.9
6,141.9
6,141.9
0,141.9
0,141.9
1,141.9
1,141.9
2,141.9
2,141.9
3,141.9
3,141.9
4,141.9
4,141.9
5,141.9
5,141.9
6,141.9
6,141.9
0,141.9
0,141.9
1,141.9
1,141.9
2,141.9
2,141.9
3,141.9
3,141.9
4,141.9
4,141.9
5,141.9
5,141.9
6,141.9
6,141.9
0,141.9
0,141.9
1,141.9
1,141.9
2,141.9
2,141.9
3,141.9
3,141.9
4,141.9
4,141.9
5,141.9
5,141.9
6,141.9
6,141.9
0,141.9
0,141.9
1,141.9
1,141.9
2,141.9
2,141.9
3,141.9
3,141.9
4,152.9
4,152.9
5,152.9
5,152.9
6,152.9
6,152.9
0,152.9
0,152.9
1,150.9
1,150.9
2,150.9
2,150.9
3,150.9
3,150.9
4,150.9
4,150.9
5,150.9
5,150.9
6,150.9
6,150.9
0,148.9
0,148.9
1,148.9
1,148.9
2,148.9
2,148.9
3,148.9
3,148.9
4,148.9
4,148.9
5,148.9
5,148.9
6,148.9
6,147.9
0,146.9
0,146.9
1,146.9
1,146.9
2,146.85000000000002
2,146.85000000000002
3,146.85000000000002
3,146.85000000000002
4,146.85000000000002
4,146.85000000000002
5,146.85000000000002
5,146.85000000000002
6,144.9
6,144.9
0,144.9
0,144.9
1,144.9
1,144.9
2,144.9
2,140.9
3,140.9
3,140.9
4,140.9
4,140.9
5,140.9
5,140.9
6,140.9
6,140.9
0,140.9
0,140.9
1,140.9
1,140.9
2,140.9
2,163.9
3,163.9
3,163.9
4,163.9
4,163.9
5,161.9
5,160.9
6,160.9
6,160.9
0,160.9
0,160.9
1,160.9
1,160.9
2,160.9
2,160.9
3,160.9
3,160.9
4,160.9
4,160.9
5,160.9
5,160.9
6,160.9
6,160.9
0,160.9
0,160.9
1,160.9
1,160.9
2,160.9
2,153.9
3,151.9
3,150.9
4,150.9
4,150.9
5,150.9
5,150.9
6,150.9
6,150.9
0,150.9
0,148.4
1,148.4
1,145.9
2,143.9
2,143.9
3,143.95
3,143.95
4,143.95
4,143.95
5,143.95
5,143.95
6,143.95
6,143.95
0,143.95
0,143.95
1,143.95
1,143.95
2,143.95
2,143.95
3,143.95
3,143.95
4,143.95
4,141.9
5,141.9
5,140.9
6,140.9
6,140.9
0,140.9
0,140.9
1,139.9
1,139.9
2,139.9
2,139.9
3,139.9
3,139.9
4,139.9
4,139.9
5,139.5
5,139.5
6,139.5
6,139.5
0,139.5
0,139.5
1,139.5
1,139.5
2,139.5
2,139.5
3,139.5
3,139.5
4,139.5
4,163.9
5,163.9
5,163.9
6,163.9
6,163.9
0,163.9
0,163.9
1,163.9
1,163.9
2,163.9
2,162.9
3,162.9
3,162.9
4,160.9
4,155.9
5,155.9
5,155.9
6,155.9
6,155.9
0,155.9
0,155.9
1,155.9
1,155.9
2,155.9
2,155.9
3,155.9
3,148.4
4,145.9
4,141.9
5,141.9
5,141.9
6,141.9
6,141.9
0,141.9
0,141.9
1,138.0
1,138.9
2,138.9
2,138.9
3,138.9
3,138.9
4,136.9
4,134.9
5,134.9
5,134.9
6,134.9
6,134.9
0,134.9
0,134.9
1,134.9
1,134.9
2,134.9
2,134.9
3,134.9
3,134.9
4,134.9
4,134.9
5,134.9
5,134.9
6,134.9
6,134.9
0,134.9
0,134.9
1,134.9
1,134.9
2,134.9
2,134.9
3,134.9
3,134.9
4,134.9
4,134.9
5,134.9
5,134.9
6,134.9
6,134.9
0,134.9
0,134.9
1,134.9
1,129.9
2,129.9
2,129.9
3,129.9
3,129.9
4,129.9
4,129.9
5,129.9
5,129.9
6,129.9
6,129.9
0,129.9
0,129.9
1,129.9
1,129.9
2,129.9
2,129.9
3,129.9
3,129.9
4,129.9
4,158.9
5,158.9
5,158.9
6,158.9
6,158.9
0,158.9
0,156.9
1,156.9
1,155.9
2,155.9
2,155.9
3,153.9
3,153.9
4,153.9
4,153.9
5,153.9
5,153.9
6,153.9
6,152.9
0,152.9
0,152.9
1,152.9
1,152.9
2,150.9
2,150.9
3,150.9
3,150.9
4,150.9
4,150.9
5,150.9
5,150.9
6,150.9
6,150.9
0,150.9
0,147.4
1,147.4
1,143.9
2,143.9
2,143.9
3,143.9
3,143.9
4,143.9
4,143.9
5,143.9
5,143.9
6,143.9
6,143.9
0,143.9
0,143.9
1,143.9
1,143.9
2,143.9
2,143.9
3,143.9
3,143.9
4,143.9
4,143.9
5,143.9
5,143.9
6,143.9
6,143.9
0,158.9
0,158.9
1,158.9
1,158.9
2,155.9
2,155.9
3,154.9
3,154.9
4,148.9
4,148.9
5,148.9
5,148.9
6,148.9
6,148.9
0,145.9
0,143.9
1,138.9
1,138.9
2,138.9
2,137.9
3,137.9
3,137.9
4,137.9
4,137.9
5,137.9
5,136.9
6,136.9
6,136.9
0,136.9
0,135.9
1,135.9
1,135.9
2,134.9
2,134.9
3,134.9
3,134.9
4,134.9
4,134.9
5,134.9
5,134.9
6,134.9
6,134.9
0,134.9
0,134.9
1,134.9
1,134.9
2,134.9
2,160.9
3,160.9
3,160.9
4,160.9
4,159.9
5,159.9
5,159.9
6,159.9
6,159.9
0,159.9
0,157.9
1,157.9
1,156.9
2,156.9
2,154.9
3,154.9
3,150.9
4,150.9
4,150.9
5,150.9
5,150.9
6,150.9
6,150.9
0,150.9
0,150.9
1,150.9
1,143.9
2,143.9
2,143.9
3,143.9
3,140.9
4,140.9
4,140.9
5,140.9
5,140.9
6,140.9
6,140.9
0,140.9
0,140.9
1,137.9
1,137.9
2,137.9
2,133.9
3,132.9
3,132.9
4,131.9
4,131.7
5,160.25
5,160.25
6,160.25
6,160.25
0,129.7
0,129.7
1,129.7
1,129.7
2,129.7
2,128.9
3,128.9
3,128.4
4,128.4
4,127.9
5,127.9
5,126.9
6,126.9
6,126.9
0,126.9
0,126.3
1,126.3
1,126.3
2,126.3
2,124.9
3,124.9
3,150.9
4,150.9
4,150.9
5,150.9
5,150.9
6,150.9
6,150.9
0,150.9
0,149.9
1,149.9
1,149.9
2,149.9
2,149.9
3,149.9
3,149.9
4,149.9
4,147.9
5,147.9
5,147.9
6,147.9
6,147.9
0,147.9
0,139.3
1,139.3
1,139.3
2,136.9
2,136.9
3,136.9
3,136.9
4,136.9
4,136.9
5,136.9
5,136.9
6,136.9
6,136.9
0,136.85000000000002
0,136.85000000000002
1,136.9
1,136.9
2,133.9
2,133.9
3,130.9
3,130.9
4,130.9
4,130.9
5,130.9
5,130.9
6,130.9
6,130.9
0,130.9
0,130.9
1,130.9
1,130.9
2,129.2
2,129.2
3,129.2
3,129.2
4,129.2
4,129.2
5,129.2
5,129.2
6,129.2
6,129.2
0,129.2
0,129.2
1,153.9
1,153.9
2,153.9
2,152.9
3,152.9
3,152.9
4,152.9
4,152.9
5,151.9
5,147.9
6,147.9
6,147.9
0,147.4
0,145.9
1,145.9
1,145.9
2,144.4
2,144.4
3,142.9
3,142.9
4,142.9
4,142.9
5,142.9
5,141.4
6,141.4
6,139.9
0,139.9
0,137.9
1,137.4
1,137.4
2,136.9
2,136.9
3,136.9
3,134.9
4,134.9
4,134.9
5,134.9
5,134.9
6,134.9
6,132.5
0,132.5
0,132.5
1,132.5
1,132.5
2,132.5
2,132.5
3,132.5
3,132.5
4,147.2
4,147.2
5,161.9
5,129.9
6,129.9
6,129.9
0,129.9
0,161.9
1,160.9
1,160.9
2,159.9
2,157.9
3,157.9
3,157.9
4,157.9
4,155.9
5,155.4
5,155.4
6,154.9
6,150.9
0,150.9
0,147.9
1,146.65
1,146.65
2,145.4
2,143.7
3,143.7
3,142.9
4,142.9
4,142.4
5,142.4
5,139.4
6,138.4
6,137.9
0,137.9
0,137.9
1,137.9
1,137.9
2,137.7
2,136.9
3,136.9
3,136.9
4,136.9
4,133.5
5,133.5
5,133.5
6,133.5
6,133.5
0,133.5
0,133.5
1,133.5
1,132.9
2,132.9
2,132.9
3,132.9
3,132.9
4,132.9
4,132.9
5,132.9
5,161.9
6,161.9
6,161.9
0,161.9
0,161.9
1,161.9
1,157.9
2,157.9
2,155.9
3,155.9
3,155.9
4,153.9
4,153.9
5,153.9
5,153.9
6,153.9
6,153.9
0,153.9
0,149.5
1,149.5
1,149.5
2,146.4
2,144.9
3,142.4
3,141.9
4,141.9
4,140.9
5,139.65
5,138.9
6,138.9
6,138.9
0,138.9
0,138.9
1,138.9
1,137.9
2,137.9
2,137.9
3,137.9
3,137.9
4,137.9
4,163.9
5,163.9
5,163.9
6,163.9
6,163.9
0,160.9
0,160.9
1,160.9
1,160.9
2,158.9
2,158.9
3,158.9
3,158.9
4,158.9
4,158.9
5,158.9
5,158.9
6,158.9
6,158.9
0,158.9
0,158.9
1,158.9
1,158.9
2,158.9
2,158.9
3,158.9
3,158.9
4,158.9
4,158.9
5,158.9
5,158.9
6,158.9
6,158.9
0,158.9
0,158.9
1,158.9
1,158.9
2,158.9
2,158.9
3,158.9
3,158.9
4,158.9
4,158.9
5,158.9
5,158.9
6,158.9
6,158.9
0,158.9
0,158.9
1,158.9
1,158.9
2,158.9
2,158.9
3,158.9
3,158.9
4,158.9
4,158.9
5,158.9
5,158.9
6,158.9
6,158.9
0,158.9
0,158.9
1,158.9
1,167.9
2,166.7
2,166.7
3,164.7
3,160.9
4,160.9
4,160.9
5,160.9
5,160.9
6,160.9
6,157.9
0,157.9
0,157.9
1,157.9
1,157.9
2,157.9
2,154.9
3,154.9
3,154.9
4,154.9
4,154.9
5,154.9
5,154.9
6,154.9
6,154.9
0,154.9
0,154.9
1,154.9
1,154.9
2,154.9
2,154.9
3,154.9
3,154.9
4,156.4
4,168.9
5,168.9
5,168.9
6,168.9
6,168.9
0,167.9
0,167.9
1,167.9
1,167.9
2,167.9
2,167.9
3,167.9
3,167.9
4,165.9
4,165.9
5,165.9
5,165.9
6,165.9
6,165.9
0,163.9
0,161.9
1,161.23333333333335
1,161.23333333333335
2,161.23333333333335
2,156.8
3,156.8
3,152.8
4,152.8
4,147.9
5,147.9
5,147.9
6,146.5
6,146.5
0,146.5
0,146.5
1,146.5
1,146.5
2,146.5
2,146.5
3,146.5
3,146.5
4,146.5
4,146.5
5,146.5
5,146.5
6,146.5
6,146.5
0,144.9
0,144.9
1,144.9
1,144.9
2,144.9
2,144.9
3,144.9
3,144.9
4,144.9
4,160.9
5,160.9
5,160.9
6,160.9
6,160.9
0,160.9
0,160.9
1,167.9
1,166.9
2,164.9
2,163.9
3,161.9
3,159.8
4,159.8
4,159.8
5,159.8
5,159.8
6,159.8
6,159.8
0,157.9
0,155.7
1,155.7
1,154.9
2,154.9
2,154.9
3,154.9
3,154.9
4,154.9
4,153.9
5,150.9
5,150.9
6,150.9
6,150.9
0,150.9
0,150.9
1,150.9
1,150.9
2,150.9
2,150.9
3,150.9
3,150.9
4,150.9
4,150.9
5,150.9
5,150.9
6,150.9
6,150.9
0,148.9
0,148.9
1,146.4
1,141.9
2,140.5
2,140.5
3,140.5
3,140.5
4,140.5
4,140.5
5,140.5
5,140.5
6,140.5
6,140.5
0,140.5
0,140.5
1,140.5
1,140.5
2,140.5
2,140.5
3,140.5
3,140.5
4,140.5
4,140.5
5,140.5
5,140.5
6,140.5
6,140.5
0,140.5
0,140.5
1,140.5
1,140.5
2,140.5
2,140.5
3,168.9
3,168.9
4,167.9
4,167.9
5,167.9
5,167.9
6,167.9
6,167.9
0,167.9
0,167.9
1,167.9
1,167.9
2,165.4
2,165.4
3,165.4
3,165.4
4,165.4
4,160.4
5,158.7
5,158.7
6,158.7
6,157.9
0,157.9
0,157.9
1,152.72500000000002
1,148.7
2,148.7
2,145.9
3,145.9
3,145.9
4,145.9
4,145.9
5,145.9
5,145.9
6,145.9
6,145.9
0,145.9
0,145.9
1,145.9
1,143.9
2,140.9
2,140.9
3,140.9
3,140.9
4,140.9
4,168.9
5,168.9
5,168.9
6,168.9
6,168.9
0,168.9
0,168.9
1,168.9
1,168.9
2,168.9
2,168.9
3,166.9
3,165.9
4,165.23333333333335
4,165.23333333333335
5,161.9
5,161.9
6,161.9
6,155.9
0,155.9
0,155.9
1,155.9
1,155.9
2,155.9
2,151.9
3,147.9
3,147.9
4,145.9
4,145.9
5,145.9
5,145.9
6,145.9
6,144.9
0,144.9
0,144.9
1,144.9
1,144.9
2,144.5
2,143.7
3,143.7
3,143.7
4,143.7
4,143.7
5,143.7
5,143.7
6,143.7
6,143.7
0,143.7
0,143.7
1,143.7
1,143.7
2,143.7
2,143.7
3,143.7
3,143.7
4,143.7
4,162.5
5,162.5
5,162.5
6,162.5
6,162.5
0,170.9
0,169.9
1,169.9
1,168.9
2,167.9
2,167.9
3,167.9
3,167.9
4,167.9
4,167.9
5,167.9
5,164.9
6,164.9
6,162.9
0,162.9
0,160.9
1,160.9
1,160.9
2,160.9
2,160.9
3,160.9
3,160.9
4,160.9
4,156.9
5,156.9
5,156.9
6,156.9
6,154.9
0,152.9
0,151.9
1,151.9
1,149.9
2,149.9
2,148.9
3,146.9
3,175.9
4,175.9
4,175.9
5,175.9
5,175.9
6,175.9
6,175.9
