0,0
0,0
1,121.9
1,121.9
2,121.9
2,121.9
3,119.9
3,119.9
4,119.9
4,119.9
5,119.9
5,119.9
6,119.9
6,119.9
0,119.9
0,119.9
1,119.94999999999999
1,119.94999999999999
2,118.4
2,118.4
3,118.4
3,118.4
4,118.4
4,118.4
5,118.35
5,118.35
6,118.35
6,118.35
0,118.35
0,118.35
1,118.35
1,118.35
2,117.4
2,117.4
3,117.4
3,117.4
4,116.5
4,116.5
5,116.5
5,116.5
6,116.5
6,116.5
0,116.5
0,116.5
1,116.5
1,116.5
2,116.5
2,116.5
3,116.5
3,116.5
4,116.5
4,116.5
5,116.5
5,116.5
6,116.5
6,116.5
0,116.5
0,116.5
1,116.5
1,116.5
2,116.5
2,116.5
3,116.5
3,116.5
4,116.5
4,116.5
5,116.5
5,116.5
6,119.9
6,119.9
0,119.9
0,119.9
1,119.9
1,119.9
2,119.9
2,119.85
3,119.85
3,147.9
4,147.9
4,147.9
5,147.9
5,147.9
6,147.9
6,147.9
0,119.9
0,119.9
1,119.9
1,119.9
2,119.9
2,119.9
3,119.9
3,119.9
4,120.0
4,119.9
5,119.9
5,119.9
6,119.9
6,119.9
0,119.9
0,119.9
1,119.9
1,119.9
2,119.9
2,119.9
3,119.9
3,119.9
4,119.9
4,119.9
5,119.9
5,119.9
6,119.9
6,119.9
0,119.9
0,119.9
1,119.9
1,119.9
2,119.9
2,119.9
3,119.9
3,119.9
4,119.9
4,119.9
5,119.9
5,119.9
6,119.9
6,119.9
0,119.9
0,119.9
1,119.9
1,119.9
2,119.9
2,119.9
3,119.9
3,119.9
4,119.9
4,119.9
5,119.9
5,119.9
6,119.9
6,119.9
0,119.9
0,119.9
1,119.9
1,119.9
2,119.9
2,119.9
3,119.9
3,119.9
4,119.9
4,119.9
5,119.9
5,119.9
6,119.9
6,119.9
0,119.9
0,119.9
1,119.9
1,119.9
2,119.9
2,119.9
3,119.9
3,119.9
4,119.9
4,119.9
5,119.9
5,119.9
6,119.9
6,119.9
0,119.9
0,119.9
1,119.9
1,119.9
2,119.9
2,119.9
3,119.9
3,119.9
4,119.9
4,119.9
5,119.9
5,119.9
6,119.9
6,119.9
0,119.9
0,119.9
1,119.9
1,119.9
2,119.9
2,119.9
3,119.9
3,119.9
4,119.9
4,119.9
5,119.9
5,119.9
6,119.9
6,119.9
0,119.9
0,119.9
1,119.9
1,119.9
2,119.9
2,119.9
3,119.9
3,119.9
4,119.9
4,119.9
5,119.9
5,119.9
6,119.9
6,119.9
0,119.9
0,119.9
1,119.9
1,119.9
2,119.9
2,119.9
3,119.9
3,119.9
4,119.9
4,119.9
5,119.9
5,119.9
6,119.9
6,119.9
0,119.9
0,119.9
1,119.9
1,119.9
2,119.9
2,119.9
3,119.9
3,119.9
4,119.9
4,119.9
5,119.9
5,119.9
6,119.9
6,119.9
0,119.9
0,119.9
1,119.9
1,119.9
2,119.9
2,119.9
3,119.9
3,119.9
4,119.9
4,144.85000000000002
5,144.85000000000002
5,144.85000000000002
6,144.85000000000002
6,144.85000000000002
0,144.85000000000002
0,144.85000000000002
1,144.85000000000002
1,138.9
2,138.9
2,138.9
3,138.9
3,138.9
4,138.9
4,138.9
5,138.9
5,138.9
6,138.9
6,138.9
0,138.9
0,138.9
1,148.9
1,148.9
2,148.9
2,148.9
3,148.9
3,148.9
4,148.9
4,148.9
5,148.9
5,148.9
6,148.9
6,148.9
0,148.9
0,148.9
1,148.9
1,148.9
2,148.9
2,148.9
3,148.9
3,148.9
4,148.9
4,146.9
5,146.9
5,146.9
6,140.9
6,146.9
0,146.9
0,143.9
1,143.9
1,143.9
2,143.9
2,143.9
3,143.9
3,143.9
4,143.9
4,143.9
5,143.9
5,143.9
6,143.9
6,143.9
0,143.9
0,143.9
1,143.9
1,143.9
2,143.9
2,143.95
3,143.95
3,143.95
4,143.95
4,143.95
5,143.95
5,143.95
6,143.95
6,143.8
0,143.8
0,165.9
1,165.9
1,166.0
2,166.0
2,163.9
3,163.9
3,163.9
4,163.9
4,163.9
5,163.9
5,163.9
6,163.9
6,163.9
0,163.9
0,163.9
1,164.10000000000002
1,164.10000000000002
2,163.85000000000002
2,163.85000000000002
3,163.85000000000002
3,160.9
4,160.9
4,159.9
5,159.9
5,158.9
6,158.9
6,158.9
0,158.9
0,158.9
1,156.9
1,156.9
2,156.9
2,156.9
3,156.9
3,156.9
4,156.9
4,156.9
5,156.9
5,156.8
6,156.95
6,156.95
0,154.9
0,155.9
1,155.9
1,155.9
2,155.9
2,155.9
3,155.9
3,155.9
4,155.9
4,155.9
5,155.9
5,155.9
6,155.9
6,155.9
0,155.9
0,154.9
1,154.9
1,153.86666666666665
2,153.86666666666665
2,153.86666666666665
3,153.86666666666665
3,153.86666666666665
4,153.86666666666665
4,153.86666666666665
5,153.86666666666665
5,153.86666666666665
6,153.86666666666665
6,153.86666666666665
0,153.86666666666665
0,150.9
1,150.9
1,151.9
2,151.9
2,148.9
3,148.9
3,148.9
4,148.9
4,148.9
5,148.9
5,148.9
6,148.9
6,148.9
0,148.9
0,148.9
1,148.9
1,148.9
2,148.9
2,148.9
3,148.9
3,148.9
4,148.9
4,148.9
5,148.9
5,148.9
6,148.9
6,148.9
0,148.9
0,148.9
1,148.9
1,148.9
2,148.9
2,148.9
3,148.9
3,148.9
4,148.9
4,148.9
5,148.9
5,148.9
6,148.9
6,148.9
0,148.9
0,148.9
1,148.9
1,148.9
2,148.9
2,148.9
3,148.9
3,148.9
4,148.9
4,148.9
5,148.9
5,148.9
6,148.9
6,148.9
0,147.4
0,147.4
1,147.4
1,147.4
2,143.7
2,143.7
3,143.7
3,143.7
4,143.7
4,143.7
5,143.7
5,143.7
6,143.7
6,143.7
0,143.7
0,142.7
1,142.7
1,142.7
2,142.7
2,142.7
3,142.7
3,139.9
4,139.9
4,139.9
5,139.9
5,139.9
6,139.9
6,139.9
0,139.9
0,139.9
1,139.9
1,139.9
2,139.9
2,138.9
3,138.9
3,138.9
4,138.9
4,137.9
5,137.9
5,137.9
6,137.9
6,137.9
0,136.9
0,136.9
1,136.9
1,136.9
2,136.9
2,136.9
3,136.9
3,136.9
4,136.9
4,136.9
5,136.9
5,136.9
6,136.9
6,136.9
0,136.9
0,136.9
1,136.9
1,158.9
2,158.9
2,157.9
3,157.9
3,144.9
4,144.9
4,144.9
5,144.9
5,144.9
6,144.9
6,144.9
0,144.9
0,138.9
1,138.9
1,138.9
2,138.9
2,138.9
3,138.9
3,138.9
4,138.9
4,136.9
5,136.9
5,136.9
6,136.9
6,136.9
0,136.9
0,136.9
1,136.9
1,136.9
2,137.9
2,158.9
3,158.9
3,158.9
4,158.9
4,158.9
5,158.9
5,158.9
6,158.9
6,158.9
0,158.9
0,158.9
1,156.9
1,156.9
2,155.9
2,155.9
3,155.9
3,155.9
4,155.9
4,155.9
5,155.9
5,152.9
6,152.9
6,152.9
0,152.9
0,152.9
1,152.9
1,152.9
2,151.9
2,150.9
3,150.9
3,150.9
4,150.9
4,149.9
5,149.9
5,149.9
6,149.9
6,149.9
0,149.9
0,149.9
1,149.9
1,148.9
2,148.9
2,148.9
3,148.9
3,147.4
4,147.4
4,147.4
5,147.4
5,147.4
6,147.4
6,147.4
0,147.4
0,147.4
1,147.4
1,143.9
2,142.9
2,141.9
3,141.9
3,140.9
4,140.9
4,140.9
5,140.9
5,140.9
6,140.9
6,139.9
0,139.9
0,139.9
1,139.9
1,139.9
2,139.9
2,138.9
3,138.9
3,138.9
4,160.9
4,160.9
5,160.9
5,155.9
6,155.9
6,155.9
0,155.9
0,154.9
1,154.9
1,154.9
2,154.9
2,150.9
3,150.9
3,148.9
4,148.9
4,148.9
5,148.9
5,148.9
6,148.9
6,148.9
0,148.9
0,148.9
1,148.9
1,148.9
2,148.9
2,148.9
3,148.9
3,147.9
4,147.9
4,147.9
5,147.9
5,147.9
6,147.9
6,147.9
0,147.9
0,147.9
1,143.9
1,143.9
2,143.9
2,137.9
3,135.9
3,135.9
4,135.9
4,135.85000000000002
5,135.85000000000002
5,135.85000000000002
6,135.85000000000002
6,135.95
0,135.95
0,133.9
1,133.9
1,132.2
2,127.9
2,127.9
3,127.9
3,127.9
4,127.9
4,127.9
5,127.9
5,127.9
6,127.9
6,127.9
0,127.9
0,127.9
1,127.9
1,127.9
2,127.9
2,127.9
3,127.9
3,127.9
4,127.9
4,127.9
5,127.9
5,127.9
6,127.9
6,127.9
0,127.9
0,127.9
1,127.9
1,127.9
2,127.9
2,127.9
3,127.9
3,127.9
4,127.9
4,127.9
5,127.9
5,127.9
6,127.9
6,127.9
0,127.9
0,127.9
1,127.9
1,127.9
2,127.9
2,127.9
3,127.9
3,127.9
4,127.9
4,127.9
5,127.9
5,127.9
6,127.9
6,127.9
0,127.9
0,127.9
1,127.9
1,127.9
2,127.9
2,127.9
3,127.9
3,127.9
4,127.9
4,127.9
5,127.9
5,127.9
6,127.9
6,127.9
0,127.9
0,127.9
1,127.9
1,127.9
2,127.4
2,127.4
3,127.4
3,127.4
4,127.4
4,127.4
5,127.4
5,127.4
6,127.4
6,127.4
0,127.4
0,127.4
1,127.4
1,127.4
2,127.4
2,153.9
3,153.9
3,153.9
4,153.9
4,153.9
5,153.9
5,153.9
6,153.9
6,153.9
0,153.9
0,153.9
1,153.9
1,152.9
2,152.9
2,149.9
3,149.9
3,149.9
4,149.9
4,149.9
5,149.9
5,149.9
6,149.9
6,149.9
0,149.9
0,149.9
1,149.9
1,149.9
2,149.9
2,149.9
3,149.9
3,149.9
4,149.9
4,149.9
5,149.9
5,149.9
6,149.9
6,144.9
0,143.9
0,143.9
1,143.9
1,143.9
2,143.9
2,143.9
3,143.9
3,143.9
4,143.9
4,143.9
5,143.4
5,143.4
6,142.9
6,142.9
0,142.9
0,142.9
1,142.9
1,142.9
2,142.9
2,142.9
3,142.9
3,142.9
4,142.9
4,142.9
5,142.9
5,142.9
6,142.9
6,142.9
0,142.9
0,142.9
1,142.9
1,142.9
2,142.9
2,142.9
3,142.9
3,142.9
4,142.9
4,142.9
5,142.9
5,142.9
6,142.9
6,141.9
0,141.9
0,141.9
1,141.9
1,141.9
2,141.9
2,141.9
3,141.9
3,141.9
4,141.9
4,141.9
5,141.9
5,141.9
6,141.9
6,141.9
0,141.9
0,141.9
1,141.9
1,141.9
2,141.9
2,141.9
3,141.9
3,141.9
4,141.9
4,141.9
5,141.9
5,141.9
6,141.9
6,141.9
0,141.9
0,141.9
1,141.9
1,136.9
2,136.9
2,136.9
3,136.9
3,160.9
4,160.9
4,141.9
5,141.9
5,141.9
6,141.9
6,141.9
0,141.9
0,135.9
1,135.9
1,135.9
2,135.9
2,135.9
3,135.9
3,135.9
4,135.9
4,135.9
5,135.9
5,135.9
6,135.9
6,135.9
0,135.9
0,135.9
1,135.9
1,135.9
2,135.9
2,135.9
3,135.9
3,135.9
4,135.9
4,135.9
5,135.9
5,163.9
6,163.9
6,163.9
0,163.9
0,163.9
1,163.9
1,163.9
2,163.9
2,163.9
3,162.9
3,162.9
4,162.9
4,159.9
5,159.9
5,159.9
6,159.9
6,159.9
0,159.9
0,159.9
1,159.9
1,159.9
2,159.9
2,156.9
3,154.9
3,153.9
4,153.9
4,152.9
5,152.9
5,152.9
6,152.9
6,152.9
0,152.9
0,152.9
1,152.9
1,152.9
2,152.9
2,152.9
3,152.9
3,152.9
4,152.9
4,152.9
5,152.9
5,152.9
6,153.7
6,154.5
0,154.5
0,155.3
1,155.3
1,155.3
2,155.3
2,155.3
3,155.3
3,155.3
4,155.3
4,155.3
5,155.3
5,156.1
6,156.9
6,156.9
0,156.9
0,156.9
1,156.9
1,156.9
2,156.9
2,156.9
3,156.9
3,156.9
4,156.9
4,156.9
5,156.9
5,156.9
6,156.9
6,156.9
0,156.9
0,156.9
1,156.9
1,156.9
2,156.9
2,156.9
3,156.9
3,156.9
4,156.9
4,156.9
5,156.9
5,156.9
6,156.9
6,156.9
0,156.9
0,156.9
1,156.9
1,156.9
2,156.9
2,156.9
3,156.9
3,156.9
4,157.7
4,168.9
5,168.9
5,168.9
6,168.9
6,168.9
0,168.9
0,168.9
1,168.9
1,167.9
2,167.9
2,167.9
3,167.9
3,167.9
4,167.9
4,166.9
5,166.9
5,166.9
6,166.9
6,166.9
0,166.9
0,166.9
1,166.9
1,164.7
2,164.7
2,164.7
3,164.7
3,164.7
4,164.7
4,164.7
5,164.7
5,164.7
6,164.7
6,164.7
0,164.7
0,164.7
1,164.7
1,164.7
2,164.7
2,164.7
3,164.7
3,164.7
4,164.7
4,164.7
5,164.7
5,164.7
6,164.7
6,164.7
0,164.7
0,164.7
1,163.9
1,163.9
2,163.9
2,163.9
3,163.9
3,163.9
4,163.9
4,163.9
5,163.9
5,163.9
6,168.9
6,168.9
0,168.9
0,168.9
1,168.9
1,168.9
2,168.9
2,168.9
3,168.9
3,168.9
4,168.9
4,168.9
5,168.9
5,168.9
6,168.9
6,168.9
0,168.9
0,168.9
1,168.9
1,168.9
2,161.7
2,161.7
3,161.7
3,161.7
4,161.7
4,161.7
5,161.7
5,161.7
6,161.7
6,161.7
0,161.7
0,161.7
1,161.7
1,161.7
2,161.7
2,161.7
3,161.7
3,161.7
4,161.7
4,161.7
5,161.7
5,161.7
6,161.7
6,161.7
0,161.7
0,161.7
1,161.7
1,161.7
2,161.7
2,161.7
3,161.7
3,160.7
4,160.7
4,160.7
5,160.7
5,160.7
6,160.7
6,160.7
0,160.7
0,160.7
1,160.7
1,160.7
2,160.7
2,160.7
3,160.7
3,160.7
4,160.7
4,160.7
5,160.7
5,160.7
6,160.7
6,160.7
0,160.7
0,160.7
1,160.7
1,160.7
2,160.7
2,160.7
3,156.9
3,156.9
4,168.9
4,168.9
5,168.9
5,168.9
6,168.9
6,168.9
0,168.9
0,168.9
1,168.9
1,168.9
2,167.9
2,167.9
3,167.23333333333335
3,167.23333333333335
4,167.23333333333335
4,167.23333333333335
5,167.23333333333335
5,167.23333333333335
6,164.9
6,163.9
0,163.9
0,163.9
1,163.9
1,162.9
2,161.5666666666667
2,161.5666666666667
3,161.5666666666667
3,161.5666666666667
4,161.5666666666667
4,159.9
5,159.9
5,159.9
6,159.9
6,158.9
0,158.9
0,157.9
1,157.9
1,157.9
2,157.9
2,157.9
3,157.9
3,157.9
4,157.9
4,157.9
5,157.9
5,157.9
6,157.9
6,157.9
0,157.9
0,157.9
1,157.9
1,157.9
2,157.9
2,157.9
3,168.9
3,168.9
4,168.9
4,168.9
5,168.9
5,160.9
6,160.9
6,160.9
0,160.9
0,159.9
1,159.9
1,159.9
2,159.9
2,159.9
3,159.9
3,159.9
4,159.9
4,159.9
5,159.9
5,159.9
6,159.9
6,159.9
0,159.9
0,159.9
1,159.9
1,159.9
2,159.9
2,150.9
3,150.9
3,149.9
4,149.9
4,149.9
5,149.9
5,149.9
6,149.9
6,149.9
0,149.9
0,149.9
1,149.9
1,149.9
2,149.9
2,149.9
3,149.9
3,149.9
4,149.9
4,149.9
5,149.9
5,149.9
6,171.9
6,171.9
0,168.9
0,168.9
1,168.9
1,168.9
2,168.9
2,168.9
3,170.9
3,170.9
4,168.9
4,168.9
5,168.9
5,168.9
6,168.9
6,168.9
0,168.9
0,168.9
1,166.9
1,166.9
2,166.9
2,166.9
3,166.9
3,166.9
4,166.9
4,166.9
5,166.9
5,166.9
6,164.9
6,164.9
0,164.9
0,163.9
1,163.9
1,163.9
2,163.9
2,163.9
3,163.9
3,163.9
4,163.9
4,163.9
5,163.9
5,163.9
6,163.9
6,163.9
