0,0
0,0
1,0
1,0
2,0
2,0
3,0
3,0
4,0
4,135.10000000000002
5,135.10000000000002
5,135.10000000000002
6,135.10000000000002
6,135.10000000000002
0,135.10000000000002
0,135.10000000000002
1,135.10000000000002
1,135.10000000000002
2,135.10000000000002
2,135.10000000000002
3,131.9
3,131.9
4,131.9
4,131.9
5,131.9
5,131.9
6,130.85000000000002
6,130.85000000000002
0,130.85000000000002
0,130.85000000000002
1,130.85000000000002
1,130.85000000000002
2,130.85000000000002
2,130.85000000000002
3,130.85000000000002
3,130.85000000000002
4,130.85000000000002
4,130.85000000000002
5,130.85000000000002
5,130.85000000000002
6,130.85000000000002
6,130.85000000000002
0,130.85000000000002
0,130.85000000000002
1,130.85000000000002
1,130.85000000000002
2,130.85000000000002
2,130.85000000000002
3,129.9
3,129.9
4,129.85000000000002
4,129.85000000000002
5,129.85000000000002
5,129.85000000000002
6,129.85000000000002
6,129.85000000000002
0,129.85000000000002
0,129.85000000000002
1,129.85000000000002
1,129.85000000000002
2,129.85000000000002
2,129.85000000000002
3,129.85000000000002
3,129.85000000000002
4,129.85000000000002
4,129.85000000000002
5,129.85000000000002
5,129.85000000000002
6,129.85000000000002
6,129.85000000000002
0,129.95
0,129.95
1,129.95
1,129.95
2,129.95
2,129.95
3,129.15
3,129.15
4,129.15
4,129.15
5,129.15
5,129.15
6,129.15
6,129.15
0,129.15
0,129.15
1,129.15
1,129.15
2,129.15
2,129.15
3,128.23333333333332
3,123.9
4,127.9
4,127.9
5,127.9
5,127.9
6,127.9
6,127.9
0,127.9
0,128.0
1,127.9
1,127.9
2,127.9
2,127.9
3,127.9
3,127.9
4,127.9
4,127.9
5,127.9
5,127.9
6,127.9
6,127.9
0,127.9
0,127.9
1,127.9
1,127.9
2,127.9
2,127.9
3,127.9
3,127.9
4,127.9
4,123.9
5,123.9
5,123.9
6,123.9
6,123.9
0,123.9
0,123.9
1,123.9
1,123.9
2,123.9
2,123.9
3,123.9
3,123.9
4,123.9
4,123.9
5,123.9
5,123.9
6,123.9
6,123.9
0,123.9
0,123.9
1,123.9
1,123.9
2,123.9
2,123.9
3,123.9
3,123.9
4,123.9
4,123.9
5,123.9
5,123.9
6,123.9
6,123.9
0,123.9
0,123.9
1,123.9
1,123.9
2,123.9
2,123.9
3,123.9
3,123.9
4,123.9
4,123.9
5,123.9
5,123.9
6,123.9
6,123.9
0,123.9
0,123.9
1,123.9
1,123.9
2,123.9
2,123.9
3,123.9
3,123.9
4,123.9
4,123.9
5,123.9
5,123.9
6,123.9
6,123.9
0,123.9
0,123.9
1,123.9
1,123.9
2,123.9
2,123.9
3,123.9
3,123.9
4,123.9
4,123.9
5,123.9
5,123.9
6,123.9
6,123.9
0,123.9
0,123.9
1,123.9
1,123.9
2,123.9
2,123.9
3,123.9
3,123.9
4,123.9
4,123.9
5,123.9
5,123.9
6,123.9
6,123.9
0,123.9
0,123.9
1,123.9
1,123.9
2,123.9
2,123.9
3,123.9
3,123.9
4,123.9
4,123.9
5,123.9
5,123.9
6,123.9
6,123.9
0,123.9
0,123.9
1,123.9
1,123.9
2,123.9
2,123.9
3,123.9
3,123.9
4,123.9
4,123.9
5,123.9
5,123.9
6,123.9
6,123.9
0,123.9
0,123.9
1,123.9
1,123.9
2,123.9
2,123.9
3,123.9
3,123.9
4,123.9
4,123.9
5,123.9
5,138.95
6,138.8
6,138.9
0,138.9
0,138.9
1,138.9
1,138.9
2,138.9
2,138.9
3,138.9
3,138.9
4,138.9
4,138.9
5,138.95
5,138.95
6,138.95
6,138.95
0,138.95
0,138.95
1,138.95
1,138.95
2,138.95
2,138.95
3,138.95
3,143.9
4,143.9
4,143.9
5,143.9
5,143.9
6,143.9
6,143.9
0,143.9
0,143.9
1,143.9
1,143.9
2,143.9
2,143.9
3,142.45
3,141.77142857142857
4,141.77142857142857
4,141.77142857142857
5,141.77142857142857
5,141.77142857142857
6,141.77142857142857
6,141.77142857142857
0,141.77142857142857
0,141.77142857142857
1,141.77142857142857
1,141.77142857142857
2,141.77142857142857
2,141.77142857142857
3,141.77142857142857
3,141.77142857142857
4,141.77142857142857
4,141.77142857142857
5,141.77142857142857
5,141.77142857142857
6,141.77142857142857
6,141.77142857142857
0,141.77142857142857
0,141.77142857142857
1,141.77142857142857
1,141.77142857142857
2,141.77142857142857
2,141.77142857142857
3,141.77142857142857
3,141.77142857142857
4,141.77142857142857
4,141.77142857142857
5,141.77142857142857
5,141.77142857142857
6,141.77142857142857
6,141.77142857142857
0,141.77142857142857
0,141.77142857142857
1,158.9
1,158.9
2,158.9
2,158.9
3,158.9
3,158.9
4,158.9
4,158.9
5,164.95
5,164.95
6,164.95
6,165.0
0,165.0
0,165.0
1,165.0
1,148.9
2,148.9
2,148.9
3,148.9
3,148.9
4,159.56666666666666
4,159.56666666666666
5,159.56666666666666
5,159.56666666666666
6,159.56666666666666
6,159.56666666666666
0,159.56666666666666
0,159.56666666666666
1,159.56666666666666
1,159.56666666666666
2,159.56666666666666
2,159.56666666666666
3,159.56666666666666
3,159.56666666666666
4,159.56666666666666
4,159.56666666666666
5,159.56666666666666
5,159.56666666666666
6,159.56666666666666
6,159.56666666666666
0,159.56666666666666
0,159.56666666666666
1,160.9333333333333
1,160.9333333333333
2,160.9333333333333
2,160.9333333333333
3,160.9333333333333
3,160.9333333333333
4,160.9333333333333
4,158.85000000000002
5,158.85000000000002
5,158.85000000000002
6,158.85000000000002
6,158.85000000000002
0,158.85000000000002
0,158.85000000000002
1,158.85000000000002
1,158.85000000000002
2,158.85000000000002
2,153.9
3,153.9
3,153.9
4,153.9
4,153.9
5,153.9
5,153.9
6,150.9
6,150.9
0,150.9
0,150.9
1,150.9
1,150.9
2,150.9
2,148.23333333333338
3,148.23333333333338
3,148.23333333333338
4,148.23333333333338
4,148.23333333333338
5,148.23333333333338
5,148.23333333333338
6,148.23333333333338
6,148.23333333333338
0,148.23333333333338
0,148.23333333333338
1,148.23333333333338
1,148.23333333333338
2,148.23333333333338
2,148.23333333333338
3,148.23333333333338
3,148.23333333333338
4,148.23333333333338
4,148.23333333333338
5,148.23333333333338
5,148.23333333333338
6,148.23333333333338
6,148.23333333333338
0,148.23333333333338
0,148.23333333333338
1,148.23333333333338
1,148.23333333333338
2,148.23333333333338
2,148.23333333333338
3,148.23333333333338
3,148.23333333333338
4,148.23333333333338
4,148.23333333333338
5,148.23333333333338
5,148.23333333333338
6,148.23333333333338
6,148.23333333333338
0,148.23333333333338
0,148.23333333333338
1,148.23333333333338
1,148.23333333333338
2,148.23333333333338
2,148.23333333333338
3,148.23333333333338
3,148.23333333333338
4,148.23333333333338
4,148.23333333333338
5,148.23333333333338
5,148.23333333333338
6,148.23333333333338
6,148.23333333333338
0,148.23333333333338
0,148.23333333333338
1,148.23333333333338
1,148.23333333333338
2,148.23333333333338
2,148.23333333333338
3,148.23333333333338
3,148.23333333333338
4,148.23333333333338
4,148.23333333333338
5,148.23333333333338
5,148.23333333333338
6,148.23333333333338
6,148.23333333333338
0,148.23333333333338
0,148.23333333333338
1,148.23333333333338
1,148.23333333333338
2,148.23333333333338
2,148.23333333333338
3,148.23333333333338
3,148.23333333333338
4,148.23333333333338
4,148.23333333333338
5,148.23333333333338
5,148.23333333333338
6,148.23333333333338
6,148.23333333333338
0,148.23333333333338
0,148.23333333333338
1,148.23333333333338
1,148.23333333333338
2,148.23333333333338
2,148.23333333333338
3,148.23333333333338
3,148.23333333333338
4,148.23333333333338
4,148.23333333333338
5,148.23333333333338
5,148.23333333333338
6,148.23333333333338
6,148.23333333333338
0,148.23333333333338
0,148.23333333333338
1,148.23333333333338
1,148.23333333333338
2,148.23333333333338
2,148.23333333333338
3,148.23333333333338
3,148.23333333333338
4,148.23333333333338
4,148.23333333333338
5,148.23333333333338
5,148.23333333333338
6,148.23333333333338
6,148.23333333333338
0,148.23333333333338
0,148.23333333333338
1,148.23333333333338
1,148.23333333333338
2,148.23333333333338
2,148.23333333333338
3,148.23333333333338
3,148.23333333333338
4,148.23333333333338
4,148.23333333333338
5,148.23333333333338
5,148.23333333333338
6,148.23333333333338
6,148.23333333333338
0,148.23333333333338
0,148.23333333333338
1,148.23333333333338
1,148.23333333333338
2,148.23333333333338
2,148.23333333333338
3,148.23333333333338
3,148.23333333333338
4,148.23333333333338
4,148.23333333333338
5,148.23333333333338
5,148.23333333333338
6,148.23333333333338
6,148.23333333333338
0,148.23333333333338
0,148.23333333333338
1,148.23333333333338
1,148.23333333333338
2,148.23333333333338
2,148.23333333333338
3,148.23333333333338
3,148.23333333333338
4,148.23333333333338
4,148.23333333333338
5,148.23333333333338
5,148.23333333333338
6,148.23333333333338
6,148.23333333333338
0,148.23333333333338
0,148.23333333333338
1,148.23333333333338
1,148.23333333333338
2,148.23333333333338
2,148.23333333333338
3,148.23333333333338
3,148.23333333333338
4,148.23333333333338
4,148.23333333333338
5,148.23333333333338
5,148.23333333333338
6,148.23333333333338
6,148.23333333333338
0,148.23333333333338
0,148.23333333333338
1,148.23333333333338
1,148.23333333333338
2,148.23333333333338
2,148.23333333333338
3,148.23333333333338
3,148.23333333333338
4,148.23333333333338
4,148.23333333333338
5,148.23333333333338
5,148.23333333333338
6,148.23333333333338
6,148.23333333333338
0,148.23333333333338
0,148.23333333333338
1,148.23333333333338
1,148.23333333333338
2,148.23333333333338
2,148.23333333333338
3,148.23333333333338
3,148.23333333333338
4,148.23333333333338
4,148.23333333333338
5,148.23333333333338
5,148.23333333333338
6,148.23333333333338
6,148.23333333333338
0,148.23333333333338
0,148.23333333333338
1,148.23333333333338
1,148.23333333333338
2,148.23333333333338
2,148.23333333333338
3,148.23333333333338
3,148.23333333333338
4,148.23333333333338
4,148.23333333333338
5,148.23333333333338
5,148.23333333333338
6,148.23333333333338
6,148.23333333333338
0,148.23333333333338
0,148.23333333333338
1,148.23333333333338
1,148.23333333333338
2,148.23333333333338
2,148.23333333333338
3,148.23333333333338
3,148.23333333333338
4,148.23333333333338
4,148.23333333333338
5,148.23333333333338
5,148.23333333333338
6,148.23333333333338
6,148.23333333333338
0,148.23333333333338
0,148.23333333333338
1,148.23333333333338
1,148.23333333333338
2,148.23333333333338
2,148.23333333333338
3,148.23333333333338
3,148.23333333333338
4,148.23333333333338
4,148.23333333333338
5,148.23333333333338
5,148.23333333333338
6,148.23333333333338
6,148.23333333333338
0,148.23333333333338
0,148.23333333333338
1,148.23333333333338
1,148.23333333333338
2,148.23333333333338
2,148.23333333333338
3,148.23333333333338
3,148.23333333333338
4,148.23333333333338
4,148.23333333333338
5,148.23333333333338
5,148.23333333333338
6,148.23333333333338
6,148.23333333333338
0,148.23333333333338
0,148.23333333333338
1,148.23333333333338
1,148.23333333333338
2,148.23333333333338
2,148.23333333333338
3,146.7
3,146.7
4,146.7
4,145.35
5,145.35
5,145.35
6,145.35
6,145.35
0,145.35
0,145.35
1,145.35
1,145.35
2,145.35
2,145.35
3,145.35
3,145.35
4,145.35
4,144.83333333333334
5,144.8
5,144.8
6,144.8
6,144.8
0,144.8
0,144.8
1,144.8
1,144.8
2,144.8
2,144.8
3,144.8
3,144.5
4,144.5
4,144.5
5,144.5
5,144.5
6,144.5
6,144.5
0,144.5
0,144.5
1,144.5
1,144.5
2,144.5
2,144.5
3,144.5
3,144.5
4,144.5
4,144.5
5,144.5
5,144.5
6,144.5
6,144.5
0,144.5
0,144.5
1,144.5
1,144.5
2,144.5
2,144.5
3,144.5
3,144.5
4,144.5
4,144.5
5,144.5
5,144.5
6,144.5
6,144.5
0,144.5
0,144.5
1,144.5
1,142.7
2,140.9
2,140.9
3,140.9
3,140.9
4,140.9
4,140.9
5,140.9
5,140.9
6,140.9
6,140.9
0,140.9
0,140.9
1,140.9
1,140.9
2,140.9
2,140.9
3,140.9
3,138.5
4,138.5
4,138.5
5,138.5
5,138.5
6,138.5
6,138.5
0,138.5
0,137.9
1,137.9
1,137.9
2,137.9
2,137.9
3,137.9
3,137.9
4,137.9
4,137.9
5,137.9
5,137.9
6,137.9
6,137.9
0,137.9
0,137.9
1,137.9
1,137.9
2,137.9
2,143.4
3,148.9
3,137.9
4,148.9
4,137.9
5,148.9
5,148.9
6,143.4
6,143.4
0,148.9
0,146.9
1,146.9
1,146.9
2,146.9
2,146.9
3,146.9
3,146.9
4,144.9
4,144.9
5,144.9
5,144.9
6,144.9
6,144.9
0,144.9
0,144.9
1,144.9
1,144.9
2,144.9
2,144.9
3,144.9
3,144.9
4,144.9
4,144.9
5,144.9
5,144.9
6,144.9
6,144.9
0,144.9
0,144.9
1,144.9
1,144.9
2,144.9
2,144.9
3,144.9
3,144.9
4,144.9
4,144.9
5,144.9
5,144.9
6,144.9
6,144.9
0,144.9
0,144.9
1,144.9
1,144.9
2,142.5
2,144.9
3,142.5
3,142.5
4,142.5
4,142.5
5,142.5
5,142.5
6,142.5
6,142.5
0,142.5
0,154.9
1,154.9
1,154.9
2,154.9
2,154.9
3,154.9
3,154.9
4,146.63333333333333
4,146.63333333333333
5,146.63333333333333
5,146.63333333333333
6,146.63333333333333
6,146.63333333333333
0,146.63333333333333
0,146.63333333333333
1,146.63333333333333
1,146.63333333333333
2,146.63333333333333
2,146.63333333333333
3,146.63333333333333
3,146.63333333333333
4,146.63333333333333
4,146.63333333333333
5,146.63333333333333
5,146.63333333333333
6,146.63333333333333
6,146.63333333333333
0,146.63333333333333
0,146.63333333333333
1,146.63333333333333
1,146.63333333333333
2,146.63333333333333
2,146.63333333333333
3,146.63333333333333
3,146.63333333333333
4,146.63333333333333
4,146.63333333333333
5,146.63333333333333
5,146.63333333333333
6,146.63333333333333
6,146.63333333333333
0,146.63333333333333
0,146.63333333333333
1,146.63333333333333
1,146.63333333333333
2,146.63333333333333
2,146.63333333333333
3,146.63333333333333
3,146.63333333333333
4,146.63333333333333
4,146.63333333333333
5,146.63333333333333
5,146.63333333333333
6,146.63333333333333
6,146.63333333333333
0,146.63333333333333
0,146.63333333333333
1,146.63333333333333
1,146.63333333333333
2,146.63333333333333
2,146.63333333333333
3,146.63333333333333
3,146.63333333333333
4,146.63333333333333
4,146.63333333333333
5,146.63333333333333
5,146.63333333333333
6,146.63333333333333
6,146.63333333333333
0,146.63333333333333
0,146.63333333333333
1,146.63333333333333
1,146.63333333333333
2,146.63333333333333
2,158.9
3,158.9
3,158.9
4,158.9
4,158.9
5,158.9
5,158.9
6,158.9
6,158.9
0,158.9
0,158.9
1,148.9
1,148.9
2,148.9
2,148.9
3,148.9
3,148.9
4,148.9
4,148.9
5,148.9
5,148.9
6,148.9
6,148.9
0,148.9
0,148.9
1,148.9
1,148.9
2,148.9
2,148.9
3,148.9
3,147.9
4,147.9
4,147.9
5,147.9
5,147.9
6,147.9
6,147.9
0,147.9
0,147.9
1,147.9
1,147.9
2,147.9
2,147.9
3,147.9
3,147.9
4,147.9
4,147.9
5,147.9
5,147.9
6,147.9
6,147.9
0,147.9
0,147.9
1,158.9
1,158.9
2,158.9
2,158.9
3,158.9
3,158.9
4,158.9
4,158.9
5,158.9
5,158.9
6,158.9
6,158.9
0,158.9
0,158.9
1,158.9
1,158.9
2,158.9
2,158.9
3,158.9
3,158.9
4,158.9
4,158.9
5,158.9
5,158.9
6,158.9
6,158.9
0,158.9
0,158.9
1,158.9
1,158.9
2,158.9
2,158.9
3,158.9
3,158.9
4,158.9
4,158.9
5,158.9
5,158.9
6,158.9
6,158.9
0,158.9
0,158.9
1,158.9
1,158.9
2,158.9
2,158.9
3,158.9
3,158.9
4,158.9
4,158.9
5,158.9
5,158.9
6,158.9
6,158.9
0,158.9
0,154.9
1,154.9
1,154.9
2,154.9
2,154.9
3,154.9
3,154.9
4,154.9
4,154.9
5,154.9
5,154.9
6,154.9
6,154.9
0,154.9
0,154.9
1,154.9
1,154.9
2,154.9
2,154.9
3,154.9
3,154.9
4,154.9
4,154.9
5,154.9
5,154.9
6,154.9
6,154.9
0,154.9
0,154.9
1,154.9
1,154.9
2,154.9
2,154.9
3,154.9
3,154.9
4,154.9
4,154.9
5,154.9
5,154.9
6,154.9
6,154.9
0,154.9
0,154.9
1,154.9
1,154.9
2,154.9
2,154.9
3,154.9
3,154.9
4,154.9
4,154.9
5,154.9
5,154.9
6,154.9
6,154.9
0,154.9
0,154.9
1,154.9
1,154.9
2,154.9
2,154.9
3,154.9
3,154.9
4,154.9
4,154.9
5,154.9
5,154.9
6,154.9
6,154.9
0,154.9
0,154.9
1,154.9
1,154.9
2,154.9
2,154.9
3,154.9
3,154.9
4,154.9
4,154.9
5,154.9
5,154.9
6,154.9
6,154.9
0,154.9
0,154.9
1,154.9
1,154.9
2,154.9
2,154.9
3,154.9
3,154.9
4,154.9
4,154.9
5,154.9
5,154.9
6,154.9
6,154.9
0,154.9
0,154.9
1,154.9
1,154.9
2,154.9
2,154.9
3,154.9
3,154.9
4,154.9
4,154.9
5,154.9
5,154.9
6,154.9
6,154.9
0,154.9
0,154.9
1,154.9
1,154.9
2,154.9
2,154.9
3,154.9
3,154.9
4,154.9
4,154.9
5,154.9
5,154.9
6,154.9
6,154.9
0,154.9
0,154.9
1,154.9
1,154.9
2,154.9
2,154.9
3,160.9
3,156.9
4,156.9
4,156.9
5,156.9
5,156.9
6,156.9
6,156.9
0,156.9
0,156.9
1,156.9
1,156.9
2,156.9
2,156.9
3,156.9
3,156.9
4,156.9
4,156.9
5,156.9
5,156.9
6,156.9
6,156.9
0,156.9
0,156.9
1,156.9
1,156.9
2,156.9
2,156.9
3,156.9
3,156.9
4,156.9
4,156.9
5,156.9
5,156.9
6,156.9
6,156.9
0,156.9
0,156.9
1,156.9
1,156.9
2,156.9
2,156.9
3,156.9
3,156.9
4,156.9
4,156.9
5,156.9
5,156.9
6,156.9
6,156.9
0,156.9
0,156.9
1,156.9
1,156.9
2,156.9
2,156.9
3,156.9
3,156.9
4,156.9
4,156.9
5,160.9
5,160.9
6,160.9
6,160.9
0,160.9
0,160.9
1,160.9
1,160.9
2,160.9
2,160.9
3,156.9
3,156.9
4,156.9
4,156.9
5,156.9
5,156.9
6,156.9
6,156.9
0,156.9
0,156.9
1,158.9
1,158.9
2,158.9
2,158.9
3,158.9
3,158.9
4,158.9
4,160.9
5,160.9
5,160.9
6,160.9
6,160.9
0,162.9
0,162.9
1,162.9
1,162.9
2,165.9
2,168.9
3,168.9
3,168.9
4,168.9
4,168.9
5,168.9
5,168.9
6,168.9
6,168.9
0,168.9
0,168.9
1,168.9
1,168.9
2,168.9
2,168.9
3,168.9
3,168.9
4,168.9
4,168.9
5,168.9
5,168.9
6,168.9
6,168.9
0,168.9
0,168.9
1,168.9
1,168.9
2,168.9
2,168.9
3,168.9
3,168.9
4,168.9
4,168.9
5,168.9
5,168.9
6,168.9
6,168.9
