0,0
0,0
1,132.9
1,132.9
2,131.9
2,131.9
3,131.9
3,131.9
4,131.9
4,131.9
5,131.9
5,131.9
6,131.9
6,131.9
0,131.5
0,131.5
1,131.5
1,131.5
2,131.5
2,131.5
3,129.9
3,129.9
4,129.9
4,129.9
5,129.9
5,129.9
6,127.9
6,127.9
0,124.9
0,124.9
1,122.9
1,122.9
2,122.9
2,122.9
3,122.9
3,122.9
4,122.9
4,122.9
5,122.9
5,122.9
6,122.9
6,122.9
0,122.94999999999999
0,122.94999999999999
1,122.94999999999999
1,122.94999999999999
2,122.94999999999999
2,122.94999999999999
3,122.94999999999999
3,122.94999999999999
4,122.94999999999999
4,122.94999999999999
5,122.94999999999999
5,122.94999999999999
6,122.94999999999999
6,123.0
0,122.9
0,122.9
1,122.9
1,122.9
2,122.9
2,122.9
3,122.9
3,122.9
4,122.9
4,122.9
5,122.9
5,122.9
6,122.9
6,122.9
0,122.9
0,122.9
1,122.9
1,122.9
2,122.9
2,122.9
3,122.9
3,147.9
4,147.9
4,147.9
5,147.9
5,147.9
6,124.9
6,124.9
0,124.9
0,124.9
1,124.9
1,124.9
2,124.9
2,124.9
3,124.9
3,124.9
4,124.9
4,124.9
5,124.9
5,124.9
6,124.9
6,124.9
0,124.9
0,124.9
1,124.9
1,124.9
2,124.9
2,124.9
3,124.9
3,124.9
4,124.9
4,124.9
5,124.9
5,124.9
6,124.9
6,124.9
0,124.9
0,124.9
1,124.9
1,124.9
2,124.9
2,125.0
3,124.9
3,124.9
4,124.9
4,124.9
5,124.9
5,124.9
6,124.9
6,124.9
0,124.9
0,124.9
1,124.9
1,124.9
2,124.9
2,124.9
3,124.9
3,124.9
4,124.9
4,124.9
5,124.9
5,124.9
6,124.9
6,124.9
0,124.9
0,124.9
1,124.9
1,124.9
2,124.9
2,124.9
3,124.9
3,124.9
4,124.9
4,124.9
5,124.9
5,124.9
6,124.9
6,124.9
0,124.9
0,124.9
1,124.9
1,124.9
2,124.9
2,124.9
3,124.9
3,124.9
4,124.9
4,124.9
5,124.9
5,124.9
6,124.9
6,124.9
0,124.9
0,124.9
1,124.9
1,124.9
2,124.9
2,124.9
3,124.9
3,124.9
4,124.9
4,124.9
5,124.9
5,124.9
6,124.9
6,124.9
0,124.9
0,124.9
1,124.9
1,124.9
2,124.9
2,124.9
3,124.9
3,124.9
4,124.9
4,124.9
5,124.9
5,124.9
6,124.9
6,124.9
0,124.9
0,124.9
1,124.9
1,124.9
2,124.9
2,124.9
3,124.9
3,124.9
4,124.9
4,124.9
5,124.9
5,124.9
6,124.9
6,124.9
0,124.9
0,124.9
1,124.9
1,124.9
2,124.9
2,124.9
3,124.9
3,124.9
4,124.9
4,124.9
5,124.9
5,124.9
6,124.9
6,124.9
0,124.9
0,124.9
1,124.9
1,124.9
2,124.9
2,124.9
3,124.9
3,124.9
4,124.9
4,124.9
5,124.9
5,124.9
6,124.9
6,124.9
0,124.9
0,124.9
1,124.9
1,124.9
2,124.9
2,124.9
3,124.9
3,124.9
4,124.9
4,124.9
5,124.9
5,124.9
6,124.9
6,124.9
0,124.9
0,124.9
1,124.9
1,124.9
2,124.9
2,124.9
3,124.9
3,146.95
4,146.95
4,146.95
5,146.95
5,146.95
6,146.95
6,146.95
0,146.95
0,146.95
1,146.95
1,146.95
2,146.95
2,146.95
3,146.95
3,146.95
4,146.95
4,146.95
5,146.95
5,146.95
6,146.95
6,146.95
0,146.95
0,146.95
1,146.95
1,146.95
2,146.95
2,146.95
3,146.95
3,146.95
4,146.95
4,146.95
5,146.95
5,146.95
6,146.95
6,146.95
0,146.95
0,146.95
1,146.95
1,146.95
2,146.95
2,146.95
3,146.95
3,146.95
4,146.95
4,146.95
5,146.95
5,146.95
6,146.95
6,146.95
0,146.95
0,146.95
1,146.95
1,146.95
2,146.95
2,146.95
3,146.95
3,146.95
4,146.95
4,146.95
5,146.95
5,146.95
6,146.95
6,146.95
0,146.95
0,158.3
1,158.3
1,158.3
2,158.3
2,158.3
3,158.3
3,158.3
4,158.3
4,158.3
5,158.3
5,158.3
6,158.3
6,158.3
0,158.3
0,158.3
1,158.3
1,158.3
2,158.3
2,158.3
3,158.3
3,158.3
4,158.3
4,158.3
5,158.3
5,158.3
6,158.3
6,158.3
0,158.3
0,158.3
1,158.3
1,158.3
2,158.3
2,158.3
3,158.3
3,158.3
4,158.3
4,158.3
5,158.3
5,158.3
6,158.3
6,158.3
0,158.3
0,158.3
1,158.3
1,158.3
2,158.9
2,158.9
3,158.9
3,158.9
4,158.9
4,158.9
5,158.9
5,158.9
6,158.9
6,158.9
0,158.9
0,158.9
1,158.9
1,158.9
2,158.9
2,158.9
3,158.9
3,158.9
4,158.9
4,158.9
5,158.9
5,158.9
6,158.9
6,158.9
0,158.9
0,158.9
1,158.9
1,158.9
2,158.9
2,158.9
3,158.9
3,158.9
4,158.9
4,156.9
5,156.9
5,156.9
6,156.9
6,156.9
0,156.9
0,156.9
1,156.9
1,156.9
2,156.9
2,156.9
3,156.9
3,156.9
4,156.9
4,153.9
5,153.9
5,153.9
6,153.9
6,153.9
0,153.9
0,153.9
1,153.9
1,153.9
2,153.9
2,153.9
3,153.9
3,153.9
4,153.9
4,153.9
5,153.9
5,153.9
6,153.9
6,153.9
0,153.9
0,153.9
1,153.9
1,153.9
2,153.9
2,153.9
3,147.7
3,147.7
4,147.7
4,146.7
5,146.7
5,146.7
6,146.7
6,146.7
0,146.7
0,146.7
1,146.7
1,146.7
2,146.7
2,146.7
3,146.7
3,146.7
4,146.7
4,141.7
5,141.7
5,140.7
6,140.7
6,140.7
0,140.7
0,140.7
1,140.7
1,140.7
2,140.7
2,140.7
3,140.7
3,140.7
4,140.7
4,140.7
5,140.7
5,140.7
6,140.7
6,140.7
0,140.7
0,140.7
1,140.7
1,140.7
2,140.7
2,140.7
3,140.7
3,140.7
4,140.7
4,140.7
5,140.7
5,140.7
6,140.7
6,140.7
0,140.7
0,140.7
1,140.7
1,140.7
2,138.9
2,138.9
3,138.9
3,138.9
4,138.9
4,138.9
5,138.9
5,138.9
6,138.9
6,138.9
0,138.9
0,138.9
1,138.9
1,158.9
2,158.9
2,158.9
3,158.9
3,143.9
4,140.5
4,140.5
5,140.5
5,140.5
6,140.5
6,140.5
0,140.5
0,140.5
1,140.5
1,140.5
2,140.5
2,140.5
3,140.5
3,140.5
4,140.5
4,140.5
5,140.5
5,140.5
6,140.5
6,140.5
0,140.5
0,140.5
1,140.5
1,140.5
2,140.5
2,158.9
3,158.9
3,158.9
4,158.9
4,158.9
5,158.9
5,158.9
6,158.9
6,158.9
0,158.9
0,158.9
1,158.9
1,158.9
2,158.9
2,158.9
3,158.9
3,158.9
4,158.9
4,158.9
5,158.9
5,158.9
6,148.9
6,148.9
0,148.9
0,148.9
1,148.9
1,148.9
2,148.9
2,148.9
3,148.9
3,148.9
4,145.9
4,145.9
5,145.9
5,145.9
6,145.9
6,145.9
0,145.9
0,145.9
1,145.9
1,145.9
2,145.9
2,145.9
3,145.9
3,145.9
4,145.9
4,145.9
5,145.9
5,145.9
6,145.9
6,145.9
0,145.9
0,145.9
1,145.9
1,145.9
2,145.9
2,145.9
3,145.9
3,145.9
4,145.9
4,143.9
5,143.9
5,143.9
6,143.9
6,143.9
0,143.9
0,143.9
1,143.9
1,143.9
2,143.9
2,143.9
3,143.9
3,143.9
4,143.9
4,143.9
5,143.9
5,143.9
6,143.9
6,143.9
0,143.9
0,143.9
1,143.9
1,143.9
2,143.9
2,143.9
3,143.9
3,143.9
4,143.9
4,143.9
5,143.9
5,143.9
6,143.9
6,143.9
0,143.9
0,143.9
1,143.9
1,143.9
2,143.9
2,143.9
3,143.9
3,143.9
4,143.9
4,143.9
5,143.9
5,143.9
6,143.9
6,143.9
0,143.9
0,143.9
1,143.9
1,143.9
2,143.9
2,143.9
3,143.9
3,143.9
4,143.9
4,143.9
5,143.9
5,143.9
6,143.9
6,143.9
0,143.9
0,143.9
1,143.9
1,143.9
2,143.9
2,143.9
3,143.9
3,143.9
4,143.9
4,143.9
5,143.9
5,143.9
6,143.9
6,143.9
0,143.9
0,143.9
1,143.9
1,143.9
2,143.9
2,143.9
3,143.9
3,143.9
4,143.9
4,143.9
5,143.9
5,143.9
6,143.9
6,143.9
0,143.9
0,143.9
1,143.9
1,143.9
2,143.9
2,143.9
3,143.9
3,143.9
4,143.9
4,143.9
5,143.9
5,143.9
6,143.9
6,143.9
0,143.9
0,143.9
1,143.9
1,143.9
2,143.9
2,143.9
3,143.9
3,143.9
4,133.9
4,133.9
5,133.9
5,133.9
6,133.9
6,133.9
0,133.9
0,133.9
1,133.9
1,133.9
2,133.9
2,133.9
3,133.9
3,133.9
4,133.9
4,133.9
5,133.9
5,133.9
6,133.9
6,133.9
0,133.9
0,133.9
1,133.9
1,133.9
2,133.9
2,133.9
3,133.9
3,133.9
4,133.9
4,133.9
5,133.9
5,133.9
6,133.9
6,133.9
0,133.9
0,133.9
1,133.9
1,133.9
2,133.9
2,133.9
3,133.9
3,153.9
4,148.9
4,148.9
5,148.9
5,148.9
6,148.9
6,148.9
0,148.9
0,148.9
1,148.9
1,148.9
2,148.9
2,148.9
3,148.9
3,148.9
4,148.9
4,148.9
5,148.9
5,148.9
6,148.9
6,148.9
0,148.9
0,148.9
1,148.9
1,148.9
2,148.9
2,148.9
3,148.9
3,148.9
4,148.9
4,148.9
5,148.9
5,148.9
6,148.9
6,148.9
0,148.9
0,148.9
1,148.9
1,144.9
2,144.9
2,142.9
3,142.9
3,142.9
4,142.9
4,142.9
5,142.9
5,142.9
6,142.9
6,142.9
0,142.9
0,142.9
1,142.9
1,142.9
2,142.9
2,142.9
3,142.9
3,142.9
4,142.9
4,142.9
5,142.9
5,142.9
6,142.9
6,142.9
0,142.9
0,142.9
1,142.9
1,142.9
2,142.9
2,142.9
3,142.9
3,142.9
4,142.9
4,142.9
5,142.9
5,142.9
6,142.9
6,142.9
0,142.9
0,142.9
1,142.9
1,142.9
2,142.9
2,142.9
3,142.9
3,142.9
4,142.9
4,142.9
5,142.9
5,142.9
6,142.9
6,142.9
0,142.9
0,142.9
1,142.9
1,142.9
2,142.9
2,142.9
3,142.9
3,142.9
4,142.9
4,142.9
5,142.9
5,142.9
6,142.9
6,142.9
0,142.9
0,142.9
1,142.9
1,142.9
2,142.9
2,142.9
3,142.9
3,142.9
4,142.9
4,142.9
5,142.9
5,142.9
6,142.9
6,142.9
0,142.9
0,142.9
1,142.9
1,142.9
2,142.9
2,142.9
3,142.9
3,142.9
4,142.9
4,142.9
5,142.9
5,142.9
6,142.9
6,142.9
0,142.9
0,142.9
1,142.9
1,142.9
2,142.9
2,142.9
3,142.9
3,142.9
4,142.9
4,142.9
5,163.9
5,163.9
6,163.9
6,163.9
0,163.9
0,163.9
1,163.9
1,163.9
2,163.9
2,163.9
3,163.9
3,163.9
4,163.9
4,163.9
5,163.9
5,163.9
6,163.9
6,163.9
0,163.9
0,163.9
1,163.9
1,163.9
2,155.9
2,155.9
3,155.9
3,155.9
4,155.9
4,153.5
5,153.5
5,153.5
6,153.5
6,153.5
0,153.5
0,153.5
1,153.5
1,153.5
2,153.5
2,153.5
3,153.5
3,153.5
4,153.5
4,151.5
5,151.5
5,151.5
6,151.5
6,151.5
0,151.5
0,150.8
1,150.8
1,150.8
2,150.8
2,149.7
3,149.7
3,149.7
4,149.7
4,149.7
5,149.7
5,149.7
6,149.7
6,149.7
0,149.7
0,149.7
1,149.7
1,149.7
2,149.7
2,149.7
3,149.7
3,149.7
4,149.7
4,149.7
5,149.7
5,149.7
6,149.7
6,149.7
0,149.7
0,149.7
1,149.7
1,149.7
2,149.7
2,149.7
3,149.7
3,149.7
4,149.7
4,151.9
5,151.9
5,151.9
6,151.9
6,151.9
0,151.9
0,151.9
1,151.9
1,151.9
2,151.9
2,151.9
3,151.9
3,151.9
4,151.9
4,168.9
5,168.9
5,168.9
6,168.9
6,168.9
0,168.9
0,168.9
1,167.9
1,166.9
2,166.9
2,166.9
3,166.9
3,163.9
4,163.9
4,162.5666666666667
5,162.5666666666667
5,162.5666666666667
6,162.5666666666667
6,162.5666666666667
0,162.5666666666667
0,162.5666666666667
1,162.5666666666667
1,162.5666666666667
2,162.5666666666667
2,162.5666666666667
3,162.5666666666667
3,162.5666666666667
4,162.5666666666667
4,162.5666666666667
5,162.5666666666667
5,162.5666666666667
6,162.5666666666667
6,162.5666666666667
0,162.5666666666667
0,162.5666666666667
1,162.5666666666667
1,162.5666666666667
2,162.5666666666667
2,162.5666666666667
3,162.5666666666667
3,162.5666666666667
4,162.5666666666667
4,162.5666666666667
5,162.5666666666667
5,162.5666666666667
6,162.5666666666667
6,162.5666666666667
0,162.5666666666667
0,162.5666666666667
1,162.5666666666667
1,162.5666666666667
2,162.5666666666667
2,162.5666666666667
3,162.5666666666667
3,162.5666666666667
4,162.5666666666667
4,162.5666666666667
5,162.5666666666667
5,162.5666666666667
6,162.5666666666667
6,162.5666666666667
0,168.9
0,168.9
1,168.9
1,164.23333333333335
2,164.23333333333335
2,164.23333333333335
3,164.23333333333335
3,164.23333333333335
4,164.23333333333335
4,164.23333333333335
5,164.23333333333335
5,164.23333333333335
6,164.23333333333335
6,164.23333333333335
0,164.23333333333335
0,164.23333333333335
1,164.23333333333335
1,164.23333333333335
2,164.23333333333335
2,164.23333333333335
3,164.23333333333335
3,164.23333333333335
4,164.23333333333335
4,164.23333333333335
5,164.23333333333335
5,164.23333333333335
6,164.23333333333335
6,164.23333333333335
0,164.23333333333335
0,164.23333333333335
1,164.23333333333335
1,164.23333333333335
2,164.23333333333335
2,164.23333333333335
3,164.23333333333335
3,164.23333333333335
4,164.23333333333335
4,164.23333333333335
5,164.23333333333335
5,164.23333333333335
6,164.23333333333335
6,164.23333333333335
0,164.23333333333335
0,164.23333333333335
1,164.23333333333335
1,164.23333333333335
2,164.23333333333335
2,164.23333333333335
3,164.23333333333335
3,158.9
4,158.9
4,158.9
5,158.9
5,158.9
6,158.9
6,158.9
0,158.9
0,158.9
1,158.9
1,158.9
2,158.9
2,158.9
3,158.9
3,158.9
4,158.9
4,158.9
5,158.9
5,158.9
6,158.9
6,158.9
0,158.9
0,158.9
1,158.9
1,158.9
2,158.9
2,158.9
3,158.9
3,165.5666666666667
4,165.5666666666667
4,165.5666666666667
5,165.5666666666667
5,165.5666666666667
6,165.5666666666667
6,165.5666666666667
0,165.5666666666667
0,165.5666666666667
1,165.5666666666667
1,165.5666666666667
2,167.5666666666667
2,165.5666666666667
3,165.5666666666667
3,165.5666666666667
4,162.9
4,162.9
5,162.4
5,162.4
6,162.4
6,162.4
0,162.4
0,158.7
1,158.7
1,158.7
2,158.7
2,158.7
3,158.7
3,158.7
4,158.7
4,158.7
5,158.7
5,158.7
6,158.7
6,158.7
0,158.7
0,158.7
1,158.7
1,158.7
2,158.7
2,158.7
3,158.7
3,158.7
4,158.7
4,158.7
5,158.7
5,158.7
6,158.7
6,158.7
0,158.7
0,158.7
1,158.7
1,158.7
2,168.9
2,168.9
3,168.9
3,168.9
4,168.9
4,158.9
5,158.9
5,158.9
6,158.9
6,158.9
0,158.9
0,158.9
1,158.9
1,158.9
2,158.5
2,158.5
3,158.5
3,156.1
4,156.1
4,156.1
5,156.1
5,156.1
6,154.7
6,154.7
0,154.7
0,156.8
1,156.8
1,156.8
2,156.8
2,156.8
3,156.8
3,156.8
4,156.8
4,156.8
5,156.8
5,156.8
6,156.8
6,156.8
0,156.8
0,156.8
1,156.8
1,156.8
2,156.8
2,156.8
3,156.8
3,156.8
4,156.8
4,156.8
5,156.8
5,156.8
6,156.8
6,156.8
0,166.3
0,166.3
1,166.3
1,166.3
2,166.3
2,166.3
3,166.3
3,166.3
4,166.3
4,166.3
5,166.3
5,166.3
6,166.3
6,166.3
0,166.3
0,166.3
1,166.3
1,166.3
2,166.3
2,166.3
3,166.3
3,166.3
4,166.3
4,166.3
5,166.3
5,166.3
6,166.3
6,166.3
0,168.9
0,168.9
1,168.9
1,168.9
2,168.9
2,168.9
3,166.9
3,166.9
4,170.9
4,170.9
5,170.9
5,170.9
6,170.9
6,170.9
