0,128.9
0,128.9
1,127.9
1,127.9
2,126.9
2,126.9
3,124.9
3,123.9
4,123.9
4,123.9
5,123.9
5,123.9
6,123.9
6,121.9
0,121.9
0,121.9
1,121.9
1,119.9
2,119.9
2,119.9
3,117.7
3,117.7
4,117.7
4,117.7
5,117.7
5,116.7
6,116.7
6,116.7
0,116.7
0,115.7
1,115.7
1,115.7
2,145.9
2,145.9
3,145.9
3,145.9
4,145.9
4,145.9
5,145.9
5,145.9
6,145.9
6,145.9
0,143.9
0,143.9
1,143.9
1,143.9
2,142.9
2,142.9
3,142.9
3,142.9
4,142.9
4,142.9
5,142.9
5,142.9
6,142.9
6,137.56666666666666
0,135.9
0,135.9
1,132.4
1,129.9
2,129.9
2,129.9
3,129.9
3,129.9
4,127.90000000000002
4,127.90000000000002
5,125.9
5,125.9
6,125.9
6,125.9
0,125.9
0,125.9
1,125.9
1,125.9
2,125.9
2,125.9
3,147.9333333333333
3,147.9333333333333
4,147.9333333333333
4,147.9333333333333
5,146.9
5,146.9
6,146.9
6,145.9
0,145.9
0,145.9
1,144.04285714285714
1,144.04285714285714
2,140.9
2,140.9
3,139.5666666666667
3,139.5666666666667
4,137.7
4,137.7
5,135.9
5,135.9
6,135.9
6,135.9
0,134.9
0,135.0
1,130.9
1,130.9
2,129.9
2,129.9
3,127.9
3,127.9
4,141.1
4,141.1
5,141.1
5,141.1
6,141.1
6,141.1
0,141.1
0,141.1
1,141.1
1,141.1
2,148.5666666666667
2,148.5666666666667
3,148.5666666666667
3,148.5666666666667
4,148.5666666666667
4,148.5666666666667
5,148.5666666666667
5,148.5666666666667
6,148.5666666666667
6,148.5666666666667
0,148.5666666666667
0,148.5666666666667
1,148.5666666666667
1,148.5666666666667
2,148.5666666666667
2,148.5666666666667
3,148.5666666666667
3,148.5666666666667
4,148.5666666666667
4,148.5666666666667
5,148.5666666666667
5,148.5666666666667
6,148.5666666666667
6,148.5666666666667
0,148.5666666666667
0,148.5666666666667
1,148.5666666666667
1,148.5666666666667
2,148.5666666666667
2,148.5666666666667
3,148.5666666666667
3,148.5666666666667
4,148.5666666666667
4,148.5666666666667
5,148.5666666666667
5,148.5666666666667
6,148.5666666666667
6,148.5666666666667
0,148.5666666666667
0,148.5666666666667
1,148.5666666666667
1,148.5666666666667
2,148.5666666666667
2,148.5666666666667
3,148.5666666666667
3,148.5666666666667
4,148.5666666666667
4,148.5666666666667
5,148.5666666666667
5,148.5666666666667
6,148.5666666666667
6,148.5666666666667
0,148.5666666666667
0,148.5666666666667
1,148.5666666666667
1,148.5666666666667
2,148.5666666666667
2,148.5666666666667
3,148.5666666666667
3,148.5666666666667
4,148.5666666666667
4,148.5666666666667
5,148.5666666666667
5,148.5666666666667
6,148.5666666666667
6,148.5666666666667
0,148.5666666666667
0,148.5666666666667
1,148.5666666666667
1,148.5666666666667
2,148.5666666666667
2,148.5666666666667
3,148.5666666666667
3,148.5666666666667
4,148.5666666666667
4,148.5666666666667
5,148.5666666666667
5,148.5666666666667
6,148.5666666666667
6,148.5666666666667
0,148.5666666666667
0,148.5666666666667
1,148.5666666666667
1,148.5666666666667
2,148.5666666666667
2,148.5666666666667
3,148.5666666666667
3,148.5666666666667
4,148.5666666666667
4,148.5666666666667
5,148.5666666666667
5,148.5666666666667
6,148.5666666666667
6,148.5666666666667
0,148.5666666666667
0,148.5666666666667
1,148.5666666666667
1,148.5666666666667
2,148.5666666666667
2,148.5666666666667
3,148.5666666666667
3,148.5666666666667
4,148.5666666666667
4,148.5666666666667
5,148.5666666666667
5,148.5666666666667
6,148.5666666666667
6,148.5666666666667
0,148.5666666666667
0,148.5666666666667
1,148.5666666666667
1,148.5666666666667
2,148.5666666666667
2,148.5666666666667
3,148.5666666666667
3,148.5666666666667
4,148.5666666666667
4,148.5666666666667
5,148.5666666666667
5,148.5666666666667
6,148.5666666666667
6,148.5666666666667
0,148.5666666666667
0,148.5666666666667
1,148.5666666666667
1,148.5666666666667
2,148.5666666666667
2,148.5666666666667
3,148.5666666666667
3,120.9
4,152.9
4,152.9
5,152.9
5,152.9
6,152.9
6,152.9
0,152.9
0,152.9
1,152.9
1,152.9
2,152.9
2,152.9
3,151.5666666666667
3,151.5666666666667
4,151.5666666666667
4,151.5666666666667
5,151.5666666666667
5,151.5666666666667
6,151.5666666666667
6,151.5666666666667
0,151.5666666666667
0,151.5666666666667
1,151.5666666666667
1,151.5666666666667
2,151.5666666666667
2,151.5666666666667
3,151.5666666666667
3,151.5666666666667
4,151.5666666666667
4,151.5666666666667
5,151.5666666666667
5,151.5666666666667
6,151.5666666666667
6,151.5666666666667
0,151.5666666666667
0,151.5666666666667
1,151.5666666666667
1,151.5666666666667
2,151.5666666666667
2,140.9
3,140.9
3,140.9
4,140.9
4,140.9
5,140.9
5,140.9
6,140.9
6,140.9
0,140.9
0,140.9
1,140.9
1,140.9
2,140.9
2,140.9
3,140.9
3,140.9
4,140.9
4,139.5666666666667
5,139.5666666666667
5,139.5666666666667
6,139.5666666666667
6,139.5666666666667
0,139.5666666666667
0,139.5666666666667
1,139.5666666666667
1,139.5666666666667
2,139.5666666666667
2,163.9
3,163.9
3,163.9
4,163.9
4,163.9
5,163.9
5,163.9
6,163.9
6,163.9
0,163.9
0,163.9
1,163.9
1,163.9
2,163.9
2,163.9
3,163.9
3,163.85000000000002
4,163.85000000000002
4,160.9
5,160.9
5,160.9
6,160.9
6,160.9
0,160.95
0,160.95
1,160.95
1,160.95
2,160.95
2,154.65
3,154.65
3,150.8375
4,150.8375
4,149.31666666666666
5,149.31666666666666
5,149.31666666666666
6,149.31666666666666
6,149.31666666666666
0,149.31666666666666
0,146.23333333333335
1,146.23333333333335
1,143.9
2,143.9
2,142.9
3,142.9
3,142.9
4,142.9
4,140.9
5,140.9
5,140.9
6,140.9
6,140.9
0,140.9
0,137.9
1,137.9
1,137.9
2,137.9
2,136.9
3,136.9
3,136.9
4,136.95
4,136.95
5,136.95
5,136.95
6,136.95
6,136.95
0,136.95
0,136.95
1,136.95
1,136.95
2,136.95
2,136.95
3,136.95
3,136.95
4,136.95
4,136.95
5,163.9
5,149.9
6,149.9
6,149.9
0,149.9
0,149.9
1,149.9
1,149.9
2,142.9
2,139.8
3,136.5
3,136.5
4,136.5
4,154.76666666666665
5,154.76666666666665
5,154.76666666666665
6,154.76666666666665
6,154.76666666666665
0,154.76666666666665
0,154.76666666666665
1,154.76666666666665
1,154.76666666666665
2,160.9
2,160.9
3,160.9
3,160.9
4,160.9
4,160.9
5,160.9
5,158.7
6,158.7
6,158.7
0,158.7
0,156.83333333333331
1,156.83333333333331
1,156.83333333333331
2,156.83333333333331
2,152.9
3,152.9
3,148.9
4,148.9
4,147.9
5,147.9
5,147.9
6,147.9
6,147.9
0,147.9
0,147.23333333333335
1,147.23333333333335
1,145.9
2,145.9
2,145.9
3,145.23333333333335
3,145.23333333333335
4,145.23333333333335
4,144.23333333333335
5,144.23333333333335
5,144.23333333333335
6,144.23333333333335
6,144.23333333333335
0,144.23333333333335
0,144.23333333333335
1,144.23333333333335
1,142.9
2,142.9
2,142.9
3,142.9
3,142.9
4,142.9
4,142.9
5,142.9
5,142.9
6,141.9
6,140.4
0,140.4
0,140.1
1,140.1
1,140.1
2,140.1
2,140.1
3,140.1
3,137.9
4,137.9
4,137.9
5,137.9
5,137.9
6,137.9
6,137.9
0,137.9
0,137.9
1,137.9
1,134.9
2,134.9
2,134.9
3,134.9
3,134.9
4,134.9
4,132.9
5,132.9
5,132.9
6,132.9
6,132.9
0,132.9
0,131.9
1,131.9
1,131.9
2,131.9
2,131.9
3,131.9
3,158.9
4,158.9
4,158.9
5,158.9
5,158.9
6,158.9
6,158.9
0,158.9
0,158.9
1,158.9
1,158.9
2,158.9
2,158.9
3,158.9
3,158.9
4,158.9
4,158.9
5,158.9
5,155.9
6,155.9
6,155.9
0,155.9
0,155.9
1,155.9
1,151.9
2,151.9
2,148.9
3,148.9
3,148.9
4,148.9
4,148.9
5,148.9
5,148.9
6,148.9
6,148.9
0,148.9
0,148.9
1,148.9
1,148.9
2,148.9
2,144.9
3,144.9
3,144.9
4,144.9
4,144.9
5,144.9
5,144.9
6,144.9
6,144.9
0,144.9
0,144.9
1,144.9
1,144.9
2,144.9
2,144.9
3,158.9
3,158.9
4,158.9
4,158.9
5,158.9
5,158.9
6,158.9
6,158.9
0,158.9
0,158.9
1,158.9
1,158.9
2,158.9
2,158.9
3,156.9
3,156.9
4,156.9
4,154.9
5,154.9
5,154.9
6,154.9
6,154.9
0,154.9
0,143.9
1,143.9
1,139.9
2,139.9
2,139.9
3,139.9
3,137.9
4,137.9
4,137.9
5,137.9
5,136.9
6,136.9
6,136.9
0,136.9
0,136.9
1,136.9
1,136.9
2,133.9
2,133.9
3,133.9
3,133.9
4,133.9
4,133.9
5,133.9
5,133.9
6,133.9
6,133.9
0,133.9
0,133.9
1,133.9
1,160.9
2,160.9
2,160.9
3,160.9
3,160.9
4,160.9
4,160.9
5,160.9
5,160.9
6,160.9
6,160.9
0,160.9
0,160.9
1,160.9
1,158.9
2,157.9
2,155.9
3,155.9
3,154.9
4,154.9
4,152.23333333333335
5,152.23333333333335
5,152.23333333333335
6,152.23333333333335
6,152.23333333333335
0,152.23333333333335
0,148.9
1,148.9
1,148.9
2,148.9
2,148.9
3,148.9
3,148.9
4,148.9
4,143.9
5,143.9
5,143.9
6,143.9
6,143.9
0,143.9
0,143.9
1,140.9
1,140.9
2,140.9
2,140.9
3,139.9
3,134.9
4,134.9
4,130.9
5,130.9
5,130.9
6,130.9
6,130.9
0,130.9
0,130.9
1,130.9
1,128.9
2,128.9
2,128.9
3,128.9
3,128.9
4,128.9
4,126.9
5,126.9
5,126.9
6,126.9
6,126.9
0,126.9
0,126.9
1,126.9
1,126.9
2,126.9
2,126.9
3,126.9
3,150.9
4,150.9
4,150.9
5,150.9
5,150.9
6,150.9
6,150.9
0,150.9
0,150.9
1,150.9
1,150.9
2,150.9
2,150.9
3,150.9
3,150.9
4,150.9
4,148.9
5,148.9
5,146.9
6,146.9
6,144.9
0,144.9
0,139.9
1,139.9
1,139.9
2,139.9
2,139.9
3,139.9
3,139.9
4,137.9
4,136.9
5,136.9
5,136.9
6,136.9
6,135.9
0,135.9
0,134.9
1,134.9
1,133.9
2,133.9
2,131.9
3,131.9
3,130.9
4,130.9
4,130.9
5,130.9
5,130.9
6,130.9
6,130.9
0,130.9
0,127.7
1,127.7
1,127.7
2,127.7
2,127.7
3,127.7
3,127.7
4,127.7
4,153.9
5,153.9
5,153.9
6,153.9
6,153.9
0,153.9
0,153.9
1,153.9
1,153.9
2,153.9
2,153.9
3,153.9
3,151.9
4,151.9
4,150.9
5,150.9
5,150.9
6,150.9
6,150.9
0,150.9
0,150.9
1,150.9
1,146.9
2,145.9
2,138.9
3,138.9
3,138.9
4,138.9
4,137.9
5,137.9
5,137.9
6,137.9
6,137.9
0,137.9
0,136.9
1,136.4
1,136.4
2,136.4
2,136.4
3,136.4
3,132.4
4,132.4
4,132.4
5,132.4
5,132.4
6,132.4
6,128.9
0,128.9
0,127.9
1,143.4
1,125.9
2,125.4
2,125.4
3,124.4
3,124.4
4,123.9
4,123.9
5,123.9
5,123.9
6,123.9
6,123.9
0,123.9
0,161.9
1,161.4
1,161.4
2,160.9
2,160.9
3,160.9
3,158.9
4,158.4
4,156.9
5,156.9
5,156.9
6,156.9
6,156.9
0,155.9
0,151.9
1,151.9
1,150.9
2,149.9
2,149.9
3,148.9
3,146.9
4,145.9
4,145.9
5,144.9
5,143.9
6,143.9
6,143.9
0,143.9
0,137.9
1,137.9
1,137.9
2,137.9
2,137.9
3,137.9
3,137.9
4,131.9
4,131.9
5,130.9
5,130.9
6,130.9
6,130.9
0,130.9
0,128.9
1,128.9
1,128.9
2,128.9
2,128.9
3,128.9
3,128.9
4,161.9
4,161.9
5,161.9
5,161.9
6,161.9
6,161.9
0,161.9
0,161.9
1,161.9
1,160.9
2,160.9
2,158.9
3,158.9
3,156.9
4,156.9
4,156.9
5,153.9
5,153.9
6,153.9
6,153.9
0,153.9
0,153.9
1,148.9
1,148.9
2,148.9
2,148.9
3,148.9
3,146.9
4,140.9
4,140.9
5,140.9
5,136.9
6,136.9
6,135.9
0,135.9
0,135.4
1,135.4
1,133.9
2,133.9
2,133.9
3,132.9
3,132.9
4,131.9
4,163.9
5,163.9
5,163.9
6,163.9
6,163.9
0,163.9
0,163.9
1,163.9
1,163.9
2,162.9
2,162.9
3,162.9
3,158.9
4,158.9
4,158.9
5,158.9
5,158.9
6,158.9
6,158.9
0,156.9
0,156.9
1,156.9
1,156.9
2,156.9
2,156.9
3,154.9
3,154.9
4,154.9
4,154.9
5,154.9
5,154.9
6,154.9
6,154.9
0,154.9
0,152.9
1,150.9
1,150.23333333333335
2,148.9
2,148.9
3,148.9
3,148.9
4,146.9
4,146.9
5,146.9
5,146.9
6,146.9
6,168.9
0,168.9
0,168.9
1,168.9
1,168.9
2,168.9
2,166.9
3,166.9
3,166.9
4,166.9
4,166.9
5,166.9
5,166.9
6,166.9
6,163.9
0,163.9
0,162.9
1,162.9
1,162.9
2,162.9
2,160.9
3,160.9
3,160.9
4,159.5666666666667
4,159.5666666666667
5,156.9
5,156.9
6,156.9
6,156.9
0,156.9
0,156.9
1,156.9
1,156.9
2,156.9
2,156.9
3,153.9
3,151.4
4,151.4
4,148.9
5,148.9
5,148.9
6,148.9
6,148.9
0,146.9
0,144.9
1,144.9
1,144.9
2,144.9
2,144.9
3,144.9
3,144.9
4,156.9
4,168.9
5,168.9
5,168.9
6,168.9
6,168.9
0,168.9
0,168.9
1,166.9
1,166.9
2,166.9
2,166.9
3,166.9
3,166.9
4,166.9
4,166.9
5,166.9
5,166.9
6,166.9
6,166.9
0,166.9
0,166.9
1,166.9
1,166.9
2,166.9
2,163.5666666666667
3,158.9
3,158.9
4,155.9
4,155.9
5,155.9
5,155.9
6,155.9
6,155.9
0,155.9
0,155.9
1,153.9
1,153.9
2,153.9
2,152.9
3,151.9
3,150.9
4,150.9
4,150.9
5,150.9
5,150.9
6,150.9
6,150.9
0,150.9
0,150.9
1,150.9
1,150.9
2,150.9
2,150.9
3,150.9
3,149.9
4,168.9
4,168.9
5,168.9
5,168.9
6,168.9
6,168.9
0,168.9
0,168.9
1,168.9
1,168.9
2,168.9
2,167.9
3,167.9
3,167.9
4,166.9
4,165.9
5,165.23333333333335
5,165.23333333333335
6,165.23333333333335
6,165.23333333333335
0,165.23333333333335
0,160.9
1,160.9
1,160.9
2,160.9
2,158.9
3,158.9
3,158.9
4,158.9
4,158.9
5,158.9
5,148.9
6,148.9
6,148.9
0,148.9
0,148.9
1,143.9
1,143.9
2,141.9
2,141.9
3,141.9
3,141.9
4,141.9
4,141.9
5,141.9
5,141.9
6,141.9
6,141.9
0,141.9
0,141.9
1,140.9
1,140.9
2,140.9
2,140.9
3,140.9
3,140.9
4,140.9
4,139.9
5,139.9
5,139.9
6,139.9
6,139.9
0,139.9
0,139.9
1,139.9
1,139.9
2,139.9
2,139.9
3,139.9
3,139.9
4,139.9
4,139.9
5,139.9
5,139.9
6,139.9
6,139.9
0,139.9
0,139.9
1,139.9
1,139.9
2,139.9
2,139.9
3,159.23333333333335
3,159.23333333333335
4,159.23333333333335
4,167.9
5,167.9
5,167.9
6,167.9
6,167.9
0,166.9
0,165.9
1,164.8
1,164.8
2,164.8
2,162.7
3,162.7
3,162.7
4,160.7
4,159.9
5,156.9
5,154.9
6,154.9
6,154.9
0,154.9
0,153.9
1,153.9
1,152.9
2,150.9
2,149.9
3,147.9
3,147.9
4,146.9
4,145.9
5,145.9
5,141.9
6,141.9
6,141.9
0,140.9
0,140.9
1,140.9
1,140.5666666666667
2,139.9
2,139.9
3,139.9
3,139.9
4,139.9
4,139.9
5,139.9
5,139.9
6,139.9
6,139.9
0,139.9
0,168.9
1,168.9
1,168.9
2,168.9
2,168.9
3,163.9
3,163.9
4,158.9
4,156.9
5,155.5666666666667
5,155.5666666666667
6,155.5666666666667
6,152.9
0,151.9
0,150.9
1,150.9
1,147.4
2,145.9
2,145.9
3,144.4
3,144.4
4,144.4
4,142.9
5,142.9
5,142.9
6,142.9
6,142.9
0,142.9
0,142.9
1,142.9
1,142.9
2,142.9
2,142.9
3,142.9
3,142.9
4,142.9
4,142.9
5,142.9
5,142.9
6,142.9
6,142.9
0,142.9
0,142.9
1,142.9
1,142.9
2,142.9
2,142.9
3,142.9
3,171.9
4,171.9
4,171.9
5,171.9
5,171.9
6,171.9
6,171.9
0,170.9
0,170.9
1,170.9
1,168.9
2,168.9
2,168.9
3,166.9
3,166.9
4,166.9
4,166.9
5,166.9
5,166.9
6,166.9
6,166.9
0,164.9
0,163.9
1,163.9
1,162.5666666666667
2,160.5666666666667
2,158.7
3,158.7
3,156.7
4,156.03333333333333
4,153.7
5,153.7
5,153.7
6,150.7
6,150.7
0,150.7
0,150.7
1,150.7
1,149.7
2,149.7
2,148.4
3,175.9
3,175.9
4,175.9
4,175.9
5,175.9
5,175.9
6,175.9
6,175.9
