0,138.95
0,138.95
1,138.95
1,138.95
2,128.9
2,128.9
3,126.4
3,126.4
4,126.0
4,126.0
5,126.0
5,126.0
6,126.0
6,126.0
0,126.0
0,125.85
1,125.85
1,125.85
2,115.9
2,115.8
3,115.94285714285716
3,116.15
4,116.15
4,116.15
5,115.94999999999999
5,115.94999999999999
6,115.94999999999999
6,115.94999999999999
0,115.94999999999999
0,115.94999999999999
1,115.94999999999999
1,115.94999999999999
2,114.89999999999999
2,114.89999999999999
3,114.35
3,114.35
4,114.35
4,114.35
5,114.35
5,114.5
6,114.4
6,114.4
0,114.4
0,114.4
1,114.4
1,114.4
2,121.9
2,121.9
3,121.9
3,121.9
4,121.9
4,121.9
5,121.9
5,121.9
6,121.85
6,121.85
0,121.85
0,121.85
1,121.85
1,121.85
2,121.8
2,121.8
3,121.8
3,121.8
4,121.8
4,121.8
5,121.8
5,121.8
6,121.8
6,121.8
0,121.8
0,121.8
1,121.8
1,121.8
2,147.9
2,147.9
3,147.9
3,147.9
4,147.85000000000002
4,147.95
5,147.85000000000002
5,147.85000000000002
6,139.20000000000002
6,139.20000000000002
0,139.20000000000002
0,139.20000000000002
1,139.20000000000002
1,139.20000000000002
2,139.20000000000002
2,139.20000000000002
3,139.20000000000002
3,139.20000000000002
4,139.20000000000002
4,139.20000000000002
5,121.85
5,121.85
6,121.85
6,121.85
0,121.85
0,121.85
1,121.85
1,121.85
2,121.95
2,121.95
3,121.95
3,121.95
4,121.95
4,121.95
5,121.95
5,121.95
6,121.95
6,121.95
0,121.95
0,121.95
1,121.95
1,121.95
2,121.95
2,121.95
3,121.95
3,121.95
4,121.95
4,121.95
5,121.95
5,121.95
6,121.95
6,121.95
0,121.95
0,121.95
1,121.95
1,121.95
2,121.95
2,121.95
3,121.95
3,121.95
4,121.95
4,121.95
5,121.95
5,121.95
6,121.95
6,121.95
0,121.95
0,121.95
1,121.95
1,121.95
2,121.95
2,121.95
3,121.95
3,121.95
4,121.95
4,121.95
5,121.95
5,121.95
6,121.95
6,121.95
0,121.95
0,121.95
1,121.95
1,121.95
2,121.95
2,121.95
3,121.95
3,121.95
4,121.95
4,121.95
5,121.95
5,121.95
6,121.95
6,121.95
0,121.95
0,121.95
1,121.95
1,121.95
2,121.95
2,121.95
3,121.95
3,121.95
4,121.95
4,121.95
5,121.95
5,121.95
6,121.95
6,121.95
0,121.95
0,121.95
1,121.95
1,121.95
2,121.95
2,121.95
3,121.95
3,121.95
4,121.95
4,121.95
5,121.95
5,121.95
6,121.95
6,121.95
0,121.95
0,121.95
1,121.95
1,121.95
2,121.95
2,121.95
3,121.95
3,121.95
4,121.95
4,121.95
5,121.95
5,121.95
6,121.95
6,121.95
0,121.95
0,121.95
1,121.95
1,121.95
2,121.95
2,121.95
3,121.95
3,121.95
4,121.95
4,121.95
5,121.95
5,121.95
6,121.95
6,121.95
0,121.95
0,121.95
1,121.95
1,121.95
2,121.95
2,121.95
3,121.95
3,121.95
4,121.95
4,121.95
5,121.95
5,121.95
6,121.95
6,121.95
0,121.95
0,121.95
1,121.95
1,121.95
2,121.95
2,121.95
3,121.95
3,121.95
4,151.0
4,150.9
5,150.85000000000002
5,150.9
6,150.9
6,150.9
0,150.9
0,150.9
1,150.9
1,150.9
2,150.9
2,150.9
3,150.9
3,150.9
4,150.9
4,150.95
5,150.95
5,150.95
6,150.95
6,150.95
0,150.95
0,150.9
1,150.9
1,150.9
2,150.9
2,150.9
3,150.9
3,150.9
4,150.9
4,150.9
5,150.9
5,150.9
6,150.9
6,150.85000000000002
0,150.85000000000002
0,150.85000000000002
1,150.85000000000002
1,150.85000000000002
2,150.8
2,150.9
3,150.9
3,150.9
4,150.9
4,150.95
5,151.0
5,148.9
6,148.9
6,148.9
0,148.9
0,148.9
1,148.9
1,148.9
2,148.9
2,148.9
3,151.0
3,150.9
4,147.43333333333334
4,147.43333333333334
5,147.43333333333334
5,147.43333333333334
6,147.43333333333334
6,147.43333333333334
0,147.43333333333334
0,142.7
1,142.7
1,142.7
2,142.7
2,142.7
3,142.7
3,145.75
4,145.75
4,145.75
5,145.75
5,145.75
6,145.75
6,145.75
0,145.75
0,165.9
1,165.9
1,165.9
2,165.95
2,165.95
3,165.95
3,165.95
4,165.95
4,165.95
5,165.95
5,165.95
6,165.95
6,165.95
0,165.95
0,165.95
1,165.95
1,165.95
2,165.95
2,165.95
3,164.9
3,163.9
4,163.9
4,163.9
5,163.9
5,163.9
6,163.95
6,163.95
0,163.85000000000002
0,161.45
1,161.45
1,161.45
2,161.45
2,161.45
3,161.45
3,160.95
4,160.95
4,160.95
5,160.95
5,160.85000000000002
6,160.85000000000002
6,160.85000000000002
0,160.9
0,160.9
1,160.95
1,160.95
2,160.95
2,160.95
3,160.95
3,160.85000000000002
4,160.85000000000002
4,158.9
5,158.9
5,158.95
6,158.95
6,158.85000000000002
0,158.95
0,156.7
1,155.9
1,155.9
2,155.9
2,155.53333333333333
3,155.53333333333333
3,155.53333333333333
4,155.53333333333333
4,155.53333333333333
5,149.9
5,148.9
6,148.9
6,148.9
0,148.9
0,148.9
1,148.9
1,148.9
2,148.9
2,148.9
3,148.9
3,148.9
4,148.9
4,148.9
5,148.9
5,148.9
6,148.9
6,148.9
0,148.9
0,148.9
1,148.9
1,148.9
2,148.9
2,148.9
3,148.9
3,148.9
4,148.9
4,148.9
5,148.9
5,148.9
6,148.9
6,148.9
0,148.9
0,147.4
1,147.4
1,147.4
2,147.4
2,147.4
3,147.4
3,147.4
4,147.4
4,147.4
5,147.4
5,147.4
6,147.4
6,147.4
0,147.4
0,147.4
1,147.4
1,147.4
2,147.4
2,147.4
3,147.4
3,147.4
4,147.4
4,147.4
5,147.4
5,147.4
6,147.4
6,147.4
0,147.4
0,147.4
1,147.4
1,147.9
2,147.9
2,147.9
3,147.9
3,147.9
4,147.9
4,147.9
5,147.9
5,147.9
6,147.9
6,147.9
0,147.9
0,144.9
1,144.9
1,144.9
2,144.9
2,144.9
3,144.9
3,144.9
4,144.9
4,144.9
5,144.9
5,144.9
6,144.9
6,144.9
0,144.9
0,144.9
1,144.9
1,143.9
2,143.9
2,143.9
3,143.23333333333335
3,143.23333333333335
4,143.23333333333335
4,143.23333333333335
5,143.23333333333335
5,143.23333333333335
6,143.23333333333335
6,143.23333333333335
0,143.23333333333335
0,143.23333333333335
1,143.23333333333335
1,143.23333333333335
2,143.23333333333335
2,143.23333333333335
3,143.23333333333335
3,143.23333333333335
4,143.23333333333335
4,143.23333333333335
5,143.23333333333335
5,143.23333333333335
6,143.23333333333335
6,143.23333333333335
0,143.23333333333335
0,143.23333333333335
1,143.23333333333335
1,158.9
2,158.9
2,158.9
3,158.9
3,142.9
4,142.9
4,158.9
5,158.9
5,156.9
6,156.9
6,156.9
0,156.9
0,142.9
1,142.9
1,142.9
2,142.9
2,142.9
3,142.9
3,142.9
4,142.9
4,142.9
5,142.9
5,142.9
6,142.9
6,142.9
0,142.9
0,142.9
1,142.9
1,142.9
2,146.9
2,158.9
3,158.9
3,158.9
4,158.9
4,158.9
5,158.9
5,158.9
6,158.9
6,158.9
0,158.9
0,158.9
1,158.9
1,158.9
2,158.9
2,158.9
3,158.9
3,158.9
4,158.9
4,158.9
5,158.9
5,155.9
6,155.9
6,155.9
0,155.9
0,155.9
1,155.9
1,155.9
2,155.9
2,155.9
3,155.9
3,153.9
4,153.9
4,153.9
5,153.9
5,153.9
6,153.9
6,153.9
0,153.9
0,153.9
1,153.9
1,150.7
2,150.7
2,150.7
3,150.7
3,150.7
4,150.7
4,147.5
5,147.5
5,147.5
6,147.5
6,147.5
0,147.5
0,147.5
1,147.5
1,144.9
2,142.9
2,144.7
3,143.9
3,140.4
4,137.9
4,136.9
5,136.9
5,136.9
6,136.9
6,136.9
0,136.9
0,136.9
1,136.9
1,136.9
2,136.9
2,136.9
3,136.9
3,136.9
4,136.9
4,136.9
5,136.9
5,135.7
6,135.7
6,135.7
0,135.7
0,135.7
1,135.7
1,135.7
2,135.7
2,135.7
3,135.7
3,135.7
4,135.7
4,135.7
5,135.7
5,135.7
6,135.7
6,135.7
0,135.7
0,135.7
1,135.7
1,134.7
2,133.7
2,133.7
3,133.7
3,133.7
4,133.7
4,133.7
5,133.7
5,133.7
6,133.7
6,133.7
0,133.7
0,133.7
1,133.7
1,133.7
2,133.7
2,133.7
3,133.7
3,133.7
4,131.6
4,129.2
5,129.2
5,129.2
6,129.2
6,129.2
0,129.2
0,129.2
1,129.2
1,129.2
2,129.2
2,126.7
3,126.7
3,126.7
4,126.7
4,126.7
5,126.7
5,126.7
6,126.7
6,126.7
0,126.7
0,126.7
1,126.6
1,126.6
2,126.6
2,126.6
3,126.6
3,126.6
4,126.6
4,126.6
5,126.6
5,126.6
6,126.6
6,126.6
0,126.6
0,140.9
1,140.9
1,126.6
2,126.6
2,126.6
3,126.6
3,126.6
4,126.6
4,126.6
5,126.6
5,126.6
6,126.6
6,126.6
0,126.6
0,126.6
1,126.6
1,126.6
2,126.6
2,126.6
3,126.6
3,126.6
4,126.6
4,126.6
5,126.6
5,126.6
6,126.6
6,126.6
0,126.6
0,125.9
1,125.9
1,125.9
2,125.9
2,125.9
3,125.9
3,125.5
4,125.5
4,125.5
5,125.5
5,124.9
6,124.9
6,124.9
0,124.9
0,124.9
1,124.9
1,124.9
2,124.9
2,124.9
3,124.9
3,124.9
4,124.9
4,124.9
5,124.9
5,124.9
6,124.9
6,124.9
0,124.9
0,124.9
1,124.9
1,124.9
2,124.9
2,124.9
3,124.9
3,153.9
4,153.9
4,153.9
5,153.9
5,153.9
6,153.9
6,153.9
0,151.9
0,151.9
1,149.9
1,146.9
2,146.9
2,145.9
3,144.4
3,141.9
4,141.9
4,138.4
5,136.9
5,136.9
6,136.4
6,136.4
0,135.9
0,134.9
1,134.4
1,134.4
2,134.4
2,134.4
3,134.4
3,132.9
4,130.9
4,130.9
5,130.9
5,130.9
6,130.9
6,128.9
0,128.9
0,128.9
1,128.9
1,128.9
2,128.4
2,128.4
3,127.9
3,127.9
4,127.9
4,127.9
5,127.9
5,127.9
6,127.9
6,127.9
0,127.9
0,127.9
1,127.9
1,127.9
2,134.4
2,134.4
3,140.9
3,140.9
4,140.9
4,140.9
5,140.9
5,140.9
6,140.9
6,140.9
0,140.9
0,140.9
1,140.9
1,140.9
2,140.9
2,140.9
3,140.9
3,140.9
4,140.9
4,140.9
5,140.9
5,140.9
6,140.9
6,140.9
0,140.9
0,138.7
1,138.7
1,137.9
2,137.9
2,135.9
3,135.9
3,135.9
4,135.9
4,134.9
5,134.9
5,134.9
6,134.9
6,134.9
0,134.9
0,132.9
1,132.9
1,132.9
2,132.9
2,132.9
3,132.9
3,132.9
4,132.9
4,132.9
5,132.9
5,132.9
6,132.9
6,132.9
0,132.9
0,132.9
1,132.9
1,132.9
2,132.9
2,132.9
3,160.9
3,160.9
4,160.9
4,132.7
5,132.7
5,132.7
6,132.7
6,132.7
0,132.7
0,132.7
1,132.7
1,132.7
2,132.7
2,132.7
3,132.7
3,132.7
4,132.7
4,132.7
5,132.7
5,132.7
6,132.7
6,132.7
0,132.7
0,132.7
1,132.7
1,132.7
2,132.7
2,132.7
3,132.7
3,132.7
4,132.7
4,132.7
5,132.7
5,132.7
6,163.9
6,163.9
0,163.9
0,163.9
1,163.9
1,163.9
2,163.9
2,163.9
3,163.9
3,163.9
4,163.9
4,163.9
5,163.9
5,163.9
6,163.9
6,163.9
0,163.9
0,163.9
1,163.9
1,163.9
2,163.9
2,161.9
3,161.9
3,160.9
4,160.9
4,160.9
5,160.9
5,160.9
6,160.9
6,160.9
0,160.9
0,154.9
1,154.9
1,153.4
2,153.4
2,151.4
3,151.4
3,149.9
4,148.9
4,147.4
5,147.4
5,145.9
6,144.9
6,144.9
0,144.9
0,143.4
1,141.9
1,141.9
2,141.9
2,140.9
3,140.9
3,140.9
4,140.9
4,140.9
5,154.9
5,154.9
6,154.9
6,154.9
0,154.9
0,154.9
1,154.9
1,154.9
2,154.9
2,153.4
3,153.4
3,150.9
4,150.9
4,150.9
5,150.9
5,150.9
6,150.9
6,150.9
0,150.9
0,150.9
1,150.9
1,150.9
2,150.9
2,150.9
3,150.9
3,150.9
4,150.9
4,150.9
5,150.9
5,150.9
6,150.9
6,150.9
0,150.9
0,148.9
1,147.9
1,146.9
2,145.9
2,145.9
3,145.9
3,145.9
4,145.9
4,145.9
5,145.9
5,168.9
6,168.9
6,168.9
0,168.9
0,168.9
1,168.9
1,168.9
2,166.9
2,166.9
3,166.9
3,166.9
4,166.9
4,166.9
5,166.9
5,166.9
6,166.9
6,166.9
0,166.9
0,166.9
1,166.9
1,166.9
2,166.9
2,166.9
3,166.9
3,166.9
4,166.9
4,166.9
5,166.9
5,166.9
6,166.9
6,166.9
0,166.9
0,166.9
1,166.9
1,166.9
2,166.9
2,166.9
3,166.9
3,165.9
4,165.9
4,165.9
5,165.9
5,165.9
6,165.9
6,165.9
0,165.9
0,165.9
1,165.9
1,165.9
2,165.9
2,165.9
3,165.9
3,165.9
4,165.9
4,165.9
5,165.9
5,165.9
6,165.9
6,165.9
0,165.9
0,168.9
1,168.9
1,168.9
2,168.9
2,168.9
3,168.9
3,168.9
4,168.9
4,168.9
5,168.9
5,168.9
6,168.9
6,168.9
0,168.9
0,166.9
1,166.9
1,160.9
2,158.9
2,158.9
3,156.9
3,156.9
4,156.9
4,156.9
5,156.9
5,156.9
6,156.9
6,156.9
0,156.9
0,154.9
1,154.9
1,154.9
2,154.9
2,154.9
3,154.9
3,154.9
4,154.9
4,154.9
5,154.9
5,154.9
6,154.9
6,154.9
0,151.7
0,151.7
1,151.7
1,151.7
2,151.7
2,151.7
3,151.7
3,151.7
4,151.7
4,151.7
5,151.7
5,151.7
6,151.7
6,151.7
0,151.7
0,151.7
1,151.7
1,151.7
2,151.7
2,151.7
3,151.7
3,151.7
4,151.7
4,151.7
5,151.7
5,151.7
6,151.7
6,151.7
0,151.7
0,151.7
1,151.7
1,151.7
2,150.7
2,150.7
3,150.7
3,150.7
4,168.9
4,168.9
5,168.9
5,168.9
6,168.9
6,168.9
0,168.9
0,168.9
1,168.9
1,167.9
2,167.9
2,167.23333333333335
3,167.23333333333335
3,167.23333333333335
4,166.4
4,165.9
5,165.9
5,165.9
6,165.9
6,165.9
0,165.9
0,163.9
1,163.9
1,163.9
2,163.9
2,160.9
3,156.7
3,154.15
4,151.9
4,151.9
5,151.9
5,151.9
6,151.9
6,149.9
0,147.9
0,147.9
1,147.9
1,147.9
2,147.9
2,146.4
3,146.4
3,146.4
4,143.9
4,143.9
5,143.9
5,143.9
6,143.9
6,143.9
0,140.9
0,140.9
1,140.9
1,140.9
2,168.9
2,168.9
3,168.9
3,168.9
4,159.7
4,159.7
5,159.7
5,159.7
6,159.7
6,158.9
0,158.9
0,158.9
1,158.9
1,158.9
2,156.9
2,156.9
3,156.9
3,155.5666666666667
4,155.5666666666667
4,155.5666666666667
5,155.5666666666667
5,155.5666666666667
6,155.5666666666667
6,155.5666666666667
0,152.9
0,152.9
1,152.9
1,152.9
2,152.9
2,152.9
3,151.5666666666667
3,151.5666666666667
4,151.5666666666667
4,151.5666666666667
5,151.5666666666667
5,151.5666666666667
6,151.5666666666667
6,151.5666666666667
0,151.5666666666667
0,151.5666666666667
1,151.5666666666667
1,151.5666666666667
2,151.5666666666667
2,151.5666666666667
3,151.5666666666667
3,148.9
4,148.9
4,148.9
5,148.9
5,148.9
6,148.9
6,148.9
0,170.9
0,170.9
1,170.9
1,170.9
2,170.9
2,170.9
3,170.9
3,170.9
4,168.9
4,168.9
5,168.9
5,168.9
6,168.9
6,168.9
0,168.9
0,168.9
1,168.9
1,168.9
2,168.9
2,168.9
3,168.9
3,168.9
4,166.9
4,166.9
5,166.9
5,166.9
6,166.9
6,166.9
0,166.9
0,166.9
1,165.9
1,165.9
2,165.9
2,165.9
3,165.9
3,170.9
4,170.9
4,165.9
5,165.9
5,165.9
6,165.9
6,165.9
