0,133.9
0,133.9
1,131.9
1,131.9
2,128.9
2,128.9
3,128.9
3,128.9
4,128.9
4,128.9
5,128.9
5,128.9
6,128.9
6,127.9
0,127.9
0,127.9
1,123.9
1,123.9
2,141.9
2,143.9
3,122.9
3,122.9
4,119.9
4,119.9
5,119.9
5,119.9
6,119.9
6,119.9
0,119.9
0,119.9
1,119.9
1,119.9
2,145.9
2,145.9
3,145.9
3,145.9
4,145.9
4,146.0
5,145.9
5,145.9
6,145.9
6,145.9
0,145.9
0,145.9
1,145.9
1,145.9
2,145.9
2,145.9
3,142.4
3,142.4
4,139.9
4,134.9
5,134.4
5,134.3
6,134.4
6,134.4
0,129.9
0,129.9
1,129.9
1,129.9
2,129.9
2,129.9
3,125.9
3,121.9
4,121.7
4,121.7
5,121.7
5,121.7
6,121.7
6,121.7
0,121.7
0,121.7
1,119.7
1,119.7
2,129.0666666666667
2,129.0666666666667
3,129.0666666666667
3,129.0666666666667
4,146.9
4,146.9
5,146.23333333333335
5,146.23333333333335
6,146.23333333333335
6,146.23333333333335
0,144.9333333333333
0,144.9333333333333
1,142.4
1,142.4
2,141.23333333333335
2,139.9
3,139.6
3,139.6
4,136.62
4,136.62
5,136.62
5,135.4
6,134.9
6,134.5
0,133.9
0,133.9
1,127.9
1,127.9
2,127.9
2,127.9
3,149.9
3,149.9
4,149.9
4,149.9
5,149.9
5,149.9
6,149.9
6,149.9
0,150.0
0,149.9
1,149.9
1,149.9
2,143.9
2,143.9
3,143.825
3,143.825
4,143.825
4,143.825
5,143.825
5,143.825
6,143.825
6,143.825
0,143.825
0,143.825
1,143.825
1,143.825
2,143.825
2,143.825
3,143.825
3,143.825
4,143.825
4,143.825
5,143.825
5,143.825
6,143.825
6,143.825
0,143.825
0,143.825
1,143.825
1,143.825
2,143.825
2,143.825
3,143.825
3,143.825
4,143.825
4,143.825
5,143.825
5,143.825
6,143.825
6,143.825
0,143.825
0,143.825
1,143.825
1,143.825
2,143.825
2,143.825
3,143.825
3,143.825
4,143.825
4,143.825
5,143.825
5,143.825
6,143.825
6,143.825
0,143.825
0,143.825
1,143.825
1,143.825
2,143.825
2,143.825
3,143.825
3,143.825
4,143.825
4,143.825
5,143.825
5,143.825
6,143.825
6,143.825
0,143.825
0,143.825
1,143.825
1,143.825
2,143.825
2,143.825
3,143.825
3,143.825
4,143.825
4,143.825
5,143.825
5,143.825
6,143.825
6,143.825
0,143.825
0,143.825
1,143.825
1,143.825
2,143.825
2,143.825
3,143.825
3,143.825
4,143.825
4,143.825
5,143.825
5,143.825
6,143.825
6,143.825
0,143.825
0,143.825
1,143.825
1,143.825
2,143.825
2,143.825
3,143.825
3,143.825
4,143.825
4,143.825
5,143.825
5,143.825
6,143.825
6,143.825
0,143.825
0,143.825
1,143.825
1,143.825
2,143.825
2,143.825
3,143.825
3,143.825
4,143.825
4,143.825
5,143.825
5,143.825
6,143.825
6,143.825
0,143.825
0,143.825
1,143.825
1,143.825
2,143.825
2,143.825
3,143.825
3,143.825
4,152.9
4,152.9
5,152.9
5,152.9
6,152.9
6,152.9
0,152.9
0,152.9
1,152.9
1,152.9
2,152.9
2,152.9
3,152.9
3,152.9
4,152.4
4,152.35000000000002
5,152.35000000000002
5,152.35000000000002
6,152.35000000000002
6,152.35000000000002
0,152.35000000000002
0,150.9
1,150.23333333333335
1,150.23333333333335
2,150.23333333333335
2,150.23333333333335
3,150.23333333333335
3,150.23333333333335
4,150.23333333333335
4,150.23333333333335
5,150.23333333333335
5,150.23333333333335
6,150.23333333333335
6,150.23333333333335
0,149.95
0,149.95
1,149.95
1,149.95
2,149.95
2,149.95
3,149.95
3,147.9
4,147.9
4,147.4
5,147.4
5,146.9
6,146.9
6,146.9
0,146.9
0,146.9
1,146.9
1,146.9
2,146.9
2,146.9
3,146.9
3,146.9
4,146.9
4,146.9
5,146.9
5,146.9
6,146.9
6,146.9
0,146.9
0,146.9
1,146.9
1,146.23333333333335
2,152.23333333333335
2,152.23333333333335
3,152.23333333333335
3,152.23333333333335
4,152.23333333333335
4,163.95
5,163.95
5,163.95
6,163.95
6,163.95
0,163.95
0,163.95
1,162.9
1,162.9
2,162.9
2,162.9
3,162.9
3,162.9
4,162.9
4,162.9
5,162.9
5,162.9
6,162.9
6,162.9
0,162.9
0,162.9
1,162.9
1,162.9
2,162.9
2,162.9
3,162.9
3,157.9
4,157.9
4,157.9
5,157.9
5,157.9
6,157.9
6,157.9
0,150.4
0,150.4
1,150.4
1,150.4
2,147.4
2,147.4
3,147.4
3,147.4
4,145.3
4,145.10000000000002
5,145.10000000000002
5,142.03333333333333
6,142.03333333333333
6,140.35000000000002
0,140.35000000000002
0,139.9
1,139.9
1,139.3
2,139.3
2,139.3
3,134.9
3,134.9
4,134.9
4,137.23333333333332
5,137.23333333333332
5,137.23333333333332
6,137.23333333333332
6,137.23333333333332
0,137.23333333333332
0,136.56666666666666
1,161.9
1,161.9
2,161.9
2,136.4
3,136.4
3,154.73333333333332
4,154.73333333333332
4,154.73333333333332
5,154.73333333333332
5,137.9
6,137.9
6,137.9
0,137.9
0,137.9
1,137.56666666666666
1,137.56666666666666
2,137.56666666666666
2,163.9
3,163.9
3,163.9
4,163.9
4,163.9
5,163.9
5,163.9
6,163.9
6,163.9
0,163.9
0,163.9
1,163.9
1,163.9
2,163.9
2,163.9
3,163.9
3,162.9
4,162.9
4,161.77500000000003
5,161.77500000000003
5,161.77500000000003
6,161.77500000000003
6,161.77500000000003
0,161.77500000000003
0,161.77500000000003
1,161.77500000000003
1,158.4
2,158.4
2,158.4
3,158.4
3,158.4
4,158.4
4,158.4
5,158.4
5,158.4
6,158.4
6,158.4
0,158.4
0,154.9
1,154.9
1,153.9
2,153.9
2,150.9
3,150.9
3,150.9
4,150.9
4,150.9
5,150.9
5,150.9
6,150.9
6,149.9
0,149.9
0,149.23333333333335
1,149.23333333333335
1,149.23333333333335
2,149.23333333333335
2,149.23333333333335
3,149.23333333333335
3,149.23333333333335
4,142.23333333333335
4,140.9
5,140.9
5,140.9
6,140.9
6,140.9
0,140.9
0,140.9
1,140.9
1,140.9
2,140.9
2,140.9
3,140.9
3,140.9
4,140.9
4,138.9
5,138.9
5,138.9
6,138.9
6,138.9
0,138.9
0,136.9
1,136.9
1,135.23333333333335
2,135.23333333333335
2,135.23333333333335
3,135.23333333333335
3,133.4
4,133.4
4,133.4
5,133.4
5,133.4
6,133.4
6,132.4
0,132.4
0,132.4
1,132.4
1,132.4
2,131.4
2,131.4
3,131.4
3,149.73333333333335
4,149.73333333333335
4,149.73333333333335
5,149.73333333333335
5,149.73333333333335
6,149.73333333333335
6,149.73333333333335
0,149.73333333333335
0,149.73333333333335
1,149.73333333333335
1,149.73333333333335
2,149.73333333333335
2,149.73333333333335
3,149.73333333333335
3,149.73333333333335
4,149.73333333333335
4,156.275
5,156.275
5,156.275
6,156.275
6,156.275
0,156.275
0,153.73333333333335
1,153.73333333333335
1,152.0666666666667
2,152.0666666666667
2,152.0666666666667
3,152.0666666666667
3,152.0666666666667
4,152.0666666666667
4,152.0666666666667
5,152.0666666666667
5,152.0666666666667
6,152.0666666666667
6,152.0666666666667
0,152.0666666666667
0,149.15
1,149.15
1,149.15
2,149.15
2,149.15
3,149.15
3,146.9
4,146.9
4,146.9
5,146.9
5,146.9
6,146.4
6,146.4
0,146.4
0,146.4
1,146.4
1,146.4
2,146.4
2,146.4
3,146.4
3,146.4
4,146.4
4,146.4
5,146.4
5,146.4
6,146.4
6,146.4
0,146.4
0,146.4
1,146.4
1,146.4
2,146.4
2,146.4
3,146.4
3,146.4
4,146.4
4,146.4
5,146.4
5,146.4
6,146.4
6,146.4
0,146.4
0,146.4
1,146.4
1,146.4
2,146.4
2,146.4
3,146.4
3,146.4
4,146.4
4,146.4
5,146.4
5,146.4
6,146.4
6,146.4
0,146.4
0,146.4
1,146.4
1,146.4
2,146.4
2,146.4
3,146.4
3,146.4
4,146.4
4,146.4
5,146.4
5,146.4
6,146.4
6,146.4
0,146.4
0,146.4
1,146.4
1,146.4
2,146.4
2,146.4
3,146.4
3,146.4
4,146.4
4,146.4
5,146.4
5,146.4
6,146.4
6,146.4
0,146.4
0,146.4
1,146.4
1,146.4
2,146.4
2,146.4
3,146.4
3,146.4
4,146.4
4,146.4
5,146.4
5,146.4
6,146.4
6,146.4
0,146.4
0,146.4
1,146.4
1,146.4
2,146.4
2,146.4
3,146.4
3,146.4
4,146.4
4,146.4
5,146.4
5,146.4
6,146.4
6,146.4
0,146.4
0,146.4
1,146.4
1,146.4
2,146.4
2,146.4
3,146.4
3,146.4
4,146.4
4,146.4
5,146.4
5,146.4
6,146.4
6,146.4
0,146.4
0,146.4
1,146.4
1,146.4
2,146.4
2,146.4
3,146.4
3,146.4
4,146.4
4,146.4
5,146.4
5,146.4
6,146.4
6,146.4
0,146.4
0,146.4
1,146.4
1,146.4
2,146.4
2,146.4
3,146.4
3,146.4
4,146.4
4,146.4
5,146.4
5,146.4
6,146.4
6,146.4
0,146.4
0,146.4
1,146.4
1,146.4
2,146.4
2,146.4
3,146.4
3,146.4
4,146.4
4,146.4
5,146.4
5,146.4
6,146.4
6,146.4
0,146.4
0,146.4
1,146.4
1,146.4
2,146.4
2,146.4
3,146.4
3,146.4
4,146.4
4,146.4
5,146.4
5,146.4
6,146.4
6,146.4
0,146.4
0,146.4
1,146.4
1,146.4
2,146.4
2,146.4
3,146.4
3,146.4
4,146.4
4,146.4
5,146.4
5,146.4
6,146.4
6,146.4
0,146.4
0,146.4
1,146.4
1,146.4
2,146.4
2,146.4
3,146.4
3,146.4
4,146.4
4,146.4
5,146.4
5,146.4
6,146.4
6,146.4
0,146.4
0,146.4
1,146.4
1,146.4
2,146.4
2,146.4
3,146.4
3,146.4
4,146.4
4,146.4
5,146.4
5,146.4
6,146.4
6,146.4
0,146.4
0,146.4
1,146.4
1,146.4
2,146.4
2,146.4
3,146.4
3,146.4
4,146.4
4,146.4
5,146.4
5,146.4
6,146.4
6,146.4
0,146.4
0,146.4
1,146.4
1,146.4
2,146.4
2,146.4
3,146.4
3,146.4
4,146.4
4,146.4
5,146.4
5,146.4
6,146.4
6,146.4
0,146.4
0,146.4
1,146.4
1,146.4
2,146.4
2,146.4
3,146.4
3,146.4
4,146.4
4,146.4
5,146.4
5,146.4
6,146.4
6,146.4
0,146.4
0,146.4
1,146.4
1,146.4
2,146.4
2,146.4
3,146.4
3,146.4
4,146.4
4,146.4
5,146.4
5,146.4
6,146.4
6,146.4
0,146.4
0,146.4
1,146.4
1,146.4
2,146.4
2,146.4
3,146.4
3,146.4
4,146.4
4,146.4
5,146.4
5,146.4
6,146.4
6,146.4
0,146.4
0,146.4
1,146.4
1,146.4
2,146.4
2,146.4
3,146.4
3,146.4
4,146.4
4,146.4
5,146.4
5,146.4
6,146.4
6,146.4
0,146.4
0,146.4
1,146.4
1,146.4
2,146.4
2,146.4
3,146.4
3,146.4
4,146.4
4,146.4
5,146.4
5,146.4
6,146.4
6,146.4
0,146.4
0,146.4
1,146.4
1,146.4
2,146.4
2,146.4
3,146.4
3,146.4
4,146.4
4,146.4
5,146.4
5,146.4
6,146.4
6,146.4
0,146.4
0,146.4
1,146.4
1,146.4
2,146.4
2,146.4
3,146.4
3,146.4
4,146.4
4,146.4
5,146.4
5,146.4
6,146.4
6,146.4
0,146.4
0,146.4
1,146.4
1,146.4
2,146.4
2,146.4
3,146.4
3,146.4
4,146.4
4,146.4
5,146.4
5,146.4
6,146.4
6,146.4
0,146.4
0,146.4
1,146.4
1,146.4
2,146.4
2,146.4
3,146.4
3,146.4
4,146.4
4,146.4
5,146.4
5,146.4
6,146.4
6,146.4
0,146.4
0,146.4
1,146.4
1,146.4
2,146.4
2,146.4
3,146.4
3,146.4
4,146.4
4,146.4
5,146.4
5,146.4
6,146.4
6,146.4
0,146.4
0,146.4
1,146.4
1,146.4
2,146.4
2,146.4
3,146.4
3,146.4
4,146.4
4,146.4
5,146.4
5,146.4
6,146.4
6,146.4
0,146.4
0,146.4
1,146.4
1,146.4
2,146.4
2,146.4
3,146.4
3,146.4
4,146.4
4,146.4
5,146.4
5,146.4
6,146.4
6,146.4
0,146.4
0,146.4
1,146.4
1,146.4
2,146.4
2,146.4
3,146.4
3,146.4
4,146.4
4,146.4
5,146.4
5,146.4
6,146.4
6,146.4
0,146.4
0,146.4
1,146.4
1,146.4
2,146.4
2,146.4
3,146.4
3,146.4
4,146.4
4,146.4
5,146.4
5,146.4
6,146.4
6,146.4
0,146.4
0,146.4
1,146.4
1,146.4
2,146.4
2,146.4
3,146.4
3,146.4
4,146.4
4,146.4
5,146.4
5,146.4
6,146.4
6,146.4
0,146.4
0,146.4
1,146.4
1,146.4
2,146.4
2,146.4
3,146.4
3,146.4
4,146.4
4,146.4
5,146.4
5,146.4
6,146.4
6,146.4
0,146.4
0,146.4
1,146.4
1,146.4
2,146.4
2,146.4
3,146.4
3,146.4
4,146.4
4,146.4
5,146.4
5,146.4
6,146.4
6,146.4
0,146.4
0,146.4
1,146.4
1,146.4
2,146.4
2,146.4
3,146.4
3,146.4
4,146.4
4,146.4
5,146.4
5,146.4
6,146.4
6,146.4
0,146.4
0,146.4
1,146.4
1,146.4
2,146.4
2,146.4
3,146.4
3,146.4
4,146.4
4,146.4
5,146.4
5,146.4
6,146.4
6,146.4
0,146.4
0,146.4
1,146.4
1,146.4
2,146.4
2,146.4
3,146.4
3,146.4
4,146.4
4,146.4
5,146.4
5,146.4
6,146.4
6,146.4
0,146.4
0,146.4
1,146.4
1,146.4
2,146.4
2,146.4
3,146.4
3,146.4
4,146.4
4,146.4
5,146.4
5,146.4
6,146.4
6,146.4
0,146.4
0,146.4
1,146.4
1,146.4
2,146.4
2,146.4
3,146.4
3,146.4
4,146.4
4,146.4
5,146.4
5,146.4
6,146.4
6,146.4
0,146.4
0,146.4
1,146.4
1,146.4
2,146.4
2,146.4
3,146.4
3,146.4
4,146.4
4,146.4
5,146.4
5,146.4
6,146.4
6,146.4
0,146.4
0,146.4
1,146.4
1,146.4
2,146.4
2,146.4
3,146.4
3,146.4
4,146.4
4,146.4
5,146.4
5,146.4
6,146.4
6,146.4
0,146.4
0,146.4
1,146.4
1,146.4
2,146.4
2,146.4
3,146.4
3,146.4
4,146.4
4,146.4
5,146.4
5,146.4
6,146.4
6,146.4
0,146.4
0,146.4
1,146.4
1,146.4
2,146.4
2,146.4
3,146.4
3,146.4
4,146.4
4,146.4
5,146.4
5,146.4
6,146.4
6,146.4
0,146.4
0,146.4
1,146.4
1,146.4
2,146.4
2,146.4
3,146.4
3,146.4
4,146.4
4,146.4
5,146.4
5,146.4
6,146.4
6,146.4
0,146.4
0,146.4
1,146.4
1,146.4
2,146.4
2,146.4
3,146.4
3,146.4
4,146.4
4,146.4
5,146.4
5,146.4
6,146.4
6,146.4
0,146.4
0,146.4
1,146.4
1,146.4
2,146.4
2,146.4
3,146.4
3,146.4
4,146.4
4,146.4
5,146.4
5,146.4
6,146.4
6,146.4
0,146.4
0,146.4
1,146.4
1,146.4
2,146.4
2,146.4
3,146.4
3,146.4
4,146.4
4,146.4
5,146.4
5,146.4
6,146.4
6,146.4
0,146.4
0,146.4
1,146.4
1,146.4
2,146.4
2,146.4
3,146.4
3,146.4
4,146.4
4,146.4
5,146.4
5,146.4
6,146.4
6,146.4
0,146.4
0,146.4
1,146.4
1,146.4
2,146.4
2,146.4
3,146.4
3,146.4
4,146.4
4,146.4
5,146.4
5,146.4
6,146.4
6,146.4
0,146.4
0,146.4
1,146.4
1,146.4
2,146.4
2,146.4
3,146.4
3,146.4
4,146.4
4,146.4
5,146.4
5,146.4
6,146.4
6,146.4
0,146.4
0,146.4
1,146.4
1,146.4
2,146.4
2,146.4
3,146.4
3,146.4
4,146.4
4,146.4
5,146.4
5,146.4
6,146.4
6,146.4
0,146.4
0,146.4
1,146.4
1,146.4
2,146.4
2,146.4
3,146.4
3,146.4
4,146.4
4,146.4
5,146.4
5,146.4
6,146.4
6,146.4
