0,124.4
0,124.4
1,122.9
1,122.9
2,122.9
2,121.9
3,119.9
3,117.9
4,117.9
4,117.9
5,117.9
5,117.9
6,117.9
6,117.9
0,117.9
0,117.9
1,116.9
1,115.15
2,115.15
2,143.9
3,114.4
3,114.4
4,114.4
4,114.4
5,114.4
5,114.4
6,114.4
6,111.9
0,111.9
0,111.9
1,111.9
1,111.9
2,147.9
2,147.9
3,147.9
3,147.9
4,147.9
4,147.9
5,143.9
5,143.9
6,143.9
6,143.9
0,142.56666666666666
0,142.56666666666666
1,141.5
1,141.5
2,140.36666666666665
2,140.36666666666665
3,137.4
3,137.4
4,137.4
4,134.9
5,134.9
5,132.9
6,132.9
6,132.9
0,129.9
0,129.9
1,129.3166666666667
1,128.4
2,126.4
2,126.4
3,126.4
3,126.4
4,121.9
4,121.9
5,121.9
5,121.7
6,121.9
6,121.9
0,120.56666666666668
0,120.56666666666668
1,120.56666666666668
1,120.56666666666668
2,119.23333333333335
2,119.23333333333335
3,147.9
3,147.9
4,146.5666666666667
4,146.5666666666667
5,145.4
5,145.4
6,144.775
6,144.775
0,140.65
0,140.65
1,139.9
1,139.9
2,138.73333333333335
2,138.73333333333335
3,136.9
3,136.9
4,135.3
4,134.9
5,134.4
5,134.4
6,133.9
6,133.9
0,132.15
0,129.9
1,126.9
1,126.9
2,125.9
2,124.76666666666667
3,149.9
3,149.9
4,149.9
4,149.9
5,147.9
5,147.9
6,147.9
6,147.9
0,147.9
0,147.9
1,147.9
1,147.9
2,147.9
2,147.9
3,147.9
3,147.9
4,145.9
4,144.9
5,144.9
5,144.9
6,144.9
6,144.9
0,144.9
0,144.9
1,144.9
1,144.9
2,144.9
2,144.9
3,144.9
3,144.9
4,144.9
4,144.9
5,144.9
5,144.9
6,144.9
6,144.9
0,144.9
0,144.9
1,144.9
1,144.9
2,144.9
2,144.9
3,144.9
3,144.9
4,144.9
4,144.9
5,144.9
5,144.9
6,144.9
6,144.9
0,144.9
0,144.9
1,144.9
1,144.9
2,144.9
2,144.9
3,144.9
3,144.9
4,144.9
4,144.9
5,144.9
5,144.9
6,144.9
6,144.9
0,144.9
0,144.9
1,144.9
1,144.9
2,144.9
2,144.9
3,144.9
3,144.9
4,144.9
4,144.9
5,144.9
5,144.9
6,144.9
6,144.9
0,144.9
0,144.9
1,144.9
1,144.9
2,144.9
2,144.9
3,144.9
3,144.9
4,144.9
4,144.9
5,144.9
5,144.9
6,144.9
6,144.9
0,144.9
0,144.9
1,144.9
1,144.9
2,144.9
2,144.9
3,144.9
3,144.9
4,144.9
4,144.9
5,144.9
5,144.9
6,144.9
6,144.9
0,144.9
0,144.9
1,144.9
1,144.9
2,144.9
2,144.9
3,144.9
3,144.9
4,144.9
4,144.9
5,144.9
5,144.9
6,144.9
6,144.9
0,144.9
0,144.9
1,144.9
1,144.9
2,144.9
2,144.9
3,144.9
3,144.9
4,144.9
4,144.9
5,144.9
5,144.9
6,144.9
6,144.9
0,144.9
0,144.9
1,144.9
1,144.9
2,144.9
2,144.9
3,144.9
3,144.9
4,152.9
4,152.9
5,152.9
5,152.85000000000002
6,152.85000000000002
6,152.85000000000002
0,152.85000000000002
0,152.85000000000002
1,152.85000000000002
1,152.85000000000002
2,150.9
2,151.0
3,151.0
3,150.95
4,150.95
4,150.95
5,150.95
5,150.95
6,150.95
6,150.95
0,150.95
0,146.9
1,146.9
1,145.9
2,145.9
2,145.9
3,144.9333333333333
3,144.9333333333333
4,144.6
4,144.6
5,144.6
5,144.6
6,144.6
6,144.6
0,144.6
0,144.6
1,144.6
1,144.6
2,144.075
2,143.9
3,143.5666666666667
3,143.5666666666667
4,141.81666666666666
4,141.81666666666666
5,141.81666666666666
5,141.81666666666666
6,141.81666666666666
6,141.81666666666666
0,141.81666666666666
0,139.3
1,139.3
1,138.1
2,138.1
2,138.1
3,138.1
3,138.1
4,137.95
4,137.95
5,137.95
5,137.95
6,137.95
6,137.95
0,137.95
0,137.95
1,137.95
1,137.95
2,137.8
2,163.9
3,163.9
3,163.9
4,163.85000000000002
4,163.85000000000002
5,163.85000000000002
5,161.9
6,161.9
6,161.9
0,161.9
0,161.9
1,161.7
1,161.7
2,161.7
2,161.7
3,160.9
3,160.9
4,157.9
4,157.9
5,157.9
5,157.9
6,157.9
6,155.9
0,155.15
0,155.15
1,152.9
1,152.2
2,150.15
2,149.54615384615383
3,148.43333333333334
3,147.97142857142856
4,147.14999999999998
4,146.9
5,146.9
5,146.9
6,146.23333333333335
6,146.23333333333335
0,144.4
0,144.4
1,144.0666666666667
1,143.61666666666667
2,141.95
2,141.28333333333333
3,141.28333333333333
3,141.28333333333333
4,141.28333333333333
4,139.96666666666667
5,139.96666666666667
5,137.9
6,138.0
6,137.4
0,137.4
0,137.4
1,137.4
1,134.9
2,134.4
2,134.4
3,134.4
3,134.4
4,134.4
4,134.4
5,134.4
5,133.9
6,133.9
6,133.9
0,133.9
0,133.4
1,133.4
1,133.4
2,133.4
2,139.9
3,139.9
3,139.9
4,134.9
4,134.9
5,134.9
5,134.9
6,134.9
6,134.9
0,131.9
0,131.9
1,131.9
1,135.9
2,131.5
2,131.5
3,131.5
3,163.9
4,163.9
4,163.9
5,163.9
5,163.9
6,163.9
6,163.9
0,163.9
0,160.9
1,160.9
1,160.9
2,159.9
2,159.9
3,159.9
3,159.9
4,159.9
4,157.9
5,157.9
5,157.9
6,156.9
6,155.9
0,155.9
0,155.9
1,155.9
1,152.9
2,152.9
2,148.9
3,148.9
3,148.9
4,148.9
4,148.05
5,148.05
5,146.9
6,146.9
6,146.5
0,146.5
0,144.9
1,144.9
1,144.1
2,142.9
2,142.9
3,142.9
3,141.5666666666667
4,139.9
4,139.9
5,138.9
5,137.5
6,137.5
6,137.5
0,137.5
0,136.9
1,136.7
1,136.7
2,136.7
2,136.5
3,135.9
3,135.9
4,135.9
4,135.3
5,135.3
5,135.3
6,135.3
6,134.5
0,134.1
0,133.6
1,133.6
1,133.6
2,132.9
2,132.4
3,132.4
3,131.9
4,131.9
4,130.9
5,130.9
5,130.9
6,129.9
6,129.9
0,129.9
0,129.9
1,128.9
1,128.9
2,128.9
2,128.9
3,128.9
3,128.9
4,128.9
4,128.9
5,128.9
5,128.9
6,128.9
6,128.9
0,128.23333333333335
0,128.23333333333335
1,128.23333333333335
1,128.23333333333335
2,126.7
2,126.7
3,126.7
3,158.9
4,158.9
4,158.9
5,158.9
5,158.9
6,158.9
6,158.9
0,155.9
0,155.9
1,155.9
1,155.9
2,152.9
2,152.9
3,152.7
3,151.55
4,151.55
4,151.55
5,151.55
5,151.55
6,151.55
6,151.55
0,151.55
0,151.55
1,148.2
1,148.0
2,146.9
2,145.1
3,145.1
3,143.9
4,143.5
4,142.55
5,142.1
5,142.1
6,142.1
6,142.1
0,142.1
0,140.2
1,140.2
1,139.9
2,139.9
2,138.2
3,137.93333333333334
3,137.5
4,136.9
4,136.7
5,136.7
5,136.7
6,136.7
6,136.7
0,135.4
0,135.4
1,134.7
1,134.1
2,134.1
2,132.9
3,132.9
3,132.9
4,132.9
4,132.9
5,145.9
5,145.9
6,145.9
6,145.9
0,158.9
0,158.9
1,156.9
1,155.9
2,155.9
2,155.9
3,155.9
3,155.9
4,155.9
4,151.65
5,151.65
5,147.9
6,147.9
6,146.9
0,145.7
0,143.8
1,141.76666666666668
1,140.9
2,137.9
2,137.9
3,137.23333333333335
3,137.23333333333335
4,135.9
4,134.9
5,134.23333333333335
5,134.23333333333335
6,134.23333333333335
6,134.23333333333335
0,134.23333333333335
0,134.23333333333335
1,133.5
1,132.9
2,132.9
2,132.9
3,132.9
3,132.9
4,132.9
4,132.23333333333335
5,132.23333333333335
5,132.23333333333335
6,132.23333333333335
6,132.23333333333335
0,129.9
0,129.9
1,129.9
1,129.9
2,129.9
2,160.9
3,160.9
3,160.9
4,158.9
4,156.7
5,156.7
5,156.7
6,156.7
6,156.7
0,156.7
0,156.7
1,155.4333333333333
1,155.4333333333333
2,155.4333333333333
2,152.4
3,152.4
3,150.9
4,149.5666666666667
4,149.9
5,149.9
5,149.9
6,149.9
6,149.9
0,149.9
0,149.9
1,145.4
1,143.4
2,140.9
2,140.4
3,138.9
3,138.9
4,136.47142857142856
4,134.0
5,134.0
5,134.0
6,134.0
6,134.0
0,134.0
0,134.0
1,134.0
1,134.0
2,132.9
2,132.9
3,128.65
3,127.9
4,127.4
4,126.9
5,126.9
5,126.9
6,126.7
6,126.7
0,126.7
0,126.12
1,126.12
1,125.26666666666665
2,124.96666666666665
2,114.05000000000001
3,114.05000000000001
3,114.17272727272729
4,116.56666666666668
4,113.39999999999999
5,113.39999999999999
5,113.39999999999999
6,113.39999999999999
6,113.39999999999999
0,113.39999999999999
0,113.39999999999999
1,113.39999999999999
1,113.39999999999999
2,113.39999999999999
2,113.39999999999999
3,113.39999999999999
3,136.9
4,136.9
4,136.9
5,136.9
5,150.4
6,150.4
6,150.4
0,150.4
0,148.9
1,148.9
1,148.9
2,147.9
2,145.8
3,145.0
3,145.0
4,141.9
4,140.4
5,140.4
5,140.4
6,140.4
6,140.4
0,140.4
0,140.4
1,138.9
1,132.5666666666667
2,128.9
2,128.9
3,128.9
3,128.3
4,126.9
4,126.9
5,126.9
5,126.9
6,126.9
6,126.9
0,126.9
0,126.9
1,126.9
1,126.9
2,126.9
2,125.9
3,125.9
3,124.9
4,124.9
4,124.9
5,124.9
5,124.9
6,124.9
6,124.9
0,124.9
0,124.9
1,124.9
1,124.9
2,124.9
2,124.9
3,124.9
3,124.9
4,153.9
4,153.9
5,153.9
5,153.9
6,153.9
6,153.9
0,153.9
0,151.9
1,151.9
1,151.9
2,151.9
2,151.9
3,151.9
3,151.9
4,151.9
4,147.9
5,147.9
5,147.9
6,147.3
6,143.9
0,143.9
0,141.9
1,141.2
1,141.2
2,140.2
2,138.4
3,137.9
3,137.9
4,137.4
4,135.9
5,135.9
5,134.9
6,134.9
6,133.9
0,133.9
0,132.9
1,132.9
1,131.9
2,131.9
2,131.9
3,131.9
3,130.4
4,130.4
4,130.4
5,130.4
5,130.4
6,130.4
6,130.4
0,130.4
0,129.9
1,129.4
1,129.4
2,128.9
2,128.9
3,128.9
3,128.9
4,128.9
4,127.9
5,127.9
5,127.9
6,127.9
6,127.9
0,144.9
0,144.9
1,160.4
1,160.4
2,157.8
2,157.8
3,156.7
3,156.7
4,156.7
4,153.9
5,153.9
5,152.9
6,152.9
6,150.9
0,150.9
0,149.9
1,149.9
1,146.4
2,145.9
2,144.4
3,143.4
3,143.4
4,142.9
4,139.7
5,139.7
5,138.4
6,137.4
6,135.9
0,135.5
0,135.5
1,133.9
1,133.9
2,133.9
2,133.9
3,132.9
3,132.9
4,132.9
4,131.4
5,131.4
5,131.4
6,131.4
6,131.4
0,131.4
0,131.4
1,131.4
1,131.4
2,131.4
2,131.4
3,129.9
3,129.9
4,145.9
4,145.9
5,145.9
5,145.9
6,145.9
6,145.9
0,145.9
0,159.9
1,159.9
1,158.4
2,158.4
2,156.9
3,156.9
3,155.9
4,155.1
4,154.9
5,154.9
5,150.9
6,150.9
6,148.3
0,148.3
0,148.3
1,148.3
1,143.5666666666667
2,143.5666666666667
2,142.5666666666667
3,139.4
3,137.9
4,136.9
4,136.9
5,135.9
5,135.9
6,134.4
6,134.4
0,132.9
0,132.9
1,132.9
1,132.9
2,132.9
2,132.9
3,132.9
3,132.9
4,132.9
4,163.9
5,163.9
5,163.9
6,163.9
6,161.9
0,161.9
0,161.9
1,161.9
1,161.9
2,161.9
2,160.9
3,160.9
3,160.9
4,160.9
4,160.9
5,160.9
5,160.9
6,160.9
6,157.95
0,157.95
0,157.95
1,157.95
1,157.95
2,157.95
2,157.95
3,154.9
3,154.9
4,154.9
4,154.9
5,154.9
5,154.7
6,153.7
6,150.9
0,150.9
0,150.9
1,150.9
1,149.9
2,149.9
2,148.9
3,148.9
3,146.9
4,146.5666666666667
4,146.5666666666667
5,146.5666666666667
5,146.5666666666667
6,146.5666666666667
6,168.9
0,167.7
0,167.7
1,167.7
1,164.9
2,164.9
2,164.9
3,164.9
3,164.76666666666668
4,163.9
4,161.3
5,161.3
5,161.3
6,161.3
6,161.3
0,161.3
0,160.5
1,160.5
1,160.5
2,159.7
2,158.05
3,156.9
3,154.7
4,151.7
4,150.7
5,150.7
5,150.7
6,150.56666666666666
6,149.0
0,147.9
0,146.3
1,144.9
1,144.9
2,144.9
2,143.8
3,142.9
3,142.9
4,142.9
4,142.9
5,142.9
5,142.9
6,142.9
6,142.5
0,142.5
0,141.10000000000002
1,139.5666666666667
1,139.3
2,139.3
2,137.9
3,137.9
3,137.9
4,168.9
4,168.9
5,168.9
5,168.9
6,168.9
6,168.9
0,167.3
0,167.3
1,164.9
1,164.9
2,164.9
2,164.9
3,164.9
3,164.9
4,164.7
4,162.7
5,162.7
5,160.9
6,160.9
6,159.7
0,157.7
0,154.3
1,151.9
1,150.7
2,149.9
2,149.9
3,149.9
3,148.9
4,148.7
4,147.9
5,147.7
5,147.7
6,146.7
6,145.2
0,145.2
0,145.2
1,145.2
1,145.2
2,143.9
2,143.23333333333335
3,143.23333333333335
3,143.23333333333335
4,143.23333333333335
4,143.23333333333335
5,143.23333333333335
5,143.23333333333335
6,141.9
6,141.9
0,141.9
0,141.9
1,141.1
1,141.1
2,139.7
2,139.7
3,138.7
3,168.9
4,168.9
4,168.9
5,168.9
5,168.9
6,168.9
6,168.9
0,167.7
0,167.7
1,167.7
1,167.7
2,167.7
2,165.7
3,165.7
3,161.7
4,161.7
4,161.7
5,161.7
5,158.9
6,158.9
6,158.9
0,157.7
0,155.2
1,151.7
1,151.7
2,149.7
2,149.7
3,148.7
3,147.7
4,147.7
4,147.7
5,146.7
5,146.7
6,146.7
6,146.2
0,145.7
0,143.7
1,143.5
1,143.5
2,143.5
2,143.5
3,143.5
3,142.7
4,141.7
4,141.7
5,141.7
5,141.7
6,141.7
6,141.7
0,141.7
0,141.7
1,141.7
1,141.7
2,141.7
2,141.7
3,141.7
3,141.7
4,140.9
4,140.9
5,140.9
5,140.9
6,140.9
6,140.9
0,140.9
0,140.9
1,140.7
1,140.7
2,140.7
2,140.7
3,140.7
3,140.7
4,140.7
4,140.7
5,140.7
5,140.7
6,140.7
6,140.7
0,140.7
0,140.7
1,140.7
1,140.7
2,140.7
2,140.7
3,168.9
3,168.9
4,167.9
4,167.9
5,167.9
5,167.9
6,167.9
6,167.9
0,166.9
0,166.9
1,166.9
1,166.9
2,161.9
2,156.9
3,156.9
3,156.9
4,156.9
4,153.9
5,153.9
5,151.7
6,151.7
6,150.10000000000002
0,147.8
0,147.8
1,142.9
1,142.9
2,142.9
2,142.7
3,140.9
3,140.9
4,140.9
4,140.3
5,140.3
5,140.3
6,140.3
6,140.3
0,140.3
0,140.3
1,140.3
1,140.3
2,140.3
2,140.3
3,140.3
3,140.3
4,140.3
4,140.3
5,140.3
5,140.3
6,140.3
6,140.3
0,140.3
0,140.3
1,159.23333333333335
1,159.23333333333335
2,159.23333333333335
2,159.23333333333335
3,159.23333333333335
3,162.3
4,152.9
4,151.9
5,151.9
5,151.9
6,151.9
6,151.9
0,149.9
0,149.9
1,149.9
1,149.9
2,148.9
2,148.9
3,148.9
3,146.7
4,142.9
4,142.9
5,142.9
5,142.9
6,142.9
6,142.9
0,142.9
0,142.9
1,142.9
1,142.9
2,142.9
2,142.9
3,142.9
3,142.9
4,142.9
4,142.9
5,142.9
5,142.9
6,142.9
6,142.9
0,141.9
0,141.9
1,141.9
1,141.9
2,141.9
2,141.9
3,141.9
3,141.9
4,141.9
4,171.9
5,171.9
5,171.9
6,171.9
6,171.9
0,170.9
0,170.9
1,166.9
1,166.9
2,166.9
2,160.7
3,160.7
3,160.7
4,160.7
4,160.7
5,160.7
5,160.7
6,160.7
6,155.7
0,155.7
0,154.9
1,154.7
1,154.7
2,154.7
2,154.7
3,154.7
3,154.7
4,154.7
4,150.9
5,150.9
5,150.9
6,150.7
6,150.7
0,150.7
0,150.7
1,145.9
1,145.9
2,145.9
2,145.9
3,175.9
3,175.9
4,175.9
4,175.9
5,175.9
5,175.9
6,175.9
6,173.9
