0,127.4
0,121.9
1,121.9
1,121.9
2,118.9
2,118.9
3,116.9
3,116.9
4,116.9
4,116.9
5,116.9
5,116.9
6,116.9
6,116.9
0,116.9
0,116.9
1,116.9
1,116.9
2,116.23333333333333
2,116.23333333333333
3,115.10000000000001
3,115.10000000000001
4,115.10000000000001
4,115.10000000000001
5,115.10000000000001
5,115.10000000000001
6,115.10000000000001
6,115.10000000000001
0,111.4
0,111.4
1,111.4
1,111.4
2,111.4
2,111.4
3,109.9
3,109.9
4,145.65
4,145.65
5,145.65
5,145.65
6,145.65
6,145.65
0,145.65
0,145.65
1,145.06666666666666
1,145.06666666666666
2,145.06666666666666
2,145.06666666666666
3,140.60000000000002
3,140.60000000000002
4,136.025
4,133.9
5,133.9
5,133.9
6,133.9
6,133.15
0,129.9
0,129.9
1,126.39999999999999
1,126.39999999999999
2,126.39999999999999
2,126.39999999999999
3,121.9
3,121.9
4,119.9
4,119.9
5,119.9
5,119.9
6,119.9
6,119.9
0,119.9
0,119.9
1,119.9
1,119.9
2,118.9
2,118.9
3,136.3
3,136.3
4,146.9
4,146.9
5,145.9
5,145.9
6,144.5666666666667
6,144.5666666666667
0,141.9
0,140.9
1,138.9
1,138.9
2,137.9
2,137.9
3,137.9
3,137.9
4,136.5666666666667
4,133.9
5,131.9
5,131.9
6,131.9
6,131.9
0,131.9
0,131.9
1,126.9
1,126.9
2,126.9
2,126.9
3,124.23333333333335
3,124.23333333333335
4,140.9
4,140.9
5,140.9
5,140.9
6,140.9
6,140.9
0,140.9
0,140.9
1,140.9
1,140.9
2,145.5
2,145.5
3,145.5
3,145.5
4,141.9
4,141.9
5,141.9
5,141.9
6,141.9
6,141.9
0,141.9
0,141.9
1,141.9
1,141.9
2,141.9
2,141.9
3,141.9
3,141.9
4,141.9
4,141.9
5,141.9
5,141.9
6,141.9
6,141.9
0,141.9
0,141.9
1,141.9
1,141.9
2,141.9
2,141.9
3,141.9
3,141.9
4,141.9
4,141.9
5,141.9
5,141.9
6,141.9
6,141.9
0,141.9
0,141.9
1,141.9
1,141.9
2,141.9
2,141.9
3,141.9
3,141.9
4,141.9
4,141.9
5,141.9
5,141.9
6,141.9
6,141.9
0,141.9
0,141.9
1,141.9
1,141.9
2,141.9
2,141.9
3,141.9
3,141.9
4,141.9
4,141.9
5,141.9
5,141.9
6,141.9
6,141.9
0,141.9
0,141.9
1,141.9
1,141.9
2,141.9
2,141.9
3,141.9
3,141.9
4,141.9
4,141.9
5,141.9
5,141.9
6,141.9
6,141.9
0,141.9
0,141.9
1,141.9
1,141.9
2,141.9
2,141.9
3,141.9
3,141.9
4,141.9
4,141.9
5,141.9
5,141.9
6,141.9
6,141.9
0,141.9
0,141.9
1,141.9
1,141.9
2,141.9
2,141.9
3,141.9
3,141.9
4,141.9
4,141.9
5,141.9
5,141.9
6,141.9
6,141.9
0,141.9
0,141.9
1,141.9
1,141.9
2,141.9
2,141.9
3,141.9
3,141.9
4,141.9
4,141.9
5,141.9
5,141.9
6,141.9
6,141.9
0,141.9
0,141.9
1,141.9
1,141.9
2,141.9
2,141.9
3,126.4
3,126.4
4,152.9
4,152.9
5,152.9
5,152.9
6,152.9
6,152.9
0,152.9
0,152.9
1,152.9
1,152.9
2,152.9
2,152.9
3,152.9
3,152.9
4,152.9
4,152.9
5,152.9
5,152.9
6,152.9
6,152.9
0,152.9
0,152.9
1,151.5666666666667
1,151.5666666666667
2,151.5666666666667
2,151.5666666666667
3,151.5666666666667
3,151.5666666666667
4,151.5666666666667
4,151.5666666666667
5,151.5666666666667
5,151.5666666666667
6,151.5666666666667
6,151.5666666666667
0,151.5666666666667
0,151.5666666666667
1,151.5666666666667
1,151.5666666666667
2,151.5666666666667
2,149.5666666666667
3,149.5666666666667
3,149.5666666666667
4,149.5666666666667
4,147.9
5,147.9
5,147.9
6,147.9
6,147.9
0,147.9
0,142.9
1,142.9
1,142.9
2,142.9
2,142.9
3,142.9
3,142.9
4,142.9
4,142.9
5,142.9
5,142.9
6,142.9
6,142.9
0,142.9
0,142.9
1,142.9
1,142.9
2,163.9
2,163.9
3,163.9
3,163.9
4,163.9
4,163.9
5,163.9
5,163.9
6,163.9
6,163.9
0,163.9
0,163.9
1,163.7
1,163.7
2,163.7
2,163.7
3,163.7
3,163.7
4,163.7
4,163.7
5,163.7
5,163.7
6,163.7
6,163.7
0,163.6
0,163.6
1,163.6
1,163.6
2,163.6
2,157.4
3,154.5666666666667
3,150.4
4,150.4
4,150.4
5,150.4
5,150.4
6,150.4
6,149.85000000000002
0,149.85000000000002
0,146.9
1,146.9
1,145.4
2,142.9
2,142.8
3,142.8
3,142.8
4,141.9
4,137.9
5,137.9
5,137.9
6,137.9
6,137.9
0,137.9
0,136.9
1,136.23333333333335
1,135.23333333333335
2,135.23333333333335
2,135.23333333333335
3,135.23333333333335
3,135.23333333333335
4,135.23333333333335
4,135.23333333333335
5,135.23333333333335
5,135.23333333333335
6,135.23333333333335
6,135.23333333333335
0,135.23333333333335
0,135.23333333333335
1,152.9
1,152.9
2,152.9
2,133.9
3,133.9
3,133.9
4,133.9
4,133.9
5,133.9
5,133.9
6,133.9
6,133.9
0,133.9
0,133.9
1,133.9
1,133.9
2,163.9
2,163.9
3,163.9
3,163.9
4,163.9
4,163.9
5,163.9
5,163.9
6,163.9
6,163.9
0,163.9
0,163.9
1,163.9
1,163.9
2,163.9
2,163.23333333333332
3,163.23333333333332
3,158.9
4,158.9
4,157.56666666666666
5,157.56666666666666
5,157.56666666666666
6,154.9
6,153.9
0,153.9
0,153.9
1,153.9
1,149.9
2,149.9
2,149.9
3,149.9
3,149.9
4,149.9
4,149.9
5,149.9
5,149.9
6,149.9
6,149.9
0,149.9
0,149.9
1,149.9
1,146.9
2,146.9
2,145.9
3,145.4
3,145.4
4,145.4
4,144.4
5,144.4
5,144.4
6,144.4
6,143.0666666666667
0,143.0666666666667
0,143.0666666666667
1,143.0666666666667
1,143.0666666666667
2,143.0666666666667
2,143.0666666666667
3,143.0666666666667
3,143.0666666666667
4,143.0666666666667
4,143.0666666666667
5,143.0666666666667
5,143.0666666666667
6,143.0666666666667
6,140.4
0,140.4
0,139.4
1,139.4
1,138.4
2,137.4
2,137.4
3,137.4
3,137.4
4,137.4
4,137.4
5,136.3
5,136.3
6,136.3
6,136.3
0,136.3
0,131.9
1,131.9
1,131.9
2,130.9
2,130.9
3,130.9
3,130.9
4,130.9
4,130.9
5,130.9
5,130.9
6,130.9
6,130.9
0,130.9
0,130.9
1,130.9
1,129.9
2,129.9
2,129.9
3,129.9
3,158.9
4,158.9
4,158.9
5,158.9
5,158.9
6,158.9
6,158.9
0,158.9
0,158.9
1,158.9
1,158.9
2,156.9
2,156.9
3,156.9
3,156.9
4,156.9
4,151.9
5,151.9
5,151.9
6,151.9
6,151.9
0,150.9
0,150.9
1,149.23333333333335
1,149.23333333333335
2,149.23333333333335
2,149.23333333333335
3,149.23333333333335
3,149.23333333333335
4,149.23333333333335
4,149.23333333333335
5,149.23333333333335
5,149.23333333333335
6,149.23333333333335
6,149.23333333333335
0,149.23333333333335
0,143.15
1,141.9
1,141.9
2,141.9
2,141.9
3,141.9
3,141.9
4,141.9
4,141.9
5,141.9
5,141.9
6,141.9
6,141.9
0,141.9
0,140.9
1,140.9
1,140.9
2,138.9
2,138.9
3,138.9
3,137.4
4,136.9
4,158.9
5,158.9
5,158.9
6,158.9
6,158.9
0,158.9
0,158.9
1,158.9
1,158.9
2,158.9
2,158.9
3,157.1
3,157.1
4,154.9
4,150.15
5,150.15
5,150.15
6,150.15
6,150.15
0,144.9
0,138.9
1,137.9
1,137.9
2,137.9
2,137.9
3,137.9
3,137.9
4,137.9
4,137.0666666666667
5,137.0666666666667
5,137.0666666666667
6,137.0666666666667
6,137.0666666666667
0,137.0666666666667
0,137.0666666666667
1,137.0666666666667
1,136.23333333333335
2,136.23333333333335
2,136.23333333333335
3,136.23333333333335
3,136.23333333333335
4,136.23333333333335
4,135.5
5,135.5
5,135.5
6,135.5
6,160.9
0,160.9
0,160.9
1,160.9
1,160.9
2,160.9
2,160.9
3,160.9
3,160.9
4,160.9
4,160.9
5,160.9
5,160.9
6,160.9
6,160.9
0,160.9
0,160.9
1,160.9
1,157.9
2,153.9
2,152.4
3,152.4
3,149.9
4,149.9
4,147.9
5,147.9
5,147.9
6,146.9
6,145.9
0,145.9
0,145.9
1,142.4
1,142.4
2,141.9
2,141.9
3,141.9
3,140.9
4,140.9
4,139.9
5,139.9
5,139.9
6,139.9
6,139.9
0,139.9
0,139.9
1,137.2
1,136.4
2,136.4
2,134.7
3,134.3
3,134.1
4,130.9
4,130.4
5,130.4
5,129.9
6,129.9
6,129.7
0,129.7
0,129.4
1,129.4
1,128.9
2,128.9
2,127.9
3,127.9
3,127.4
4,127.4
4,126.9
5,126.9
5,126.4
6,126.4
6,125.9
0,125.9
0,125.4
1,125.4
1,125.4
2,125.4
2,123.9
3,123.9
3,150.9
4,150.9
4,150.9
5,150.9
5,150.9
6,150.9
6,150.9
0,150.9
0,150.9
1,150.9
1,150.9
2,150.9
2,150.9
3,150.9
3,150.9
4,146.9
4,144.4
5,143.4
5,143.4
6,143.4
6,143.4
0,143.4
0,139.4
1,138.9
1,135.7
2,133.4
2,133.4
3,133.4
3,133.4
4,133.4
4,133.4
5,133.4
5,132.4
6,132.4
6,131.4
0,131.4
0,130.4
1,130.4
1,130.4
2,130.4
2,129.4
3,129.4
3,128.4
4,128.4
4,128.4
5,128.4
5,128.4
6,128.4
6,128.4
0,127.9
0,127.9
1,127.4
1,126.4
2,126.4
2,126.4
3,126.4
3,126.4
4,153.9
4,153.9
5,153.9
5,153.9
6,153.9
6,153.9
0,153.9
0,153.9
1,153.9
1,153.9
2,153.9
2,153.9
3,153.9
3,148.9
4,148.9
4,147.9
5,147.15
5,147.15
6,146.4
6,146.4
0,146.4
0,146.4
1,146.4
1,146.4
2,145.4
2,145.4
3,144.4
3,140.4
4,140.4
4,139.4
5,138.9
5,138.9
6,138.4
6,135.4
0,135.4
0,134.4
1,134.4
1,134.4
2,134.4
2,134.4
3,134.4
3,131.4
4,131.4
4,131.4
5,131.4
5,131.4
6,131.4
6,130.9
0,127.4
0,127.4
1,127.4
1,127.4
2,127.4
2,127.4
3,127.4
3,127.4
4,144.65
4,144.65
5,161.9
5,161.9
6,161.9
6,161.9
0,161.9
0,161.9
1,161.4
1,161.4
2,160.9
2,158.9
3,157.65
3,157.65
4,155.65
4,155.65
5,155.65
5,155.65
6,155.65
6,147.9
0,147.9
0,146.9
1,146.15
1,146.15
2,144.65
2,142.4
3,141.4
3,139.4
4,139.4
4,138.4
5,138.4
5,137.4
6,137.4
6,137.4
0,137.4
0,137.4
1,137.4
1,136.4
2,136.4
2,136.4
3,136.4
3,136.4
4,136.4
4,133.1
5,133.0
5,133.0
6,132.9
6,132.9
0,132.9
0,132.9
1,132.9
1,132.9
2,161.9
2,161.9
3,161.9
3,161.9
4,161.9
4,161.9
5,161.9
5,161.9
6,161.9
6,161.9
0,161.9
0,161.9
1,161.9
1,160.4
2,160.4
2,160.4
3,160.4
3,157.9
4,153.15
4,151.9
5,151.9
5,151.9
6,151.9
6,151.9
0,151.9
0,151.9
1,151.4
1,149.9
2,149.9
2,145.65
3,141.9
3,141.9
4,141.9
4,141.4
5,141.4
5,141.4
6,141.4
6,140.4
0,140.4
0,140.4
1,140.4
1,140.4
2,140.4
2,140.4
3,140.4
3,139.9
4,139.9
4,163.9
5,163.9
5,163.9
6,163.9
6,163.9
0,163.9
0,163.9
1,163.9
1,163.9
2,163.9
2,160.4
3,160.4
3,160.4
4,160.4
4,160.4
5,160.4
5,160.4
6,160.4
6,160.4
0,159.65
0,159.65
1,159.65
1,159.65
2,159.65
2,159.65
3,155.9
3,154.4
4,154.4
4,154.4
5,154.4
5,154.4
6,154.4
6,152.9
0,152.9
0,150.9
1,150.9
1,149.9
2,149.9
2,143.9
3,143.9
3,143.9
4,143.9
4,143.9
5,143.9
5,140.9
6,140.9
6,168.9
0,168.9
0,168.9
1,168.9
1,168.9
2,168.9
2,168.9
3,168.9
3,168.9
4,168.9
4,168.9
5,168.9
5,168.9
6,168.9
6,167.9
0,167.9
0,167.9
1,167.9
1,167.9
2,167.9
2,163.65
3,163.65
3,163.65
4,163.65
4,163.65
5,163.65
5,163.65
6,163.65
6,163.65
0,163.65
0,163.65
1,163.65
1,163.65
2,160.4
2,156.7
3,154.95
3,153.9
4,153.9
4,153.9
5,153.9
5,153.9
6,153.9
6,153.9
0,153.9
0,153.9
1,153.9
1,161.05
2,161.05
2,161.05
3,161.05
3,161.05
4,161.05
4,161.05
5,161.05
5,161.05
6,161.05
6,161.05
0,161.05
0,161.05
1,161.05
1,161.05
2,161.05
2,161.05
3,161.05
3,161.05
4,161.05
4,161.05
5,161.05
5,161.05
6,161.05
6,161.05
0,161.05
0,161.05
1,161.05
1,163.525
2,163.525
2,163.525
3,163.525
3,160.4
4,158.4
4,158.4
5,158.4
5,156.9
6,154.9
6,154.9
0,154.9
0,154.9
1,154.9
1,154.9
2,154.9
2,154.9
3,154.9
3,154.9
4,154.9
4,154.9
5,154.9
5,154.9
6,154.9
6,154.9
0,154.9
0,154.9
1,154.9
1,154.9
2,154.9
2,154.9
3,154.9
3,154.9
4,154.9
4,168.9
5,168.9
5,168.9
6,168.9
6,168.9
0,168.9
0,168.9
1,168.9
1,168.9
2,168.9
2,168.9
3,168.9
3,168.9
4,168.9
4,168.9
5,168.9
5,168.9
6,168.9
6,168.9
0,168.9
0,168.9
1,168.9
1,168.9
2,168.9
2,168.9
3,168.9
3,168.9
4,168.9
4,163.4
5,163.4
5,163.4
6,163.4
6,163.4
0,163.4
0,163.4
1,161.4
1,154.9
2,154.9
2,154.9
3,154.9
3,154.9
4,154.9
4,154.9
5,154.9
5,154.9
6,154.9
6,154.9
0,154.9
0,154.9
1,154.9
1,154.9
2,154.9
2,154.9
3,154.9
3,154.9
4,154.9
4,154.9
5,154.9
5,154.9
6,154.9
6,151.9
0,148.4
0,148.4
1,148.4
1,148.4
2,148.4
2,148.4
3,148.4
3,148.4
4,148.4
4,148.4
5,148.4
5,148.4
6,148.4
6,148.4
0,148.4
0,148.4
1,148.4
1,148.4
2,148.4
2,148.4
3,162.0666666666667
3,162.0666666666667
4,162.0666666666667
4,162.0666666666667
5,162.0666666666667
5,162.0666666666667
6,162.0666666666667
6,162.0666666666667
0,162.0666666666667
0,162.0666666666667
1,162.0666666666667
1,162.0666666666667
2,162.0666666666667
2,162.0666666666667
3,162.0666666666667
3,167.4
4,167.4
4,167.0666666666667
5,164.5666666666667
5,162.4
6,162.4
6,162.4
0,158.7
0,157.76666666666668
1,157.76666666666668
1,156.9
2,156.9
2,154.9
3,154.9
3,154.9
4,154.7
4,154.7
5,154.7
5,154.7
6,154.7
6,154.7
0,149.9
0,149.9
1,149.9
1,149.9
2,149.9
2,149.9
3,149.9
3,149.9
4,149.9
4,149.9
5,149.9
5,149.9
6,149.9
6,149.9
0,149.9
0,149.9
1,162.4
1,162.4
2,162.4
2,168.4
3,168.4
3,168.4
4,168.4
4,165.9
5,165.9
5,165.9
6,165.9
6,162.4
0,162.4
0,162.4
1,162.4
1,162.4
2,162.4
2,162.4
3,162.4
3,158.275
4,158.275
4,158.275
5,158.275
5,158.275
6,158.275
6,158.275
0,158.275
0,158.275
1,158.275
1,158.275
2,148.9
2,148.4
3,148.4
3,148.4
4,148.4
4,148.4
5,148.4
5,148.4
6,148.4
6,148.4
0,148.4
0,148.4
1,148.4
1,148.4
2,148.4
2,148.4
3,148.4
3,148.4
4,164.0666666666667
4,164.0666666666667
5,164.0666666666667
5,164.0666666666667
6,164.0666666666667
6,164.0666666666667
0,171.23333333333335
0,171.23333333333335
1,171.23333333333335
1,170.23333333333335
2,169.23333333333335
2,169.23333333333335
3,169.23333333333335
3,169.23333333333335
4,169.23333333333335
4,169.23333333333335
5,169.23333333333335
5,169.23333333333335
6,169.23333333333335
6,169.23333333333335
0,169.23333333333335
0,169.23333333333335
1,169.23333333333335
1,169.23333333333335
2,169.23333333333335
2,167.5666666666667
3,166.23333333333335
3,165.23333333333335
4,165.23333333333335
4,158.9
5,158.9
5,158.9
6,156.9
6,156.9
0,156.9
0,156.9
1,156.9
1,156.9
2,156.9
2,156.9
3,175.9
3,175.9
4,175.9
4,175.9
5,175.9
5,175.9
6,175.9
6,175.9
