0,0
0,133.9
1,133.9
1,133.9
2,128.9
2,123.9
3,123.9
3,123.9
4,120.89999999999999
4,120.89999999999999
5,120.89999999999999
5,120.89999999999999
6,120.89999999999999
6,120.89999999999999
0,120.89999999999999
0,120.89999999999999
1,120.89999999999999
1,120.89999999999999
2,120.89999999999999
2,120.89999999999999
3,120.89999999999999
3,118.56666666666668
4,118.56666666666668
4,118.56666666666668
5,117.85
5,117.85
6,117.85
6,117.8
0,117.9
0,117.9
1,117.9
1,117.9
2,117.9
2,136.56666666666666
3,145.9
3,145.9
4,145.9
4,145.9
5,145.9
5,145.9
6,144.9
6,144.9
0,144.95
0,144.95
1,143.4
1,143.4
2,143.4
2,143.4
3,139.40000000000003
3,137.775
4,135.9
4,133.86666666666667
5,133.9
5,133.95
6,133.95
6,133.95
0,130.9
0,130.9
1,129.85000000000002
1,128.90000000000003
2,127.39999999999999
2,127.39999999999999
3,127.39999999999999
3,127.39999999999999
4,127.39999999999999
4,127.39999999999999
5,121.9
5,121.9
6,121.95
6,121.95
0,121.95
0,121.95
1,119.9
1,119.9
2,140.9
2,140.9
3,140.9
3,140.9
4,146.56666666666666
4,146.56666666666666
5,145.95
5,144.9
6,145.23333333333335
6,145.23333333333335
0,143.9
0,143.9
1,143.9
1,142.6
2,141.4
2,140.15
3,139.2571428571429
3,139.2571428571429
4,138.025
4,138.025
5,138.025
5,138.025
6,138.025
6,138.025
0,135.4
0,135.4
1,131.90909090909093
1,131.90909090909093
2,131.90909090909093
2,131.90909090909093
3,137.4
3,137.4
4,149.85000000000002
4,149.85000000000002
5,149.85000000000002
5,149.85000000000002
6,149.85000000000002
6,149.85000000000002
0,149.85000000000002
0,149.85000000000002
1,149.85000000000002
1,149.85000000000002
2,148.4
2,148.4
3,148.4
3,148.4
4,148.4
4,145.9
5,145.9
5,145.9
6,145.9
6,145.9
0,145.9
0,145.9
1,145.9
1,145.9
2,145.9
2,145.9
3,145.9
3,145.9
4,145.9
4,145.9
5,145.9
5,145.9
6,145.9
6,145.9
0,145.9
0,145.9
1,145.9
1,145.9
2,145.9
2,145.9
3,145.9
3,145.9
4,145.9
4,145.9
5,145.9
5,145.9
6,145.9
6,145.9
0,145.9
0,145.9
1,145.9
1,145.9
2,145.9
2,145.9
3,145.9
3,145.9
4,145.9
4,145.9
5,145.9
5,145.9
6,145.9
6,145.9
0,145.9
0,145.9
1,145.9
1,145.9
2,145.9
2,145.9
3,145.9
3,145.9
4,145.9
4,145.9
5,145.9
5,145.9
6,145.9
6,145.9
0,145.9
0,145.9
1,145.9
1,145.9
2,145.9
2,145.9
3,145.9
3,145.9
4,145.9
4,145.9
5,145.9
5,145.9
6,145.9
6,145.9
0,145.9
0,145.9
1,145.9
1,145.9
2,145.9
2,145.9
3,145.9
3,145.9
4,145.9
4,145.9
5,145.9
5,145.9
6,145.9
6,145.9
0,145.9
0,145.9
1,145.9
1,145.9
2,145.9
2,145.9
3,145.9
3,145.9
4,145.9
4,145.9
5,145.9
5,145.9
6,145.9
6,145.9
0,145.9
0,145.9
1,145.9
1,145.9
2,145.9
2,145.9
3,145.9
3,145.9
4,145.9
4,145.9
5,145.9
5,145.9
6,145.9
6,145.9
0,145.9
0,145.9
1,145.9
1,145.9
2,145.9
2,145.9
3,145.9
3,145.9
4,146.75
4,146.75
5,146.75
5,146.75
6,146.75
6,146.75
0,146.75
0,146.75
1,146.75
1,146.75
2,146.75
2,146.75
3,146.75
3,146.75
4,146.75
4,146.75
5,146.75
5,146.75
6,146.75
6,146.75
0,146.75
0,146.75
1,151.4
1,151.4
2,151.4
2,151.4
3,150.85000000000002
3,150.85000000000002
4,150.85000000000002
4,150.85000000000002
5,150.85000000000002
5,150.85000000000002
6,150.85000000000002
6,150.85000000000002
0,150.85000000000002
0,150.85000000000002
1,150.85000000000002
1,150.85000000000002
2,150.85000000000002
2,149.72857142857146
3,149.72857142857146
3,149.72857142857146
4,149.72857142857146
4,147.9
5,147.9
5,147.9
6,147.9
6,147.9
0,147.9
0,145.9
1,145.9
1,145.9
2,145.9
2,145.9
3,145.9
3,145.9
4,145.9
4,145.9
5,145.9
5,145.9
6,145.9
6,145.9
0,145.9
0,145.9
1,145.9
1,145.9
2,145.9
2,154.9125
3,154.9125
3,154.9125
4,154.9125
4,154.9125
5,154.9125
5,154.9125
6,163.95
6,163.95
0,163.85000000000002
0,163.85000000000002
1,163.85000000000002
1,163.85000000000002
2,163.85000000000002
2,163.85000000000002
3,163.85000000000002
3,163.85000000000002
4,163.85000000000002
4,163.85000000000002
5,163.85000000000002
5,163.85000000000002
6,163.85000000000002
6,163.85000000000002
0,163.85000000000002
0,163.85000000000002
1,163.85000000000002
1,163.85000000000002
2,161.9
2,158.9
3,155.9
3,154.32857142857142
4,154.32857142857142
4,154.32857142857142
5,154.32857142857142
5,154.32857142857142
6,150.9
6,150.9
0,150.9
0,150.15
1,150.15
1,150.15
2,148.4
2,148.4
3,148.4
3,147.85000000000002
4,144.9
4,144.9
5,143.9
5,142.4
6,142.4
6,142.4
0,142.4
0,142.4
1,142.4
1,142.4
2,142.4
2,142.4
3,141.85000000000002
3,141.85000000000002
4,140.8
4,139.7
5,139.7
5,139.7
6,139.475
6,138.40000000000003
0,135.9
0,135.9
1,135.9
1,135.9
2,135.9
2,135.9
3,135.9
3,157.4
4,157.4
4,157.4
5,137.9
5,138.4
6,138.4
6,138.4
0,138.4
0,138.4
1,138.4
1,138.4
2,138.4
2,138.4
3,138.4
3,163.9
4,163.9
4,163.9
5,163.9
5,163.9
6,163.9
6,163.9
0,163.9
0,163.9
1,163.9
1,163.9
2,163.9
2,163.9
3,163.9
3,163.9
4,163.9
4,163.9
5,160.90000000000003
5,160.90000000000003
6,160.90000000000003
6,160.90000000000003
0,160.90000000000003
0,160.90000000000003
1,160.90000000000003
1,160.90000000000003
2,160.90000000000003
2,160.90000000000003
3,160.90000000000003
3,160.90000000000003
4,160.90000000000003
4,160.90000000000003
5,160.90000000000003
5,160.90000000000003
6,160.90000000000003
6,160.90000000000003
0,160.90000000000003
0,160.90000000000003
1,160.90000000000003
1,153.9
2,153.9
2,150.4
3,149.525
3,148.65
4,148.65
4,147.65
5,147.65
5,147.65
6,147.65
6,147.025
0,144.4
0,144.4
1,144.4
1,144.4
2,144.4
2,144.4
3,144.4
3,144.4
4,144.4
4,144.4
5,144.4
5,144.4
6,143.275
6,142.34444444444446
0,142.34444444444446
0,141.4
1,141.4
1,140.4
2,139.35
2,139.35
3,139.35
3,139.35
4,139.35
4,138.4
5,138.4
5,138.4
6,138.4
6,138.4
0,138.4
0,136.4
1,136.4
1,135.65
2,135.65
2,135.65
3,135.65
3,132.4
4,132.4
4,132.4
5,132.4
5,132.4
6,132.4
6,130.65
0,130.65
0,130.65
1,130.65
1,129.65
2,129.65
2,129.65
3,129.65
3,129.65
4,129.65
4,129.65
5,129.65
5,151.525
6,151.525
6,151.525
0,151.525
0,151.525
1,151.525
1,151.525
2,151.525
2,151.525
3,151.525
3,151.525
4,151.525
4,157.025
5,154.9
5,153.4
6,153.4
6,153.4
0,153.4
0,153.4
1,152.65
1,152.65
2,152.65
2,152.65
3,152.65
3,152.65
4,152.65
4,152.65
5,152.65
5,152.65
6,152.65
6,152.65
0,152.65
0,147.4
1,147.4
1,147.4
2,147.4
2,147.4
3,147.4
3,147.4
4,147.4
4,147.4
5,147.4
5,147.4
6,147.4
6,147.4
0,147.4
0,147.4
1,147.4
1,147.4
2,147.4
2,147.4
3,147.4
3,147.4
4,147.4
4,147.4
5,147.4
5,147.4
6,147.4
6,147.4
0,158.9
0,151.23333333333332
1,151.23333333333332
1,151.23333333333332
2,151.23333333333332
2,151.23333333333332
3,151.23333333333332
3,151.23333333333332
4,151.23333333333332
4,151.23333333333332
5,151.23333333333332
5,151.23333333333332
6,151.23333333333332
6,151.23333333333332
0,146.65
0,144.9
1,144.9
1,142.9
2,142.9
2,141.06666666666666
3,141.06666666666666
3,141.06666666666666
4,141.06666666666666
4,137.73333333333332
5,137.73333333333332
5,137.73333333333332
6,137.73333333333332
6,137.73333333333332
0,137.73333333333332
0,137.73333333333332
1,137.73333333333332
1,137.73333333333332
2,137.73333333333332
2,137.73333333333332
3,137.73333333333332
3,137.73333333333332
4,137.73333333333332
4,137.73333333333332
5,137.73333333333332
5,137.73333333333332
6,137.73333333333332
6,137.73333333333332
0,137.73333333333332
0,137.73333333333332
1,160.9
1,160.9
2,160.9
2,160.9
3,160.9
3,160.9
4,160.9
4,160.9
5,160.9
5,160.9
6,160.9
6,160.9
0,160.9
0,160.9
1,160.9
1,158.4
2,158.4
2,158.4
3,158.4
3,157.4
4,155.15
4,155.15
5,155.15
5,155.15
6,153.65
6,153.65
0,153.65
0,153.65
1,153.65
1,153.65
2,153.65
2,153.65
3,153.65
3,153.65
4,149.4
4,149.4
5,149.4
5,149.4
6,149.4
6,149.4
0,149.4
0,149.4
1,149.4
1,149.4
2,149.4
2,149.4
3,149.5
3,149.4
4,149.4
4,139.4
5,139.4
5,139.4
6,139.4
6,139.4
0,139.4
0,137.88333333333333
1,137.88333333333333
1,137.88333333333333
2,137.88333333333333
2,137.88333333333333
3,137.88333333333333
3,137.88333333333333
4,137.88333333333333
4,137.88333333333333
5,137.88333333333333
5,137.88333333333333
6,137.88333333333333
6,137.88333333333333
0,137.88333333333333
0,134.4
1,134.4
1,134.4
2,134.4
2,153.9
3,153.9
3,151.23333333333335
4,151.23333333333335
4,151.23333333333335
5,151.23333333333335
5,151.23333333333335
6,151.23333333333335
6,151.23333333333335
0,151.23333333333335
0,151.23333333333335
1,151.23333333333335
1,151.23333333333335
2,151.23333333333335
2,151.23333333333335
3,151.23333333333335
3,151.23333333333335
4,146.5666666666667
4,146.5666666666667
5,146.5666666666667
5,146.5666666666667
6,146.5666666666667
6,146.5666666666667
0,146.5666666666667
0,146.5666666666667
1,146.5666666666667
1,146.5666666666667
2,146.5666666666667
2,146.5666666666667
3,146.5666666666667
3,146.5666666666667
4,146.5666666666667
4,146.5666666666667
5,146.5666666666667
5,146.5666666666667
6,144.4
6,144.4
0,144.15
0,143.4
1,140.9
1,135.4
2,135.4
2,135.4
3,135.4
3,134.4
4,134.4
4,134.4
5,134.4
5,134.4
6,134.4
6,134.4
0,134.4
0,134.4
1,134.4
1,133.4
2,133.4
2,133.4
3,133.4
3,133.4
4,133.4
4,133.4
5,133.4
5,133.4
6,133.4
6,133.4
0,133.4
0,133.4
1,133.4
1,153.9
2,153.9
2,153.9
3,153.9
3,152.9
4,152.9
4,152.9
5,152.15
5,152.15
6,151.4
6,151.4
0,151.4
0,151.4
1,151.4
1,151.4
2,151.4
2,151.4
3,151.4
3,151.4
4,151.4
4,150.4
5,150.4
5,149.4
6,149.4
6,149.4
0,149.4
0,147.65
1,146.9
1,146.15
2,146.15
2,145.23333333333335
3,144.9
3,143.4
4,142.9
4,140.15
5,139.5666666666667
5,138.73333333333335
6,138.4
6,137.9
0,137.5666666666667
0,137.23333333333335
1,137.4
1,136.4
2,136.15
2,135.15
3,134.9
3,134.9
4,143.73333333333332
4,143.73333333333332
5,161.9
5,134.9
6,148.4
6,148.4
0,161.9
0,161.9
1,161.15
1,161.15
2,160.4
2,157.65
3,157.65
3,156.4
4,156.15
4,156.15
5,156.15
5,156.15
6,156.15
6,156.15
0,155.4
0,155.4
1,153.9
1,153.9
2,152.15
2,152.15
3,151.65
3,150.9
4,150.9
4,150.4
5,150.15
5,149.4
6,149.23333333333335
6,146.5666666666667
0,145.15
0,144.4
1,144.4
1,143.4
2,142.73333333333335
2,141.15
3,139.9
3,139.4
4,139.4
4,138.65
5,138.65
5,138.65
6,137.4
6,136.9
0,136.4
0,135.73333333333335
1,135.73333333333335
1,135.5666666666667
2,148.65
2,148.65
3,148.65
3,148.65
4,148.65
4,148.65
5,148.65
5,148.65
6,148.65
6,148.65
0,148.65
0,148.65
1,148.65
1,160.9
2,160.9
2,159.4
3,159.4
3,159.0666666666667
4,156.33333333333334
4,153.7
5,153.7
5,153.7
6,153.7
6,153.7
0,153.45
0,152.7
1,152.7
1,152.7
2,152.7
2,152.16666666666666
3,151.4
3,150.9
4,150.9
4,150.15
5,150.15
5,149.15
6,148.65
6,148.0666666666667
0,147.4
0,147.4
1,147.4
1,146.4
2,146.4
2,146.4
3,146.4
3,146.4
4,146.4
4,163.9
5,163.9
5,163.9
6,163.9
6,163.9
0,163.9
0,163.9
1,163.9
1,163.9
2,163.9
2,163.9
3,163.9
3,163.9
4,163.9
4,160.9
5,160.9
5,160.9
6,160.9
6,160.9
0,160.9
0,160.9
1,160.9
1,159.9
2,159.9
2,158.9
3,158.9
3,158.9
4,158.9
4,158.9
5,158.9
5,158.9
6,158.9
6,158.9
0,158.9
0,157.4
1,157.4
1,156.15
2,156.15
2,156.15
3,156.15
3,151.775
4,148.4
4,148.4
5,148.4
5,148.4
6,148.4
6,168.9
0,168.9
0,168.9
1,168.9
1,168.9
2,168.9
2,168.9
3,168.9
3,168.9
4,168.9
4,168.9
5,168.9
5,168.9
6,168.9
6,168.9
0,168.9
0,168.9
1,168.525
1,168.525
2,167.4
2,166.4
3,166.4
3,166.4
4,166.4
4,166.4
5,166.4
5,166.4
6,166.4
6,166.4
0,166.4
0,166.4
1,166.4
1,166.4
2,166.4
2,166.4
3,166.4
3,164.525
4,164.525
4,161.9
5,161.9
5,161.9
6,161.9
6,161.9
0,161.9
0,160.65
1,160.65
1,158.4
2,158.4
2,165.4
3,165.4
3,165.4
4,165.4
4,165.4
5,165.4
5,165.4
6,165.4
6,165.4
0,165.4
0,165.4
1,165.4
1,165.4
2,165.4
2,165.4
3,165.4
3,165.4
4,165.4
4,165.4
5,165.4
5,165.4
6,165.4
6,165.4
0,165.4
0,165.4
1,167.4
1,165.15
2,165.15
2,165.15
3,165.15
3,164.025
4,164.025
4,164.025
5,164.025
5,164.025
6,164.025
6,164.025
0,164.025
0,164.025
1,164.025
1,164.025
2,164.025
2,164.025
3,163.5666666666667
3,163.4
4,162.9
4,162.9
5,162.9
5,162.9
6,162.9
6,160.9
0,158.9
0,158.9
1,157.9
1,157.9
2,157.9
2,156.9
3,156.9
3,168.9
4,168.9
4,168.9
5,168.9
5,168.9
6,168.9
6,168.9
0,168.9
0,168.9
1,168.9
1,168.9
2,168.9
2,168.9
3,168.9
3,168.9
4,168.9
4,168.9
5,168.9
5,168.9
6,168.9
6,168.9
0,168.9
0,168.9
1,168.9
1,168.9
2,168.9
2,168.9
3,168.9
3,168.9
4,168.9
4,163.4
5,163.4
5,163.4
6,163.4
6,163.4
0,162.9
0,162.9
1,162.9
1,162.4
2,162.4
2,161.9
3,161.9
3,161.9
4,160.9
4,160.9
5,160.9
5,160.9
6,160.9
6,160.9
0,158.15
0,158.15
1,158.15
1,158.15
2,158.15
2,158.15
3,158.15
3,156.025
4,155.0666666666667
4,154.9
5,154.9
5,154.9
6,154.9
6,154.9
0,154.9
0,154.9
1,151.4
1,151.025
2,148.275
2,148.275
3,148.275
3,148.275
4,148.275
4,146.9
5,146.9
5,146.9
6,146.9
6,146.9
0,163.4
0,152.4
1,152.4
1,152.4
2,152.4
2,163.4
3,163.4
3,163.4
4,163.4
4,163.4
5,163.4
5,163.4
6,163.4
6,163.4
0,163.4
0,163.4
1,167.9
1,167.9
2,167.9
2,167.9
3,167.15
3,166.4
4,166.025
4,164.9
5,163.9
5,163.9
6,163.9
6,163.9
0,163.9
0,163.9
1,163.15
1,161.025
2,159.65
2,159.65
3,159.025
3,159.025
4,159.025
4,159.025
5,159.025
5,159.025
6,159.025
6,159.025
0,159.025
0,159.025
1,157.9
1,157.9
2,156.4
2,156.4
3,155.9
3,155.9
4,155.9
4,155.15
5,155.15
5,152.9
6,152.9
6,154.4
0,165.4
0,165.4
1,168.525
1,168.525
2,167.9
2,167.9
3,167.9
3,167.9
4,167.9
4,167.9
5,167.9
5,167.9
6,167.9
6,162.4
0,162.4
0,162.025
1,161.15
1,161.15
2,161.15
2,161.15
3,161.15
3,161.15
4,161.15
4,161.15
5,156.9
5,156.9
6,156.9
6,156.9
0,156.9
0,156.9
1,156.9
1,156.9
2,156.9
2,156.9
3,156.9
3,156.9
4,156.9
4,156.9
5,156.9
5,156.9
6,156.9
6,156.9
0,156.9
0,156.9
1,156.9
1,151.4
2,166.775
2,166.775
3,166.775
3,166.775
4,166.775
4,166.775
5,166.775
5,166.775
6,166.775
6,166.775
0,166.775
0,166.775
1,166.775
1,171.15
2,171.15
2,171.15
3,171.15
3,169.4
4,169.4
4,168.4
5,168.4
5,168.4
6,168.4
6,168.4
0,167.9
0,167.15
1,167.15
1,165.9
2,165.15
2,164.15
3,163.15
3,162.15
4,160.9
4,160.15
5,160.15
5,160.15
6,160.15
6,158.4
0,158.4
0,158.4
1,158.4
1,158.4
2,158.4
2,158.4
3,175.9
3,175.9
4,175.9
4,175.9
5,175.9
5,175.9
6,175.9
6,175.9
