0,0
0,0
1,0
1,0
2,0
2,0
3,139.9
3,139.9
4,139.9
4,139.9
5,139.9
5,139.9
6,139.9
6,139.9
0,139.9
0,139.9
1,139.9
1,139.9
2,139.9
2,139.9
3,139.9
3,139.9
4,139.9
4,139.9
5,139.85000000000002
5,139.85000000000002
6,139.85000000000002
6,139.85000000000002
0,139.85000000000002
0,139.85000000000002
1,139.85000000000002
1,139.85000000000002
2,129.9
2,129.9
3,129.9
3,129.9
4,129.9
4,129.9
5,129.9
5,129.9
6,129.9
6,129.9
0,129.9
0,129.9
1,129.9
1,129.9
2,129.9
2,129.9
3,129.9
3,129.9
4,129.9
4,129.9
5,129.9
5,129.9
6,129.9
6,129.9
0,129.9
0,129.9
1,129.9
1,129.9
2,129.9
2,129.9
3,129.9
3,129.9
4,129.9
4,129.9
5,129.9
5,129.9
6,129.9
6,129.9
0,129.9
0,129.9
1,129.9
1,129.9
2,129.9
2,129.9
3,129.9
3,129.9
4,129.9
4,129.9
5,129.9
5,129.9
6,129.9
6,129.9
0,129.9
0,129.9
1,129.9
1,129.9
2,129.95
2,129.95
3,129.5
3,129.5
4,129.5
4,129.5
5,129.5
5,129.5
6,129.5
6,129.5
0,129.5
0,129.5
1,129.5
1,129.5
2,128.9
2,128.9
3,129.0
3,129.0
4,129.0
4,129.0
5,129.0
5,129.0
6,129.0
6,129.0
0,129.0
0,129.0
1,129.0
1,129.0
2,129.0
2,129.0
3,129.0
3,129.0
4,129.0
4,129.0
5,129.0
5,129.0
6,129.0
6,129.0
0,129.0
0,129.0
1,129.0
1,129.0
2,129.0
2,129.0
3,129.0
3,129.0
4,129.0
4,129.0
5,129.0
5,129.0
6,129.0
6,129.0
0,129.0
0,129.0
1,129.0
1,129.0
2,129.0
2,129.0
3,129.0
3,129.0
4,129.0
4,129.0
5,129.0
5,129.0
6,129.0
6,129.0
0,129.0
0,129.0
1,129.0
1,129.0
2,129.0
2,129.0
3,129.0
3,129.0
4,129.0
4,129.0
5,129.0
5,129.0
6,129.0
6,129.0
0,129.0
0,129.0
1,129.0
1,129.0
2,129.0
2,129.0
3,129.0
3,129.0
4,129.0
4,129.0
5,129.0
5,129.0
6,129.0
6,129.0
0,129.0
0,129.0
1,129.0
1,129.0
2,129.0
2,129.0
3,129.0
3,129.0
4,129.0
4,129.0
5,129.0
5,129.0
6,129.0
6,129.0
0,129.0
0,129.0
1,129.0
1,129.0
2,129.0
2,129.0
3,129.0
3,129.0
4,129.0
4,129.0
5,129.0
5,129.0
6,129.0
6,129.0
0,129.0
0,129.0
1,129.0
1,129.0
2,129.0
2,129.0
3,129.0
3,129.0
4,129.0
4,129.0
5,129.0
5,129.0
6,129.0
6,129.0
0,129.0
0,129.0
1,129.0
1,129.0
2,129.0
2,129.0
3,129.0
3,129.0
4,129.0
4,129.0
5,129.0
5,129.0
6,129.0
6,129.0
0,129.0
0,129.0
1,129.0
1,129.0
2,129.0
2,129.0
3,129.0
3,145.9
4,145.7
4,145.8
5,145.8
5,145.8
6,145.8
6,145.8
0,145.8
0,145.8
1,145.8
1,145.5
2,145.5
2,145.5
3,145.5
3,145.5
4,145.4
4,144.9
5,144.9
5,144.9
6,144.9
6,144.9
0,144.7
0,144.56666666666666
1,147.4333333333333
1,147.4333333333333
2,147.4333333333333
2,147.4333333333333
3,147.4333333333333
3,147.4333333333333
4,147.4333333333333
4,144.5
5,144.5
5,144.5
6,144.5
6,144.5
0,144.5
0,144.5
1,144.5
1,144.5
2,144.5
2,144.5
3,144.5
3,143.70000000000002
4,143.70000000000002
4,143.70000000000002
5,143.70000000000002
5,143.70000000000002
6,143.70000000000002
6,143.70000000000002
0,143.70000000000002
0,143.03333333333333
1,143.03333333333333
1,143.03333333333333
2,143.03333333333333
2,143.03333333333333
3,142.7
3,142.5
4,142.5
4,142.5
5,142.5
5,142.5
6,142.5
6,142.5
0,142.5
0,142.5
1,142.5
1,142.3
2,142.3
2,142.3
3,142.3
3,141.9
4,141.9
4,140.9
5,140.9
5,140.9
6,140.9
6,140.9
0,165.9
0,165.9
1,165.9
1,165.9
2,165.9
2,165.23333333333335
3,165.23333333333335
3,165.23333333333335
4,165.23333333333335
4,165.23333333333335
5,165.23333333333335
5,165.23333333333335
6,165.23333333333335
6,165.23333333333335
0,164.95
0,164.95
1,164.95
1,164.95
2,164.95
2,164.7
3,164.5
3,164.5
4,164.5
4,164.5
5,164.5
5,164.5
6,164.5
6,164.5
0,164.5
0,161.76666666666665
1,161.76666666666665
1,159.9
2,159.9
2,159.9
3,159.9
3,159.9
4,159.9
4,159.9
5,159.9
5,159.9
6,159.9
6,159.9
0,159.9
0,159.9
1,159.85000000000002
1,159.85000000000002
2,159.63333333333333
2,159.63333333333333
3,159.63333333333333
3,159.63333333333333
4,159.63333333333333
4,159.63333333333333
5,159.63333333333333
5,159.63333333333333
6,159.63333333333333
6,159.63333333333333
0,159.63333333333333
0,159.63333333333333
1,159.63333333333333
1,159.63333333333333
2,159.63333333333333
2,159.63333333333333
3,159.63333333333333
3,159.63333333333333
4,159.63333333333333
4,159.3
5,159.3
5,159.3
6,159.3
6,159.3
0,159.3
0,159.3
1,159.3
1,159.3
2,159.3
2,159.3
3,159.3
3,159.3
4,159.3
4,159.3
5,159.3
5,159.3
6,159.3
6,159.3
0,159.3
0,159.3
1,159.3
1,159.3
2,159.3
2,159.3
3,159.3
3,159.3
4,159.3
4,159.3
5,159.3
5,159.3
6,159.3
6,159.3
0,159.3
0,159.3
1,159.3
1,159.3
2,159.3
2,159.3
3,159.3
3,159.3
4,159.3
4,158.9
5,158.9
5,158.9
6,158.9
6,158.9
0,158.9
0,158.9
1,158.9
1,158.9
2,158.9
2,158.9
3,158.9
3,158.9
4,158.9
4,158.9
5,158.9
5,158.9
6,158.9
6,158.9
0,158.9
0,158.9
1,158.9
1,158.9
2,157.9
2,157.9
3,157.9
3,157.1
4,156.96666666666667
4,156.96666666666667
5,156.96666666666667
5,156.96666666666667
6,156.96666666666667
6,156.96666666666667
0,156.96666666666667
0,149.9
1,149.9
1,149.9
2,149.9
2,149.9
3,149.9
3,149.9
4,149.9
4,149.9
5,149.9
5,149.9
6,149.9
6,149.9
0,149.9
0,147.03333333333333
1,146.29999999999998
1,145.23333333333335
2,145.23333333333335
2,145.23333333333335
3,145.23333333333335
3,145.23333333333335
4,145.23333333333335
4,145.23333333333335
5,145.23333333333335
5,145.23333333333335
6,145.23333333333335
6,145.23333333333335
0,145.23333333333335
0,145.23333333333335
1,145.23333333333335
1,145.23333333333335
2,145.23333333333335
2,145.23333333333335
3,145.23333333333335
3,145.23333333333335
4,145.23333333333335
4,145.23333333333335
5,145.23333333333335
5,145.23333333333335
6,145.23333333333335
6,145.23333333333335
0,145.23333333333335
0,145.23333333333335
1,145.23333333333335
1,145.23333333333335
2,145.23333333333335
2,145.23333333333335
3,145.23333333333335
3,145.23333333333335
4,145.23333333333335
4,145.23333333333335
5,145.23333333333335
5,145.23333333333335
6,145.23333333333335
6,145.23333333333335
0,145.23333333333335
0,145.23333333333335
1,145.23333333333335
1,145.23333333333335
2,145.23333333333335
2,145.23333333333335
3,145.23333333333335
3,145.23333333333335
4,145.23333333333335
4,145.23333333333335
5,145.23333333333335
5,145.23333333333335
6,145.23333333333335
6,145.23333333333335
0,145.23333333333335
0,148.9
1,148.9
1,148.9
2,148.9
2,144.9
3,144.9
3,144.9
4,144.9
4,144.9
5,144.9
5,144.9
6,144.9
6,144.9
0,144.9
0,144.9
1,144.9
1,144.9
2,144.9
2,144.9
3,144.9
3,144.9
4,144.9
4,144.9
5,144.9
5,144.9
6,144.9
6,144.9
0,144.9
0,144.9
1,144.9
1,144.9
2,144.9
2,144.9
3,144.9
3,144.9
4,144.9
4,144.9
5,144.9
5,144.9
6,144.9
6,144.9
0,144.9
0,144.9
1,144.9
1,144.9
2,144.9
2,144.9
3,144.9
3,144.9
4,144.9
4,144.9
5,144.9
5,144.9
6,144.9
6,144.9
0,144.9
0,144.9
1,144.9
1,144.9
2,144.9
2,144.9
3,144.9
3,144.9
4,144.9
4,144.9
5,144.9
5,144.9
6,144.9
6,144.9
0,144.9
0,144.9
1,144.9
1,144.9
2,144.9
2,144.9
3,144.9
3,144.9
4,144.9
4,144.9
5,144.9
5,144.9
6,144.9
6,144.9
0,144.9
0,144.9
1,144.9
1,144.9
2,144.9
2,144.9
3,144.9
3,144.9
4,144.9
4,144.9
5,144.9
5,144.9
6,144.9
6,144.9
0,144.9
0,144.9
1,144.9
1,144.9
2,144.9
2,144.9
3,144.9
3,144.9
4,144.9
4,144.9
5,144.9
5,144.9
6,144.9
6,144.9
0,144.9
0,144.9
1,144.9
1,144.9
2,144.9
2,144.9
3,144.9
3,144.9
4,144.9
4,144.9
5,144.9
5,144.9
6,144.9
6,144.9
0,144.9
0,144.9
1,144.9
1,144.9
2,144.9
2,144.9
3,144.9
3,144.9
4,144.9
4,144.9
5,144.9
5,144.9
6,144.9
6,144.9
0,144.9
0,144.9
1,144.9
1,144.9
2,144.9
2,144.9
3,144.9
3,144.9
4,144.9
4,144.9
5,144.9
5,144.9
6,144.9
6,144.9
0,144.9
0,144.9
1,144.9
1,144.9
2,144.9
2,144.9
3,144.9
3,144.9
4,144.9
4,144.9
5,144.9
5,144.9
6,144.9
6,144.9
0,144.9
0,144.9
1,144.9
1,144.9
2,144.9
2,144.9
3,144.9
3,144.9
4,144.9
4,144.9
5,144.9
5,144.9
6,144.9
6,144.9
0,144.9
0,144.9
1,144.9
1,144.9
2,144.9
2,144.9
3,144.9
3,144.9
4,144.9
4,144.9
5,144.9
5,144.9
6,144.9
6,144.9
0,144.9
0,144.9
1,144.9
1,144.9
2,144.9
2,144.9
3,144.9
3,144.9
4,144.9
4,144.9
5,144.9
5,144.9
6,144.9
6,144.9
0,144.9
0,144.9
1,144.9
1,144.9
2,144.9
2,144.9
3,144.9
3,144.9
4,144.9
4,144.9
5,144.9
5,144.9
6,144.9
6,144.9
0,144.9
0,144.9
1,144.9
1,144.9
2,144.9
2,144.9
3,144.9
3,144.9
4,144.9
4,144.9
5,144.9
5,144.9
6,144.9
6,144.9
0,144.9
0,144.9
1,144.9
1,144.9
2,144.9
2,144.9
3,144.9
3,144.9
4,144.9
4,144.9
5,144.9
5,144.9
6,144.9
6,144.9
0,144.9
0,144.9
1,144.9
1,144.9
2,144.9
2,144.9
3,144.9
3,144.9
4,144.9
4,144.9
5,144.9
5,144.9
6,144.9
6,144.9
0,144.9
0,144.9
1,144.9
1,147.9
2,147.9
2,150.9
3,150.9
3,150.9
4,144.9
4,144.9
5,144.9
5,144.9
6,144.9
6,144.9
0,144.9
0,144.9
1,144.9
1,144.9
2,144.9
2,144.9
3,144.9
3,144.9
4,144.9
4,144.9
5,144.9
5,144.9
6,144.9
6,144.9
0,144.9
0,144.9
1,144.9
1,144.9
2,154.9
2,154.9
3,154.9
3,154.9
4,154.9
4,146.9
5,146.9
5,146.9
6,146.9
6,146.9
0,146.9
0,146.9
1,146.9
1,146.9
2,146.9
2,146.9
3,146.9
3,146.9
4,146.9
4,146.9
5,146.9
5,146.9
6,146.9
6,146.9
0,146.9
0,146.9
1,146.9
1,146.9
2,146.9
2,146.9
3,146.9
3,146.9
4,146.9
4,146.9
5,146.9
5,146.9
6,146.9
6,146.9
0,146.9
0,146.9
1,146.9
1,146.9
2,146.9
2,146.9
3,146.9
3,146.9
4,146.9
4,146.6
5,146.6
5,146.4
6,146.4
6,146.4
0,146.4
0,146.4
1,146.4
1,146.4
2,146.4
2,146.4
3,146.4
3,146.4
4,146.4
4,146.4
5,146.4
5,146.4
6,146.4
6,146.4
0,146.4
0,146.4
1,146.4
1,160.9
2,160.9
2,160.9
3,160.9
3,160.9
4,160.9
4,160.9
5,160.9
5,160.9
6,160.9
6,160.9
0,160.9
0,160.9
1,160.9
1,160.9
2,159.4
2,159.4
3,159.4
3,159.4
4,159.4
4,159.4
5,159.4
5,159.4
6,159.4
6,159.4
0,159.4
0,159.4
1,159.4
1,159.4
2,159.4
2,159.4
3,159.4
3,159.4
4,159.4
4,159.4
5,159.4
5,159.4
6,159.4
6,159.4
0,159.4
0,159.4
1,159.4
1,159.4
2,159.4
2,159.4
3,159.4
3,159.4
4,159.4
4,159.4
5,159.4
5,159.4
6,159.4
6,159.4
0,159.4
0,159.4
1,159.4
1,159.4
2,159.4
2,159.4
3,159.4
3,159.4
4,159.4
4,159.4
5,159.4
5,159.4
6,159.4
6,159.4
0,159.4
0,159.4
1,159.4
1,159.4
2,159.4
2,159.1
3,158.9
3,158.9
4,158.9
4,158.9
5,158.9
5,158.9
6,158.9
6,158.9
0,158.9
0,158.9
1,158.9
1,158.9
2,158.9
2,158.9
3,158.9
3,158.9
4,158.9
4,158.9
5,158.9
5,158.9
6,158.9
6,158.9
0,158.9
0,158.9
1,158.9
1,158.9
2,158.9
2,158.9
3,158.9
3,158.9
4,158.9
4,158.9
5,158.9
5,158.9
6,158.9
6,158.9
0,158.9
0,158.9
1,158.9
1,158.9
2,158.9
2,158.9
3,158.9
3,158.9
4,158.9
4,158.9
5,158.9
5,158.9
6,158.9
6,158.9
0,158.9
0,158.9
1,158.9
1,158.9
2,158.9
2,158.9
3,158.9
3,158.9
4,158.9
4,158.9
5,158.9
5,158.9
6,158.9
6,158.9
0,158.9
0,158.9
1,158.9
1,158.9
2,158.9
2,158.9
3,158.9
3,158.9
4,158.9
4,158.9
5,158.9
5,158.9
6,158.9
6,158.9
0,158.9
0,158.9
1,158.9
1,158.9
2,158.9
2,158.9
3,160.9
3,160.9
4,160.9
4,160.9
5,160.9
5,160.9
6,160.9
6,160.9
0,160.9
0,158.9
1,158.9
1,158.9
2,158.9
2,158.9
3,158.9
3,158.9
4,158.9
4,158.9
5,158.9
5,158.9
6,158.9
6,158.9
0,158.9
0,158.9
1,158.9
1,158.9
2,158.9
2,158.9
3,158.9
3,158.9
4,158.9
4,158.9
5,158.9
5,158.9
6,158.9
6,158.9
0,158.9
0,158.9
1,158.9
1,158.9
2,158.9
2,158.9
3,158.9
3,158.9
4,158.9
4,158.9
5,158.9
5,158.9
6,158.9
6,158.9
0,158.9
0,158.9
1,158.9
1,158.9
2,158.9
2,158.9
3,158.9
3,158.9
4,158.9
4,158.9
5,158.9
5,158.9
6,158.9
6,158.9
0,158.9
0,158.9
1,158.9
1,158.9
2,158.9
2,158.9
3,158.9
3,158.9
4,160.9
4,160.9
5,160.9
5,160.9
6,160.9
6,160.9
0,160.9
0,158.9
1,158.9
1,158.9
2,158.9
2,158.9
3,158.9
3,158.9
4,158.9
4,158.9
5,158.9
5,158.9
6,158.9
6,158.9
0,158.9
0,158.9
1,158.9
1,158.9
2,158.9
2,158.9
3,158.9
3,158.9
4,158.9
4,158.9
5,158.9
5,158.9
6,158.9
6,158.9
0,158.9
0,158.9
1,158.9
1,158.9
2,158.9
2,158.9
3,158.9
3,158.9
4,158.9
4,158.9
5,158.9
5,158.9
6,158.9
6,158.9
0,158.9
0,158.9
1,158.9
1,158.9
2,158.9
2,158.9
3,160.9
3,160.9
4,160.9
4,160.9
5,158.9
5,158.9
6,158.9
6,158.9
0,156.9
0,156.9
1,156.9
1,156.9
2,156.9
2,156.9
3,156.9
3,156.9
4,156.9
4,156.9
5,156.9
5,156.9
6,156.9
6,156.9
0,156.9
0,158.9
1,158.9
1,158.9
2,158.9
2,158.9
3,154.7
3,153.7
4,152.7
4,152.7
5,152.7
5,152.7
6,150.7
6,150.7
0,150.7
0,150.7
1,158.9
1,158.9
2,158.9
2,158.9
3,158.9
3,158.9
4,158.9
4,158.9
5,158.9
5,158.9
6,158.9
6,158.9
0,162.9
0,162.9
1,162.9
1,162.9
2,162.9
2,168.9
3,168.9
3,168.9
4,168.9
4,168.9
5,168.9
5,168.9
6,168.9
6,168.9
0,168.9
0,168.9
1,168.9
1,168.9
2,168.9
2,168.9
3,168.9
3,168.9
4,168.9
4,168.9
5,168.9
5,168.9
6,168.9
6,168.9
0,168.9
0,168.9
1,168.9
1,168.9
2,168.9
2,168.9
3,168.9
3,168.9
4,168.9
4,168.9
5,168.9
5,168.9
6,168.9
6,168.9
