0,130.9
0,130.9
1,125.9
1,125.9
2,125.9
2,125.4
3,125.4
3,124.9
4,123.9
4,123.9
5,123.9
5,123.9
6,123.9
6,123.9
0,123.9
0,123.9
1,123.9
1,121.9
2,117.9
2,117.9
3,114.9
3,114.9
4,114.9
4,114.9
5,114.85
5,114.85
6,114.85
6,114.85
0,114.85
0,114.85
1,114.85
1,114.85
2,135.56666666666666
2,135.56666666666666
3,135.56666666666666
3,135.56666666666666
4,135.56666666666666
4,135.56666666666666
5,135.56666666666666
5,135.56666666666666
6,135.56666666666666
6,135.56666666666666
0,145.95
0,145.95
1,145.95
1,145.95
2,145.95
2,145.4
3,144.48333333333338
3,144.48333333333338
4,140.56666666666666
4,140.56666666666666
5,140.56666666666666
5,140.56666666666666
6,138.9
6,138.4
0,135.9
0,135.9
1,128.9
1,128.9
2,128.9
2,128.9
3,122.9
3,122.9
4,122.9
4,122.9
5,122.9
5,121.9
6,121.9
6,121.9
0,121.9
0,121.9
1,121.9
1,121.9
2,147.9
2,147.9
3,147.9
3,147.9
4,147.85000000000002
4,147.85000000000002
5,146.9
5,146.9
6,146.3
6,146.3
0,144.5666666666667
0,144.5666666666667
1,141.9
1,141.9
2,140.9
2,140.9
3,139.4
3,139.4
4,137.9
4,136.9
5,136.9
5,136.9
6,136.9
6,136.9
0,136.23333333333335
0,132.9
1,127.9
1,127.9
2,127.9
2,127.9
3,131.4
3,131.4
4,131.4
4,131.4
5,131.4
5,131.4
6,131.4
6,131.4
0,131.4
0,131.4
1,131.4
1,150.0
2,145.9
2,145.9
3,145.9
3,145.9
4,145.9
4,145.9
5,145.9
5,145.9
6,145.9
6,145.9
0,145.9
0,145.9
1,145.9
1,145.9
2,145.9
2,145.9
3,145.9
3,145.9
4,145.9
4,145.9
5,145.9
5,145.9
6,145.9
6,145.9
0,145.9
0,145.9
1,145.9
1,145.9
2,145.9
2,145.9
3,145.9
3,145.9
4,145.9
4,145.9
5,145.9
5,145.9
6,145.9
6,145.9
0,145.9
0,145.9
1,145.9
1,145.9
2,145.9
2,145.9
3,145.9
3,145.9
4,145.9
4,145.9
5,145.9
5,145.9
6,145.9
6,145.9
0,145.9
0,145.9
1,145.9
1,145.9
2,145.9
2,145.9
3,145.9
3,145.9
4,145.9
4,145.9
5,145.9
5,145.9
6,145.9
6,145.9
0,145.9
0,145.9
1,145.9
1,145.9
2,145.9
2,145.9
3,145.9
3,145.9
4,145.9
4,145.9
5,145.9
5,145.9
6,145.9
6,145.9
0,145.9
0,145.9
1,145.9
1,145.9
2,145.9
2,145.9
3,145.9
3,145.9
4,145.9
4,145.9
5,145.9
5,145.9
6,145.9
6,145.9
0,145.9
0,145.9
1,145.9
1,145.9
2,145.9
2,145.9
3,145.9
3,145.9
4,145.9
4,145.9
5,145.9
5,145.9
6,145.9
6,145.9
0,145.9
0,145.9
1,145.9
1,145.9
2,145.9
2,145.9
3,145.9
3,145.9
4,145.9
4,145.9
5,145.9
5,145.9
6,145.9
6,145.9
0,145.9
0,145.9
1,145.9
1,145.9
2,145.9
2,145.9
3,124.4
3,126.5
4,139.65
4,139.65
5,139.65
5,139.65
6,139.65
6,139.65
0,139.65
0,139.65
1,139.65
1,139.65
2,139.65
2,139.65
3,149.9
3,149.9
4,152.65
4,152.4
5,152.4
5,152.4
6,152.4
6,152.4
0,152.5
0,152.5
1,150.4
1,150.4
2,150.45
2,150.45
3,150.45
3,150.45
4,150.45
4,150.45
5,150.45
5,150.45
6,150.45
6,150.45
0,150.45
0,150.45
1,150.45
1,150.45
2,150.45
2,148.9
3,148.4
3,148.4
4,148.4
4,147.4
5,147.4
5,147.4
6,147.4
6,147.4
0,144.4
0,145.9
1,145.9
1,145.9
2,145.9
2,144.5
3,144.4
3,144.1
4,144.1
4,144.1
5,144.1
5,144.1
6,144.1
6,144.1
0,144.1
0,144.1
1,142.9
1,142.9
2,156.9
2,156.9
3,156.9
3,156.9
4,156.9
4,156.9
5,156.9
5,156.9
6,156.9
6,156.9
0,156.9
0,156.9
1,163.4
1,163.4
2,163.4
2,163.4
3,163.4
3,163.4
4,162.9
4,162.9
5,162.9
5,162.9
6,162.9
6,162.9
0,162.3
0,162.3
1,161.8
1,161.8
2,158.9
2,160.35000000000002
3,157.29999999999998
3,155.45999999999998
4,155.45999999999998
4,155.45999999999998
5,155.45999999999998
5,155.45999999999998
6,150.5
6,150.44
0,150.46666666666667
0,151.10000000000002
1,151.10000000000002
1,150.92499999999998
2,149.3
2,147.3
3,147.3
3,148.8
4,148.3
4,148.3
5,148.3
5,147.3
6,147.3
6,147.3
0,147.3
0,147.3
1,146.3
1,146.3
2,146.3
2,144.63333333333333
3,144.63333333333333
3,143.03
4,141.3
4,140.3
5,140.3
5,139.3
6,139.3
6,138.96666666666667
0,138.96666666666667
0,138.96666666666667
1,149.85000000000002
1,149.85000000000002
2,149.85000000000002
2,147.44
3,147.44
3,155.2
4,155.2
4,155.2
5,155.2
5,138.15
6,138.15
6,138.15
0,138.15
0,138.23333333333332
1,138.23333333333332
1,138.23333333333332
2,151.15
2,163.9
3,163.9
3,163.9
4,163.9
4,163.9
5,163.9
5,163.9
6,163.9
6,163.9
0,163.9
0,163.9
1,163.9
1,163.9
2,163.9
2,163.9
3,162.8
3,161.46666666666667
4,161.46666666666667
4,156.83333333333331
5,156.83333333333331
5,156.83333333333331
6,156.83333333333331
6,156.83333333333331
0,156.83333333333331
0,156.83333333333331
1,156.83333333333331
1,156.83333333333331
2,156.83333333333331
2,156.83333333333331
3,156.83333333333331
3,156.83333333333331
4,153.60000000000002
4,152.3
5,152.3
5,152.3
6,152.3
6,152.3
0,152.3
0,152.3
1,152.3
1,148.63333333333335
2,148.63333333333335
2,148.63333333333335
3,146.4
3,144.46666666666667
4,144.46666666666667
4,144.46666666666667
5,144.46666666666667
5,144.46666666666667
6,143.13333333333333
6,142.23333333333335
0,142.23333333333335
0,141.23333333333335
1,141.23333333333335
1,139.9
2,139.9
2,139.9
3,139.9
3,139.9
4,139.9
4,139.9
5,139.9
5,139.9
6,139.9
6,139.03333333333333
0,139.03333333333333
0,137.9333333333333
1,137.9333333333333
1,136.9
2,136.12
2,136.12
3,136.12
3,136.12
4,136.12
4,136.12
5,136.12
5,136.12
6,136.12
6,135.2
0,135.2
0,134.2
1,134.2
1,134.2
2,134.0
2,134.0
3,134.0
3,132.9
4,132.9
4,132.9
5,132.9
5,132.9
6,132.9
6,132.9
0,131.6
0,131.6
1,131.6
1,131.6
2,131.6
2,131.6
3,131.6
3,158.9
4,158.9
4,158.9
5,158.9
5,158.9
6,158.9
6,158.9
0,158.9
0,158.9
1,158.9
1,158.9
2,158.9
2,158.9
3,158.9
3,157.9
4,157.9
4,156.3
5,156.3
5,156.3
6,156.3
6,152.6
0,152.6
0,152.6
1,152.6
1,152.6
2,151.9333333333333
2,151.9333333333333
3,151.9333333333333
3,151.9333333333333
4,151.9333333333333
4,151.9333333333333
5,151.9333333333333
5,151.9333333333333
6,151.9333333333333
6,151.9333333333333
0,151.9333333333333
0,150.46666666666667
1,150.46666666666667
1,150.46666666666667
2,150.46666666666667
2,150.46666666666667
3,150.46666666666667
3,150.46666666666667
4,149.6
4,149.6
5,149.6
5,149.6
6,149.6
6,149.6
0,149.6
0,149.6
1,155.79999999999998
1,155.79999999999998
2,155.79999999999998
2,155.79999999999998
3,155.79999999999998
3,155.79999999999998
4,155.79999999999998
4,155.79999999999998
5,155.79999999999998
5,155.79999999999998
6,155.79999999999998
6,155.79999999999998
0,155.79999999999998
0,155.79999999999998
1,155.79999999999998
1,155.79999999999998
2,155.79999999999998
2,155.79999999999998
3,156.9
3,156.9
4,156.9
4,155.5666666666667
5,149.4
5,149.4
6,145.2
6,145.2
0,144.79999999999998
0,143.9
1,142.9
1,142.9
2,140.2
2,140.2
3,140.2
3,140.2
4,139.53333333333333
4,139.53333333333333
5,139.53333333333333
5,137.79999999999998
6,137.79999999999998
6,137.79999999999998
0,137.79999999999998
0,137.79999999999998
1,137.79999999999998
1,137.79999999999998
2,137.79999999999998
2,136.92
3,136.92
3,136.92
4,136.92
4,136.92
5,136.92
5,136.92
6,136.92
6,160.9
0,160.9
0,160.9
1,160.9
1,160.9
2,160.9
2,160.9
3,160.9
3,160.9
4,160.9
4,160.9
5,160.9
5,160.9
6,160.9
6,160.9
0,160.9
0,160.9
1,160.9
1,160.9
2,160.9
2,160.9
3,160.9
3,158.9
4,158.9
4,158.9
5,158.9
5,158.9
6,158.9
6,158.9
0,158.9
0,158.9
1,158.03333333333333
1,156.05
2,156.05
2,156.05
3,155.03333333333333
3,153.51666666666665
4,151.9
4,151.03333333333333
5,151.03333333333333
5,150.05
6,149.6
6,148.9
0,146.9
0,145.6
1,145.6
1,145.6
2,145.6
2,144.9
3,143.71428571428572
3,139.25
4,135.6
4,135.6
5,135.6
5,135.06666666666666
6,135.06666666666666
6,135.06666666666666
0,135.06666666666666
0,131.89999999999998
1,131.89999999999998
1,131.89999999999998
2,131.89999999999998
2,131.89999999999998
3,131.89999999999998
3,129.89999999999998
4,129.89999999999998
4,129.14999999999998
5,129.14999999999998
5,129.14999999999998
6,129.14999999999998
6,129.14999999999998
0,129.14999999999998
0,129.14999999999998
1,129.14999999999998
1,129.14999999999998
2,129.14999999999998
2,151.9
3,151.9
3,151.4
4,151.4
4,151.4
5,151.4
5,151.4
6,151.4
6,151.4
0,151.4
0,151.4
1,151.4
1,151.4
2,151.4
2,151.4
3,151.4
3,151.4
4,151.4
4,151.4
5,151.4
5,151.4
6,151.4
6,149.6
0,149.6
0,147.2
1,147.2
1,147.2
2,146.05
2,146.05
3,146.05
3,146.05
4,143.2
4,143.2
5,143.2
5,143.2
6,143.2
6,143.2
0,143.2
0,139.89999999999998
1,139.2
1,138.2
2,136.76666666666665
2,134.05
3,135.0666666666667
3,133.4
4,133.4
4,133.4
5,133.4
5,133.4
6,133.4
6,133.4
0,133.4
0,133.4
1,133.4
1,129.4
2,129.4
2,129.4
3,129.4
3,129.4
4,129.4
4,129.4
5,129.4
5,129.4
6,129.4
6,153.9
0,153.9
0,153.9
1,153.9
1,153.9
2,153.9
2,153.9
3,153.9
3,153.9
4,153.9
4,153.9
5,153.9
5,153.9
6,153.9
6,153.9
0,153.9
0,152.4
1,152.15
1,150.4
2,150.4
2,150.4
3,149.9
3,147.4
4,147.4
4,147.4
5,147.4
5,147.4
6,147.4
6,147.4
0,147.4
0,147.4
1,147.4
1,147.4
2,146.9
2,146.9
3,145.15
3,145.15
4,145.15
4,141.8
5,141.8
5,141.8
6,141.8
6,141.8
0,141.8
0,142.9
1,142.9
1,142.9
2,141.4
2,141.4
3,138.65
3,138.65
4,148.9
4,148.9
5,161.9
5,161.9
6,161.9
6,161.9
0,161.9
0,161.9
1,161.9
1,161.9
2,161.9
2,161.9
3,161.9
3,161.9
4,161.4
4,161.4
5,161.4
5,161.4
6,161.4
6,161.4
0,160.4
0,158.4
1,158.4
1,156.4
2,156.4
2,156.4
3,156.4
3,154.9
4,153.15
4,147.4
5,147.4
5,145.4
6,145.4
6,143.4
0,143.4
0,143.4
1,143.4
1,143.4
2,143.4
2,139.4
3,139.4
3,139.2
4,139.2
4,139.2
5,137.7
5,137.7
6,136.7
6,136.7
0,136.7
0,136.7
1,136.7
1,136.7
2,161.9
2,161.9
3,161.9
3,161.9
4,161.9
4,161.9
5,161.9
5,161.9
6,161.9
6,161.9
0,161.9
0,161.9
1,161.9
1,161.9
2,161.9
2,161.9
3,161.9
3,161.9
4,161.9
4,159.4
5,159.4
5,158.4
6,158.4
6,158.4
0,158.4
0,154.9
1,154.9
1,152.4
2,152.4
2,152.4
3,152.4
3,150.65
4,150.65
4,148.9
5,148.9
5,146.9
6,146.9
6,146.9
0,146.9
0,146.9
1,146.9
1,145.9
2,145.9
2,145.9
3,145.9
3,163.9
4,163.9
4,163.9
5,163.9
5,163.9
6,163.9
6,163.9
0,163.9
0,163.9
1,163.9
1,163.9
2,163.9
2,163.9
3,163.9
3,162.9
4,162.9
4,161.4
5,161.4
5,161.4
6,161.4
6,161.4
0,161.4
0,161.4
1,161.4
1,161.4
2,161.4
2,161.4
3,161.4
3,159.9
4,159.9
4,157.9
5,157.9
5,157.9
6,157.9
6,157.9
0,155.9
0,152.9
1,152.9
1,151.9
2,151.9
2,151.9
3,151.9
3,149.4
4,149.4
4,149.4
5,149.4
5,168.9
6,168.9
6,168.9
0,168.9
0,168.9
1,168.9
1,168.9
2,168.9
2,168.9
3,168.9
3,168.9
4,168.9
4,168.9
5,168.9
5,168.9
6,168.9
6,168.9
0,168.9
0,168.9
1,168.9
1,168.4
2,168.4
2,168.4
3,168.4
3,168.4
4,168.4
4,168.4
5,168.4
5,168.4
6,168.4
6,168.4
0,167.9
0,167.9
1,166.9
1,166.9
2,166.9
2,166.2
3,166.2
3,163.4
4,163.4
4,160.9
5,160.9
5,160.9
6,160.9
6,160.9
0,160.9
0,160.9
1,160.9
1,159.9
2,159.9
2,159.9
3,159.9
3,159.9
4,159.9
4,168.9
5,168.9
5,168.9
6,168.9
6,168.9
0,168.9
0,168.9
1,168.9
1,168.4
2,168.4
2,168.4
3,168.4
3,168.4
4,168.4
4,167.9
5,167.9
5,167.9
6,167.9
6,167.9
0,167.9
0,167.9
1,167.9
1,167.9
2,166.9
2,166.9
3,166.9
3,166.9
4,166.9
4,166.9
5,166.9
5,166.9
6,166.9
6,166.9
0,166.9
0,166.9
1,163.2
1,163.2
2,162.9
2,162.9
3,162.9
3,162.9
4,162.9
4,162.9
5,162.9
5,162.9
6,162.9
6,162.9
0,161.2
0,161.2
1,161.2
1,161.2
2,161.2
2,168.9
3,168.9
3,168.9
4,168.9
4,168.9
5,168.9
5,168.9
6,168.9
6,168.9
0,168.9
0,168.9
1,168.9
1,168.9
2,168.9
2,168.9
3,168.9
3,168.9
4,167.2
4,167.2
5,167.2
5,167.2
6,167.2
6,167.2
0,167.2
0,167.2
1,167.2
1,167.2
2,167.2
2,167.2
3,167.2
3,167.2
4,167.2
4,166.7
5,166.7
5,166.7
6,166.7
6,166.7
0,166.7
0,166.7
1,166.7
1,163.7
2,163.7
2,163.7
3,163.7
3,163.7
4,163.7
4,163.7
5,163.7
5,163.7
6,163.7
6,163.7
0,156.9
0,156.5
1,156.5
1,156.5
2,156.5
2,156.5
3,156.5
3,154.7
4,154.7
4,154.7
5,154.7
5,154.7
6,154.7
6,154.7
0,154.7
0,154.7
1,147.7
1,147.7
2,146.5
2,146.5
3,146.5
3,146.5
4,146.5
4,146.5
5,146.5
5,146.5
6,146.5
6,146.5
0,168.9
0,146.9
1,146.9
1,146.9
2,168.9
2,168.9
3,168.9
3,168.9
4,168.9
4,168.9
5,168.9
5,168.9
6,168.9
6,168.9
0,168.9
0,168.9
1,168.9
1,167.9
2,167.9
2,167.9
3,167.9
3,167.9
4,167.9
4,167.9
5,166.9
5,166.9
6,166.9
6,166.9
0,165.9
0,165.9
1,163.65
1,161.7
2,161.7
2,161.7
3,160.06
3,158.9
4,157.9
4,157.9
5,157.9
5,157.9
6,156.9
6,156.9
0,155.9
0,155.9
1,155.9
1,154.9
2,154.9
2,154.9
3,154.9
3,154.9
4,154.9
4,154.9
5,154.9
5,168.9
6,168.9
6,168.9
0,168.9
0,168.9
1,168.9
1,168.4
2,168.4
2,168.4
3,168.4
3,168.0666666666667
4,168.0666666666667
4,167.5666666666667
5,167.5666666666667
5,167.5666666666667
6,167.5666666666667
6,166.4
0,166.4
0,164.9
1,161.9
1,161.9
2,161.9
2,160.9
3,160.9
3,156.9
4,155.9
4,155.9
5,155.9
5,155.9
6,155.9
6,155.9
0,155.9
0,155.9
1,155.9
1,155.9
2,151.4
2,151.4
3,151.4
3,151.4
4,151.4
4,151.4
5,151.4
5,151.4
6,151.4
6,151.4
0,151.4
0,151.4
1,151.4
1,151.4
2,151.4
2,151.4
3,171.9
3,171.9
4,171.9
4,171.9
5,171.9
5,171.9
6,171.9
6,171.9
0,171.9
0,171.9
1,170.9
1,170.9
2,170.9
2,170.9
3,170.9
3,169.9
4,168.9
4,168.9
5,168.9
5,168.9
6,168.9
6,168.9
0,166.9
0,166.9
1,166.9
1,166.9
2,165.9
2,165.9
3,165.9
3,165.9
4,165.9
4,165.9
5,165.9
5,165.9
6,165.23333333333335
6,165.23333333333335
0,165.23333333333335
0,163.9
1,163.9
1,175.9
2,175.9
2,175.9
3,175.9
3,175.9
4,175.9
4,175.9
5,175.9
5,175.9
6,175.9
6,175.9
