0,0
0,0
1,131.05
1,131.05
2,129.375
2,127.9
3,124.49999999999999
3,124.49999999999999
4,124.49999999999999
4,124.49999999999999
5,121.9
5,121.9
6,121.7
6,121.7
0,120.9
0,120.9
1,120.3
1,120.3
2,120.04
2,120.04
3,118.91666666666667
3,117.9
4,116.24000000000001
4,116.24000000000001
5,116.24000000000001
5,116.24000000000001
6,116.24000000000001
6,114.9
0,114.4
0,114.4
1,114.5
1,114.5
2,135.4
2,135.4
3,145.93333333333334
3,145.93333333333334
4,145.49999999999997
4,145.49999999999997
5,145.49999999999997
5,145.49999999999997
6,144.9
6,144.5
0,143.9
0,143.9
1,143.24
1,139.9
2,139.9
2,139.9
3,139.875
3,138.9
4,134.70000000000002
4,134.70000000000002
5,134.70000000000002
5,134.70000000000002
6,132.9
6,132.4
0,131.14285714285717
0,131.14285714285717
1,131.14285714285717
1,131.14285714285717
2,131.14285714285717
2,131.14285714285717
3,125.9
3,125.9
4,123.96666666666665
4,121.9
5,121.4
5,121.4
6,121.06666666666668
6,121.06666666666668
0,121.06666666666668
0,120.8
1,120.32000000000001
1,120.32000000000001
2,119.95
2,119.95
3,147.925
3,148.0
4,147.4
4,147.4
5,147.4
5,147.4
6,143.9
6,143.9
0,142.9
0,142.9
1,142.9
1,142.9
2,140.125
2,140.125
3,137.375
3,137.375
4,134.55
4,134.55
5,134.55
5,134.55
6,134.55
6,134.55
0,131.4
0,131.4
1,128.23333333333335
1,125.4
2,124.81666666666666
2,124.81666666666666
3,130.525
3,130.525
4,149.95
4,149.95
5,149.26666666666665
5,149.26666666666665
6,149.26666666666665
6,149.26666666666665
0,147.9
0,147.8
1,147.9
1,147.9
2,147.9
2,147.9
3,147.75
3,147.75
4,145.94
4,143.9
5,143.9
5,143.9
6,143.9
6,143.9
0,143.9
0,143.9
1,143.9
1,143.9
2,143.9
2,143.9
3,143.9
3,143.9
4,143.9
4,143.9
5,143.9
5,143.9
6,143.9
6,143.9
0,143.9
0,143.9
1,143.9
1,143.9
2,143.9
2,143.9
3,143.9
3,143.9
4,143.9
4,143.9
5,143.9
5,143.9
6,143.9
6,143.9
0,143.9
0,143.9
1,143.9
1,143.9
2,143.9
2,143.9
3,143.9
3,143.9
4,143.9
4,143.9
5,143.9
5,143.9
6,143.9
6,143.9
0,143.9
0,143.9
1,143.9
1,143.9
2,143.9
2,143.9
3,143.9
3,143.9
4,143.9
4,143.9
5,143.9
5,143.9
6,143.9
6,143.9
0,143.9
0,143.9
1,143.9
1,143.9
2,143.9
2,143.9
3,143.9
3,143.9
4,143.9
4,143.9
5,143.9
5,143.9
6,143.9
6,143.9
0,143.9
0,143.9
1,143.9
1,143.9
2,143.9
2,143.9
3,143.9
3,143.9
4,143.9
4,143.9
5,143.9
5,143.9
6,143.9
6,143.9
0,143.9
0,143.9
1,143.9
1,143.9
2,143.9
2,143.9
3,143.9
3,143.9
4,143.9
4,143.9
5,143.9
5,143.9
6,143.9
6,143.9
0,143.9
0,143.9
1,143.9
1,143.9
2,143.9
2,143.9
3,143.9
3,143.9
4,143.9
4,143.9
5,143.9
5,143.9
6,143.9
6,143.9
0,143.9
0,143.9
1,143.9
1,143.9
2,143.9
2,143.9
3,143.9
3,143.9
4,143.83333333333334
4,153.10000000000002
5,153.10000000000002
5,153.10000000000002
6,153.10000000000002
6,153.10000000000002
0,153.10000000000002
0,153.3
1,153.3
1,153.3
2,153.3
2,153.3
3,153.3
3,152.85000000000002
4,148.7
4,148.7
5,148.7
5,148.7
6,148.7
6,148.7
0,148.7
0,148.7
1,148.7
1,148.1
2,148.1
2,148.1
3,148.1
3,148.0
4,148.0
4,147.60000000000002
5,147.60000000000002
5,147.60000000000002
6,147.60000000000002
6,147.60000000000002
0,147.60000000000002
0,147.60000000000002
1,147.60000000000002
1,147.60000000000002
2,148.8
2,148.8
3,147.7
3,147.7
4,147.16666666666666
4,146.09999999999997
5,141.15
5,141.15
6,139.9
6,139.9
0,139.9
0,138.0666666666667
1,138.0666666666667
1,138.0666666666667
2,136.4
2,136.4
3,136.4
3,136.4
4,136.4
4,136.4
5,136.4
5,136.4
6,136.4
6,136.4
0,136.4
0,136.4
1,136.4
1,136.4
2,154.73333333333335
2,154.73333333333335
3,154.73333333333335
3,154.73333333333335
4,154.73333333333335
4,154.73333333333335
5,154.73333333333335
5,154.73333333333335
6,154.73333333333335
6,154.73333333333335
0,154.73333333333335
0,154.73333333333335
1,161.51999999999998
1,157.8
2,157.8
2,157.8
3,157.8
3,153.44444444444446
4,152.64999999999998
4,152.64999999999998
5,152.64999999999998
5,152.64999999999998
6,152.64999999999998
6,152.64999999999998
0,152.64999999999998
0,152.64999999999998
1,152.64999999999998
1,152.64999999999998
2,152.64999999999998
2,151.36666666666665
3,150.1
3,148.44
4,148.44
4,148.05
5,148.05
5,148.05
6,147.76666666666668
6,147.16666666666666
0,147.7
0,142.8
1,140.9
1,140.75
2,140.75
2,140.75
3,140.75
3,140.75
4,140.75
4,140.75
5,140.75
5,139.5666666666667
6,139.5666666666667
6,137.9
0,137.9
0,137.23333333333335
1,136.23333333333335
1,135.3
2,134.85000000000002
2,134.85000000000002
3,134.85000000000002
3,134.85000000000002
4,134.85000000000002
4,133.79999999999998
5,133.79999999999998
5,133.79999999999998
6,133.79999999999998
6,133.79999999999998
0,133.79999999999998
0,133.23333333333332
1,161.9
1,161.9
2,161.9
2,132.9
3,132.9
3,132.9
4,132.9
4,132.9
5,132.9
5,131.4
6,131.4
6,131.4
0,131.4
0,131.4
1,131.4
1,131.4
2,147.65
2,163.9
3,163.9
3,163.9
4,163.9
4,163.9
5,163.9
5,163.9
6,163.9
6,163.9
0,163.9
0,163.9
1,163.9
1,163.9
2,162.9
2,162.9
3,162.9
3,160.9
4,158.4
4,155.4
5,155.4
5,153.9
6,150.9
6,150.9
0,150.9
0,149.56666666666666
1,143.9
1,143.9
2,143.9
2,143.9
3,143.9
3,143.9
4,143.9
4,143.9
5,143.9
5,143.9
6,143.9
6,143.9
0,143.9
0,143.9
1,143.9
1,140.5666666666667
2,140.5666666666667
2,140.5666666666667
3,140.5666666666667
3,140.5666666666667
4,140.5666666666667
4,140.5666666666667
5,140.5666666666667
5,140.5666666666667
6,137.9
6,137.9
0,137.9
0,137.9
1,140.9
1,140.9
2,140.9
2,140.2
3,140.2
3,140.2
4,140.2
4,140.2
5,140.2
5,140.2
6,140.2
6,140.2
0,140.2
0,139.2
1,139.2
1,138.86666666666665
2,138.86666666666665
2,138.86666666666665
3,138.86666666666665
3,138.86666666666665
4,137.62
4,137.62
5,137.62
5,137.62
6,137.62
6,137.62
0,137.62
0,135.76666666666668
1,135.76666666666668
1,135.76666666666668
2,134.9
2,134.03333333333333
3,134.03333333333333
3,131.8
4,131.8
4,131.8
5,131.8
5,131.8
6,131.8
6,131.8
0,131.8
0,131.8
1,131.8
1,131.8
2,131.1
2,131.1
3,131.1
3,131.1
4,131.1
4,131.1
5,131.1
5,149.63333333333333
6,149.63333333333333
6,149.63333333333333
0,149.63333333333333
0,149.63333333333333
1,149.63333333333333
1,158.5666666666667
2,158.5666666666667
2,158.5666666666667
3,158.5666666666667
3,154.9
4,154.9
4,153.70000000000002
5,153.70000000000002
5,153.70000000000002
6,153.70000000000002
6,152.9
0,152.9
0,152.9
1,152.9
1,150.1
2,150.1
2,150.1
3,150.1
3,150.1
4,150.1
4,150.1
5,150.1
5,150.1
6,150.1
6,150.1
0,150.1
0,146.92000000000002
1,146.92000000000002
1,146.92000000000002
2,146.92000000000002
2,146.92000000000002
3,146.92000000000002
3,146.92000000000002
4,142.9
4,142.9
5,142.9
5,142.9
6,142.9
6,142.9
0,142.9
0,142.23333333333335
1,142.23333333333335
1,142.23333333333335
2,142.23333333333335
2,142.23333333333335
3,142.23333333333335
3,142.23333333333335
4,142.23333333333335
4,153.23333333333335
5,153.23333333333335
5,153.23333333333335
6,153.23333333333335
6,153.23333333333335
0,153.23333333333335
0,153.23333333333335
1,153.23333333333335
1,153.23333333333335
2,153.23333333333335
2,153.23333333333335
3,153.23333333333335
3,153.23333333333335
4,157.1
4,152.2
5,152.2
5,152.2
6,148.9
6,148.9
0,144.04000000000002
0,140.275
1,140.275
1,140.275
2,140.275
2,140.275
3,140.275
3,138.9
4,138.9
4,136.6
5,136.6
5,136.6
6,136.6
6,136.6
0,136.6
0,136.18
1,136.18
1,136.18
2,135.23333333333335
2,135.23333333333335
3,135.23333333333335
3,133.9
4,133.9
4,133.9
5,133.9
5,133.9
6,133.9
6,160.9
0,160.9
0,144.5666666666667
1,144.5666666666667
1,160.9
2,160.9
2,160.9
3,160.9
3,160.9
4,160.9
4,160.9
5,160.9
5,160.9
6,160.9
6,160.9
0,160.9
0,160.9
1,160.9
1,159.1
2,154.9
2,154.9
3,154.9
3,152.9
4,152.9
4,149.9
5,149.9
5,149.9
6,149.9
6,149.9
0,149.9
0,149.9
1,147.5666666666667
1,145.0666666666667
2,145.0666666666667
2,145.0666666666667
3,143.4
3,143.4
4,143.4
4,141.9
5,141.9
5,141.9
6,141.9
6,141.9
0,141.9
0,141.9
1,141.23333333333335
1,141.23333333333335
2,141.23333333333335
2,141.23333333333335
3,141.23333333333335
3,136.9
4,133.5
4,134.9
5,131.7
5,132.26666666666665
6,130.7
6,130.86666666666665
0,130.2
0,130.2
1,130.2
1,129.66666666666666
2,129.66666666666666
2,116.40000000000002
3,116.40000000000002
3,116.40000000000002
4,116.40000000000002
4,120.13076923076925
5,120.13076923076925
5,120.13076923076925
6,120.13076923076925
6,120.13076923076925
0,120.13076923076925
0,120.13076923076925
1,120.13076923076925
1,120.13076923076925
2,120.13076923076925
2,120.13076923076925
3,120.13076923076925
3,120.13076923076925
4,120.13076923076925
4,120.13076923076925
5,120.13076923076925
5,120.13076923076925
6,120.13076923076925
6,120.13076923076925
0,120.13076923076925
0,120.13076923076925
1,120.13076923076925
1,120.13076923076925
2,120.13076923076925
2,120.13076923076925
3,120.13076923076925
3,120.13076923076925
4,120.13076923076925
4,120.13076923076925
5,120.13076923076925
5,120.13076923076925
6,120.13076923076925
6,120.13076923076925
0,120.13076923076925
0,120.13076923076925
1,120.13076923076925
1,120.13076923076925
2,120.13076923076925
2,120.13076923076925
3,120.13076923076925
3,120.13076923076925
4,120.13076923076925
4,120.13076923076925
5,120.13076923076925
5,120.13076923076925
6,120.13076923076925
6,120.13076923076925
0,120.13076923076925
0,120.13076923076925
1,120.13076923076925
1,120.13076923076925
2,120.13076923076925
2,120.13076923076925
3,120.13076923076925
3,120.13076923076925
4,120.13076923076925
4,120.13076923076925
5,120.13076923076925
5,120.13076923076925
6,120.13076923076925
6,120.13076923076925
0,120.13076923076925
0,120.13076923076925
1,120.13076923076925
1,120.13076923076925
2,120.13076923076925
2,120.13076923076925
3,120.13076923076925
3,120.13076923076925
4,120.13076923076925
4,120.13076923076925
5,120.13076923076925
5,120.13076923076925
6,120.13076923076925
6,120.13076923076925
0,120.13076923076925
0,120.13076923076925
1,120.13076923076925
1,120.13076923076925
2,120.13076923076925
2,120.13076923076925
3,120.13076923076925
3,120.13076923076925
4,120.13076923076925
4,120.13076923076925
5,120.13076923076925
5,120.13076923076925
6,120.13076923076925
6,120.13076923076925
0,120.13076923076925
0,120.13076923076925
1,120.13076923076925
1,120.13076923076925
2,120.13076923076925
2,120.13076923076925
3,120.13076923076925
3,120.13076923076925
4,120.13076923076925
4,120.13076923076925
5,120.13076923076925
5,120.13076923076925
6,120.13076923076925
6,120.13076923076925
0,120.13076923076925
0,120.13076923076925
1,120.13076923076925
1,120.13076923076925
2,120.13076923076925
2,120.13076923076925
3,120.13076923076925
3,120.13076923076925
4,120.13076923076925
4,120.13076923076925
5,120.13076923076925
5,120.13076923076925
6,120.13076923076925
6,120.13076923076925
0,120.13076923076925
0,120.13076923076925
1,120.13076923076925
1,120.13076923076925
2,120.13076923076925
2,120.13076923076925
3,120.13076923076925
3,120.13076923076925
4,120.13076923076925
4,120.13076923076925
5,120.13076923076925
5,120.13076923076925
6,120.13076923076925
6,120.13076923076925
0,120.13076923076925
0,120.13076923076925
1,120.13076923076925
1,120.13076923076925
2,120.13076923076925
2,120.13076923076925
3,120.13076923076925
3,120.13076923076925
4,120.13076923076925
4,120.13076923076925
5,120.13076923076925
5,120.13076923076925
6,120.13076923076925
6,120.13076923076925
0,120.13076923076925
0,120.13076923076925
1,120.13076923076925
1,120.13076923076925
2,120.13076923076925
2,120.13076923076925
3,120.13076923076925
3,120.13076923076925
4,120.13076923076925
4,120.13076923076925
5,120.13076923076925
5,120.13076923076925
6,120.13076923076925
6,120.13076923076925
0,120.13076923076925
0,120.13076923076925
1,120.13076923076925
1,120.13076923076925
2,120.13076923076925
2,120.13076923076925
3,120.13076923076925
3,120.13076923076925
4,120.13076923076925
4,120.13076923076925
5,120.13076923076925
5,120.13076923076925
6,120.13076923076925
6,120.13076923076925
0,120.13076923076925
0,120.13076923076925
1,120.13076923076925
1,120.13076923076925
2,120.13076923076925
2,120.13076923076925
3,120.13076923076925
3,120.13076923076925
4,120.13076923076925
4,120.13076923076925
5,120.13076923076925
5,120.13076923076925
6,120.13076923076925
6,120.13076923076925
0,120.13076923076925
0,120.13076923076925
1,120.13076923076925
1,120.13076923076925
2,120.13076923076925
2,120.13076923076925
3,120.13076923076925
3,120.13076923076925
4,120.13076923076925
4,120.13076923076925
5,120.13076923076925
5,120.13076923076925
6,120.13076923076925
6,120.13076923076925
0,120.13076923076925
0,120.13076923076925
1,120.13076923076925
1,120.13076923076925
2,120.13076923076925
2,120.13076923076925
3,120.13076923076925
3,120.13076923076925
4,120.13076923076925
4,120.13076923076925
5,120.13076923076925
5,120.13076923076925
6,120.13076923076925
6,120.13076923076925
0,120.13076923076925
0,120.13076923076925
1,120.13076923076925
1,120.13076923076925
2,120.13076923076925
2,120.13076923076925
3,120.13076923076925
3,120.13076923076925
4,120.13076923076925
4,163.9
5,163.9
5,163.9
6,163.9
6,163.9
0,163.9
0,163.9
1,163.9
1,163.9
2,163.9
2,159.75
3,159.75
3,159.75
4,159.75
4,159.75
5,159.75
5,157.9
6,157.9
6,157.9
0,157.9
0,157.9
1,157.9
1,157.9
2,157.9
2,157.9
3,155.9
3,153.9
4,153.9
4,153.9
5,151.9
5,151.9
6,151.9
6,150.9
0,150.9
0,146.9
1,146.9
1,144.9
2,144.9
2,143.4
3,143.4
3,143.4
4,143.4
4,143.4
5,168.9
5,168.9
6,168.9
6,168.9
0,168.9
0,168.9
1,166.9
1,166.9
2,166.9
2,166.9
3,165.9
3,165.9
4,165.9
4,164.9
5,164.9
5,163.9
6,163.9
6,163.9
0,163.9
0,159.9
1,159.9
1,159.9
2,159.9
2,159.9
3,157.9
3,155.9
4,155.9
4,155.9
5,155.9
5,155.9
6,155.9
6,154.9
0,153.9
0,153.9
1,153.9
1,150.9
2,154.9
2,154.9
3,154.9
3,153.9
4,153.9
4,151.9
5,150.9
5,150.9
6,150.9
6,150.9
0,149.9
0,148.9
1,148.9
1,148.9
2,148.9
2,168.9
3,168.9
3,168.9
4,168.9
4,168.9
5,168.9
5,168.9
6,168.9
6,168.9
0,167.5666666666667
0,163.9
1,163.9
1,163.9
2,163.9
2,163.9
3,163.9
3,163.9
4,162.9
4,160.9
5,160.9
5,160.9
6,160.9
6,160.9
0,159.9
0,159.9
1,159.9
1,159.9
2,157.9
2,157.9
3,157.9
3,155.9
4,154.9
4,154.9
5,154.9
5,154.9
6,154.9
6,154.9
0,154.9
0,154.9
1,154.9
1,154.9
2,154.9
2,154.9
3,154.9
3,154.9
4,154.9
4,154.9
5,154.9
5,154.9
6,154.9
6,154.9
0,154.9
0,154.9
1,154.9
1,154.9
2,168.9
2,168.9
3,168.9
3,168.9
4,168.9
4,168.9
5,168.9
5,168.9
6,168.9
6,168.9
0,167.9
0,166.9
1,164.4
1,164.4
2,164.4
2,164.4
3,161.9
3,160.9
4,160.9
4,160.9
5,160.9
5,160.9
6,160.9
6,160.9
0,160.9
0,158.4
1,155.4
1,155.4
2,155.4
2,155.4
3,155.4
3,155.4
4,155.4
4,155.4
5,155.4
5,155.4
6,155.4
6,155.4
0,155.4
0,155.4
1,155.4
1,155.4
2,155.4
2,155.4
3,155.4
3,155.4
4,155.4
4,152.9
5,152.9
5,152.7
6,151.9
6,151.9
0,150.7
0,149.4
1,149.4
1,149.4
2,149.4
2,149.4
3,149.4
3,149.4
4,149.4
4,147.9
5,147.9
5,147.9
6,147.9
6,147.9
0,147.9
0,147.9
1,147.9
1,147.9
2,146.9
2,146.9
3,146.9
3,146.9
4,146.9
4,146.9
5,146.9
5,146.9
6,146.9
6,146.9
0,146.9
0,146.9
1,146.9
1,146.9
2,146.9
2,168.9
3,168.9
3,168.9
4,166.9
4,163.9
5,163.9
5,163.9
6,163.9
6,163.9
0,162.9
0,162.9
1,162.9
1,161.9
2,160.2
2,160.2
3,159.9
3,159.9
4,159.9
4,158.9
5,158.9
5,158.9
6,158.9
6,158.9
0,157.9
0,157.9
1,154.9
1,154.9
2,152.7
2,152.7
3,152.7
3,152.7
4,152.7
4,152.7
5,151.9
5,150.7
6,150.7
6,150.7
0,150.7
0,150.7
1,150.7
1,149.7
2,148.7
2,148.7
3,148.7
3,148.7
4,148.7
4,148.7
5,148.7
5,147.9
6,147.9
6,147.9
0,168.9
0,168.9
1,168.9
1,164.9
2,164.9
2,162.9
3,159.9
3,159.9
4,159.9
4,159.9
5,159.9
5,159.9
6,159.9
6,158.5
0,158.5
0,158.5
1,158.5
1,155.7
2,155.7
2,155.7
3,155.7
3,155.7
4,155.7
4,155.7
5,155.7
5,155.7
6,151.9
6,151.9
0,151.9
0,151.9
1,151.9
1,151.9
2,151.9
2,151.9
3,151.9
3,151.9
4,151.9
4,151.9
5,151.9
5,151.9
6,151.9
6,150.7
0,150.7
0,150.7
1,150.7
1,150.7
2,150.7
2,150.7
3,171.9
3,171.9
4,171.9
4,171.9
5,171.9
5,171.9
6,171.9
6,171.9
0,168.9
0,166.9
1,166.9
1,165.9
2,164.9
2,164.9
3,164.9
3,164.9
4,164.9
4,164.9
5,164.9
5,162.9
6,162.9
6,162.9
0,160.9
0,160.9
1,160.9
1,160.9
2,160.9
2,159.9
3,159.9
3,159.9
4,157.9
4,157.9
5,157.9
5,157.9
6,156.9
6,156.9
0,156.9
0,175.9
1,175.9
1,175.9
2,175.9
2,175.9
3,175.9
3,175.9
4,175.9
4,173.9
5,173.9
5,173.9
6,173.9
6,173.9
