0,0
0,0
1,0
1,0
2,0
2,0
3,0
3,0
4,0
4,0
5,0
5,0
6,0
6,0
0,0
0,0
1,0
1,0
2,0
2,0
3,130.9
3,130.9
4,130.9
4,130.9
5,130.9
5,130.9
6,130.9
6,130.9
0,130.9
0,130.9
1,130.9
1,130.9
2,130.9
2,130.9
3,130.9
3,130.9
4,130.9
4,130.9
5,130.9
5,130.9
6,130.9
6,130.9
0,130.9
0,130.9
1,130.9
1,130.9
2,130.9
2,130.9
3,129.9
3,129.9
4,129.9
4,129.9
5,129.9
5,129.9
6,129.9
6,129.9
0,129.9
0,129.9
1,129.9
1,129.9
2,129.9
2,129.9
3,129.9
3,129.9
4,129.9
4,129.9
5,129.9
5,129.9
6,129.9
6,129.9
0,129.9
0,129.9
1,129.9
1,129.9
2,129.9
2,129.9
3,129.23333333333335
3,129.23333333333335
4,129.23333333333335
4,129.23333333333335
5,129.23333333333335
5,129.23333333333335
6,129.23333333333335
6,129.23333333333335
0,129.23333333333335
0,129.23333333333335
1,129.23333333333335
1,129.23333333333335
2,129.23333333333335
2,129.23333333333335
3,128.23333333333335
3,123.9
4,127.9
4,127.9
5,127.9
5,127.9
6,127.9
6,127.9
0,127.9
0,127.9
1,127.9
1,127.9
2,127.9
2,127.9
3,127.9
3,127.9
4,127.9
4,127.9
5,127.9
5,127.9
6,127.9
6,127.9
0,127.9
0,127.9
1,127.9
1,127.9
2,127.9
2,127.9
3,127.9
3,127.9
4,127.9
4,127.9
5,127.9
5,127.9
6,127.9
6,127.9
0,127.9
0,127.9
1,127.9
1,127.9
2,127.9
2,127.9
3,127.9
3,127.9
4,127.9
4,127.9
5,127.9
5,127.9
6,127.9
6,127.9
0,127.9
0,127.9
1,127.9
1,127.9
2,127.9
2,127.9
3,127.9
3,127.9
4,127.9
4,127.9
5,127.9
5,127.9
6,127.9
6,127.9
0,127.9
0,127.9
1,127.9
1,127.9
2,127.9
2,127.9
3,127.9
3,127.9
4,127.9
4,127.9
5,127.9
5,127.9
6,127.9
6,127.9
0,127.9
0,127.9
1,127.9
1,127.9
2,127.9
2,127.9
3,127.9
3,127.9
4,127.9
4,127.9
5,127.9
5,127.9
6,127.9
6,127.9
0,127.9
0,127.9
1,127.9
1,127.9
2,127.9
2,127.9
3,127.9
3,127.9
4,127.9
4,127.9
5,127.9
5,127.9
6,127.9
6,127.9
0,127.9
0,127.9
1,127.9
1,127.9
2,127.9
2,127.9
3,127.9
3,127.9
4,127.9
4,127.9
5,127.9
5,127.9
6,127.9
6,127.9
0,127.9
0,127.9
1,127.9
1,127.9
2,127.9
2,127.9
3,127.9
3,127.9
4,127.9
4,127.9
5,127.9
5,127.9
6,127.9
6,127.9
0,127.9
0,127.9
1,127.9
1,127.9
2,127.9
2,127.9
3,127.9
3,127.9
4,127.9
4,127.9
5,127.9
5,127.9
6,127.9
6,127.9
0,127.9
0,127.9
1,127.9
1,127.9
2,127.9
2,127.9
3,127.9
3,127.9
4,127.9
4,127.9
5,127.9
5,127.9
6,127.9
6,127.9
0,127.9
0,127.9
1,127.9
1,127.9
2,127.9
2,127.9
3,127.9
3,127.9
4,127.9
4,127.9
5,127.9
5,127.9
6,127.9
6,127.9
0,127.9
0,127.9
1,127.9
1,127.9
2,127.9
2,127.9
3,127.9
3,143.9
4,143.9
4,143.9
5,143.9
5,143.9
6,143.9
6,143.9
0,143.9
0,143.9
1,143.9
1,143.9
2,143.9
2,143.9
3,142.45
3,142.4
4,142.4
4,142.4
5,142.4
5,142.4
6,142.4
6,142.4
0,142.4
0,142.4
1,142.4
1,142.4
2,142.4
2,142.4
3,142.4
3,142.4
4,142.4
4,142.4
5,142.4
5,142.4
6,142.4
6,142.4
0,142.4
0,142.4
1,142.4
1,142.4
2,142.4
2,142.4
3,142.4
3,142.4
4,142.4
4,142.4
5,142.4
5,142.4
6,142.4
6,142.4
0,142.4
0,142.4
1,164.9
1,164.9
2,164.9
2,164.9
3,164.9
3,164.9
4,164.9
4,164.9
5,164.9
5,164.9
6,164.9
6,164.9
0,164.9
0,164.9
1,164.9
1,148.9
2,148.9
2,148.9
3,148.9
3,148.9
4,159.5666666666667
4,159.5666666666667
5,159.5666666666667
5,159.5666666666667
6,159.5666666666667
6,159.5666666666667
0,159.5666666666667
0,159.5666666666667
1,159.5666666666667
1,159.5666666666667
2,159.5666666666667
2,159.5666666666667
3,159.5666666666667
3,159.5666666666667
4,159.5666666666667
4,159.5666666666667
5,159.5666666666667
5,159.5666666666667
6,159.5666666666667
6,159.5666666666667
0,159.5666666666667
0,159.5666666666667
1,161.95
1,161.95
2,161.95
2,161.95
3,161.95
3,161.95
4,161.95
4,161.95
5,161.95
5,161.95
6,161.95
6,161.95
0,161.95
0,161.95
1,161.95
1,161.95
2,161.95
2,153.9
3,153.9
3,153.9
4,153.9
4,153.9
5,153.9
5,153.9
6,150.9
6,150.9
0,150.9
0,150.9
1,150.9
1,150.9
2,150.9
2,148.23333333333332
3,148.23333333333332
3,148.23333333333332
4,148.23333333333332
4,148.23333333333332
5,148.23333333333332
5,148.23333333333332
6,148.23333333333332
6,148.23333333333332
0,148.23333333333332
0,148.23333333333332
1,148.23333333333332
1,148.23333333333332
2,148.23333333333332
2,148.23333333333332
3,148.23333333333332
3,148.23333333333332
4,148.23333333333332
4,148.23333333333332
5,148.23333333333332
5,148.23333333333332
6,148.23333333333332
6,148.23333333333332
0,148.23333333333332
0,148.23333333333332
1,148.23333333333332
1,148.23333333333332
2,148.23333333333332
2,148.23333333333332
3,148.23333333333332
3,148.23333333333332
4,148.23333333333332
4,148.23333333333332
5,148.23333333333332
5,148.23333333333332
6,148.23333333333332
6,148.23333333333332
0,148.23333333333332
0,148.23333333333332
1,148.23333333333332
1,148.23333333333332
2,148.23333333333332
2,148.23333333333332
3,148.23333333333332
3,148.23333333333332
4,148.23333333333332
4,148.23333333333332
5,148.23333333333332
5,148.23333333333332
6,148.23333333333332
6,148.23333333333332
0,148.23333333333332
0,148.23333333333332
1,148.23333333333332
1,148.23333333333332
2,148.23333333333332
2,148.23333333333332
3,148.23333333333332
3,148.23333333333332
4,148.23333333333332
4,148.23333333333332
5,148.23333333333332
5,148.23333333333332
6,148.23333333333332
6,148.23333333333332
0,148.23333333333332
0,148.23333333333332
1,148.23333333333332
1,148.23333333333332
2,148.23333333333332
2,148.23333333333332
3,148.23333333333332
3,148.23333333333332
4,148.23333333333332
4,148.23333333333332
5,148.23333333333332
5,148.23333333333332
6,148.23333333333332
6,148.23333333333332
0,148.23333333333332
0,148.23333333333332
1,148.23333333333332
1,148.23333333333332
2,148.23333333333332
2,148.23333333333332
3,148.23333333333332
3,148.23333333333332
4,148.23333333333332
4,148.23333333333332
5,148.23333333333332
5,148.23333333333332
6,148.23333333333332
6,148.23333333333332
0,148.23333333333332
0,148.23333333333332
1,148.23333333333332
1,148.23333333333332
2,148.23333333333332
2,148.23333333333332
3,148.23333333333332
3,148.23333333333332
4,148.23333333333332
4,148.23333333333332
5,148.23333333333332
5,148.23333333333332
6,148.23333333333332
6,148.23333333333332
0,148.23333333333332
0,148.23333333333332
1,148.23333333333332
1,148.23333333333332
2,148.23333333333332
2,148.23333333333332
3,148.23333333333332
3,148.23333333333332
4,148.23333333333332
4,148.23333333333332
5,148.23333333333332
5,148.23333333333332
6,148.23333333333332
6,148.23333333333332
0,148.23333333333332
0,148.23333333333332
1,148.23333333333332
1,148.23333333333332
2,148.23333333333332
2,148.23333333333332
3,148.23333333333332
3,148.23333333333332
4,148.23333333333332
4,148.23333333333332
5,148.23333333333332
5,148.23333333333332
6,148.23333333333332
6,148.23333333333332
0,148.23333333333332
0,148.23333333333332
1,148.23333333333332
1,148.23333333333332
2,148.23333333333332
2,148.23333333333332
3,148.23333333333332
3,148.23333333333332
4,148.23333333333332
4,148.23333333333332
5,148.23333333333332
5,148.23333333333332
6,148.23333333333332
6,148.23333333333332
0,148.23333333333332
0,148.23333333333332
1,148.23333333333332
1,148.23333333333332
2,148.23333333333332
2,148.23333333333332
3,148.23333333333332
3,148.23333333333332
4,148.23333333333332
4,148.23333333333332
5,148.23333333333332
5,148.23333333333332
6,148.23333333333332
6,148.23333333333332
0,148.23333333333332
0,148.23333333333332
1,148.23333333333332
1,148.23333333333332
2,148.23333333333332
2,148.23333333333332
3,148.23333333333332
3,148.23333333333332
4,148.23333333333332
4,148.23333333333332
5,148.23333333333332
5,148.23333333333332
6,148.23333333333332
6,148.23333333333332
0,148.23333333333332
0,148.23333333333332
1,148.23333333333332
1,148.23333333333332
2,148.23333333333332
2,148.23333333333332
3,148.23333333333332
3,148.23333333333332
4,148.23333333333332
4,148.23333333333332
5,148.23333333333332
5,148.23333333333332
6,148.23333333333332
6,148.23333333333332
0,148.23333333333332
0,148.23333333333332
1,148.23333333333332
1,148.23333333333332
2,148.23333333333332
2,148.23333333333332
3,148.23333333333332
3,148.23333333333332
4,148.23333333333332
4,148.23333333333332
5,148.23333333333332
5,148.23333333333332
6,148.23333333333332
6,148.23333333333332
0,148.23333333333332
0,148.23333333333332
1,148.23333333333332
1,148.23333333333332
2,148.23333333333332
2,148.23333333333332
3,148.23333333333332
3,148.23333333333332
4,148.23333333333332
4,148.23333333333332
5,148.23333333333332
5,148.23333333333332
6,148.23333333333332
6,148.23333333333332
0,148.23333333333332
0,148.23333333333332
1,148.23333333333332
1,148.23333333333332
2,148.23333333333332
2,148.23333333333332
3,148.23333333333332
3,148.23333333333332
4,148.23333333333332
4,148.23333333333332
5,148.23333333333332
5,148.23333333333332
6,148.23333333333332
6,148.23333333333332
0,148.23333333333332
0,148.23333333333332
1,148.23333333333332
1,148.23333333333332
2,148.23333333333332
2,148.23333333333332
3,148.23333333333332
3,148.23333333333332
4,148.23333333333332
4,148.23333333333332
5,148.23333333333332
5,148.23333333333332
6,148.23333333333332
6,148.23333333333332
0,148.23333333333332
0,148.23333333333332
1,148.23333333333332
1,148.23333333333332
2,148.23333333333332
2,148.23333333333332
3,146.7
3,146.7
4,146.7
4,144.9
5,144.9
5,144.9
6,144.9
6,144.9
0,144.9
0,144.9
1,144.9
1,144.9
2,144.9
2,144.9
3,144.9
3,144.9
4,144.9
4,144.9
5,144.8
5,144.8
6,144.8
6,144.8
0,144.8
0,144.8
1,144.8
1,144.8
2,144.8
2,144.8
3,144.8
3,144.8
4,144.5
4,144.5
5,144.5
5,144.5
6,144.5
6,144.5
0,144.5
0,144.5
1,144.5
1,144.5
2,144.5
2,144.5
3,144.5
3,144.5
4,144.5
4,144.5
5,144.5
5,144.5
6,144.5
6,144.5
0,144.5
0,144.5
1,144.5
1,144.5
2,144.5
2,144.5
3,144.5
3,144.5
4,144.5
4,144.5
5,144.5
5,144.5
6,144.5
6,144.5
0,144.5
0,144.5
1,144.5
1,144.5
2,140.9
2,140.9
3,140.9
3,140.9
4,140.9
4,140.9
5,140.9
5,140.9
6,140.9
6,140.9
0,140.9
0,140.9
1,140.9
1,140.9
2,140.9
2,140.9
3,140.9
3,138.5
4,138.5
4,138.5
5,138.5
5,138.5
6,138.5
6,138.5
0,138.5
0,137.9
1,137.9
1,137.9
2,137.9
2,137.9
3,137.9
3,137.9
4,137.9
4,137.9
5,137.9
5,137.9
6,137.9
6,137.9
0,137.9
0,137.9
1,137.9
1,137.9
2,137.9
2,137.9
3,137.9
3,137.9
4,137.9
4,137.9
5,137.9
5,137.9
6,137.9
6,137.9
0,137.9
0,146.9
1,146.9
1,146.9
2,146.9
2,146.9
3,146.9
3,146.9
4,146.9
4,144.9
5,144.9
5,144.9
6,144.9
6,144.9
0,144.9
0,144.9
1,144.9
1,144.9
2,144.9
2,144.9
3,144.9
3,144.9
4,144.9
4,144.9
5,144.9
5,144.9
6,144.9
6,144.9
0,144.9
0,144.9
1,144.9
1,144.9
2,144.9
2,144.9
3,144.9
3,144.9
4,144.9
4,144.9
5,144.9
5,144.9
6,144.9
6,144.9
0,144.9
0,144.9
1,144.9
1,144.9
2,144.9
2,144.9
3,144.9
3,144.9
4,144.9
4,144.9
5,144.9
5,144.9
6,144.9
6,144.9
0,144.9
0,154.9
1,154.9
1,154.9
2,154.9
2,154.9
3,154.9
3,154.9
4,142.5
4,142.5
5,142.5
5,142.5
6,142.5
6,142.5
0,142.5
0,142.5
1,142.5
1,142.5
2,142.5
2,142.5
3,142.5
3,142.5
4,142.5
4,142.5
5,142.5
5,142.5
6,142.5
6,142.5
0,142.5
0,142.5
1,142.5
1,142.5
2,142.5
2,142.5
3,142.5
3,142.5
4,142.5
4,142.5
5,142.5
5,142.5
6,142.5
6,142.5
0,142.5
0,142.5
1,142.5
1,142.5
2,142.5
2,142.5
3,142.5
3,142.5
4,142.5
4,142.5
5,142.5
5,142.5
6,142.5
6,142.5
0,142.5
0,142.5
1,142.5
1,142.5
2,142.5
2,142.5
3,142.5
3,142.5
4,142.5
4,142.5
5,142.5
5,142.5
6,142.5
6,142.5
0,142.5
0,142.5
1,142.5
1,142.5
2,142.5
2,158.9
3,158.9
3,158.9
4,158.9
4,158.9
5,158.9
5,158.9
6,158.9
6,158.9
0,158.9
0,158.9
1,148.9
1,148.9
2,148.9
2,148.9
3,148.9
3,148.9
4,148.9
4,148.9
5,148.9
5,148.9
6,148.9
6,148.9
0,148.9
0,148.9
1,148.9
1,148.9
2,148.9
2,148.9
3,148.9
3,147.9
4,147.9
4,147.9
5,147.9
5,147.9
6,147.9
6,147.9
0,147.9
0,147.9
1,147.9
1,147.9
2,147.9
2,147.9
3,147.9
3,147.9
4,147.9
4,147.9
5,147.9
5,147.9
6,147.9
6,147.9
0,147.9
0,147.9
1,158.9
1,158.9
2,158.9
2,158.9
3,158.9
3,158.9
4,158.9
4,158.9
5,158.9
5,158.9
6,158.9
6,158.9
0,158.9
0,158.9
1,158.9
1,158.9
2,158.9
2,158.9
3,158.9
3,158.9
4,158.9
4,158.9
5,158.9
5,158.9
6,158.9
6,158.9
0,158.9
0,158.9
1,158.9
1,158.9
2,158.9
2,158.9
3,158.9
3,158.9
4,158.9
4,158.9
5,158.9
5,158.9
6,158.9
6,158.9
0,158.9
0,158.9
1,158.9
1,158.9
2,158.9
2,158.9
3,158.9
3,158.9
4,158.9
4,158.9
5,158.9
5,158.9
6,158.9
6,158.9
0,158.9
0,154.9
1,154.9
1,154.9
2,154.9
2,154.9
3,154.9
3,154.9
4,154.9
4,154.9
5,154.9
5,154.9
6,154.9
6,154.9
0,154.9
0,154.9
1,154.9
1,154.9
2,154.9
2,154.9
3,154.9
3,154.9
4,154.9
4,154.9
5,154.9
5,154.9
6,154.9
6,154.9
0,154.9
0,154.9
1,154.9
1,154.9
2,154.9
2,154.9
3,154.9
3,154.9
4,154.9
4,154.9
5,154.9
5,154.9
6,154.9
6,154.9
0,154.9
0,154.9
1,154.9
1,154.9
2,154.9
2,154.9
3,154.9
3,154.9
4,154.9
4,154.9
5,154.9
5,154.9
6,154.9
6,154.9
0,154.9
0,154.9
1,154.9
1,154.9
2,154.9
2,154.9
3,154.9
3,154.9
4,154.9
4,154.9
5,154.9
5,154.9
6,154.9
6,154.9
0,154.9
0,154.9
1,154.9
1,154.9
2,154.9
2,154.9
3,154.9
3,154.9
4,154.9
4,154.9
5,154.9
5,154.9
6,154.9
6,154.9
0,154.9
0,154.9
1,154.9
1,154.9
2,154.9
2,154.9
3,154.9
3,154.9
4,154.9
4,154.9
5,154.9
5,154.9
6,154.9
6,154.9
0,154.9
0,154.9
1,154.9
1,154.9
2,154.9
2,154.9
3,154.9
3,154.9
4,154.9
4,154.9
5,154.9
5,154.9
6,154.9
6,154.9
0,154.9
0,154.9
1,154.9
1,154.9
2,154.9
2,154.9
3,154.9
3,154.9
4,154.9
4,154.9
5,154.9
5,154.9
6,154.9
6,154.9
0,154.9
0,154.9
1,154.9
1,154.9
2,154.9
2,154.9
3,160.9
3,156.9
4,156.9
4,156.9
5,156.9
5,156.9
6,156.9
6,156.9
0,156.9
0,156.9
1,156.9
1,156.9
2,156.9
2,156.9
3,156.9
3,156.9
4,156.9
4,156.9
5,156.9
5,156.9
6,156.9
6,156.9
0,156.9
0,156.9
1,156.9
1,156.9
2,156.9
2,156.9
3,156.9
3,156.9
4,156.9
4,156.9
5,156.9
5,156.9
6,156.9
6,156.9
0,156.9
0,156.9
1,156.9
1,156.9
2,156.9
2,156.9
3,156.9
3,156.9
4,156.9
4,156.9
5,156.9
5,156.9
6,156.9
6,156.9
0,156.9
0,156.9
1,156.9
1,156.9
2,156.9
2,156.9
3,156.9
3,156.9
4,156.9
4,156.9
5,160.9
5,160.9
6,160.9
6,160.9
0,160.9
0,160.9
1,160.9
1,160.9
2,160.9
2,160.9
3,156.9
3,156.9
4,156.9
4,156.9
5,156.9
5,156.9
6,156.9
6,156.9
0,156.9
0,156.9
1,158.9
1,158.9
2,158.9
2,158.9
3,158.9
3,158.9
4,158.9
4,160.9
5,160.9
5,160.9
6,160.9
6,160.9
0,162.9
0,162.9
1,162.9
1,162.9
2,165.9
2,168.9
3,168.9
3,168.9
4,168.9
4,168.9
5,168.9
5,168.9
6,168.9
6,168.9
0,168.9
0,168.9
1,168.9
1,168.9
2,168.9
2,168.9
3,168.9
3,168.9
4,168.9
4,168.9
5,168.9
5,168.9
6,168.9
6,168.9
0,168.9
0,168.9
1,168.9
1,168.9
2,168.9
2,168.9
3,168.9
3,168.9
4,168.9
4,168.9
5,168.9
5,168.9
6,168.9
6,168.9
