0,0
0,0
1,122.9
1,122.9
2,122.9
2,122.9
3,121.9
3,121.9
4,121.9
4,121.9
5,121.9
5,121.9
6,121.9
6,121.9
0,121.9
0,121.9
1,121.9
1,121.9
2,118.9
2,118.9
3,118.9
3,118.9
4,118.5
4,118.5
5,118.5
5,118.5
6,118.5
6,118.5
0,117.9
0,117.9
1,117.9
1,117.9
2,117.9
2,117.9
3,117.9
3,117.9
4,117.9
4,117.9
5,117.9
5,117.9
6,117.9
6,117.9
0,117.9
0,117.9
1,117.85
1,117.85
2,117.85
2,117.85
3,117.85
3,117.85
4,117.85
4,117.85
5,117.85
5,117.85
6,117.85
6,117.85
0,117.85
0,117.94999999999999
1,117.94999999999999
1,117.94999999999999
2,117.94999999999999
2,117.94999999999999
3,117.94999999999999
3,117.94999999999999
4,117.94999999999999
4,117.94999999999999
5,117.94999999999999
5,117.94999999999999
6,119.9
6,119.9
0,117.9
0,117.9
1,117.9
1,117.9
2,117.9
2,117.9
3,147.9
3,147.9
4,147.9
4,147.9
5,147.9
5,147.9
6,147.9
6,147.9
0,119.9
0,119.9
1,119.9
1,119.9
2,117.9
2,117.9
3,117.9
3,117.9
4,117.9
4,117.9
5,117.9
5,117.9
6,117.9
6,117.9
0,117.9
0,117.9
1,117.9
1,117.9
2,117.9
2,117.9
3,117.9
3,117.9
4,117.9
4,117.9
5,117.9
5,117.9
6,117.9
6,117.9
0,117.9
0,117.9
1,117.9
1,117.9
2,117.9
2,117.9
3,117.9
3,117.9
4,117.9
4,117.9
5,117.9
5,117.9
6,117.9
6,117.9
0,117.9
0,117.9
1,117.9
1,117.9
2,117.9
2,117.9
3,117.9
3,117.9
4,117.9
4,117.9
5,117.9
5,117.9
6,117.9
6,117.9
0,117.9
0,117.9
1,117.9
1,117.9
2,117.9
2,117.9
3,117.9
3,117.9
4,117.9
4,117.9
5,117.9
5,117.9
6,117.9
6,117.9
0,117.9
0,117.9
1,117.9
1,117.9
2,117.9
2,117.9
3,117.9
3,117.9
4,117.9
4,117.9
5,117.9
5,117.9
6,117.9
6,117.9
0,117.9
0,117.9
1,117.9
1,117.9
2,117.9
2,117.9
3,117.9
3,117.9
4,117.9
4,117.9
5,117.9
5,117.9
6,117.9
6,117.9
0,117.9
0,117.9
1,117.9
1,117.9
2,117.9
2,117.9
3,117.9
3,117.9
4,117.9
4,117.9
5,117.9
5,117.9
6,117.9
6,117.9
0,117.9
0,117.9
1,117.9
1,117.9
2,117.9
2,117.9
3,117.9
3,117.9
4,117.9
4,117.9
5,117.9
5,117.9
6,117.9
6,117.9
0,117.9
0,117.9
1,117.9
1,117.9
2,117.9
2,117.9
3,117.9
3,117.9
4,117.9
4,117.9
5,117.9
5,117.9
6,117.9
6,117.9
0,117.9
0,117.9
1,117.9
1,117.9
2,117.9
2,117.9
3,117.9
3,117.9
4,117.9
4,117.9
5,117.9
5,117.9
6,117.9
6,117.9
0,117.9
0,117.9
1,117.9
1,117.9
2,117.9
2,117.9
3,117.9
3,117.9
4,117.9
4,117.9
5,117.9
5,137.9
6,137.9
6,137.9
0,137.9
0,137.9
1,137.7
1,137.7
2,137.7
2,137.7
3,137.7
3,137.7
4,137.7
4,137.7
5,137.7
5,137.7
6,137.7
6,137.7
0,137.7
0,137.7
1,148.9
1,148.9
2,148.9
2,148.9
3,148.9
3,150.9
4,150.9
4,148.9
5,148.9
5,148.9
6,148.9
6,148.9
0,148.9
0,146.9
1,146.9
1,146.9
2,146.9
2,146.9
3,146.9
3,146.9
4,146.9
4,146.9
5,146.9
5,146.9
6,146.9
6,146.9
0,146.8
0,142.4
1,142.4
1,142.4
2,142.4
2,142.4
3,142.4
3,142.4
4,142.4
4,142.4
5,142.4
5,142.4
6,142.4
6,142.4
0,142.4
0,142.4
1,142.4
1,142.4
2,142.4
2,142.4
3,142.4
3,142.4
4,142.4
4,142.4
5,142.4
5,142.4
6,142.4
6,142.4
0,142.4
0,156.4
1,156.4
1,156.4
2,156.4
2,164.9333333333333
3,164.9333333333333
3,164.9333333333333
4,164.9333333333333
4,164.9333333333333
5,164.9333333333333
5,164.9333333333333
6,164.9333333333333
6,164.9333333333333
0,164.9333333333333
0,164.9333333333333
1,164.9333333333333
1,164.9333333333333
2,164.9333333333333
2,164.9333333333333
3,164.9333333333333
3,163.3
4,160.9
4,160.9
5,160.9
5,160.9
6,160.9
6,160.9
0,160.9
0,160.9
1,160.9
1,160.9
2,160.9
2,160.9
3,160.9
3,160.9
4,160.9
4,160.9
5,160.9
5,160.9
6,160.9
6,160.9
0,160.9
0,160.9
1,160.9
1,159.9
2,159.9
2,159.9
3,159.9
3,159.9
4,158.7
4,158.7
5,158.7
5,158.7
6,158.7
6,158.7
0,158.7
0,158.7
1,158.7
1,158.7
2,158.7
2,158.7
3,158.7
3,158.7
4,158.7
4,158.7
5,158.7
5,158.7
6,158.7
6,158.7
0,158.7
0,158.7
1,158.7
1,158.7
2,158.7
2,158.7
3,158.7
3,158.7
4,158.7
4,158.7
5,158.7
5,158.7
6,158.7
6,158.7
0,158.7
0,158.7
1,158.7
1,158.7
2,158.7
2,158.7
3,158.7
3,158.7
4,158.7
4,158.7
5,158.7
5,158.7
6,158.7
6,158.7
0,158.7
0,158.16666666666666
1,158.16666666666666
1,158.16666666666666
2,158.16666666666666
2,158.16666666666666
3,158.16666666666666
3,146.55
4,146.55
4,144.9
5,144.9
5,144.9
6,144.9
6,143.9
0,143.9
0,141.76666666666668
1,141.76666666666668
1,140.5
2,139.7
2,139.1
3,139.1
3,137.5
4,137.5
4,137.5
5,137.5
5,137.5
6,137.5
6,137.5
0,137.5
0,137.5
1,137.5
1,137.5
2,137.5
2,137.5
3,137.5
3,137.5
4,137.5
4,136.7
5,136.7
5,136.7
6,136.7
6,136.7
0,136.7
0,136.7
1,136.7
1,136.7
2,135.7
2,135.7
3,135.7
3,134.7
4,134.7
4,134.7
5,134.7
5,134.7
6,134.7
6,134.7
0,134.7
0,134.7
1,133.7
1,133.7
2,133.7
2,133.7
3,133.7
3,133.7
4,133.7
4,133.7
5,132.7
5,132.7
6,132.7
6,132.7
0,132.7
0,132.7
1,132.7
1,132.7
2,131.7
2,131.7
3,131.7
3,131.7
4,131.7
4,131.7
5,131.7
5,131.7
6,131.7
6,131.7
0,131.7
0,131.7
1,131.7
1,158.9
2,158.9
2,158.9
3,158.9
3,134.4
4,134.4
4,134.4
5,134.4
5,133.9
6,132.9
6,132.9
0,132.9
0,132.9
1,132.9
1,132.9
2,132.9
2,132.9
3,132.9
3,132.9
4,132.9
4,132.9
5,132.9
5,132.9
6,132.9
6,132.9
0,132.9
0,131.7
1,131.7
1,131.7
2,131.7
2,158.9
3,158.9
3,158.9
4,158.9
4,158.9
5,158.9
5,158.9
6,158.9
6,158.9
0,158.9
0,158.9
1,156.9
1,156.9
2,156.9
2,156.9
3,156.9
3,156.9
4,156.9
4,156.9
5,156.9
5,156.9
6,156.9
6,156.9
0,156.9
0,153.9
1,153.9
1,149.9
2,149.9
2,146.9
3,146.9
3,141.9
4,141.9
4,141.9
5,141.9
5,138.7
6,138.7
6,138.7
0,138.7
0,138.7
1,138.7
1,138.7
2,138.7
2,137.7
3,137.7
3,137.7
4,137.7
4,137.7
5,137.7
5,137.7
6,137.7
6,137.7
0,137.7
0,137.5
1,136.9
1,136.7
2,136.7
2,136.7
3,136.7
3,136.7
4,136.7
4,136.7
5,136.7
5,136.7
6,136.7
6,136.7
0,136.7
0,136.7
1,136.7
1,136.7
2,136.7
2,136.7
3,136.7
3,136.7
4,160.9
4,160.9
5,160.9
5,137.7
6,137.7
6,137.7
0,137.7
0,137.7
1,137.7
1,137.7
2,137.7
2,137.7
3,137.7
3,136.7
4,136.7
4,136.7
5,136.7
5,136.7
6,136.7
6,136.7
0,136.7
0,136.7
1,136.7
1,136.7
2,136.7
2,136.7
3,135.7
3,135.7
4,135.7
4,133.7
5,133.7
5,133.7
6,133.7
6,133.7
0,133.7
0,133.7
1,133.7
1,133.7
2,133.7
2,133.7
3,132.5
3,132.5
4,132.5
4,132.5
5,131.7
5,130.6
6,130.6
6,130.6
0,130.6
0,129.5
1,128.7
1,127.7
2,127.7
2,127.7
3,127.7
3,127.7
4,127.7
4,127.7
5,127.7
5,127.7
6,127.7
6,127.7
0,127.7
0,127.7
1,127.7
1,127.7
2,127.7
2,127.7
3,127.7
3,127.7
4,127.7
4,127.7
5,127.7
5,127.7
6,127.7
6,127.7
0,127.7
0,127.7
1,127.7
1,127.7
2,127.7
2,127.7
3,127.7
3,127.7
4,127.7
4,127.7
5,127.7
5,127.7
6,127.7
6,127.7
0,127.7
0,127.7
1,127.7
1,127.7
2,127.7
2,127.7
3,127.7
3,127.7
4,127.7
4,127.7
5,127.7
5,127.7
6,127.7
6,127.7
0,127.7
0,127.7
1,127.7
1,127.7
2,127.7
2,127.7
3,127.7
3,127.7
4,127.7
4,127.7
5,127.7
5,127.7
6,127.7
6,127.7
0,127.7
0,127.7
1,127.7
1,127.7
2,127.7
2,127.7
3,127.7
3,127.7
4,127.7
4,127.7
5,127.7
5,127.7
6,127.7
6,127.7
0,127.7
0,127.7
1,127.7
1,127.7
2,127.7
2,127.7
3,127.7
3,127.7
4,127.7
4,127.7
5,127.7
5,127.7
6,127.7
6,127.7
0,127.7
0,127.7
1,127.7
1,127.7
2,127.7
2,127.7
3,127.7
3,127.7
4,127.7
4,127.7
5,127.7
5,127.7
6,127.7
6,127.7
0,127.7
0,127.7
1,127.7
1,127.7
2,127.7
2,127.7
3,127.7
3,127.7
4,127.7
4,127.7
5,127.7
5,127.7
6,127.7
6,127.7
0,127.7
0,127.7
1,127.7
1,127.7
2,127.7
2,127.7
3,127.7
3,127.7
4,127.7
4,127.7
5,127.7
5,127.7
6,127.7
6,127.7
0,127.7
0,127.7
1,127.7
1,127.7
2,127.7
2,127.7
3,127.7
3,127.7
4,127.7
4,127.7
5,127.7
5,127.7
6,127.7
6,127.7
0,127.7
0,127.7
1,127.7
1,127.7
2,127.7
2,127.7
3,127.7
3,127.7
4,127.7
4,127.7
5,127.7
5,127.7
6,127.7
6,127.7
0,127.7
0,127.7
1,127.7
1,127.7
2,127.7
2,127.7
3,127.7
3,127.7
4,127.7
4,127.7
5,127.7
5,127.7
6,127.7
6,127.7
0,127.7
0,127.7
1,127.7
1,127.7
2,127.7
2,127.7
3,127.7
3,127.7
4,127.7
4,127.7
5,127.7
5,127.7
6,127.7
6,127.7
0,127.7
0,127.7
1,127.7
1,127.7
2,127.7
2,127.7
3,127.7
3,127.7
4,127.7
4,127.7
5,127.7
5,127.7
6,127.7
6,127.7
0,127.7
0,127.7
1,127.7
1,127.7
2,127.7
2,127.7
3,127.7
3,127.7
4,127.7
4,127.7
5,127.7
5,127.7
6,127.7
6,127.7
0,127.7
0,127.7
1,127.7
1,127.7
2,127.7
2,127.7
3,127.7
3,127.7
4,127.7
4,127.7
5,127.7
5,127.7
6,127.7
6,127.7
0,127.7
0,127.7
1,127.7
1,127.7
2,127.7
2,127.7
3,127.7
3,127.7
4,127.7
4,127.7
5,127.7
5,127.7
6,127.7
6,127.7
0,127.7
0,127.7
1,127.7
1,127.7
2,127.7
2,127.7
3,127.7
3,127.7
4,127.7
4,127.7
5,127.7
5,127.7
6,127.7
6,127.7
0,127.7
0,127.7
1,127.7
1,127.7
2,127.7
2,127.7
3,127.7
3,127.7
4,127.7
4,127.7
5,127.7
5,127.7
6,127.7
6,127.7
0,127.7
0,127.7
1,127.7
1,127.7
2,127.7
2,127.7
3,127.7
3,127.7
4,127.7
4,127.7
5,127.7
5,127.7
6,127.7
6,127.7
0,127.7
0,127.7
1,127.7
1,127.7
2,127.7
2,127.7
3,127.7
3,127.7
4,127.7
4,127.7
5,127.7
5,127.7
6,127.7
6,127.7
0,127.7
0,127.7
1,127.7
1,127.7
2,127.7
2,127.7
3,127.7
3,127.7
4,127.7
4,127.7
5,127.7
5,127.7
6,127.7
6,127.7
0,127.7
0,127.7
1,127.7
1,127.7
2,127.7
2,127.7
3,127.7
3,127.7
4,127.7
4,127.7
5,127.7
5,127.7
6,127.7
6,127.7
0,127.7
0,127.7
1,127.7
1,127.7
2,127.7
2,127.7
3,127.7
3,127.7
4,127.7
4,127.7
5,127.7
5,127.7
6,127.7
6,127.7
0,127.7
0,127.7
1,127.7
1,127.7
2,127.7
2,127.7
3,127.7
3,127.7
4,127.7
4,127.7
5,127.7
5,127.7
6,127.7
6,127.7
0,127.7
0,127.7
1,127.7
1,127.7
2,127.7
2,127.7
3,127.7
3,127.7
4,127.7
4,127.7
5,127.7
5,127.7
6,127.7
6,127.7
0,127.7
0,127.7
1,127.7
1,127.7
2,127.7
2,127.7
3,127.7
3,127.7
4,127.7
4,127.7
5,127.7
5,127.7
6,127.7
6,127.7
0,127.7
0,127.7
1,127.7
1,127.7
2,127.7
2,127.7
3,127.7
3,127.7
4,127.7
4,127.7
5,127.7
5,127.7
6,127.7
6,127.7
0,127.7
0,127.7
1,127.7
1,127.7
2,127.7
2,127.7
3,127.7
3,127.7
4,127.7
4,127.7
5,127.7
5,127.7
6,127.7
6,127.7
0,127.7
0,127.7
1,127.7
1,127.7
2,127.7
2,127.7
3,127.7
3,127.7
4,127.7
4,127.7
5,127.7
5,127.7
6,127.7
6,127.7
0,127.7
0,127.7
1,127.7
1,127.7
2,127.7
2,127.7
3,127.7
3,127.7
4,127.7
4,127.7
5,127.7
5,127.7
6,127.7
6,127.7
0,127.7
0,127.7
1,127.7
1,127.7
2,127.7
2,127.7
3,127.7
3,127.7
4,127.7
4,127.7
5,127.7
5,127.7
6,127.7
6,127.7
0,127.7
0,127.7
1,127.7
1,127.7
2,127.7
2,127.7
3,127.7
3,127.7
4,127.7
4,127.7
5,127.7
5,127.7
6,127.7
6,127.7
0,127.7
0,127.7
1,127.7
1,127.7
2,127.7
2,127.7
3,127.7
3,127.7
4,127.7
4,127.7
5,127.7
5,127.7
6,127.7
6,127.7
0,127.7
0,127.7
1,127.7
1,127.7
2,127.7
2,127.7
3,127.7
3,127.7
4,127.7
4,127.7
5,127.7
5,127.7
6,127.7
6,127.7
0,127.7
0,127.7
1,127.7
1,127.7
2,127.7
2,127.7
3,127.7
3,127.7
4,127.7
4,127.7
5,127.7
5,127.7
6,127.7
6,127.7
0,127.7
0,127.7
1,127.7
1,127.7
2,127.7
2,127.7
3,127.7
3,127.7
4,127.7
4,127.7
5,127.7
5,127.7
6,127.7
6,127.7
0,127.7
0,127.7
1,127.7
1,127.7
2,127.7
2,127.7
3,127.7
3,127.7
4,127.7
4,127.7
5,127.7
5,127.7
6,127.7
6,127.7
0,127.7
0,127.7
1,127.7
1,127.7
2,127.7
2,127.7
3,127.7
3,127.7
4,127.7
4,127.7
5,127.7
5,127.7
6,127.7
6,127.7
0,127.7
0,127.7
1,127.7
1,127.7
2,127.7
2,127.7
3,127.7
3,127.7
4,127.7
4,127.7
5,127.7
5,127.7
6,127.7
6,127.7
0,127.7
0,127.7
1,127.7
1,127.7
2,127.7
2,127.7
3,127.7
3,127.7
4,127.7
4,127.7
5,127.7
5,127.7
6,127.7
6,127.7
0,127.7
0,127.7
1,127.7
1,127.7
2,127.7
2,127.7
3,127.7
3,127.7
4,127.7
4,127.7
5,127.7
5,127.7
6,127.7
6,127.7
0,127.7
0,127.7
1,127.7
1,127.7
2,127.7
2,127.7
3,127.7
3,127.7
4,127.7
4,127.7
5,127.7
5,127.7
6,127.7
6,127.7
