0,0
0,132.9
1,132.9
1,131.9
2,131.9
2,131.9
3,131.9
3,131.9
4,129.9
4,129.9
5,129.9
5,129.9
6,129.9
6,126.9
0,126.9
0,125.9
1,125.9
1,124.9
2,119.9
2,119.9
3,116.9
3,116.9
4,116.9
4,116.9
5,116.9
5,116.9
6,116.9
6,116.9
0,116.4
0,115.9
1,115.9
1,115.9
2,115.7
2,115.7
3,135.83333333333334
3,135.83333333333334
4,146.0
4,145.9
5,145.9
5,145.9
6,144.3
6,144.35000000000002
0,144.35000000000002
0,144.35000000000002
1,143.7
1,143.7
2,143.7
2,143.5666666666667
3,143.5666666666667
3,143.5666666666667
4,139.9
4,139.9
5,138.34
5,138.34
6,135.9
6,135.9
0,134.95
0,134.95
1,134.95
1,134.95
2,134.95
2,134.95
3,134.95
3,129.9
4,129.9
4,129.9
5,129.9
5,129.9
6,129.9
6,129.9
0,129.9
0,129.9
1,127.60000000000001
1,127.60000000000001
2,125.9
2,125.9
3,147.9
3,147.9
4,146.9
4,146.9
5,145.9
5,145.9
6,145.23333333333335
6,145.23333333333335
0,145.23333333333335
0,145.23333333333335
1,145.23333333333335
1,145.23333333333335
2,143.9
2,143.9
3,141.6777777777778
3,141.6777777777778
4,139.23333333333335
4,137.9
5,137.9
5,137.9
6,133.9
6,133.9
0,133.9
0,133.9
1,133.9
1,133.9
2,133.23333333333335
2,133.23333333333335
3,131.16666666666666
3,131.16666666666666
4,149.9
4,149.9
5,147.7
5,147.7
6,147.7
6,147.7
0,147.7
0,147.7
1,147.7
1,147.7
2,147.7
2,147.7
3,147.7
3,147.7
4,147.64999999999998
4,147.64999999999998
5,147.64999999999998
5,147.64999999999998
6,147.64999999999998
6,147.64999999999998
0,147.64999999999998
0,147.64999999999998
1,147.64999999999998
1,147.64999999999998
2,147.64999999999998
2,147.64999999999998
3,147.64999999999998
3,147.64999999999998
4,147.64999999999998
4,147.64999999999998
5,147.64999999999998
5,147.64999999999998
6,147.64999999999998
6,147.64999999999998
0,147.64999999999998
0,147.64999999999998
1,147.64999999999998
1,147.64999999999998
2,147.64999999999998
2,147.64999999999998
3,147.64999999999998
3,147.64999999999998
4,147.64999999999998
4,147.64999999999998
5,147.64999999999998
5,147.64999999999998
6,147.64999999999998
6,147.64999999999998
0,147.64999999999998
0,147.64999999999998
1,147.64999999999998
1,147.64999999999998
2,147.64999999999998
2,147.64999999999998
3,147.64999999999998
3,147.64999999999998
4,147.64999999999998
4,147.64999999999998
5,147.64999999999998
5,147.64999999999998
6,147.64999999999998
6,147.64999999999998
0,147.64999999999998
0,147.64999999999998
1,147.64999999999998
1,147.64999999999998
2,147.64999999999998
2,147.64999999999998
3,147.64999999999998
3,147.64999999999998
4,147.64999999999998
4,147.64999999999998
5,147.64999999999998
5,147.64999999999998
6,147.64999999999998
6,147.64999999999998
0,147.64999999999998
0,147.64999999999998
1,147.64999999999998
1,147.64999999999998
2,147.64999999999998
2,147.64999999999998
3,147.64999999999998
3,147.64999999999998
4,147.64999999999998
4,147.64999999999998
5,147.64999999999998
5,147.64999999999998
6,147.64999999999998
6,147.64999999999998
0,147.64999999999998
0,147.64999999999998
1,147.64999999999998
1,147.64999999999998
2,147.64999999999998
2,147.64999999999998
3,147.64999999999998
3,147.64999999999998
4,147.64999999999998
4,147.64999999999998
5,147.64999999999998
5,147.64999999999998
6,147.64999999999998
6,147.64999999999998
0,147.64999999999998
0,147.64999999999998
1,147.64999999999998
1,147.64999999999998
2,147.64999999999998
2,147.64999999999998
3,147.64999999999998
3,147.64999999999998
4,147.64999999999998
4,147.64999999999998
5,147.64999999999998
5,147.64999999999998
6,147.64999999999998
6,147.64999999999998
0,147.64999999999998
0,147.64999999999998
1,147.64999999999998
1,147.64999999999998
2,147.64999999999998
2,147.64999999999998
3,147.64999999999998
3,147.64999999999998
4,147.64999999999998
4,147.64999999999998
5,147.64999999999998
5,147.64999999999998
6,147.64999999999998
6,147.64999999999998
0,147.64999999999998
0,147.64999999999998
1,147.64999999999998
1,147.64999999999998
2,147.64999999999998
2,147.64999999999998
3,147.64999999999998
3,152.9
4,152.9
4,152.9
5,152.9
5,152.9
6,152.9
6,152.9
0,152.9
0,152.9
1,152.9
1,152.9
2,152.9
2,152.9
3,152.9
3,152.9
4,152.9
4,152.9
5,152.85000000000002
5,152.85000000000002
6,152.85000000000002
6,152.85000000000002
0,152.85000000000002
0,152.85000000000002
1,152.85000000000002
1,152.85000000000002
2,152.85000000000002
2,151.28
3,151.28
3,151.28
4,151.28
4,151.28
5,151.28
5,151.28
6,151.28
6,151.28
0,151.28
0,151.28
1,151.28
1,151.28
2,151.28
2,151.28
3,151.28
3,151.28
4,151.28
4,148.9
5,148.9
5,148.9
6,148.9
6,148.9
0,148.9
0,147.7
1,147.7
1,145.9
2,145.9
2,145.9
3,145.9
3,145.9
4,145.9
4,143.9
5,143.9
5,143.9
6,143.9
6,143.9
0,143.9
0,143.9
1,143.9
1,142.9
2,142.9
2,163.9
3,163.9
3,163.9
4,163.9
4,163.9
5,164.0
5,164.0
6,164.0
6,163.95
0,163.95
0,164.9
1,163.8
1,163.8
2,163.8
2,163.8
3,161.7
3,161.7
4,160.82857142857142
4,160.82857142857142
5,160.82857142857142
5,160.82857142857142
6,160.82857142857142
6,159.16666666666666
0,158.85000000000002
0,158.85000000000002
1,158.85000000000002
1,158.7
2,158.7
2,158.7
3,158.7
3,158.36666666666667
4,158.36666666666667
4,158.36666666666667
5,158.36666666666667
5,158.36666666666667
6,158.36666666666667
6,158.36666666666667
0,158.36666666666667
0,157.7
1,157.2
1,156.9
2,156.9
2,156.9
3,156.9
3,154.9
4,154.23333333333335
4,154.23333333333335
5,154.23333333333335
5,154.23333333333335
6,154.23333333333335
6,154.23333333333335
0,149.23333333333335
0,144.4
1,144.4
1,141.85000000000002
2,141.85000000000002
2,141.85000000000002
3,139.85000000000002
3,139.8
4,139.8
4,138.9
5,138.9
5,138.9
6,138.9
6,138.9
0,138.9
0,138.9
1,138.9
1,138.9
2,138.9
2,138.9
3,138.9
3,138.9
4,138.9
4,138.9
5,138.9
5,138.9
6,139.9
6,138.9
0,138.9
0,138.9
1,138.9
1,138.9
2,138.9
2,138.9
3,138.9
3,138.9
4,138.9
4,163.9
5,163.9
5,163.9
6,163.9
6,163.9
0,163.9
0,161.9
1,161.9
1,161.9
2,161.9
2,161.9
3,161.9
3,161.9
4,161.9
4,160.3
5,160.3
5,160.3
6,160.03333333333333
6,160.03333333333333
0,160.03333333333333
0,160.03333333333333
1,160.03333333333333
1,160.03333333333333
2,160.03333333333333
2,158.9
3,158.9
3,157.9
4,157.9
4,157.1
5,157.1
5,157.1
6,157.1
6,157.1
0,157.1
0,154.9
1,152.9
1,152.9
2,152.9
2,150.9
3,150.9
3,151.70000000000002
4,151.70000000000002
4,148.9
5,148.9
5,148.9
6,148.9
6,148.9
0,148.9
0,148.9
1,148.7
1,148.7
2,148.7
2,148.7
3,148.7
3,148.7
4,148.7
4,147.9
5,147.9
5,147.9
6,147.9
6,147.9
0,146.9
0,146.9
1,146.9
1,143.9
2,143.9
2,143.9
3,143.9
3,142.55
4,142.55
4,142.55
5,142.55
5,138.7
6,138.7
6,138.7
0,138.7
0,136.9
1,136.9
1,135.9
2,133.9
2,133.9
3,133.9
3,133.9
4,133.9
4,133.9
5,133.9
5,133.9
6,133.9
6,133.9
0,133.9
0,133.9
1,133.9
1,133.9
2,133.9
2,133.9
3,133.9
3,133.9
4,133.9
4,133.7
5,158.9
5,158.9
6,158.9
6,158.9
0,158.9
0,158.9
1,158.9
1,158.9
2,158.9
2,158.9
3,158.9
3,158.9
4,156.9
4,156.9
5,156.9
5,156.9
6,156.9
6,156.9
0,156.9
0,156.9
1,156.9
1,155.9
2,155.9
2,155.9
3,155.9
3,155.9
4,155.9
4,150.9
5,150.9
5,150.9
6,150.9
6,150.9
0,150.9
0,150.9
1,150.9
1,150.9
2,150.9
2,150.9
3,150.9
3,150.9
4,150.9
4,148.9
5,148.9
5,148.9
6,148.9
6,148.9
0,147.9
0,146.9
1,145.9
1,145.9
2,145.9
2,145.9
3,145.9
3,145.9
4,145.9
4,145.9
5,158.9
5,158.9
6,158.9
6,158.9
0,158.9
0,158.9
1,158.9
1,158.9
2,158.9
2,158.9
3,156.9
3,156.9
4,155.7
4,154.7
5,154.7
5,154.7
6,154.7
6,154.7
0,154.7
0,152.16666666666666
1,150.23333333333335
1,148.7
2,148.7
2,148.7
3,147.36666666666665
3,147.36666666666665
4,147.36666666666665
4,145.7
5,145.7
5,145.7
6,145.7
6,145.7
0,145.7
0,144.5
1,144.5
1,144.5
2,144.5
2,144.5
3,144.5
3,140.9
4,140.9
4,138.9
5,138.9
5,138.7
6,138.7
6,138.7
0,138.7
0,138.7
1,138.7
1,160.9
2,160.9
2,160.9
3,160.9
3,160.9
4,160.9
4,160.9
5,160.9
5,160.9
6,160.9
6,158.9
0,158.9
0,156.9
1,156.9
1,155.9
2,155.9
2,154.9
3,154.9
3,153.4
4,153.4
4,153.4
5,153.4
5,153.4
6,150.9
6,150.9
0,150.9
0,150.9
1,150.9
1,149.9
2,148.3
2,148.3
3,148.3
3,148.3
4,148.3
4,148.3
5,145.9
5,145.9
6,145.9
6,145.9
0,145.9
0,145.9
1,145.9
1,145.9
2,145.9
2,145.9
3,145.9
3,145.9
4,145.9
4,145.9
5,145.9
5,145.9
6,145.9
6,145.9
0,145.9
0,144.9
1,143.5666666666667
1,141.5666666666667
2,140.3
2,138.9
3,138.9
3,138.9
4,138.9
4,137.9
5,137.9
5,137.9
6,137.9
6,137.9
0,137.4
0,137.4
1,137.4
1,137.4
2,137.4
2,137.4
3,137.4
3,150.9
4,150.9
4,150.9
5,150.9
5,150.9
6,150.9
6,150.9
0,150.9
0,150.9
1,150.9
1,150.9
2,150.9
2,150.9
3,150.9
3,150.9
4,150.9
4,149.9
5,145.9
5,145.9
6,145.9
6,145.9
0,145.9
0,145.9
1,145.9
1,144.8
2,144.8
2,144.8
3,144.8
3,144.8
4,140.9
4,140.9
5,140.9
5,140.9
6,140.4
6,140.4
0,140.4
0,138.9
1,138.9
1,138.9
2,138.9
2,138.9
3,138.9
3,138.9
4,138.9
4,138.9
5,138.9
5,138.9
6,138.9
6,138.9
0,138.9
0,138.9
1,138.9
1,138.9
2,138.9
2,137.4
3,137.4
3,137.4
4,137.4
4,156.9
5,153.9
5,159.9
6,153.9
6,153.9
0,153.9
0,153.9
1,153.9
1,153.9
2,153.9
2,153.9
3,153.9
3,153.9
4,153.9
4,150.9
5,150.9
5,148.9
6,148.9
6,148.9
0,148.9
0,148.9
1,148.9
1,148.9
2,148.9
2,148.9
3,148.9
3,148.9
4,148.9
4,143.9
5,143.9
5,143.9
6,143.9
6,143.9
0,143.9
0,143.9
1,143.9
1,143.9
2,143.9
2,143.9
3,143.9
3,143.9
4,143.9
4,143.9
5,143.9
5,143.9
6,143.9
6,143.9
0,142.9
0,142.9
1,142.9
1,142.4
2,142.4
2,141.9
3,141.9
3,141.4
4,154.65
4,161.9
5,161.9
5,134.9
6,134.9
6,161.9
0,161.9
0,161.9
1,161.4
1,161.4
2,160.9
2,160.9
3,160.9
3,160.9
4,160.9
4,158.9
5,158.9
5,155.9
6,155.9
6,155.9
0,155.9
0,155.9
1,155.9
1,155.9
2,155.9
2,155.9
3,153.4
3,147.9
4,147.9
4,147.9
5,147.9
5,147.9
6,147.9
6,147.9
0,147.9
0,144.9
1,143.9
1,138.9
2,138.9
2,135.9
3,135.9
3,135.9
4,135.9
4,135.9
5,135.9
5,135.9
6,135.9
6,135.9
0,135.9
0,133.9
1,133.9
1,133.9
2,133.9
2,132.9
3,132.9
3,132.9
4,161.9
4,161.9
5,161.9
5,161.9
6,161.9
6,161.9
0,161.9
0,161.9
1,161.9
1,158.9
2,158.9
2,158.9
3,158.9
3,158.9
4,158.9
4,158.9
5,158.9
5,158.9
6,158.9
6,158.9
0,158.9
0,154.9
1,154.9
1,154.9
2,154.9
2,154.9
3,150.9
3,150.9
4,150.9
4,150.9
5,150.9
5,150.9
6,150.9
6,148.9
0,148.9
0,148.9
1,148.9
1,143.9
2,143.9
2,143.9
3,143.9
3,141.9
4,152.4
4,152.4
5,152.4
5,152.4
6,152.4
6,152.4
0,152.4
0,152.4
1,152.4
1,152.4
2,160.9
2,158.9
3,158.9
3,157.9
4,157.9
4,157.9
5,155.9
5,155.9
6,155.9
6,155.9
0,155.9
0,155.9
1,155.9
1,155.9
2,155.9
2,155.23333333333335
3,155.23333333333335
3,155.23333333333335
4,155.23333333333335
4,155.23333333333335
5,153.9
5,153.9
6,153.9
6,153.9
0,153.9
0,153.9
1,153.23333333333335
1,151.9
2,151.9
2,151.9
3,151.9
3,150.9
4,150.9
4,147.9
5,147.9
5,147.9
6,147.9
6,168.9
0,168.9
0,168.9
1,168.9
1,168.9
2,168.9
2,168.9
3,167.5666666666667
3,167.5666666666667
4,167.5666666666667
4,167.5666666666667
5,167.5666666666667
5,167.5666666666667
6,167.5666666666667
6,167.5666666666667
0,167.5666666666667
0,167.5666666666667
1,167.5666666666667
1,166.3
2,166.3
2,165.9
3,165.9
3,164.9
4,164.9
4,163.5666666666667
5,163.5666666666667
5,163.5666666666667
6,163.5666666666667
6,163.5666666666667
0,162.5
0,162.5
1,162.1
1,162.1
2,162.1
2,158.9
3,158.9
3,155.5666666666667
4,155.5666666666667
4,151.9
5,151.9
5,151.9
6,151.9
6,151.9
0,151.9
0,151.9
1,151.9
1,151.9
2,151.9
2,151.9
3,151.9
3,151.9
4,160.4
4,168.9
5,168.9
5,167.9
6,167.9
6,167.9
0,167.9
0,167.9
1,167.9
1,167.9
2,167.9
2,165.9
3,165.9
3,165.9
4,165.23333333333335
4,165.23333333333335
5,163.9
5,163.9
6,163.9
6,163.9
0,162.9
0,162.9
1,162.9
1,161.9
2,161.9
2,161.23333333333335
3,159.5666666666667
3,158.9
4,158.9
4,158.9
5,152.9
5,152.9
6,151.5666666666667
6,151.5666666666667
0,151.5666666666667
0,151.5666666666667
1,151.5666666666667
1,151.5666666666667
2,151.5666666666667
2,151.5666666666667
3,151.5666666666667
3,151.5666666666667
4,151.5666666666667
4,151.5666666666667
5,151.5666666666667
5,151.5666666666667
6,151.5666666666667
6,151.5666666666667
0,151.5666666666667
0,151.5666666666667
1,151.5666666666667
1,151.5666666666667
2,151.5666666666667
2,151.5666666666667
3,151.5666666666667
3,168.9
4,168.9
4,168.9
5,168.9
5,168.9
6,168.9
6,168.9
0,168.9
0,168.23333333333335
1,168.23333333333335
1,166.9
2,166.9
2,166.5
3,166.5
3,165.9
4,165.7
4,165.7
5,165.7
5,165.7
6,165.7
6,164.7
0,164.7
0,164.5
1,164.5
1,164.5
2,164.5
2,164.5
3,164.5
3,164.5
4,164.5
4,164.5
5,164.5
5,164.5
6,164.5
6,164.5
0,164.5
0,160.7
1,160.7
1,159.7
2,159.7
2,159.7
3,159.7
3,159.7
4,159.7
4,159.7
5,159.7
5,159.7
6,159.7
6,159.7
0,155.7
0,150.9
1,150.9
1,150.9
2,150.9
2,150.9
3,150.4
3,150.4
4,150.4
4,150.4
5,150.4
5,150.4
6,150.4
6,150.4
0,149.9
0,146.9
1,146.9
1,146.9
2,146.9
2,146.9
3,146.9
3,146.9
4,146.9
4,146.9
5,146.9
5,146.9
6,146.9
6,146.9
0,146.9
0,146.9
1,161.5666666666667
1,161.5666666666667
2,161.5666666666667
2,161.5666666666667
3,161.5666666666667
3,161.5666666666667
4,161.5666666666667
4,161.5666666666667
5,161.5666666666667
5,161.5666666666667
6,161.5666666666667
6,161.5666666666667
0,161.5666666666667
0,161.5666666666667
1,161.5666666666667
1,161.5666666666667
2,161.5666666666667
2,161.5666666666667
3,164.9
3,164.9
4,164.9
4,164.9
5,160.9
5,160.9
6,160.9
6,160.9
0,158.9
0,158.7
1,155.7
1,150.9
2,150.9
2,150.9
3,150.9
3,150.9
4,150.9
4,148.9
5,148.9
5,148.9
6,148.9
6,148.9
0,147.9
0,147.9
1,145.9
1,145.7
2,145.7
2,145.7
3,145.7
3,145.7
4,145.7
4,145.7
5,145.7
5,145.7
6,145.7
6,161.16666666666666
0,161.16666666666666
0,168.7
1,168.7
1,166.7
2,166.7
2,166.7
3,164.7
3,164.7
4,164.7
4,164.7
5,164.7
5,164.7
6,164.7
6,164.7
0,164.7
0,164.7
1,162.7
1,160.7
2,160.7
2,160.5
3,160.5
3,160.5
4,160.5
4,160.5
5,158.9
5,158.7
6,158.7
6,158.7
0,157.36666666666665
0,157.36666666666665
1,157.36666666666665
1,157.36666666666665
2,157.36666666666665
2,157.36666666666665
3,157.36666666666665
3,157.36666666666665
4,157.36666666666665
4,157.36666666666665
5,157.36666666666665
5,157.36666666666665
6,157.36666666666665
6,157.36666666666665
0,157.36666666666665
0,154.7
1,154.7
1,154.7
2,154.7
2,154.7
3,154.7
3,154.7
4,171.9
4,171.9
5,171.9
5,171.9
6,171.9
6,171.9
0,171.23333333333335
0,171.23333333333335
1,169.5666666666667
1,164.9
2,164.9
2,164.9
3,164.9
3,162.9
4,162.9
4,162.9
5,162.9
5,162.9
6,162.9
6,162.9
0,162.9
0,162.9
1,162.9
1,162.9
2,162.9
2,162.9
3,162.9
3,162.9
4,162.9
4,161.9
5,161.9
5,161.9
6,161.9
6,161.9
0,160.9
0,160.9
1,160.9
1,160.9
2,160.9
2,160.9
3,175.9
3,175.9
4,175.9
4,175.9
5,175.9
5,175.9
6,175.9
6,175.9
