0,143.96666666666667
0,143.96666666666667
1,144.0
1,143.9
2,143.9
2,143.9
3,143.95
3,143.95
4,143.95
4,143.95
5,143.95
5,143.95
6,143.95
6,143.95
0,143.95
0,143.95
1,143.95
1,143.95
2,143.85000000000002
2,143.85000000000002
3,143.85000000000002
3,143.95
4,143.95
4,143.95
5,143.95
5,143.95
6,143.95
6,143.95
0,144.0
0,144.0
1,142.9
1,142.9
2,140.9
2,140.9
3,140.9
3,140.9
4,140.9
4,140.9
5,140.9
5,140.9
6,140.9
6,140.9
0,140.9
0,140.7
1,140.9
1,140.9
2,140.95
2,141.0
3,140.9
3,140.8
4,140.9
4,140.9
5,140.9
5,140.9
6,140.9
6,141.0
0,140.9
0,140.9
1,140.9
1,140.9
2,140.9
2,140.9
3,140.9
3,140.9
4,140.9
4,140.9
5,140.9
5,140.9
6,140.9
6,140.9
0,140.95
0,140.95
1,140.95
1,140.95
2,140.85000000000002
2,140.85000000000002
3,140.85000000000002
3,140.85000000000002
4,140.85000000000002
4,140.85000000000002
5,140.85000000000002
5,140.85000000000002
6,140.85000000000002
6,140.85000000000002
0,140.85000000000002
0,140.85000000000002
1,140.85000000000002
1,140.85000000000002
2,140.85000000000002
2,140.85000000000002
3,140.85000000000002
3,140.85000000000002
4,140.85000000000002
4,140.85000000000002
5,140.85000000000002
5,140.85000000000002
6,140.85000000000002
6,140.85000000000002
0,140.85000000000002
0,140.85000000000002
1,140.85000000000002
1,140.85000000000002
2,140.85000000000002
2,140.85000000000002
3,140.85000000000002
3,140.95
4,138.9
4,138.9
5,138.9
5,138.9
6,138.9
6,138.9
0,138.9
0,138.9
1,140.7
1,140.7
2,140.7
2,140.7
3,140.7
3,140.7
4,140.7
4,140.7
5,140.7
5,140.7
6,140.7
6,140.7
0,140.7
0,140.7
1,140.7
1,140.7
2,140.7
2,140.7
3,140.7
3,140.7
4,140.7
4,140.7
5,140.7
5,140.7
6,140.7
6,140.7
0,140.7
0,140.7
1,140.7
1,140.7
2,140.7
2,140.7
3,140.7
3,140.7
4,140.7
4,140.7
5,140.7
5,140.7
6,140.7
6,140.7
0,140.7
0,140.7
1,140.7
1,140.7
2,140.7
2,140.7
3,140.7
3,140.7
4,140.7
4,140.7
5,140.7
5,140.7
6,140.7
6,140.7
0,140.7
0,140.7
1,140.7
1,140.7
2,140.7
2,140.7
3,140.7
3,140.7
4,140.7
4,140.7
5,140.7
5,140.7
6,140.7
6,140.7
0,140.7
0,140.7
1,140.7
1,140.7
2,140.7
2,140.7
3,140.7
3,140.7
4,140.7
4,140.7
5,140.7
5,140.7
6,140.7
6,140.7
0,140.7
0,140.7
1,140.7
1,140.7
2,140.7
2,140.7
3,140.7
3,140.7
4,140.7
4,140.7
5,140.7
5,140.7
6,140.7
6,140.7
0,140.7
0,140.7
1,140.7
1,140.7
2,140.7
2,140.7
3,140.7
3,140.7
4,140.7
4,140.7
5,140.7
5,140.7
6,140.7
6,140.7
0,140.7
0,140.7
1,140.7
1,140.7
2,140.7
2,140.7
3,140.7
3,140.7
4,140.7
4,140.7
5,140.7
5,140.7
6,140.7
6,140.7
0,140.7
0,140.7
1,140.7
1,140.7
2,140.7
2,140.7
3,140.7
3,140.7
4,140.7
4,140.7
5,140.7
5,140.7
6,140.7
6,140.7
0,140.7
0,140.7
1,140.7
1,140.7
2,140.7
2,140.7
3,140.7
3,140.7
4,140.7
4,140.7
5,140.7
5,140.7
6,140.7
6,140.7
0,140.7
0,140.7
1,140.7
1,140.7
2,140.7
2,140.7
3,140.7
3,140.7
4,140.7
4,140.7
5,140.7
5,140.7
6,140.7
6,140.7
0,140.7
0,140.7
1,140.7
1,140.7
2,140.7
2,140.7
3,140.7
3,140.7
4,140.7
4,140.7
5,140.7
5,140.7
6,140.7
6,140.7
0,140.7
0,140.7
1,140.7
1,140.7
2,140.7
2,140.7
3,140.7
3,140.7
4,140.7
4,140.7
5,140.7
5,140.7
6,140.7
6,140.7
0,140.7
0,140.7
1,140.7
1,140.7
2,140.7
2,140.7
3,140.7
3,140.7
4,140.7
4,140.7
5,140.7
5,140.7
6,140.7
6,140.7
0,140.7
0,155.4
1,155.4
1,155.4
2,155.4
2,155.4
3,155.4
3,155.4
4,155.4
4,155.4
5,155.4
5,155.4
6,165.95
6,165.95
0,165.95
0,165.95
1,165.95
1,165.95
2,165.95
2,165.95
3,165.95
3,165.95
4,165.95
4,165.95
5,165.95
5,165.95
6,165.95
6,165.95
0,165.95
0,165.95
1,165.95
1,165.95
2,165.95
2,165.95
3,165.95
3,165.95
4,165.95
4,165.95
5,165.95
5,165.95
6,165.95
6,165.95
0,165.95
0,165.95
1,165.95
1,165.95
2,165.95
2,165.95
3,166.0
3,166.0
4,166.0
4,166.0
5,166.0
5,166.0
6,166.0
6,166.0
0,166.0
0,166.0
1,166.0
1,166.0
2,166.0
2,166.0
3,166.0
3,166.0
4,166.0
4,166.0
5,166.0
5,166.0
6,166.0
6,166.0
0,166.0
0,166.0
1,166.0
1,166.0
2,166.0
2,166.0
3,166.0
3,166.0
4,166.0
4,166.0
5,166.0
5,166.0
6,166.0
6,166.0
0,166.0
0,166.0
1,166.0
1,166.0
2,166.0
2,166.0
3,166.0
3,166.0
4,166.0
4,166.0
5,166.0
5,166.0
6,166.0
6,166.0
0,166.0
0,166.0
1,166.0
1,166.0
2,166.0
2,166.0
3,166.0
3,159.7
4,159.7
4,159.7
5,159.7
5,159.7
6,159.7
6,159.7
0,159.7
0,159.5
1,159.5
1,159.5
2,159.5
2,159.5
3,159.5
3,159.5
4,159.5
4,159.5
5,159.5
5,159.5
6,159.5
6,159.5
0,159.5
0,154.2
1,154.2
1,154.2
2,154.2
2,154.2
3,154.2
3,154.2
4,154.2
4,157.7
5,157.7
5,157.7
6,157.7
6,156.7
0,156.7
0,156.7
1,156.7
1,156.7
2,156.7
2,156.7
3,156.7
3,155.7
4,155.7
4,155.7
5,155.7
5,155.7
6,155.7
6,155.7
0,155.7
0,155.7
1,155.7
1,155.7
2,155.7
2,155.7
3,155.7
3,155.7
4,155.7
4,155.7
5,155.7
5,155.7
6,155.7
6,155.7
0,155.7
0,155.7
1,155.7
1,155.7
2,155.7
2,155.7
3,155.7
3,155.7
4,155.7
4,155.7
5,155.7
5,155.7
6,155.7
6,155.7
0,155.7
0,153.7
1,153.7
1,153.7
2,153.7
2,153.7
3,153.7
3,153.7
4,153.7
4,153.7
5,153.7
5,153.7
6,153.7
6,153.7
0,153.7
0,153.7
1,153.7
1,153.7
2,153.7
2,153.7
3,153.7
3,153.7
4,153.7
4,153.7
5,153.7
5,153.7
6,152.9
6,152.9
0,152.9
0,149.9
1,149.9
1,149.9
2,149.9
2,149.9
3,149.9
3,149.9
4,149.9
4,149.9
5,149.9
5,149.9
6,149.9
6,149.9
0,149.9
0,149.9
1,149.9
1,149.9
2,149.9
2,149.9
3,149.9
3,149.9
4,149.9
4,149.9
5,149.9
5,149.1
6,149.1
6,149.1
0,149.1
0,149.1
1,149.1
1,149.1
2,149.1
2,149.1
3,149.1
3,149.1
4,149.1
4,149.1
5,149.1
5,149.1
6,149.1
6,149.1
0,149.1
0,149.1
1,149.1
1,149.1
2,149.1
2,149.1
3,149.1
3,149.1
4,149.1
4,149.1
5,149.1
5,149.1
6,149.1
6,149.1
0,149.1
0,149.1
1,149.1
1,149.1
2,149.1
2,149.1
3,149.1
3,149.1
4,149.1
4,149.1
5,149.1
5,149.1
6,149.1
6,149.1
0,149.1
0,149.1
1,149.1
1,149.1
2,149.1
2,149.1
3,149.1
3,149.1
4,149.1
4,149.1
5,149.1
5,149.1
6,149.1
6,149.1
0,149.1
0,149.1
1,149.1
1,149.1
2,149.1
2,149.1
3,149.1
3,149.1
4,149.1
4,149.1
5,149.1
5,149.1
6,149.1
6,149.1
0,149.1
0,149.1
1,149.1
1,149.1
2,149.1
2,149.1
3,149.1
3,149.1
4,149.1
4,149.1
5,149.1
5,149.1
6,149.1
6,149.1
0,149.1
0,149.1
1,149.1
1,149.1
2,149.1
2,149.1
3,149.1
3,149.1
4,149.1
4,149.1
5,149.1
5,148.1
6,148.1
6,148.1
0,148.1
0,148.1
1,148.1
1,148.1
2,148.1
2,148.1
3,148.1
3,148.4
4,148.4
4,148.4
5,148.4
5,148.4
6,148.4
6,148.4
0,146.9
0,146.9
1,146.9
1,146.9
2,146.9
2,146.9
3,146.9
3,147.7
4,147.7
4,147.7
5,147.7
5,147.7
6,147.7
6,147.7
0,147.7
0,147.7
1,147.7
1,147.7
2,147.7
2,147.7
3,147.7
3,147.7
4,147.7
4,147.7
5,147.7
5,147.7
6,147.7
6,147.7
0,147.7
0,147.7
1,147.7
1,147.7
2,147.7
2,147.7
3,147.7
3,147.7
4,147.7
4,147.7
5,147.7
5,147.7
6,147.7
6,147.7
0,147.7
0,147.7
1,147.7
1,147.7
2,147.7
2,147.7
3,147.7
3,147.7
4,147.7
4,147.7
5,147.7
5,147.7
6,147.7
6,147.7
0,147.7
0,147.7
1,147.7
1,147.7
2,147.7
2,147.7
3,147.7
3,147.7
4,147.7
4,147.7
5,147.7
5,147.7
6,147.7
6,147.7
0,147.7
0,147.7
1,147.7
1,147.7
2,147.7
2,147.7
3,147.7
3,147.7
4,147.7
4,147.7
5,147.7
5,147.7
6,147.7
6,147.7
0,147.7
0,147.7
1,147.7
1,147.7
2,147.7
2,147.7
3,147.7
3,147.7
4,147.7
4,147.7
5,147.7
5,147.7
6,147.7
6,147.7
0,147.7
0,147.7
1,147.7
1,147.7
2,147.7
2,147.7
3,147.7
3,147.7
4,147.7
4,147.7
5,147.7
5,147.7
6,147.7
6,147.7
0,147.7
0,147.7
1,147.7
1,147.7
2,147.7
2,147.7
3,147.7
3,147.7
4,147.7
4,147.7
5,147.7
5,147.7
6,147.7
6,147.7
0,147.7
0,147.7
1,147.7
1,147.7
2,147.7
2,147.7
3,148.2
3,148.2
4,148.7
4,148.7
5,148.7
5,148.7
6,148.7
6,148.7
0,148.7
0,148.7
1,148.7
1,148.7
2,148.7
2,148.7
3,148.7
3,148.7
4,148.7
4,148.7
5,148.7
5,148.7
6,148.7
6,148.7
0,148.7
0,148.7
1,148.7
1,146.1
2,148.9
2,148.9
3,148.9
3,148.9
4,148.9
4,148.7
5,148.7
5,148.7
6,148.7
6,148.7
0,148.7
0,148.7
1,148.7
1,148.7
2,148.7
2,148.7
3,148.7
3,148.7
4,148.7
4,148.7
5,148.7
5,148.7
6,148.7
6,148.7
0,148.7
0,148.7
1,148.7
1,148.7
2,148.7
2,148.7
3,148.7
3,148.7
4,148.7
4,148.7
5,148.7
5,148.7
6,148.7
6,148.7
0,148.7
0,148.7
1,148.7
1,148.7
2,148.7
2,148.7
3,148.7
3,148.7
4,148.7
4,148.7
5,148.7
5,148.7
6,148.7
6,148.7
0,148.7
0,148.7
1,148.7
1,148.7
2,148.7
2,148.7
3,148.7
3,148.7
4,148.7
4,148.7
5,163.3
5,163.3
6,163.3
6,163.3
0,163.3
0,163.3
1,163.3
1,163.3
2,163.3
2,163.3
3,163.3
3,163.3
4,163.3
4,163.3
5,163.3
5,163.3
6,163.3
6,163.3
0,163.3
0,163.3
1,163.3
1,163.3
2,163.3
2,163.3
3,163.3
3,163.3
4,163.3
4,163.3
5,163.3
5,163.3
6,163.3
6,163.3
0,163.3
0,163.3
1,163.3
1,163.3
2,163.3
2,163.3
3,163.3
3,163.3
4,163.3
4,163.3
5,163.3
5,163.3
6,163.3
6,163.3
0,163.3
0,163.3
1,163.3
1,163.3
2,163.3
2,163.3
3,163.3
3,163.3
4,163.3
4,163.3
5,163.3
5,163.3
6,163.3
6,163.3
0,163.3
0,163.3
1,163.3
1,163.3
2,163.3
2,163.3
3,163.3
3,163.3
4,163.3
4,163.3
5,163.3
5,163.3
6,163.3
6,163.3
0,163.3
0,163.3
1,163.3
1,163.3
2,163.3
2,163.3
3,163.7
3,163.7
4,163.7
4,163.7
5,163.7
5,163.7
6,163.7
6,163.7
0,163.7
0,163.7
1,163.7
1,163.7
2,163.7
2,163.7
3,163.7
3,168.9
4,168.9
4,168.9
5,168.9
5,168.9
6,168.9
6,168.9
0,168.9
0,168.9
1,168.9
1,168.9
2,168.9
2,168.9
3,168.9
3,168.9
4,168.9
4,166.9
5,166.9
5,166.9
6,166.9
6,166.9
0,166.9
0,166.9
1,166.9
1,166.9
2,166.9
2,166.9
3,166.9
3,166.9
4,166.9
4,166.9
5,166.9
5,166.9
6,166.9
6,166.9
0,166.9
0,166.9
1,166.9
1,166.9
2,166.9
2,166.9
3,166.9
3,166.9
4,166.9
4,166.9
5,166.9
5,166.9
6,166.9
6,166.9
0,166.9
0,166.9
1,166.9
1,166.9
2,166.9
2,166.9
3,166.9
3,166.9
4,166.9
4,166.9
5,166.9
5,166.9
6,166.9
6,166.9
0,166.9
0,166.9
1,166.9
1,166.9
2,166.9
2,166.9
3,166.9
3,168.9
4,168.9
4,168.9
5,168.9
5,168.9
6,168.9
6,168.9
0,168.9
0,168.9
1,168.9
1,166.9
2,166.9
2,166.9
3,166.9
3,164.9
4,163.7
4,163.7
5,163.7
5,163.7
6,163.7
6,163.7
0,163.7
0,163.7
1,163.7
1,163.7
2,163.7
2,163.7
3,163.7
3,163.7
4,163.7
4,163.7
5,163.7
5,163.7
6,163.7
6,163.7
0,163.7
0,163.7
1,163.7
1,163.7
2,163.7
2,165.9
3,165.9
3,165.9
4,165.9
4,165.9
5,165.9
5,165.9
6,165.9
6,165.9
0,165.9
0,165.9
1,165.9
1,165.9
2,165.9
2,165.9
3,165.9
3,165.9
4,165.9
4,165.9
5,165.9
5,165.9
6,165.9
6,164.9
0,164.9
0,159.9
1,159.9
1,159.9
2,159.9
2,159.9
3,159.9
3,159.9
4,159.9
4,160.9
5,160.9
5,160.9
6,160.9
6,160.9
0,160.9
0,160.9
1,160.9
1,160.9
2,160.9
2,160.9
3,160.9
3,160.9
4,160.9
4,160.9
5,160.9
5,160.9
6,160.9
6,160.9
0,160.9
0,160.9
1,160.9
1,160.9
2,160.9
2,160.9
3,160.9
3,160.9
4,160.9
4,160.9
5,160.9
5,160.9
6,160.9
6,160.9
0,160.9
0,160.9
1,160.9
1,160.9
2,160.9
2,160.9
3,160.9
3,160.9
4,160.9
4,160.9
5,160.9
5,160.9
6,160.9
6,160.9
0,160.9
0,160.9
1,160.9
1,160.9
2,160.9
2,160.9
3,160.9
3,160.9
4,160.9
4,160.9
5,160.9
5,160.9
6,160.9
6,160.9
0,160.9
0,160.9
1,160.9
1,160.9
2,160.9
2,160.9
3,160.9
3,160.9
4,160.9
4,160.9
5,160.9
5,160.9
6,160.9
6,160.9
0,160.9
0,160.9
1,160.9
1,160.9
2,160.9
2,160.9
3,160.9
3,160.9
4,160.9
4,160.9
5,160.9
5,160.9
6,160.9
6,160.9
0,160.9
0,160.9
1,160.9
1,160.9
2,160.9
2,160.9
3,160.9
3,160.9
4,160.9
4,160.9
5,160.9
5,160.9
6,160.9
6,160.9
0,168.9
0,168.9
1,167.9
1,170.9
2,170.9
2,170.9
3,170.9
3,170.9
4,170.9
4,168.9
5,168.9
5,168.9
6,168.9
6,168.9
0,168.9
0,168.9
1,168.9
1,168.9
2,168.9
2,168.9
3,168.9
3,168.9
4,168.9
4,168.9
5,168.9
5,168.9
6,168.9
6,168.9
0,168.9
0,168.9
1,168.9
1,168.9
2,168.9
2,168.9
3,168.9
3,168.9
4,168.9
4,168.9
5,168.9
5,168.9
6,168.9
6,168.9
