0,120.9
0,128.2
1,128.2
1,128.2
2,118.4
2,127.9
3,121.9
3,121.9
4,121.9
4,121.9
5,121.9
5,121.9
6,121.9
6,121.9
0,121.9
0,121.9
1,121.9
1,115.23333333333333
2,119.9
2,116.4
3,110.56666666666666
3,109.4
4,109.4
4,105.9
5,112.9
5,109.4
6,109.4
6,108.89999999999999
0,108.89999999999999
0,109.53333333333332
1,111.9
1,111.9
2,111.9
2,134.56666666666666
3,134.56666666666666
3,134.56666666666666
4,134.56666666666666
4,134.56666666666666
5,134.56666666666666
5,134.56666666666666
6,134.56666666666666
6,134.56666666666666
0,134.56666666666666
0,134.56666666666666
1,144.9
1,144.9
2,144.9
2,144.4
3,142.4
3,142.4
4,142.4
4,142.4
5,138.9
5,137.9
6,137.9
6,135.9
0,135.9
0,135.9
1,133.9
1,133.9
2,133.9
2,133.9
3,133.9
3,133.9
4,128.9
4,128.9
5,128.9
5,128.9
6,128.9
6,128.9
0,128.9
0,128.9
1,128.9
1,128.9
2,135.9
2,135.9
3,135.9
3,135.9
4,135.9
4,135.9
5,135.9
5,135.9
6,144.9
6,144.9
0,144.9
0,144.9
1,144.9
1,144.9
2,142.4
2,142.4
3,139.5666666666667
3,139.5666666666667
4,139.5666666666667
4,139.5666666666667
5,139.5666666666667
5,139.5666666666667
6,135.9
6,135.9
0,134.9
0,134.9
1,132.4
1,132.4
2,132.4
2,132.4
3,132.4
3,132.4
4,132.15
4,132.15
5,132.15
5,132.15
6,132.15
6,132.15
0,132.15
0,132.15
1,132.15
1,132.15
2,147.7
2,147.7
3,147.7
3,147.7
4,147.7
4,147.7
5,147.7
5,147.7
6,147.7
6,147.7
0,147.7
0,147.7
1,147.7
1,147.7
2,147.7
2,147.7
3,147.7
3,147.7
4,147.7
4,147.7
5,147.7
5,147.7
6,147.7
6,147.7
0,147.7
0,147.7
1,147.7
1,147.7
2,147.7
2,147.7
3,147.7
3,147.7
4,147.7
4,147.7
5,147.7
5,147.7
6,147.7
6,147.7
0,147.7
0,147.7
1,147.7
1,147.7
2,147.7
2,147.7
3,147.7
3,147.7
4,147.7
4,147.7
5,147.7
5,147.7
6,147.7
6,147.7
0,147.7
0,147.7
1,147.7
1,147.7
2,147.7
2,147.7
3,147.7
3,147.7
4,147.7
4,147.7
5,147.7
5,147.7
6,147.7
6,147.7
0,147.7
0,147.7
1,147.7
1,147.7
2,147.7
2,147.7
3,147.7
3,147.7
4,147.7
4,147.7
5,147.7
5,147.7
6,147.7
6,147.7
0,147.7
0,147.7
1,147.7
1,147.7
2,147.7
2,147.7
3,147.7
3,147.7
4,147.7
4,147.7
5,147.7
5,147.7
6,147.7
6,147.7
0,147.7
0,147.7
1,147.7
1,147.7
2,147.7
2,147.7
3,147.7
3,147.7
4,147.7
4,147.7
5,147.7
5,147.7
6,147.7
6,147.7
0,147.7
0,147.7
1,147.7
1,147.7
2,147.7
2,147.7
3,147.7
3,147.7
4,147.7
4,147.7
5,147.7
5,147.7
6,147.7
6,147.7
0,147.7
0,147.7
1,147.7
1,147.7
2,147.7
2,147.7
3,147.7
3,152.9
4,152.9
4,152.9
5,152.9
5,152.9
6,152.9
6,152.9
0,152.9
0,152.9
1,152.9
1,152.9
2,152.9
2,152.9
3,152.9
3,152.9
4,152.9
4,152.9
5,152.9
5,152.9
6,152.9
6,152.9
0,152.9
0,152.9
1,152.9
1,150.9
2,150.9
2,150.9
3,150.9
3,150.9
4,150.9
4,149.5666666666667
5,149.5666666666667
5,149.5666666666667
6,149.5666666666667
6,149.5666666666667
0,149.5666666666667
0,149.5666666666667
1,149.5666666666667
1,149.5666666666667
2,149.5666666666667
2,149.5666666666667
3,149.5666666666667
3,147.9
4,146.9
4,145.9
5,145.9
5,145.9
6,145.9
6,145.9
0,145.9
0,145.9
1,145.9
1,145.9
2,145.9
2,145.9
3,145.9
3,145.9
4,145.9
4,145.9
5,145.9
5,145.9
6,145.9
6,145.9
0,145.9
0,145.9
1,145.9
1,145.9
2,145.9
2,163.9
3,163.9
3,163.9
4,163.9
4,163.9
5,163.9
5,163.9
6,163.9
6,163.9
0,163.9
0,163.9
1,163.9
1,163.9
2,163.9
2,163.9
3,163.9
3,163.9
4,163.9
4,163.9
5,163.9
5,163.9
6,163.9
6,163.9
0,163.9
0,162.43333333333334
1,162.43333333333334
1,161.5
2,161.5
2,161.5
3,161.5
3,161.3
4,161.3
4,161.3
5,161.3
5,161.3
6,155.9
6,149.9
0,149.9
0,160.7
1,160.56666666666666
1,160.13333333333333
2,160.13333333333333
2,152.5
3,152.5
3,152.5
4,152.5
4,152.5
5,152.5
5,152.5
6,152.5
6,152.5
0,152.5
0,152.5
1,152.5
1,147.2
2,147.2
2,144.7
3,144.7
3,142.9
4,142.9
4,142.9
5,142.9
5,142.9
6,142.9
6,142.9
0,142.9
0,142.9
1,142.9
1,142.9
2,142.9
2,142.9
3,142.9
3,142.9
4,142.9
4,142.9
5,142.9
5,142.9
6,142.9
6,142.9
0,142.9
0,142.9
1,142.9
1,142.9
2,144.9
2,144.9
3,144.9
3,144.9
4,144.9
4,157.9
5,157.9
5,157.9
6,157.9
6,157.9
0,157.9
0,161.9
1,161.9
1,161.9
2,161.9
2,161.9
3,161.9
3,161.9
4,161.9
4,161.9
5,161.9
5,161.9
6,161.9
6,161.9
0,161.9
0,161.9
1,161.9
1,161.9
2,161.9
2,161.9
3,161.9
3,161.9
4,161.9
4,160.43333333333334
5,160.43333333333334
5,160.43333333333334
6,160.43333333333334
6,160.43333333333334
0,160.43333333333334
0,158.36666666666665
1,158.36666666666665
1,155.7
2,155.7
2,154.36666666666665
3,150.9
3,150.9
4,150.9
4,148.23333333333335
5,148.23333333333335
5,148.23333333333335
6,148.23333333333335
6,148.23333333333335
0,144.23333333333335
0,144.23333333333335
1,144.23333333333335
1,147.2
2,147.2
2,147.2
3,147.2
3,147.2
4,147.2
4,147.2
5,147.2
5,147.2
6,147.2
6,146.46666666666667
0,146.46666666666667
0,145.2
1,145.2
1,144.7
2,142.63333333333333
2,140.7
3,140.7
3,139.03333333333333
4,139.03333333333333
4,139.03333333333333
5,139.03333333333333
5,139.03333333333333
6,139.03333333333333
6,139.03333333333333
0,139.03333333333333
0,137.5
1,137.5
1,137.5
2,137.5
2,137.5
3,137.5
3,136.7
4,136.7
4,136.7
5,136.7
5,136.7
6,136.7
6,133.7
0,133.7
0,133.7
1,133.7
1,133.7
2,133.7
2,133.7
3,133.7
3,133.7
4,133.7
4,158.9
5,158.9
5,158.9
6,158.9
6,158.9
0,158.9
0,158.9
1,158.9
1,158.9
2,158.9
2,158.9
3,158.9
3,158.9
4,158.9
4,155.7
5,155.7
5,155.7
6,155.7
6,155.7
0,155.7
0,155.7
1,155.7
1,153.7
2,153.7
2,153.7
3,153.7
3,153.7
4,153.7
4,153.7
5,153.7
5,153.7
6,153.7
6,153.7
0,153.7
0,153.7
1,150.7
1,150.7
2,149.73999999999998
2,149.73999999999998
3,149.73999999999998
3,149.73999999999998
4,150.7
4,150.7
5,150.7
5,150.7
6,150.7
6,150.7
0,150.7
0,150.7
1,150.7
1,150.7
2,150.7
2,150.7
3,150.7
3,150.7
4,150.7
4,150.7
5,150.7
5,158.9
6,158.9
6,158.9
0,158.9
0,158.9
1,158.9
1,158.9
2,158.9
2,158.9
3,158.9
3,156.7
4,156.7
4,156.7
5,156.7
5,156.7
6,156.7
6,156.7
0,156.7
0,151.8
1,151.8
1,151.8
2,146.3
2,146.3
3,146.3
3,146.3
4,146.3
4,143.36666666666665
5,143.36666666666665
5,143.36666666666665
6,143.36666666666665
6,143.36666666666665
0,143.36666666666665
0,143.36666666666665
1,143.36666666666665
1,143.36666666666665
2,143.36666666666665
2,143.36666666666665
3,143.36666666666665
3,143.36666666666665
4,143.36666666666665
4,143.36666666666665
5,143.36666666666665
5,143.36666666666665
6,143.36666666666665
6,143.36666666666665
0,143.36666666666665
0,143.36666666666665
1,143.36666666666665
1,143.36666666666665
2,160.9
2,151.8
3,151.8
3,151.8
4,151.8
4,151.8
5,151.8
5,151.8
6,151.8
6,151.8
0,151.8
0,151.8
1,151.8
1,151.8
2,151.8
2,151.8
3,151.8
3,158.2
4,158.2
4,157.46666666666667
5,157.46666666666667
5,157.46666666666667
6,156.6
6,156.6
0,156.6
0,156.6
1,156.6
1,156.6
2,156.6
2,153.1
3,153.1
3,153.1
4,153.1
4,153.1
5,153.1
5,153.1
6,153.1
6,153.1
0,148.9
0,148.9
1,148.9
1,148.9
2,148.9
2,148.9
3,148.70000000000002
3,147.85
4,147.85
4,147.0
5,147.0
5,146.6
6,146.6
6,146.6
0,146.6
0,146.4
1,143.1
1,141.9
2,141.9
2,141.9
3,141.9
3,141.9
4,141.9
4,141.9
5,141.9
5,139.9
6,139.9
6,139.9
0,139.9
0,139.9
1,139.9
1,139.9
2,139.9
2,139.9
3,139.9
3,145.4
4,145.4
4,145.4
5,145.4
5,145.4
6,145.4
6,145.4
0,145.4
0,145.4
1,145.4
1,145.4
2,145.4
2,145.4
3,145.4
3,145.4
4,145.4
4,145.4
5,150.4
5,150.4
6,150.4
6,150.4
0,150.4
0,146.7
1,146.7
1,146.3
2,146.3
2,144.9
3,144.9
3,144.9
4,144.9
4,144.9
5,144.9
5,144.9
6,143.9
6,143.9
0,142.9
0,140.9
1,140.9
1,140.9
2,140.9
2,140.9
3,140.9
3,140.9
4,140.9
4,140.9
5,140.9
5,140.9
6,140.9
6,140.9
0,139.9
0,139.9
1,139.9
1,137.9
2,136.9
2,131.9
3,130.9
3,130.9
4,130.9
4,130.9
5,130.9
5,130.9
6,130.9
6,130.9
0,130.9
0,130.9
1,142.4
1,142.4
2,153.9
2,153.9
3,153.9
3,153.9
4,153.9
4,153.9
5,153.15
5,153.15
6,152.05
6,152.05
0,151.7
0,151.7
1,151.3
1,151.3
2,150.9
2,150.9
3,150.9
3,150.9
4,150.9
4,151.9
5,151.9
5,151.9
6,151.9
6,151.9
0,151.9
0,151.9
1,151.9
1,151.9
2,151.9
2,151.9
3,144.9
3,139.8
4,139.8
4,139.8
5,139.8
5,139.8
6,139.8
6,139.8
0,139.8
0,139.2
1,139.2
1,136.7
2,136.7
2,132.9
3,132.9
3,132.9
4,142.4
4,142.4
5,161.9
5,161.9
6,161.9
6,161.9
0,161.9
0,161.9
1,161.45
1,161.45
2,161.0
2,160.5
3,160.5
3,160.5
4,159.7
4,156.7
5,156.7
5,155.9
6,155.9
6,154.7
0,154.7
0,154.7
1,154.7
1,152.7
2,152.7
2,151.7
3,149.3
3,146.7
4,145.8
4,145.8
5,144.9
5,144.9
6,144.9
6,144.9
0,144.9
0,144.9
1,144.9
1,144.9
2,141.9
2,135.5
3,135.5
3,135.5
4,135.5
4,135.5
5,135.5
5,135.5
6,135.9
6,135.9
0,135.9
0,134.9
1,134.9
1,134.9
2,133.9
2,133.9
3,133.9
3,133.9
4,133.9
4,133.9
5,133.9
5,133.9
6,133.9
6,133.9
0,133.9
0,133.9
1,161.9
1,160.9
2,160.9
2,159.4
3,159.4
3,159.4
4,159.4
4,158.55
5,158.55
5,156.8
6,156.8
6,156.8
0,156.8
0,156.8
1,156.8
1,156.8
2,156.8
2,156.8
3,156.8
3,148.7
4,148.7
4,148.4
5,148.4
5,146.4
6,146.4
6,146.4
0,146.4
0,146.4
1,146.4
1,146.4
2,146.4
2,146.4
3,146.4
3,146.4
4,146.4
4,163.9
5,163.9
5,163.9
6,163.9
6,163.9
0,163.9
0,163.9
1,163.9
1,163.9
2,163.9
2,160.9
3,160.9
3,159.4
4,159.4
4,159.4
5,159.4
5,159.4
6,159.4
6,159.4
0,159.4
0,159.4
1,159.4
1,159.4
2,159.4
2,159.4
3,159.4
3,159.4
4,159.4
4,159.4
5,159.4
5,159.4
6,159.4
6,159.4
0,159.4
0,157.5
1,157.5
1,157.5
2,157.5
2,155.9
3,155.9
3,150.8
4,146.9
4,146.9
5,146.9
5,146.9
6,146.9
6,161.5666666666667
0,161.5666666666667
0,161.5666666666667
1,166.9
1,166.9
2,166.9
2,166.9
3,166.9
3,166.9
4,166.9
4,166.9
5,166.9
5,166.9
6,166.9
6,166.9
0,166.9
0,166.9
1,166.9
1,166.9
2,166.9
2,166.9
3,166.9
3,166.9
4,166.9
4,166.9
5,166.9
5,166.9
6,166.9
6,166.9
0,166.9
0,167.23333333333335
1,167.23333333333335
1,167.23333333333335
2,167.23333333333335
2,167.23333333333335
3,167.23333333333335
3,167.0666666666667
4,167.0666666666667
4,165.9
5,165.9
5,164.9
6,163.5666666666667
6,163.5666666666667
0,157.9
0,155.9
1,152.9
1,152.9
2,152.9
2,152.9
3,152.9
3,152.9
4,160.9
4,168.9
5,168.9
5,168.9
6,168.9
6,168.9
0,168.9
0,168.9
1,168.9
1,168.9
2,168.9
2,168.9
3,168.9
3,168.9
4,168.9
4,168.9
5,168.9
5,168.9
6,168.9
6,168.9
0,168.9
0,168.9
1,168.9
1,168.9
2,168.9
2,168.9
3,168.9
3,168.9
4,168.9
4,168.9
5,168.9
5,168.9
6,165.9
6,165.9
0,165.9
0,165.9
1,164.9
1,164.9
2,164.9
2,164.9
3,163.5666666666667
3,163.5666666666667
4,163.5666666666667
4,160.9
5,160.9
5,160.9
6,160.9
6,160.9
0,160.9
0,160.9
1,158.9
1,158.9
2,168.9
2,168.9
3,168.9
3,168.9
4,168.9
4,168.9
5,168.9
5,168.9
6,168.9
6,168.9
0,168.9
0,168.9
1,167.5666666666667
1,167.5666666666667
2,167.5666666666667
2,167.5666666666667
3,167.5666666666667
3,164.9
4,164.9
4,164.9
5,164.9
5,164.9
6,164.9
6,164.9
0,164.9
0,162.9
1,162.9
1,159.9
2,159.9
2,159.9
3,159.9
3,159.9
4,159.9
4,159.9
5,159.9
5,159.9
6,159.9
6,159.9
0,159.9
0,159.9
1,159.9
1,157.9
2,154.4
2,154.4
3,154.4
3,154.4
4,154.4
4,154.4
5,150.9
5,152.4
6,152.4
6,148.9
0,148.9
0,148.9
1,148.9
1,148.9
2,148.9
2,148.9
3,148.9
3,148.9
4,146.9
4,146.9
5,146.9
5,146.9
6,146.9
6,146.9
0,146.23333333333335
0,143.9
1,143.9
1,143.9
2,143.9
2,142.9
3,142.9
3,142.9
4,142.9
4,142.9
5,142.9
5,142.9
6,142.9
6,142.9
0,142.9
0,142.9
1,160.23333333333335
1,160.23333333333335
2,160.23333333333335
2,160.23333333333335
3,160.23333333333335
3,160.23333333333335
4,160.23333333333335
4,160.23333333333335
5,160.23333333333335
5,160.23333333333335
6,160.23333333333335
6,160.23333333333335
0,160.23333333333335
0,160.23333333333335
1,160.23333333333335
1,160.23333333333335
2,160.23333333333335
2,166.9
3,163.65
3,163.65
4,163.65
4,163.65
5,159.26666666666668
5,159.26666666666668
6,159.26666666666668
6,156.9
0,156.9
0,155.9
1,154.9
1,154.23333333333335
2,151.9
2,149.9
3,149.9
3,149.9
4,149.9
4,149.9
5,149.9
5,149.9
6,149.9
6,149.9
0,148.23333333333335
0,148.23333333333335
1,148.23333333333335
1,148.23333333333335
2,145.5
2,145.5
3,145.5
3,145.5
4,145.5
4,145.1
5,145.1
5,145.1
6,145.1
6,145.1
0,170.4
0,170.4
1,168.9
1,168.9
2,168.4
2,168.4
3,168.4
3,167.9
4,166.9
4,166.9
5,166.9
5,166.9
6,166.9
6,164.23333333333335
0,164.23333333333335
0,164.23333333333335
1,164.23333333333335
1,164.23333333333335
2,164.23333333333335
2,164.23333333333335
3,164.23333333333335
3,164.23333333333335
4,164.23333333333335
4,160.9
5,160.9
5,160.9
6,160.9
6,160.9
0,158.7
0,158.7
1,158.7
1,158.7
2,158.7
2,158.7
3,158.7
3,158.7
4,158.7
4,158.7
5,158.7
5,158.7
6,158.7
6,156.7
0,156.7
0,154.9
1,154.9
1,154.9
2,171.9
2,171.9
3,171.9
3,171.9
4,171.9
4,171.9
5,171.9
5,171.9
6,171.9
6,171.9
0,170.9
0,170.9
1,170.9
1,170.9
2,170.9
2,170.9
3,170.9
3,170.9
4,168.9
4,168.9
5,168.9
5,168.9
6,168.9
6,168.9
0,167.9
0,167.9
1,167.9
1,167.9
2,166.9
2,166.9
3,165.9
3,164.9
4,163.9
4,163.9
5,163.9
5,163.9
6,163.9
6,161.9
0,161.9
0,161.9
1,159.9
1,157.9
2,157.9
2,156.43333333333334
3,165.8
3,175.9
4,175.9
4,175.9
5,175.9
5,175.9
6,175.9
6,175.9
