0,123.85000000000001
0,123.85000000000001
1,122.9
1,122.9
2,119.9
2,119.9
3,119.9
3,119.9
4,118.4
4,118.4
5,118.4
5,118.4
6,118.4
6,118.4
0,118.4
0,116.9
1,112.9
1,112.9
2,109.9
2,109.9
3,109.9
3,109.9
4,109.9
4,109.9
5,109.9
5,109.9
6,109.9
6,109.9
0,109.9
0,109.9
1,109.9
1,109.9
2,109.9
2,109.9
3,131.50000000000003
3,131.50000000000003
4,143.5
4,143.5
5,143.5
5,143.5
6,143.5
6,143.5
0,142.9
0,142.9
1,141.60000000000002
1,139.9
2,140.60000000000002
2,140.60000000000002
3,138.56666666666666
3,135.9
4,134.15
4,134.15
5,134.15
5,134.15
6,131.9
6,131.9
0,130.275
0,130.275
1,127.60000000000002
1,127.60000000000002
2,127.60000000000002
2,127.60000000000002
3,127.60000000000002
3,127.60000000000002
4,121.7
4,121.7
5,121.7
5,121.7
6,121.7
6,121.7
0,119.97999999999999
0,119.97999999999999
1,119.97999999999999
1,119.97999999999999
2,119.97999999999999
2,119.97999999999999
3,138.23333333333335
3,138.23333333333335
4,138.23333333333335
4,138.23333333333335
5,145.9
5,145.9
6,145.025
6,145.025
0,143.4
0,142.4
1,140.15
1,140.15
2,137.9
2,137.9
3,134.15
3,134.15
4,132.9
4,132.9
5,130.4
5,130.4
6,130.4
6,130.4
0,128.4
0,128.4
1,126.9
1,126.9
2,124.89999999999999
2,124.89999999999999
3,136.9
3,136.9
4,136.9
4,136.9
5,136.9
5,136.9
6,147.9
6,147.9
0,147.9
0,147.9
1,147.9
1,147.9
2,145.9
2,145.9
3,145.9
3,145.9
4,143.9
4,143.9
5,143.9
5,143.9
6,143.9
6,143.9
0,143.9
0,143.9
1,143.9
1,143.9
2,143.9
2,143.9
3,143.9
3,143.9
4,143.9
4,143.9
5,143.9
5,143.9
6,143.9
6,143.9
0,143.9
0,143.9
1,143.9
1,143.9
2,143.9
2,143.9
3,143.9
3,143.9
4,143.9
4,143.9
5,143.9
5,143.9
6,143.9
6,143.9
0,143.9
0,143.9
1,143.9
1,143.9
2,143.9
2,143.9
3,143.9
3,143.9
4,143.9
4,143.9
5,143.9
5,143.9
6,143.9
6,143.9
0,143.9
0,143.9
1,143.9
1,143.9
2,143.9
2,143.9
3,143.9
3,143.9
4,143.9
4,143.9
5,143.9
5,143.9
6,143.9
6,143.9
0,143.9
0,143.9
1,143.9
1,143.9
2,143.9
2,143.9
3,143.9
3,143.9
4,143.9
4,143.9
5,143.9
5,143.9
6,143.9
6,143.9
0,143.9
0,143.9
1,143.9
1,143.9
2,143.9
2,143.9
3,143.9
3,143.9
4,143.9
4,143.9
5,143.9
5,143.9
6,143.9
6,143.9
0,143.9
0,143.9
1,143.9
1,143.9
2,143.9
2,143.9
3,143.9
3,143.9
4,143.9
4,143.9
5,143.9
5,143.9
6,143.9
6,143.9
0,143.9
0,143.9
1,143.9
1,143.9
2,143.9
2,143.9
3,143.9
3,143.9
4,143.9
4,143.9
5,143.9
5,143.9
6,143.9
6,143.9
0,143.9
0,143.9
1,143.9
1,143.9
2,143.9
2,143.9
3,143.9
3,121.45
4,152.65
4,152.65
5,152.65
5,152.65
6,152.65
6,152.65
0,152.65
0,152.65
1,152.65
1,152.65
2,152.65
2,152.4
3,152.4
3,152.4
4,150.9
4,148.9
5,148.9
5,148.9
6,148.9
6,148.9
0,148.9
0,148.9
1,148.9
1,148.9
2,148.9
2,148.9
3,148.9
3,148.9
4,148.9
4,148.9
5,148.9
5,148.9
6,148.7
6,148.7
0,148.7
0,142.9
1,142.9
1,142.9
2,142.9
2,142.9
3,142.9
3,140.9
4,140.9
4,140.9
5,140.9
5,140.9
6,140.9
6,140.9
0,140.9
0,138.7
1,138.7
1,137.9
2,137.9
2,137.9
3,137.9
3,137.9
4,137.9
4,137.9
5,137.9
5,137.9
6,137.9
6,137.9
0,137.9
0,137.9
1,137.9
1,137.9
2,137.9
2,155.23333333333335
3,155.23333333333335
3,155.23333333333335
4,155.23333333333335
4,155.23333333333335
5,155.23333333333335
5,155.23333333333335
6,155.23333333333335
6,155.23333333333335
0,155.23333333333335
0,155.23333333333335
1,162.9
1,161.9
2,161.9
2,161.23333333333335
3,161.23333333333335
3,161.23333333333335
4,161.23333333333335
4,161.23333333333335
5,161.23333333333335
5,161.23333333333335
6,161.23333333333335
6,161.23333333333335
0,161.23333333333335
0,153.9
1,151.9
1,150.55
2,149.76666666666665
2,149.0
3,148.3
3,147.78571428571428
4,147.25
4,146.9
5,146.9
5,146.9
6,146.9
6,146.2
0,146.7
0,144.06666666666663
1,143.6
1,142.975
2,141.56
2,141.56
3,141.56
3,141.56
4,140.39999999999998
4,140.39999999999998
5,139.6
5,138.9
6,138.9
6,138.39999999999998
0,138.0
0,137.6
1,137.28333333333333
1,135.85999999999999
2,135.85999999999999
2,135.85999999999999
3,135.85999999999999
3,135.85999999999999
4,135.85999999999999
4,135.0
5,135.0
5,134.29999999999998
6,134.29999999999998
6,134.63333333333335
0,134.63333333333335
0,134.63333333333335
1,134.63333333333335
1,134.1
2,134.1
2,134.1
3,134.1
3,134.1
4,134.1
4,134.1
5,134.1
5,133.8
6,133.8
6,133.4
0,133.4
0,133.4
1,133.06666666666666
1,133.06666666666666
2,132.3
2,132.3
3,132.3
3,132.3
4,163.9
4,163.9
5,163.9
5,163.9
6,163.9
6,163.9
0,163.9
0,163.9
1,163.9
1,163.9
2,163.9
2,160.9
3,160.9
3,160.9
4,160.9
4,158.9
5,158.9
5,156.9
6,156.9
6,156.9
0,156.9
0,156.9
1,156.9
1,152.7
2,152.7
2,150.9
3,150.9
3,148.9
4,148.9
4,147.55
5,147.55
5,147.55
6,147.55
6,146.25
0,146.25
0,144.9
1,144.9
1,142.9
2,142.9
2,141.5666666666667
3,141.5666666666667
3,139.9
4,139.9
4,137.5
5,137.5
5,137.5
6,137.5
6,137.5
0,136.9
0,136.9
1,136.6
1,136.6
2,136.6
2,136.1
3,135.9
3,135.9
4,135.2
4,134.93333333333334
5,134.93333333333334
5,134.93333333333334
6,134.93333333333334
6,134.2
0,134.0
0,133.6
1,133.6
1,132.9
2,132.4
2,132.1
3,132.1
3,131.8
4,130.9
4,130.9
5,130.9
5,130.2
6,130.2
6,130.2
0,130.0
0,128.9
1,128.9
1,128.9
2,128.9
2,128.9
3,128.9
3,128.9
4,128.9
4,128.9
5,128.9
5,128.9
6,128.9
6,128.9
0,128.9
0,128.43333333333334
1,127.9
1,127.9
2,127.9
2,127.9
3,127.23333333333335
3,127.23333333333335
4,127.23333333333335
4,127.23333333333335
5,127.23333333333335
5,158.9
6,158.9
6,158.9
0,156.9
0,156.9
1,156.9
1,155.875
2,153.7
2,152.8
3,152.4
3,151.36666666666665
4,151.36666666666665
4,151.36666666666665
5,151.36666666666665
5,151.36666666666665
6,151.36666666666665
6,151.36666666666665
0,151.36666666666665
0,148.7
1,148.07999999999998
1,147.45
2,146.8
2,146.0
3,146.0
3,144.6
4,142.6
4,142.1
5,142.1
5,142.1
6,142.1
6,142.1
0,141.6
0,140.2
1,140.2
1,140.2
2,138.8
2,138.0
3,137.5
3,137.0
4,136.8
4,136.8
5,136.8
5,136.8
6,136.8
6,136.2
0,135.4
0,134.93333333333334
1,133.8
1,133.8
2,133.8
2,132.9
3,132.9
3,132.9
4,132.4
4,132.4
5,132.4
5,131.9
6,131.9
6,131.9
0,158.9
0,158.9
1,158.9
1,158.9
2,156.9
2,156.9
3,155.9
3,155.9
4,155.9
4,153.25
5,153.25
5,153.25
6,146.9
6,145.7
0,145.7
0,142.05
1,139.25
1,137.1
2,137.1
2,137.1
3,137.1
3,134.9
4,134.9
4,134.23333333333335
5,134.23333333333335
5,134.23333333333335
6,134.23333333333335
6,134.23333333333335
0,134.23333333333335
0,133.5
1,133.5
1,132.9
2,132.9
2,132.9
3,132.9
3,132.9
4,131.9
4,131.9
5,131.9
5,131.9
6,131.9
6,131.9
0,131.9
0,131.9
1,131.9
1,131.9
2,131.9
2,160.9
3,160.9
3,160.9
4,160.9
4,158.9
5,158.9
5,158.9
6,156.9
6,156.9
0,156.9
0,154.9
1,154.9
1,154.9
2,152.4
2,148.9
3,148.9
3,146.9
4,146.9
4,146.9
5,146.9
5,146.9
6,146.9
6,146.9
0,146.9
0,145.4
1,143.4
1,140.9
2,140.9
2,139.65
3,139.65
3,136.0666666666667
4,134.4
4,133.65
5,133.65
5,133.65
6,133.65
6,133.65
0,133.65
0,133.65
1,131.9
1,129.9
2,128.9
2,128.9
3,128.4
3,127.9
4,127.9
4,127.3
5,126.9
5,126.4
6,126.4
6,126.4
0,126.4
0,125.85
1,125.85
1,125.85
2,125.85
2,125.85
3,125.85
3,122.30000000000001
4,122.30000000000001
4,121.5
5,121.5
5,121.5
6,121.5
6,121.5
0,121.5
0,120.9
1,120.9
1,120.9
2,120.9
2,120.9
3,120.9
3,150.9
4,150.9
4,150.9
5,150.4
5,150.4
6,150.4
6,150.4
0,148.9
0,148.9
1,146.9
1,146.9
2,146.9
2,145.7
3,145.7
3,143.7
4,143.7
4,140.9
5,140.9
5,140.9
6,140.9
6,140.9
0,140.9
0,136.9
1,134.9
1,130.5666666666667
2,130.5666666666667
2,130.5666666666667
3,127.7
3,126.9
4,126.9
4,126.9
5,126.9
5,126.9
6,126.9
6,126.9
0,126.9
0,125.7
1,125.7
1,125.7
2,125.30000000000001
2,125.30000000000001
3,124.9
3,123.9
4,123.9
4,123.9
5,123.9
5,123.9
6,123.80000000000001
6,123.80000000000001
0,123.7
0,123.7
1,123.7
1,123.7
2,123.30000000000001
2,123.30000000000001
3,123.30000000000001
3,123.30000000000001
4,153.9
4,153.9
5,153.9
5,153.9
6,153.9
6,153.9
0,153.9
0,153.9
1,153.9
1,153.9
2,153.9
2,151.9
3,151.9
3,151.9
4,151.9
4,147.4
5,146.9
5,146.9
6,146.9
6,144.4
0,142.9
0,140.5
1,140.5
1,139.9
2,139.4
2,137.9
3,137.9
3,136.9
4,136.9
4,135.9
5,135.4
5,135.4
6,134.4
6,134.4
0,133.9
0,132.9
1,132.4
1,132.4
2,129.9
2,129.9
3,129.9
3,129.9
4,129.9
4,129.9
5,129.9
5,129.9
6,129.9
6,129.9
0,129.9
0,129.9
1,129.9
1,128.9
2,128.9
2,128.9
3,128.9
3,128.7
4,128.3
4,128.3
5,127.9
5,127.9
6,144.9
6,144.9
0,161.9
0,161.9
1,160.9
1,157.9
2,156.9
2,156.9
3,156.9
3,156.9
4,155.9
4,153.9
5,153.4
5,153.4
6,152.9
6,150.9
0,150.9
0,149.9
1,147.9
1,143.9
2,143.9
2,142.9
3,142.9
3,142.9
4,141.9
4,139.7
5,139.3
5,137.4
6,136.9
6,135.5
0,134.9
0,133.9
1,133.9
1,133.9
2,133.9
2,132.9
3,132.9
3,132.9
4,132.9
4,131.4
5,131.4
5,131.4
6,131.4
6,131.4
0,131.4
0,130.4
1,129.9
1,129.9
2,129.9
2,129.9
3,129.9
3,129.9
4,161.9
4,161.9
5,161.9
5,161.9
6,161.9
6,161.9
0,161.9
0,161.9
1,161.9
1,157.9
2,157.9
2,156.9
3,156.9
3,156.9
4,155.4
4,152.9
5,150.9
5,150.9
6,148.7
6,147.9
0,147.9
0,143.9
1,143.9
1,138.9
2,138.9
2,137.9
3,137.9
3,137.9
4,136.9
4,135.9
5,135.9
5,134.4
6,134.4
6,134.4
0,132.9
0,132.9
1,132.9
1,132.9
2,132.9
2,132.9
3,132.9
3,132.9
4,132.9
4,163.9
5,163.9
5,163.9
6,163.9
6,163.9
0,163.9
0,163.9
1,163.9
1,157.9
2,157.9
2,157.9
3,157.9
3,157.9
4,157.9
4,157.9
5,157.9
5,157.9
6,157.9
6,157.9
0,157.9
0,157.9
1,157.9
1,157.9
2,157.9
2,157.9
3,157.9
3,157.9
4,157.9
4,157.9
5,157.9
5,157.9
6,157.9
6,157.9
0,157.9
0,157.9
1,157.9
1,157.9
2,157.9
2,157.9
3,157.9
3,157.9
4,157.9
4,157.9
5,157.9
5,157.9
6,157.9
6,157.9
0,157.9
0,157.9
1,157.9
1,157.9
2,157.9
2,157.9
3,157.9
3,157.9
4,157.9
4,157.9
5,157.9
5,157.9
6,157.9
6,157.9
0,157.9
0,157.9
1,157.9
1,157.9
2,157.9
2,157.9
3,157.9
3,157.9
4,157.9
4,157.9
5,157.9
5,157.9
6,157.9
6,157.9
0,157.9
0,157.9
1,157.9
1,157.9
2,157.9
2,157.9
3,157.9
3,157.9
4,157.9
4,157.9
5,157.9
5,157.9
6,157.9
6,157.9
0,157.9
0,157.9
1,157.9
1,157.9
2,157.9
2,157.9
3,157.9
3,157.9
4,157.9
4,157.9
5,157.9
5,157.9
6,157.9
6,157.9
0,157.9
0,157.9
1,157.9
1,157.9
2,157.9
2,157.9
3,157.9
3,157.9
4,157.9
4,157.9
5,157.9
5,157.9
6,157.9
6,157.9
0,157.9
0,157.9
1,157.9
1,157.9
2,157.9
2,157.9
3,157.9
3,157.9
4,157.9
4,157.9
5,157.9
5,157.9
6,157.9
6,157.9
0,157.9
0,157.9
1,157.9
1,157.9
2,157.9
2,157.9
3,157.9
3,157.9
4,157.9
4,157.9
5,157.9
5,157.9
6,157.9
6,157.9
0,157.9
0,157.9
1,157.9
1,157.9
2,157.9
2,157.9
3,157.9
3,157.9
4,157.9
4,157.9
5,157.9
5,157.9
6,157.9
6,157.9
0,157.9
0,157.9
1,157.9
1,157.9
2,157.9
2,157.9
3,157.9
3,157.9
4,157.9
4,157.9
5,157.9
5,157.9
6,157.9
6,157.9
0,157.9
0,157.9
1,157.9
1,157.9
2,157.9
2,157.9
3,157.9
3,157.9
4,157.9
4,157.9
5,157.9
5,157.9
6,157.9
6,157.9
0,157.9
0,157.9
1,157.9
1,157.9
2,157.9
2,157.9
3,157.9
3,157.9
4,157.9
4,157.9
5,157.9
5,157.9
6,157.9
6,157.9
0,157.9
0,157.9
1,157.9
1,157.9
2,157.9
2,157.9
3,157.9
3,157.9
4,157.9
4,157.9
5,157.9
5,157.9
6,157.9
6,157.9
0,157.9
0,157.9
1,157.9
1,157.9
2,157.9
2,157.9
3,157.9
3,157.9
4,157.9
4,157.9
5,157.9
5,157.9
6,157.9
6,157.9
0,157.9
0,157.9
1,157.9
1,157.9
2,157.9
2,157.9
3,157.9
3,157.9
4,157.9
4,157.9
5,157.9
5,157.9
6,157.9
6,157.9
0,157.9
0,157.9
1,157.9
1,157.9
2,157.9
2,157.9
3,157.9
3,157.9
4,157.9
4,157.9
5,157.9
5,157.9
6,157.9
6,157.9
0,157.9
0,157.9
1,157.9
1,157.9
2,157.9
2,157.9
3,157.9
3,157.9
4,157.9
4,157.9
5,157.9
5,157.9
6,157.9
6,157.9
0,157.9
0,157.9
1,157.9
1,157.9
2,157.9
2,157.9
3,157.9
3,157.9
4,157.9
4,157.9
5,157.9
5,157.9
6,157.9
6,157.9
0,157.9
0,157.9
1,157.9
1,157.9
2,157.9
2,157.9
3,157.9
3,157.9
4,157.9
4,157.9
5,157.9
5,157.9
6,157.9
6,157.9
0,157.9
0,157.9
1,157.9
1,157.9
2,157.9
2,157.9
3,157.9
3,157.9
4,157.9
4,157.9
5,157.9
5,157.9
6,157.9
6,157.9
0,157.9
0,157.9
1,157.9
1,157.9
2,157.9
2,157.9
3,157.9
3,157.9
4,157.9
4,157.9
5,157.9
5,157.9
6,157.9
6,157.9
0,157.9
0,157.9
1,157.9
1,157.9
2,157.9
2,157.9
3,157.9
3,157.9
4,157.9
4,157.9
5,157.9
5,157.9
6,157.9
6,157.9
0,157.9
0,157.9
1,157.9
1,157.9
2,157.9
2,157.9
3,157.9
3,157.9
4,157.9
4,157.9
5,157.9
5,157.9
6,157.9
6,157.9
0,157.9
0,157.9
1,157.9
1,157.9
2,157.9
2,157.9
3,157.9
3,157.9
4,157.9
4,157.9
5,157.9
5,157.9
6,157.9
6,157.9
0,157.9
0,157.9
1,157.9
1,157.9
2,157.9
2,157.9
3,157.9
3,157.9
4,157.9
4,157.9
5,157.9
5,157.9
6,157.9
6,157.9
