0,0
0,0
1,0
1,0
2,121.9
2,121.9
3,121.9
3,121.9
4,121.9
4,121.9
5,121.9
5,121.9
6,121.9
6,121.9
0,121.9
0,121.9
1,121.9
1,121.9
2,121.9
2,121.9
3,119.4
3,119.4
4,119.4
4,119.4
5,119.4
5,119.4
6,119.4
6,119.4
0,117.9
0,117.9
1,117.9
1,117.9
2,117.9
2,117.9
3,117.9
3,117.9
4,117.9
4,117.9
5,117.9
5,117.9
6,117.9
6,117.9
0,117.9
0,117.9
1,117.9
1,117.9
2,117.9
2,117.9
3,117.9
3,117.9
4,117.9
4,117.9
5,117.9
5,117.9
6,117.9
6,117.9
0,117.9
0,117.9
1,117.9
1,117.9
2,117.9
2,117.9
3,117.9
3,117.9
4,117.9
4,117.9
5,117.9
5,117.9
6,119.9
6,119.9
0,119.9
0,119.9
1,119.9
1,119.95
2,119.95
2,119.95
3,119.95
3,133.85
4,147.95
4,147.95
5,147.95
5,147.95
6,147.95
6,147.95
0,119.9
0,119.9
1,119.9
1,119.9
2,119.9
2,119.9
3,119.9
3,119.9
4,119.9
4,119.9
5,119.9
5,119.9
6,119.9
6,119.9
0,119.9
0,119.9
1,119.9
1,119.9
2,119.9
2,119.9
3,119.9
3,119.9
4,119.9
4,119.9
5,119.9
5,119.9
6,119.9
6,119.9
0,119.9
0,119.9
1,119.9
1,119.9
2,119.9
2,119.9
3,119.9
3,119.9
4,119.9
4,119.9
5,119.9
5,119.9
6,119.9
6,119.9
0,119.9
0,119.9
1,119.9
1,119.9
2,119.9
2,119.9
3,119.9
3,119.9
4,119.9
4,119.9
5,119.9
5,119.9
6,119.9
6,119.9
0,119.9
0,119.9
1,119.9
1,119.9
2,119.9
2,119.9
3,119.9
3,119.9
4,119.9
4,119.9
5,119.9
5,119.9
6,119.9
6,119.9
0,119.9
0,119.9
1,119.9
1,119.9
2,119.9
2,119.9
3,119.9
3,119.9
4,119.9
4,119.9
5,119.9
5,119.9
6,119.9
6,119.9
0,119.9
0,119.9
1,119.9
1,119.9
2,119.9
2,119.9
3,119.9
3,119.9
4,119.9
4,119.9
5,119.9
5,119.9
6,119.9
6,119.9
0,119.9
0,119.9
1,119.9
1,119.9
2,119.9
2,119.9
3,119.9
3,119.9
4,119.9
4,119.9
5,119.9
5,119.9
6,119.9
6,119.9
0,119.9
0,119.9
1,119.9
1,119.9
2,119.9
2,119.9
3,119.9
3,119.9
4,119.9
4,119.9
5,119.9
5,119.9
6,119.9
6,119.9
0,119.9
0,119.9
1,119.9
1,119.9
2,119.9
2,119.9
3,119.9
3,119.9
4,119.9
4,119.9
5,119.9
5,119.9
6,119.9
6,119.9
0,119.9
0,119.9
1,119.9
1,119.9
2,119.9
2,119.9
3,119.9
3,119.9
4,119.9
4,119.9
5,119.9
5,119.9
6,119.9
6,119.9
0,119.9
0,119.9
1,119.9
1,119.9
2,119.9
2,119.9
3,119.9
3,119.9
4,119.9
4,119.9
5,136.3
5,136.3
6,136.3
6,136.3
0,136.3
0,136.3
1,136.3
1,136.3
2,136.3
2,136.3
3,136.3
3,136.3
4,136.3
4,136.7
5,136.7
5,136.7
6,136.7
6,136.7
0,136.7
0,136.7
1,148.9
1,148.9
2,148.9
2,148.9
3,148.9
3,148.9
4,148.9
4,148.9
5,148.9
5,148.9
6,148.9
6,148.9
0,148.9
0,148.9
1,148.9
1,146.9
2,146.9
2,146.9
3,146.9
3,146.9
4,146.9
4,146.9
5,146.9
5,144.9
6,144.9
6,144.9
0,144.9
0,144.9
1,144.9
1,140.9
2,140.9
2,140.9
3,140.9
3,139.7
4,139.7
4,139.7
5,139.7
5,139.7
6,139.7
6,139.7
0,139.7
0,139.7
1,139.7
1,139.7
2,139.7
2,139.7
3,139.7
3,139.7
4,139.7
4,139.7
5,139.7
5,139.7
6,139.7
6,139.7
0,139.7
0,165.9
1,165.9
1,165.9
2,165.9
2,164.9
3,164.9
3,164.9
4,164.9
4,164.9
5,164.9
5,164.9
6,164.9
6,164.9
0,164.9
0,158.9
1,158.9
1,154.9
2,154.9
2,148.9
3,147.9
3,147.9
4,147.9
4,147.9
5,147.9
5,147.9
6,146.9
6,146.9
0,146.9
0,146.9
1,146.9
1,152.9
2,152.9
2,152.9
3,152.9
3,152.9
4,152.9
4,139.9
5,139.9
5,139.9
6,139.9
6,139.9
0,139.9
0,139.9
1,139.9
1,139.9
2,139.9
2,139.9
3,139.9
3,139.9
4,139.9
4,139.9
5,139.9
5,139.9
6,139.9
6,139.9
0,139.9
0,139.9
1,139.9
1,139.9
2,139.9
2,139.9
3,139.9
3,139.9
4,139.9
4,139.9
5,139.9
5,139.9
6,139.9
6,139.9
0,138.9
0,137.9
1,137.9
1,136.9
2,136.9
2,136.9
3,136.9
3,136.9
4,136.9
4,136.9
5,136.9
5,136.9
6,136.9
6,136.9
0,136.9
0,136.9
1,136.9
1,136.9
2,136.9
2,136.9
3,136.9
3,136.9
4,136.9
4,136.9
5,136.9
5,136.9
6,136.9
6,136.9
0,136.9
0,155.9
1,155.9
1,155.9
2,155.9
2,136.9
3,136.9
3,136.9
4,136.9
4,139.9
5,139.9
5,139.9
6,139.9
6,139.9
0,139.9
0,145.4
1,145.4
1,145.4
2,145.4
2,145.4
3,145.4
3,145.4
4,145.4
4,145.4
5,145.4
5,145.4
6,145.4
6,145.4
0,145.4
0,145.4
1,143.9
1,143.9
2,143.9
2,143.9
3,143.9
3,143.9
4,143.9
4,143.9
5,143.9
5,143.9
6,143.9
6,143.9
0,143.9
0,143.9
1,143.9
1,143.9
2,143.9
2,143.9
3,143.9
3,143.9
4,143.9
4,143.9
5,143.9
5,142.7
6,142.7
6,142.7
0,142.7
0,142.7
1,142.7
1,141.9
2,141.9
2,141.9
3,141.9
3,141.9
4,141.9
4,141.9
5,141.9
5,141.9
6,141.9
6,139.9
0,136.4
0,136.4
1,136.4
1,135.7
2,135.7
2,135.7
3,135.7
3,135.7
4,135.7
4,135.7
5,135.7
5,135.7
6,135.7
6,135.7
0,135.7
0,135.7
1,135.7
1,158.9
2,158.9
2,158.9
3,158.9
3,139.9
4,139.9
4,139.9
5,139.9
5,139.9
6,139.9
6,139.9
0,139.9
0,138.9
1,138.9
1,138.9
2,138.9
2,138.9
3,138.9
3,138.9
4,138.9
4,136.7
5,136.7
5,136.7
6,136.7
6,136.7
0,136.7
0,136.7
1,136.7
1,136.7
2,136.7
2,158.9
3,158.9
3,158.9
4,158.9
4,158.9
5,158.9
5,158.9
6,158.9
6,158.9
0,158.9
0,158.9
1,158.9
1,158.9
2,158.9
2,158.9
3,158.9
3,158.9
4,158.9
4,158.9
5,158.9
5,154.9
6,154.9
6,154.9
0,154.9
0,153.9
1,153.9
1,149.9
2,149.9
2,146.7
3,146.7
3,146.7
4,146.7
4,146.7
5,146.7
5,140.7
6,140.7
6,140.7
0,140.7
0,140.7
1,140.7
1,140.7
2,140.7
2,140.7
3,140.7
3,139.7
4,139.7
4,139.7
5,139.7
5,139.7
6,139.7
6,139.7
0,139.7
0,139.7
1,139.7
1,139.7
2,139.7
2,139.7
3,139.7
3,139.7
4,139.7
4,139.7
5,139.7
5,139.7
6,139.7
6,139.7
0,139.7
0,139.7
1,139.7
1,139.7
2,139.7
2,139.7
3,139.7
3,139.7
4,139.7
4,139.7
5,139.7
5,139.7
6,139.7
6,139.7
0,139.7
0,139.7
1,139.7
1,139.7
2,139.7
2,139.7
3,139.7
3,139.7
4,139.7
4,139.7
5,139.7
5,139.7
6,139.7
6,139.7
0,139.7
0,139.7
1,139.7
1,139.7
2,139.7
2,136.9
3,136.9
3,136.9
4,136.9
4,136.9
5,136.9
5,136.9
6,136.9
6,136.9
0,136.9
0,136.9
1,136.9
1,136.9
2,136.9
2,136.9
3,136.9
3,136.7
4,136.7
4,136.7
5,131.7
5,130.7
6,130.7
6,130.7
0,130.7
0,129.7
1,129.7
1,128.2
2,128.2
2,128.2
3,128.2
3,128.2
4,128.2
4,128.2
5,128.2
5,128.2
6,128.2
6,128.2
0,128.2
0,128.2
1,128.2
1,128.2
2,128.2
2,128.2
3,128.2
3,128.2
4,128.2
4,128.2
5,128.2
5,128.2
6,128.2
6,128.2
0,128.2
0,128.2
1,128.2
1,128.2
2,128.2
2,127.69999999999999
3,127.69999999999999
3,127.69999999999999
4,127.69999999999999
4,127.69999999999999
5,127.69999999999999
5,127.69999999999999
6,127.69999999999999
6,127.69999999999999
0,127.69999999999999
0,127.69999999999999
1,127.69999999999999
1,127.69999999999999
2,127.69999999999999
2,127.69999999999999
3,127.69999999999999
3,127.69999999999999
4,127.69999999999999
4,127.69999999999999
5,127.69999999999999
5,127.69999999999999
6,127.69999999999999
6,127.69999999999999
0,127.69999999999999
0,127.69999999999999
1,127.69999999999999
1,127.69999999999999
2,127.69999999999999
2,127.69999999999999
3,127.69999999999999
3,127.69999999999999
4,127.69999999999999
4,124.9
5,124.9
5,124.9
6,124.9
6,124.9
0,124.9
0,124.9
1,124.9
1,124.9
2,124.9
2,124.9
3,124.9
3,124.9
4,124.9
4,124.9
5,124.9
5,124.9
6,124.9
6,124.9
0,124.9
0,124.9
1,124.9
1,124.9
2,124.9
2,127.9
3,127.9
3,153.9
4,153.9
4,153.9
5,153.9
5,153.9
6,153.9
6,153.9
0,151.9
0,149.9
1,149.9
1,144.9
2,144.9
2,143.4
3,143.4
3,143.4
4,143.4
4,143.4
5,143.4
5,143.4
6,143.4
6,143.4
0,143.4
0,140.9
1,140.9
1,140.9
2,140.9
2,140.9
3,140.9
3,140.9
4,140.9
4,140.9
5,140.9
5,140.9
6,140.9
6,140.9
0,140.9
0,140.9
1,138.9
1,138.9
2,138.9
2,138.9
3,138.9
3,138.9
4,138.9
4,138.9
5,138.9
5,138.9
6,138.9
6,141.2
0,141.2
0,141.2
1,141.2
1,141.2
2,141.2
2,141.2
3,141.2
3,141.2
4,141.2
4,141.2
5,141.2
5,141.2
6,141.2
6,141.2
0,141.2
0,141.2
1,141.2
1,141.2
2,141.2
2,141.2
3,141.2
3,141.2
4,141.2
4,141.2
5,141.2
5,141.2
6,141.2
6,141.2
0,141.2
0,140.2
1,140.2
1,140.2
2,140.2
2,140.2
3,140.2
3,140.2
4,140.2
4,140.2
5,140.2
5,140.2
6,140.2
6,140.2
0,140.2
0,140.2
1,140.2
1,140.2
2,140.2
2,140.2
3,140.2
3,140.2
4,140.2
4,140.2
5,140.2
5,140.2
6,140.2
6,140.2
0,140.2
0,140.2
1,140.2
1,140.2
2,140.2
2,140.2
3,140.2
3,140.2
4,140.2
4,140.2
5,140.2
5,140.2
6,140.2
6,140.2
0,140.2
0,140.2
1,140.2
1,140.2
2,140.2
2,140.2
3,140.2
3,140.2
4,140.2
4,140.2
5,140.2
5,140.2
6,140.2
6,140.2
0,140.2
0,140.2
1,140.2
1,140.2
2,140.2
2,140.2
3,137.9
3,137.9
4,137.9
4,137.9
5,163.9
5,163.9
6,163.9
6,163.9
0,163.9
0,163.9
1,163.9
1,163.9
2,163.9
2,163.9
3,163.9
3,163.9
4,163.9
4,158.9
5,158.9
5,158.9
6,158.9
6,158.9
0,155.9
0,154.9
1,154.9
1,154.9
2,154.9
2,152.9
3,152.9
3,151.9
4,151.9
4,151.9
5,151.9
5,151.9
6,151.9
6,151.9
0,151.9
0,151.9
1,151.9
1,151.9
2,151.9
2,151.9
3,151.9
3,151.9
4,151.9
4,151.9
5,151.9
5,151.9
6,151.9
6,151.9
0,151.9
0,151.9
1,151.9
1,151.9
2,151.9
2,151.9
3,151.9
3,151.9
4,151.9
4,151.9
5,151.9
5,151.9
6,151.9
6,151.9
0,151.9
0,151.9
1,151.9
1,151.9
2,151.9
2,151.9
3,151.9
3,151.9
4,151.9
4,151.9
5,151.9
5,151.9
6,151.9
6,151.9
0,151.9
0,151.9
1,151.9
1,151.9
2,151.9
2,151.9
3,151.9
3,151.9
4,151.9
4,151.9
5,151.9
5,151.9
6,151.9
6,151.9
0,151.9
0,151.9
1,151.9
1,151.9
2,151.9
2,151.9
3,151.9
3,151.9
4,151.9
4,168.9
5,168.9
5,168.9
6,168.9
6,168.9
0,168.9
0,168.9
1,168.9
1,168.9
2,168.9
2,168.9
3,168.9
3,168.9
4,168.9
4,168.9
5,168.9
5,168.9
6,168.9
6,168.9
0,168.9
0,165.9
1,165.9
1,165.9
2,165.9
2,163.9
3,163.9
3,161.23333333333335
4,161.23333333333335
4,161.23333333333335
5,161.23333333333335
5,161.23333333333335
6,161.23333333333335
6,161.23333333333335
0,161.23333333333335
0,161.23333333333335
1,161.23333333333335
1,161.23333333333335
2,161.23333333333335
2,161.23333333333335
3,161.23333333333335
3,161.23333333333335
4,161.23333333333335
4,157.9
5,157.9
5,157.9
6,157.9
6,157.9
0,157.9
0,157.9
1,157.9
1,157.9
2,157.9
2,157.9
3,157.9
3,157.9
4,157.9
4,157.9
5,157.9
5,157.9
6,157.9
6,157.9
0,153.9
0,153.9
1,153.9
1,153.9
2,153.9
2,153.9
3,153.9
3,153.9
4,153.9
4,153.9
5,153.9
5,153.9
6,153.9
6,153.9
0,153.9
0,153.9
1,153.9
1,153.9
2,153.9
2,153.9
3,153.9
3,153.9
4,153.9
4,153.9
5,153.9
5,153.9
6,153.9
6,153.9
0,153.9
0,153.9
1,153.9
1,153.9
2,153.9
2,153.9
3,153.9
3,153.9
4,153.9
4,153.9
5,153.9
5,153.9
6,153.9
6,153.9
0,153.9
0,153.9
1,153.9
1,153.9
2,153.9
2,153.9
3,153.9
3,153.9
4,153.9
4,153.9
5,153.9
5,153.9
6,153.9
6,153.9
0,153.9
0,153.9
1,153.9
1,153.9
2,153.9
2,153.9
3,153.9
3,153.9
4,153.9
4,150.9
5,150.9
5,150.9
6,150.9
6,150.9
0,150.9
0,150.9
1,150.9
1,150.7
2,150.7
2,150.7
3,149.7
3,149.7
4,149.7
4,168.9
5,168.9
5,168.9
6,168.9
6,168.9
0,168.9
0,168.9
1,168.9
1,168.9
2,167.9
2,166.9
3,157.9
3,156.9
4,156.9
4,156.9
5,156.9
5,156.9
6,156.9
6,156.9
0,156.9
0,156.9
1,156.9
1,156.9
2,156.9
2,156.9
3,156.9
3,156.9
4,156.9
4,156.9
5,156.9
5,156.9
6,156.9
6,156.9
0,156.9
0,156.9
1,156.9
1,156.9
2,156.9
2,156.9
3,156.9
3,156.9
4,156.9
4,156.9
5,156.9
5,156.9
6,156.9
6,156.9
0,156.9
0,156.9
1,156.9
1,156.9
2,156.9
2,156.9
3,156.9
3,156.9
4,156.9
4,156.9
5,156.9
5,156.9
6,156.9
6,156.9
0,156.9
0,156.9
1,156.9
1,156.9
2,156.9
2,156.9
3,156.9
3,156.9
4,156.9
4,156.9
5,156.9
5,156.9
6,156.9
6,156.9
0,156.9
0,156.9
1,156.9
1,156.9
2,156.9
2,154.9
3,154.9
3,154.9
4,154.9
4,154.9
5,154.9
5,154.9
6,154.9
6,154.9
0,154.9
0,154.9
1,154.9
1,154.9
2,154.9
2,154.9
3,154.9
3,154.9
4,154.9
4,154.9
5,154.9
5,154.9
6,154.9
6,154.9
0,158.9
0,158.9
1,158.9
1,166.23333333333335
2,166.23333333333335
2,166.23333333333335
3,170.9
3,170.9
4,168.9
4,166.9
5,166.9
5,166.9
6,166.9
6,166.9
0,166.9
0,166.9
1,166.9
1,166.9
2,166.9
2,166.9
3,166.9
3,164.23333333333335
4,164.23333333333335
4,164.23333333333335
5,164.23333333333335
5,164.23333333333335
6,164.23333333333335
6,164.23333333333335
0,164.23333333333335
0,160.9
1,160.9
1,160.9
2,160.9
2,160.9
3,160.9
3,160.9
4,160.9
4,160.9
5,160.9
5,160.9
6,160.9
6,160.9
