0,144.9
0,144.95
1,144.8
1,144.9
2,144.9
2,144.9
3,144.9
3,144.9
4,144.9
4,144.9
5,144.9
5,144.9
6,144.9
6,144.9
0,144.9
0,145.0
1,142.50000000000003
1,142.50000000000003
2,141.0666666666667
2,141.0666666666667
3,141.0666666666667
3,141.0666666666667
4,141.0666666666667
4,141.0
5,141.0
5,140.83333333333331
6,140.83333333333331
6,140.83333333333331
0,140.83333333333331
0,140.83333333333331
1,140.85000000000002
1,140.85000000000002
2,140.85000000000002
2,140.85000000000002
3,140.85000000000002
3,140.85000000000002
4,140.85000000000002
4,140.85000000000002
5,140.85000000000002
5,140.85000000000002
6,140.85000000000002
6,140.85000000000002
0,140.85000000000002
0,140.85000000000002
1,140.85000000000002
1,140.85000000000002
2,140.85000000000002
2,140.85000000000002
3,140.85000000000002
3,140.85000000000002
4,140.85000000000002
4,140.85000000000002
5,140.85000000000002
5,140.85000000000002
6,140.85000000000002
6,140.85000000000002
0,140.85000000000002
0,140.85000000000002
1,140.85000000000002
1,140.85000000000002
2,140.85000000000002
2,140.85000000000002
3,140.85000000000002
3,140.85000000000002
4,140.85000000000002
4,140.85000000000002
5,138.65
5,138.65
6,138.65
6,138.65
0,138.65
0,138.65
1,138.65
1,138.65
2,138.65
2,138.65
3,137.85000000000002
3,138.0
4,137.9
4,137.9
5,137.9
5,137.9
6,137.9
6,137.9
0,137.9
0,137.9
1,137.9
1,137.9
2,137.9
2,137.9
3,137.9
3,137.9
4,137.9
4,137.9
5,137.9
5,137.9
6,137.9
6,137.9
0,138.05
0,137.7
1,137.9
1,137.9
2,137.9
2,137.9
3,137.9
3,137.9
4,137.9
4,137.9
5,137.9
5,137.9
6,137.9
6,137.9
0,137.48
0,137.5
1,137.5
1,137.5
2,137.5
2,137.5
3,137.5
3,137.5
4,137.5
4,137.5
5,137.5
5,137.5
6,137.5
6,137.5
0,137.5
0,137.5
1,137.5
1,137.5
2,137.5
2,137.5
3,137.5
3,137.5
4,137.5
4,137.5
5,137.5
5,137.5
6,137.5
6,137.5
0,137.5
0,137.5
1,137.5
1,137.5
2,137.5
2,137.5
3,137.5
3,137.5
4,137.5
4,137.5
5,137.5
5,137.5
6,137.5
6,137.5
0,137.5
0,137.5
1,137.5
1,137.5
2,137.5
2,137.5
3,137.5
3,137.5
4,137.5
4,137.5
5,137.5
5,137.5
6,137.5
6,137.5
0,137.5
0,137.5
1,137.5
1,137.5
2,137.5
2,137.5
3,137.5
3,137.5
4,137.5
4,137.5
5,137.5
5,137.5
6,137.5
6,137.5
0,137.5
0,137.5
1,137.5
1,137.5
2,137.5
2,137.5
3,137.5
3,137.5
4,137.5
4,137.5
5,137.5
5,137.5
6,137.5
6,137.5
0,137.5
0,137.5
1,137.5
1,137.5
2,137.5
2,137.5
3,137.5
3,137.5
4,137.5
4,137.5
5,137.5
5,137.5
6,137.5
6,137.5
0,137.5
0,137.5
1,137.5
1,137.5
2,137.5
2,137.5
3,137.5
3,137.5
4,137.5
4,137.5
5,137.5
5,137.5
6,137.5
6,137.5
0,137.5
0,137.5
1,137.5
1,137.5
2,137.5
2,137.5
3,137.5
3,137.5
4,137.5
4,137.5
5,137.5
5,137.5
6,137.5
6,137.5
0,137.5
0,137.5
1,137.5
1,137.5
2,137.5
2,137.5
3,149.9
3,149.9
4,149.8
4,149.8
5,149.8
5,149.8
6,149.75
6,149.71666666666667
0,149.71666666666667
0,149.61666666666667
1,149.4
1,149.4
2,149.4
2,149.4
3,149.2
3,149.2
4,149.2
4,149.2
5,149.2
5,149.2
6,149.2
6,149.1
0,149.1
0,149.01666666666668
1,149.01666666666668
1,149.01666666666668
2,149.01666666666668
2,149.01666666666668
3,149.01666666666668
3,150.9
4,150.9
4,149.16666666666666
5,149.0
5,149.05
6,149.05
6,149.05
0,149.05
0,148.95
1,148.95
1,148.95
2,148.95
2,148.95
3,148.95
3,148.95
4,148.95
4,148.8
5,148.8
5,148.7
6,148.7
6,148.7
0,148.7
0,148.7
1,148.8
1,148.7
2,148.7
2,148.7
3,148.7
3,148.7
4,148.7
4,148.6
5,148.6
5,148.5
6,148.5
6,148.5
0,148.5
0,148.5
1,148.5
1,148.5
2,148.55
2,148.55
3,148.55
3,148.55
4,148.55
4,148.55
5,148.55
5,148.55
6,148.55
6,148.42000000000002
0,148.42000000000002
0,165.9
1,165.9
1,165.95
2,165.95
2,165.95
3,165.95
3,165.95
4,165.95
4,165.95
5,165.95
5,165.95
6,165.95
6,165.95
0,165.95
0,165.95
1,165.95
1,165.95
2,165.95
2,165.95
3,165.85000000000002
3,165.85000000000002
4,165.85000000000002
4,165.95
5,165.95
5,165.95
6,166.0
6,165.9
0,165.9
0,165.9
1,165.9
1,165.9
2,165.9
2,163.9
3,163.85000000000002
3,163.85000000000002
4,163.85000000000002
4,163.85000000000002
5,163.85000000000002
5,163.85000000000002
6,163.85000000000002
6,163.85000000000002
0,163.85000000000002
0,163.85000000000002
1,163.85000000000002
1,163.85000000000002
2,163.95
2,163.95
3,163.95
3,163.95
4,163.95
4,163.95
5,163.95
5,163.95
6,163.95
6,163.95
0,163.95
0,163.5
1,163.5
1,163.5
2,163.5
2,163.5
3,163.5
3,163.5
4,163.5
4,163.5
5,163.5
5,163.5
6,163.5
6,163.5
0,163.5
0,163.5
1,163.5
1,163.5
2,163.5
2,163.5
3,163.5
3,163.5
4,163.5
4,163.5
5,163.5
5,163.5
6,163.5
6,163.5
0,163.5
0,163.5
1,163.5
1,163.5
2,163.5
2,163.5
3,163.5
3,163.5
4,163.5
4,163.5
5,163.5
5,163.5
6,163.5
6,163.5
0,163.5
0,163.5
1,163.5
1,163.5
2,163.5
2,163.5
3,163.5
3,163.5
4,163.5
4,163.5
5,163.5
5,163.5
6,163.5
6,163.5
0,163.5
0,163.5
1,163.5
1,163.5
2,163.5
2,163.5
3,162.9
3,162.9
4,162.9
4,162.9
5,162.9
5,162.9
6,162.9
6,162.9
0,162.9
0,162.9
1,162.9
1,162.9
2,162.9
2,162.9
3,162.9
3,162.9
4,162.9
4,162.9
5,162.9
5,162.9
6,162.9
6,162.9
0,162.9
0,162.9
1,162.9
1,162.9
2,162.9
2,155.275
3,150.9
3,150.9
4,149.9
4,149.9
5,149.9
5,149.9
6,149.9
6,149.9
0,149.9
0,149.9
1,149.9
1,149.9
2,149.9
2,149.9
3,149.9
3,149.9
4,149.9
4,150.4
5,150.4
5,149.9
6,149.9
6,149.9
0,149.9
0,148.9
1,148.9
1,148.9
2,148.9
2,148.9
3,148.9
3,148.9
4,148.9
4,148.9
5,148.9
5,148.9
6,148.9
6,148.9
0,148.9
0,148.9
1,148.9
1,148.9
2,148.9
2,148.9
3,148.9
3,148.9
4,148.9
4,148.9
5,148.9
5,148.9
6,148.9
6,148.9
0,148.9
0,148.9
1,148.9
1,148.9
2,148.9
2,148.9
3,148.9
3,148.9
4,148.9
4,148.9
5,148.9
5,148.9
6,148.9
6,148.9
0,148.9
0,148.9
1,148.9
1,148.9
2,148.9
2,148.9
3,148.9
3,148.9
4,148.9
4,148.9
5,148.9
5,148.9
6,148.9
6,148.9
0,148.9
0,148.9
1,148.9
1,148.9
2,148.9
2,148.9
3,148.9
3,148.9
4,148.9
4,148.9
5,148.9
5,148.9
6,148.9
6,148.9
0,148.9
0,148.9
1,148.9
1,148.9
2,148.9
2,148.9
3,148.9
3,148.9
4,148.9
4,148.9
5,148.9
5,148.9
6,148.9
6,148.9
0,148.9
0,148.9
1,148.9
1,148.9
2,148.9
2,148.9
3,148.9
3,148.9
4,148.9
4,148.9
5,148.9
5,148.9
6,148.9
6,148.9
0,148.9
0,148.9
1,148.9
1,148.9
2,148.9
2,148.9
3,148.9
3,148.9
4,148.9
4,148.9
5,148.9
5,148.9
6,148.9
6,148.9
0,148.9
0,148.9
1,148.9
1,148.9
2,148.9
2,148.9
3,148.9
3,148.9
4,148.9
4,148.9
5,148.9
5,148.9
6,148.9
6,148.9
0,148.9
0,148.9
1,148.9
1,148.9
2,148.9
2,148.9
3,148.9
3,148.9
4,148.9
4,148.9
5,148.9
5,148.9
6,148.9
6,148.9
0,148.9
0,148.9
1,148.9
1,148.9
2,148.9
2,148.9
3,148.9
3,148.9
4,148.9
4,148.9
5,148.9
5,148.9
6,148.9
6,148.9
0,148.9
0,148.9
1,148.9
1,148.9
2,148.9
2,148.9
3,148.9
3,148.9
4,148.7
4,148.7
5,148.7
5,148.7
6,148.7
6,148.7
0,148.7
0,148.7
1,148.7
1,145.6
2,145.6
2,145.6
3,145.6
3,145.6
4,145.6
4,145.6
5,145.5
5,145.5
6,145.5
6,145.5
0,145.5
0,145.5
1,145.5
1,145.5
2,145.5
2,145.5
3,145.5
3,145.5
4,145.5
4,145.5
5,145.5
5,145.5
6,145.5
6,145.5
0,145.5
0,145.5
1,145.5
1,145.5
2,145.5
2,145.5
3,145.5
3,145.5
4,145.5
4,145.5
5,145.5
5,145.5
6,145.5
6,145.5
0,145.5
0,145.5
1,145.5
1,145.5
2,145.5
2,145.5
3,145.5
3,145.5
4,145.5
4,145.5
5,145.5
5,145.5
6,145.5
6,145.5
0,145.5
0,145.5
1,143.9
1,143.9
2,144.9
2,144.9
3,143.9
3,143.9
4,143.9
4,143.9
5,143.9
5,143.9
6,143.9
6,143.9
0,143.9
0,143.9
1,143.9
1,143.9
2,143.9
2,143.9
3,143.9
3,143.9
4,143.9
4,143.9
5,143.9
5,143.9
6,143.9
6,143.9
0,143.9
0,143.9
1,144.9
1,144.9
2,143.9
2,143.9
3,143.9
3,143.9
4,143.9
4,143.9
5,143.9
5,143.9
6,143.9
6,143.9
0,143.9
0,143.9
1,143.9
1,143.9
2,143.9
2,143.9
3,143.9
3,143.9
4,143.9
4,143.9
5,143.9
5,143.9
6,143.9
6,143.9
0,143.9
0,143.9
1,143.9
1,143.9
2,143.9
2,143.9
3,143.9
3,143.9
4,143.9
4,143.9
5,143.9
5,143.9
6,143.9
6,143.9
0,143.9
0,143.9
1,143.9
1,143.9
2,143.9
2,143.9
3,143.9
3,143.9
4,143.9
4,143.9
5,143.9
5,143.9
6,143.9
6,143.9
0,143.9
0,144.6
1,144.6
1,146.9
2,148.9
2,148.9
3,148.9
3,148.9
4,148.9
4,148.9
5,148.9
5,148.9
6,148.9
6,148.9
0,148.9
0,148.9
1,148.9
1,148.9
2,143.9
2,143.9
3,143.9
3,143.9
4,143.9
4,143.9
5,144.9
5,144.9
6,144.9
6,144.9
0,144.9
0,144.25
1,144.25
1,144.25
2,154.9
2,154.9
3,154.9
3,154.9
4,154.9
4,154.9
5,144.9
5,144.9
6,144.9
6,144.9
0,144.9
0,144.9
1,144.9
1,144.9
2,143.9
2,143.9
3,143.9
3,143.9
4,143.9
4,143.9
5,143.9
5,143.9
6,143.9
6,143.9
0,143.9
0,143.9
1,143.9
1,143.9
2,143.9
2,143.9
3,143.9
3,143.9
4,143.9
4,143.9
5,143.9
5,144.9
6,144.9
6,143.9
0,143.9
0,143.9
1,143.9
1,143.9
2,143.9
2,144.65
3,144.65
3,144.65
4,144.65
4,144.65
5,144.65
5,144.65
6,144.65
6,144.65
0,144.65
0,144.65
1,144.65
1,144.65
2,144.65
2,144.65
3,144.65
3,144.65
4,144.65
4,144.65
5,144.65
5,144.65
6,144.65
6,144.65
0,144.65
0,145.6
1,145.6
1,160.9
2,160.9
2,160.9
3,160.9
3,160.9
4,160.9
4,160.9
5,160.9
5,160.9
6,160.9
6,160.9
0,160.9
0,160.9
1,160.9
1,160.9
2,160.9
2,160.9
3,160.9
3,160.9
4,160.9
4,160.23333333333335
5,160.23333333333335
5,160.23333333333335
6,159.9
6,159.9
0,159.9
0,159.9
1,159.9
1,159.9
2,159.9
2,159.9
3,159.9
3,159.9
4,159.9
4,159.9
5,159.9
5,159.9
6,159.9
6,159.9
0,159.9
0,159.9
1,159.9
1,159.9
2,159.9
2,159.9
3,159.9
3,159.9
4,159.9
4,159.9
5,159.9
5,159.9
6,159.9
6,159.9
0,159.9
0,159.9
1,160.23333333333335
1,160.23333333333335
2,160.23333333333335
2,160.23333333333335
3,160.23333333333335
3,160.23333333333335
4,160.23333333333335
4,160.23333333333335
5,160.23333333333335
5,160.23333333333335
6,160.23333333333335
6,160.23333333333335
0,160.23333333333335
0,160.23333333333335
1,160.23333333333335
1,160.23333333333335
2,160.23333333333335
2,160.23333333333335
3,160.23333333333335
3,160.23333333333335
4,160.23333333333335
4,160.23333333333335
5,160.23333333333335
5,160.23333333333335
6,160.23333333333335
6,160.23333333333335
0,160.23333333333335
0,160.23333333333335
1,160.23333333333335
1,160.23333333333335
2,160.23333333333335
2,160.23333333333335
3,160.23333333333335
3,160.23333333333335
4,160.23333333333335
4,160.23333333333335
5,160.23333333333335
5,160.23333333333335
6,160.23333333333335
6,160.23333333333335
0,160.23333333333335
0,160.23333333333335
1,160.23333333333335
1,160.23333333333335
2,160.23333333333335
2,160.23333333333335
3,160.23333333333335
3,160.23333333333335
4,160.23333333333335
4,160.23333333333335
5,160.23333333333335
5,160.23333333333335
6,160.23333333333335
6,160.23333333333335
0,160.23333333333335
0,160.23333333333335
1,160.23333333333335
1,160.23333333333335
2,160.23333333333335
2,160.23333333333335
3,160.23333333333335
3,160.23333333333335
4,160.23333333333335
4,160.23333333333335
5,160.23333333333335
5,160.23333333333335
6,160.23333333333335
6,160.23333333333335
0,160.23333333333335
0,160.23333333333335
1,160.23333333333335
1,160.23333333333335
2,160.23333333333335
2,160.23333333333335
3,160.23333333333335
3,160.23333333333335
4,160.23333333333335
4,160.23333333333335
5,160.23333333333335
5,160.23333333333335
6,160.23333333333335
6,160.23333333333335
0,160.23333333333335
0,160.23333333333335
1,160.23333333333335
1,160.23333333333335
2,160.23333333333335
2,160.23333333333335
3,160.23333333333335
3,160.23333333333335
4,160.23333333333335
4,160.23333333333335
5,160.23333333333335
5,160.23333333333335
6,160.23333333333335
6,160.23333333333335
0,160.23333333333335
0,160.23333333333335
1,160.23333333333335
1,160.23333333333335
2,160.23333333333335
2,160.23333333333335
3,160.23333333333335
3,160.23333333333335
4,160.23333333333335
4,160.23333333333335
5,160.23333333333335
5,160.23333333333335
6,160.23333333333335
6,160.23333333333335
0,160.23333333333335
0,160.23333333333335
1,160.23333333333335
1,160.23333333333335
2,160.23333333333335
2,160.23333333333335
3,160.23333333333335
3,160.23333333333335
4,160.23333333333335
4,160.23333333333335
5,160.23333333333335
5,160.23333333333335
6,160.23333333333335
6,160.23333333333335
0,160.23333333333335
0,160.23333333333335
1,160.23333333333335
1,160.23333333333335
2,160.23333333333335
2,160.23333333333335
3,160.23333333333335
3,160.23333333333335
4,160.23333333333335
4,160.23333333333335
5,160.23333333333335
5,160.23333333333335
6,160.23333333333335
6,160.23333333333335
0,160.23333333333335
0,160.23333333333335
1,160.23333333333335
1,160.23333333333335
2,160.23333333333335
2,160.23333333333335
3,160.23333333333335
3,160.23333333333335
4,160.23333333333335
4,160.23333333333335
5,160.23333333333335
5,160.23333333333335
6,160.23333333333335
6,160.23333333333335
0,160.23333333333335
0,160.23333333333335
1,160.23333333333335
1,160.23333333333335
2,160.23333333333335
2,160.23333333333335
3,160.23333333333335
3,160.23333333333335
4,160.23333333333335
4,160.23333333333335
5,160.23333333333335
5,160.23333333333335
6,160.23333333333335
6,160.23333333333335
0,160.23333333333335
0,160.23333333333335
1,160.23333333333335
1,160.23333333333335
2,160.23333333333335
2,160.23333333333335
3,160.23333333333335
3,160.23333333333335
4,160.65
4,160.65
5,160.65
5,160.65
6,160.65
6,160.65
0,160.65
0,160.65
1,160.65
1,160.65
2,160.65
2,160.65
3,160.65
3,160.65
4,160.65
4,160.65
5,160.65
5,160.15
6,160.15
6,160.15
0,160.15
0,160.15
1,160.15
1,160.15
2,160.15
2,160.15
3,160.15
3,160.15
4,160.15
4,160.15
5,160.15
5,160.15
6,160.15
6,160.15
0,160.15
0,160.15
1,160.15
1,160.15
2,160.15
2,160.15
3,160.15
3,160.15
4,160.15
4,160.15
5,160.15
5,160.15
6,160.15
6,160.15
0,160.15
0,160.15
1,160.15
1,160.15
2,160.15
2,160.15
3,160.15
3,160.15
4,160.15
4,160.15
5,160.15
5,160.15
6,160.15
6,160.15
0,160.15
0,160.15
1,160.15
1,160.15
2,160.15
2,160.15
3,160.15
3,160.15
4,160.15
4,160.15
5,160.15
5,160.15
6,160.15
6,160.15
0,160.15
0,160.525
1,160.525
1,160.525
2,160.525
2,160.525
3,160.525
3,160.525
4,160.525
4,160.525
5,160.525
5,160.525
6,160.525
6,160.525
0,160.525
0,160.525
1,160.525
1,160.525
2,160.525
2,160.525
3,160.525
3,160.525
4,160.525
4,160.525
5,160.525
5,160.525
6,160.525
6,160.525
0,162.23333333333335
0,162.9
1,162.9
1,162.9
2,162.9
2,168.32857142857142
3,168.32857142857142
3,168.32857142857142
4,168.32857142857142
4,168.32857142857142
5,168.32857142857142
5,168.32857142857142
6,168.32857142857142
6,168.32857142857142
0,168.32857142857142
0,168.32857142857142
1,168.32857142857142
1,168.32857142857142
2,168.32857142857142
2,168.32857142857142
3,168.32857142857142
3,168.32857142857142
4,168.32857142857142
4,168.32857142857142
5,168.32857142857142
5,168.32857142857142
6,168.32857142857142
6,168.32857142857142
0,168.32857142857142
0,168.32857142857142
1,168.32857142857142
1,168.32857142857142
2,168.32857142857142
2,133.9
3,133.9
3,133.9
4,133.9
4,133.9
5,133.9
5,133.9
6,133.9
6,133.9
