0,134.95
0,134.95
1,134.95
1,134.95
2,134.95
2,134.95
3,134.95
3,134.95
4,134.95
4,134.95
5,134.8
5,134.9
6,135.0
6,134.9
0,134.9
0,134.9
1,134.9
1,134.9
2,134.9
2,134.9
3,134.9
3,134.9
4,134.9
4,134.9
5,133.9
5,133.9
6,133.9
6,133.9
0,133.9
0,133.9
1,133.9
1,133.9
2,133.9
2,133.9
3,133.9
3,133.9
4,133.9
4,133.85000000000002
5,133.8
5,133.9
6,133.95
6,133.95
0,133.5
0,133.5
1,133.5
1,133.5
2,133.5
2,133.6
3,133.5
3,133.5
4,133.5
4,133.5
5,133.5
5,133.5
6,133.6
6,133.5
0,133.5
0,133.5
1,133.5
1,133.5
2,133.5
2,133.5
3,133.5
3,133.5
4,133.5
4,133.5
5,133.5
5,133.5
6,133.5
6,133.5
0,133.5
0,133.5
1,133.5
1,133.5
2,133.5
2,133.5
3,133.5
3,133.5
4,133.5
4,133.5
5,133.55
5,133.55
6,133.55
6,133.55
0,133.55
0,133.55
1,133.55
1,133.55
2,133.55
2,133.55
3,133.55
3,133.55
4,133.55
4,133.55
5,133.55
5,133.55
6,133.55
6,133.55
0,133.55
0,133.55
1,133.55
1,133.55
2,133.55
2,133.55
3,133.55
3,133.6
4,133.5
4,133.5
5,133.5
5,133.5
6,133.5
6,133.5
0,133.5
0,133.5
1,133.5
1,133.55
2,133.55
2,133.55
3,133.55
3,131.5
4,131.5
4,133.45
5,133.45
5,133.45
6,133.45
6,133.45
0,133.45
0,133.45
1,133.45
1,133.45
2,133.45
2,133.45
3,133.45
3,133.45
4,133.45
4,133.45
5,133.45
5,133.45
6,133.45
6,133.45
0,133.45
0,133.45
1,133.45
1,133.45
2,133.45
2,133.45
3,133.45
3,133.45
4,133.45
4,133.45
5,133.45
5,133.45
6,133.45
6,133.45
0,133.45
0,133.45
1,133.45
1,133.45
2,133.45
2,133.45
3,133.45
3,133.45
4,133.45
4,133.45
5,133.45
5,133.45
6,133.45
6,133.45
0,133.45
0,133.45
1,133.45
1,133.45
2,133.45
2,133.45
3,133.45
3,133.45
4,133.45
4,133.45
5,133.45
5,133.45
6,133.45
6,133.45
0,133.45
0,133.45
1,133.45
1,133.45
2,133.45
2,133.45
3,133.45
3,133.45
4,133.45
4,133.45
5,133.45
5,133.45
6,133.45
6,133.45
0,133.45
0,133.45
1,133.45
1,133.45
2,133.45
2,133.45
3,133.45
3,133.45
4,133.45
4,133.45
5,133.45
5,133.45
6,133.45
6,133.45
0,133.45
0,133.45
1,133.45
1,133.45
2,133.45
2,133.45
3,133.45
3,133.45
4,133.45
4,133.45
5,133.45
5,133.45
6,133.45
6,133.45
0,133.45
0,133.45
1,133.45
1,133.45
2,133.45
2,133.45
3,133.45
3,133.45
4,133.45
4,133.45
5,133.45
5,133.45
6,133.45
6,133.45
0,133.45
0,133.45
1,133.45
1,133.45
2,133.45
2,133.45
3,133.45
3,133.45
4,151.8
4,151.7
5,151.7
5,151.73333333333332
6,151.73333333333332
6,151.73333333333332
0,151.73333333333332
0,151.73333333333332
1,151.73333333333332
1,151.57999999999998
2,151.57999999999998
2,151.57999999999998
3,151.57999999999998
3,151.8
4,151.7
4,151.7
5,151.7
5,151.5
6,151.5
6,151.5
0,151.5
0,151.24000000000004
1,151.24000000000004
1,151.24000000000004
2,151.2
2,151.1
3,151.1
3,151.0
4,151.0
4,151.0
5,151.0
5,151.0
6,151.0
6,150.95
0,150.95
0,150.9333333333333
1,150.9333333333333
1,150.9333333333333
2,150.9333333333333
2,150.9333333333333
3,150.9333333333333
3,150.9333333333333
4,150.9333333333333
4,150.9
5,150.9
5,150.9
6,150.9
6,150.9
0,150.9
0,150.9
1,150.9
1,150.85000000000002
2,150.85000000000002
2,150.85000000000002
3,150.5
3,150.5
4,150.5
4,150.425
5,150.45
5,150.45
6,150.45
6,150.45
0,150.45
0,150.45
1,150.45
1,150.325
2,150.325
2,150.325
3,150.2
3,150.25
4,150.25
4,150.06666666666666
5,150.06666666666666
5,150.06666666666666
6,150.06666666666666
6,150.06666666666666
0,157.95
0,165.9
1,165.9
1,165.9
2,165.9
2,164.4
3,164.4
3,163.95
4,163.95
4,163.95
5,163.95
5,163.95
6,163.95
6,164.45
0,164.45
0,164.95
1,164.95
1,164.95
2,164.95
2,164.95
3,164.95
3,164.95
4,164.95
4,164.95
5,164.95
5,164.95
6,164.95
6,164.95
0,164.95
0,164.95
1,162.3
1,162.3
2,162.3
2,160.76666666666668
3,160.8
3,160.7
4,158.5666666666667
4,158.5666666666667
5,158.5666666666667
5,158.5666666666667
6,158.5666666666667
6,158.95
0,158.95
0,158.95
1,158.95
1,158.95
2,158.95
2,158.95
3,158.95
3,158.95
4,158.95
4,158.95
5,158.95
5,158.95
6,158.95
6,158.95
0,158.95
0,158.95
1,158.95
1,158.95
2,158.95
2,158.95
3,158.95
3,158.95
4,158.95
4,158.95
5,158.95
5,158.95
6,158.95
6,158.95
0,158.95
0,158.95
1,158.95
1,158.95
2,158.95
2,158.95
3,158.95
3,158.95
4,158.95
4,158.95
5,158.95
5,158.95
6,158.95
6,158.95
0,158.95
0,158.95
1,158.95
1,158.95
2,158.95
2,158.95
3,158.7
3,158.5
4,158.5
4,158.5
5,158.5
5,158.5
6,158.5
6,158.5
0,158.5
0,158.5
1,158.5
1,158.5
2,158.5
2,158.5
3,158.5
3,158.5
4,158.5
4,157.9
5,157.9
5,157.9
6,157.9
6,157.9
0,157.9
0,157.9
1,157.9
1,157.9
2,157.9
2,157.9
3,158.9
3,158.9
4,158.9
4,158.9
5,158.9
5,158.9
6,158.9
6,158.9
0,158.9
0,158.9
1,158.9
1,158.9
2,158.9
2,158.9
3,158.9
3,158.9
4,155.9
4,155.9
5,155.9
5,155.9
6,155.9
6,155.9
0,155.9
0,155.9
1,155.9
1,155.9
2,155.9
2,155.9
3,155.9
3,155.9
4,155.9
4,155.9
5,155.9
5,155.9
6,155.9
6,155.9
0,155.9
0,155.15
1,155.15
1,155.15
2,155.15
2,155.15
3,155.15
3,155.15
4,155.15
4,155.15
5,155.15
5,155.15
6,155.15
6,155.15
0,155.15
0,155.15
1,155.15
1,155.15
2,155.15
2,155.15
3,155.15
3,155.15
4,155.15
4,155.15
5,155.15
5,155.15
6,155.15
6,155.15
0,155.15
0,155.15
1,155.15
1,155.15
2,155.15
2,155.15
3,155.15
3,155.15
4,155.15
4,155.15
5,155.15
5,155.15
6,155.15
6,155.15
0,155.15
0,155.15
1,155.15
1,155.15
2,155.15
2,155.15
3,155.15
3,155.15
4,155.15
4,155.15
5,155.15
5,155.15
6,155.15
6,155.15
0,155.15
0,155.15
1,155.15
1,155.15
2,155.15
2,155.15
3,155.15
3,155.15
4,155.15
4,155.15
5,155.15
5,155.15
6,155.15
6,155.15
0,155.15
0,155.15
1,155.15
1,155.15
2,155.15
2,155.15
3,155.15
3,155.15
4,155.15
4,155.15
5,155.15
5,155.15
6,155.15
6,155.15
0,155.15
0,155.15
1,155.15
1,155.15
2,155.15
2,155.15
3,155.15
3,155.15
4,155.15
4,155.15
5,155.15
5,155.15
6,155.15
6,155.15
0,155.15
0,155.15
1,155.15
1,155.15
2,155.15
2,155.15
3,155.15
3,155.15
4,155.15
4,155.15
5,155.15
5,155.15
6,155.15
6,155.15
0,155.15
0,155.15
1,155.15
1,155.15
2,155.15
2,155.15
3,155.15
3,155.15
4,151.9
4,154.9
5,154.9
5,154.9
6,154.9
6,154.9
0,149.9
0,149.9
1,149.9
1,149.9
2,149.9
2,149.9
3,149.9
3,149.9
4,149.9
4,149.9
5,149.9
5,149.9
6,149.9
6,149.9
0,149.9
0,149.9
1,149.9
1,149.9
2,149.9
2,149.9
3,149.9
3,149.9
4,149.9
4,149.9
5,149.9
5,149.9
6,149.9
6,149.9
0,149.9
0,149.9
1,149.9
1,149.9
2,149.9
2,149.9
3,149.9
3,149.9
4,149.9
4,149.9
5,149.9
5,149.9
6,149.9
6,149.9
0,149.9
0,149.9
1,149.9
1,149.9
2,155.1
2,154.9
3,154.9
3,154.9
4,154.9
4,154.9
5,154.9
5,154.95
6,154.95
6,154.95
0,154.95
0,154.95
1,154.95
1,147.9
2,147.9
2,147.9
3,147.9
3,147.9
4,147.9
4,147.9
5,147.9
5,147.9
6,147.9
6,147.9
0,147.9
0,147.9
1,147.9
1,147.9
2,147.9
2,147.9
3,147.9
3,147.9
4,147.9
4,147.9
5,147.9
5,147.9
6,147.9
6,147.9
0,147.9
0,147.9
1,147.9
1,147.9
2,147.9
2,147.9
3,148.0
3,147.9
4,147.9
4,147.9
5,147.9
5,147.9
6,147.9
6,147.9
0,147.9
0,147.9
1,147.9
1,147.9
2,147.9
2,147.9
3,147.9
3,147.9
4,147.9
4,147.9
5,147.9
5,147.9
6,147.9
6,147.9
0,147.9
0,147.9
1,147.9
1,147.6
2,147.83333333333334
2,147.83333333333334
3,147.93333333333334
3,148.1
4,147.96666666666667
4,147.96666666666667
5,147.9
5,147.9
6,147.9
6,147.9
0,147.9
0,147.9
1,147.9
1,147.9
2,147.9
2,147.9
3,147.9
3,147.9
4,147.9
4,147.9
5,147.9
5,147.9
6,147.9
6,147.9
0,147.9
0,147.8
1,147.9
1,147.9
2,147.9
2,147.9
3,147.9
3,147.9
4,147.9
4,147.9
5,147.9
5,147.9
6,147.9
6,147.9
0,147.9
0,147.8
1,147.9
1,147.7
2,147.9
2,148.0
3,147.9
3,147.9
4,147.9
4,147.9
5,147.9
5,147.9
6,147.9
6,147.9
0,147.9
0,147.9
1,147.9
1,147.9
2,147.9
2,147.9
3,147.9
3,147.9
4,147.9
4,147.9
5,147.9
5,147.9
6,147.9
6,147.9
0,147.9
0,147.9
1,147.9
1,147.9
2,147.9
2,147.9
3,147.9
3,147.9
4,147.9
4,147.9
5,147.9
5,147.9
6,147.9
6,147.9
0,147.9
0,147.9
1,147.9
1,147.9
2,147.9
2,147.9
3,147.9
3,147.9
4,147.9
4,147.9
5,147.9
5,147.9
6,147.9
6,147.9
0,147.9
0,147.9
1,147.9
1,147.9
2,147.9
2,147.9
3,147.9
3,147.9
4,147.9
4,147.9
5,147.9
5,147.9
6,147.9
6,147.9
0,146.9
0,147.4
1,147.4
1,147.4
2,154.9
2,154.9
3,154.9
3,154.9
4,154.9
4,149.9
5,149.9
5,149.9
6,148.9
6,146.9
0,146.9
0,146.9
1,146.9
1,146.9
2,146.9
2,146.9
3,146.9
3,146.9
4,146.9
4,146.9
5,146.9
5,146.9
6,146.9
6,146.9
0,146.9
0,146.9
1,146.9
1,146.9
2,146.9
2,146.9
3,146.9
3,146.9
4,146.9
4,146.9
5,146.9
5,146.9
6,146.9
6,146.9
0,146.9
0,146.9
1,146.9
1,146.9
2,146.9
2,146.9
3,146.9
3,146.9
4,146.9
4,146.9
5,146.9
5,146.85000000000002
6,146.85000000000002
6,146.95
0,146.95
0,146.95
1,146.95
1,146.95
2,146.95
2,146.95
3,146.95
3,146.95
4,146.95
4,147.0
5,147.0
5,147.0
6,147.0
6,147.0
0,146.9
0,146.9
1,146.9
1,146.9
2,146.9
2,158.9
3,158.9
3,158.9
4,158.9
4,158.9
5,158.9
5,158.9
6,158.9
6,158.9
0,158.9
0,158.9
1,158.9
1,158.9
2,158.9
2,158.9
3,158.9
3,158.9
4,158.9
4,158.9
5,158.9
5,158.9
6,158.9
6,158.9
0,158.9
0,158.9
1,158.9
1,158.9
2,158.9
2,154.9
3,154.9
3,154.9
4,154.9
4,154.9
5,154.9
5,154.9
6,154.9
6,154.9
0,154.9
0,154.9
1,154.9
1,154.9
2,154.9
2,154.9
3,154.9
3,154.9
4,154.9
4,154.9
5,154.9
5,154.9
6,154.9
6,154.9
0,154.9
0,154.9
1,154.9
1,154.9
2,154.9
2,154.9
3,154.9
3,154.9
4,154.9
4,154.9
5,154.9
5,154.9
6,154.9
6,154.9
0,154.9
0,154.9
1,154.9
1,154.9
2,154.9
2,154.9
3,154.7
3,154.7
4,154.7
4,154.7
5,154.7
5,154.7
6,154.7
6,154.7
0,154.7
0,154.7
1,154.7
1,154.7
2,154.7
2,154.7
3,154.7
3,154.7
4,154.7
4,154.7
5,154.7
5,154.7
6,154.7
6,154.7
0,154.7
0,154.7
1,154.7
1,154.5
2,154.5
2,154.5
3,154.5
3,154.5
4,154.5
4,154.5
5,154.5
5,154.5
6,154.5
6,154.5
0,154.5
0,154.5
1,154.5
1,154.5
2,154.5
2,154.5
3,154.5
3,154.5
4,154.5
4,154.5
5,154.5
5,154.5
6,154.5
6,154.5
0,154.5
0,154.5
1,154.5
1,154.5
2,154.5
2,154.5
3,154.5
3,154.5
4,154.5
4,154.5
5,154.5
5,154.5
6,154.5
6,154.5
0,154.5
0,154.5
1,154.5
1,154.5
2,154.5
2,154.5
3,154.5
3,154.5
4,154.5
4,154.5
5,154.5
5,154.5
6,154.5
6,154.5
0,154.5
0,154.5
1,154.5
1,154.5
2,154.5
2,154.5
3,154.5
3,154.5
4,154.5
4,154.5
5,154.5
5,154.5
6,154.5
6,154.5
0,154.5
0,154.5
1,154.5
1,154.5
2,154.5
2,156.76666666666665
3,154.5
3,154.5
4,154.5
4,154.5
5,154.5
5,154.5
6,154.5
6,154.5
0,154.5
0,154.5
1,154.5
1,154.5
2,154.5
2,154.5
3,154.5
3,154.5
4,154.5
4,154.5
5,154.5
5,154.5
6,154.5
6,154.5
0,154.5
0,160.9
1,160.9
1,160.9
2,160.9
2,160.9
3,160.9
3,160.9
4,160.9
4,160.9
5,160.9
5,160.9
6,160.9
6,160.9
0,160.9
0,160.9
1,160.9
1,160.9
2,160.9
2,160.9
3,160.9
3,160.9
4,160.9
4,160.9
5,160.9
5,160.9
6,160.9
6,160.9
0,160.9
0,160.9
1,160.9
1,160.9
2,160.9
2,160.9
3,160.9
3,160.9
4,160.9
4,160.9
5,160.9
5,160.9
6,160.9
6,160.9
0,160.9
0,160.9
1,160.9
1,160.9
2,160.9
2,160.9
3,160.9
3,160.9
4,160.9
4,160.9
5,160.9
5,160.9
6,160.9
6,160.9
0,160.9
0,160.9
1,160.9
1,160.9
2,160.9
2,160.9
3,160.9
3,160.9
4,160.9
4,160.9
5,160.9
5,160.9
6,160.9
6,160.9
0,160.9
0,160.9
1,160.9
1,160.9
2,160.9
2,160.9
3,160.9
3,160.9
4,160.9
4,160.9
5,160.9
5,160.9
6,160.9
6,160.9
0,160.9
0,160.9
1,160.9
1,160.9
2,160.9
2,160.9
3,160.9
3,160.9
4,160.9
4,160.9
5,160.9
5,160.9
6,160.9
6,155.9
0,155.9
0,155.9
1,155.9
1,155.9
2,155.9
2,158.9
3,158.9
3,158.9
4,158.9
4,158.9
5,158.9
5,158.9
6,158.9
6,158.9
0,158.9
0,160.9
1,160.9
1,160.9
2,160.9
2,155.9
3,157.9
3,157.9
4,157.9
4,157.9
5,157.9
5,157.9
6,157.9
6,157.9
0,157.9
0,157.9
1,156.9
1,156.9
2,156.9
2,156.9
3,156.9
3,156.9
4,156.9
4,159.9
5,159.9
5,159.9
6,159.9
6,159.9
0,159.9
0,159.9
1,159.9
1,159.9
2,159.9
2,166.23333333333332
3,166.23333333333332
3,166.23333333333332
4,166.23333333333332
4,166.23333333333332
5,166.23333333333332
5,166.23333333333332
6,166.23333333333332
6,166.23333333333332
0,166.23333333333332
0,166.23333333333332
1,166.23333333333332
1,166.23333333333332
2,166.23333333333332
2,166.23333333333332
3,166.23333333333332
3,166.23333333333332
4,166.23333333333332
4,166.23333333333332
5,166.23333333333332
5,166.23333333333332
6,166.23333333333332
6,167.4
0,167.4
0,167.4
1,167.4
1,167.4
2,167.4
2,167.4
3,167.4
3,167.4
4,167.4
4,167.4
5,167.4
5,167.4
6,167.4
6,167.4
