0,0
0,0
1,0
1,0
2,0
2,0
3,139.5
3,139.5
4,139.5
4,139.5
5,139.5
5,139.5
6,139.5
6,139.5
0,139.5
0,139.5
1,139.5
1,139.5
2,139.5
2,139.5
3,139.5
3,139.5
4,138.9
4,138.9
5,138.9
5,138.9
6,137.9
6,137.9
0,137.9
0,137.9
1,137.9
1,137.9
2,137.9
2,137.9
3,137.9
3,137.9
4,137.85000000000002
4,137.85000000000002
5,136.9
5,136.9
6,136.9
6,136.9
0,136.9
0,136.9
1,136.9
1,136.9
2,136.9
2,136.9
3,136.9
3,136.9
4,136.9
4,136.9
5,136.9
5,136.9
6,136.9
6,136.9
0,136.9
0,136.9
1,136.9
1,136.9
2,136.9
2,136.9
3,136.9
3,136.9
4,136.9
4,136.9
5,136.9
5,136.9
6,136.9
6,136.9
0,136.9
0,136.9
1,136.9
1,136.9
2,136.9
2,136.9
3,136.9
3,136.9
4,136.9
4,136.9
5,136.9
5,136.9
6,136.9
6,136.9
0,136.9
0,136.9
1,136.9
1,136.9
2,136.9
2,136.9
3,136.5
3,136.5
4,136.5
4,136.5
5,136.5
5,136.5
6,136.5
6,136.5
0,136.5
0,136.5
1,136.5
1,136.5
2,136.5
2,136.5
3,136.5
3,136.5
4,136.5
4,136.5
5,136.5
5,136.5
6,136.5
6,136.5
0,136.5
0,136.5
1,136.5
1,136.5
2,136.5
2,136.5
3,136.5
3,136.5
4,136.5
4,136.5
5,136.5
5,136.5
6,136.5
6,136.5
0,136.5
0,136.5
1,136.5
1,136.5
2,136.5
2,136.5
3,136.5
3,136.5
4,136.5
4,136.5
5,136.5
5,136.5
6,136.5
6,136.5
0,136.5
0,136.5
1,136.5
1,136.5
2,136.5
2,136.5
3,136.5
3,136.5
4,136.5
4,136.5
5,136.5
5,136.5
6,136.5
6,136.5
0,136.5
0,136.5
1,136.5
1,136.5
2,136.5
2,136.5
3,136.5
3,136.5
4,136.5
4,136.5
5,136.5
5,136.5
6,136.5
6,136.5
0,136.5
0,136.5
1,136.5
1,136.5
2,136.5
2,136.5
3,136.5
3,136.5
4,136.5
4,136.5
5,136.5
5,136.5
6,136.5
6,136.5
0,136.5
0,136.5
1,136.5
1,136.5
2,136.5
2,136.5
3,136.5
3,136.5
4,136.5
4,136.5
5,136.5
5,136.5
6,136.5
6,136.5
0,136.5
0,136.5
1,136.5
1,136.5
2,136.5
2,136.5
3,136.5
3,136.5
4,136.5
4,136.5
5,136.5
5,136.5
6,136.5
6,136.5
0,136.5
0,136.5
1,136.5
1,136.5
2,136.5
2,136.5
3,136.5
3,136.5
4,136.5
4,136.5
5,136.5
5,136.5
6,136.5
6,136.5
0,136.5
0,136.5
1,136.5
1,136.5
2,136.5
2,136.5
3,136.5
3,136.5
4,136.5
4,136.5
5,136.5
5,136.5
6,136.5
6,136.5
0,136.5
0,136.5
1,136.5
1,136.5
2,136.5
2,136.5
3,136.5
3,136.5
4,136.5
4,136.5
5,149.4
5,149.4
6,149.4
6,149.4
0,149.4
0,149.4
1,149.3
1,149.2
2,149.2
2,149.2
3,149.2
3,149.2
4,149.2
4,149.2
5,149.2
5,149.2
6,149.2
6,149.1
0,149.1
0,149.1
1,149.1
1,149.1
2,149.1
2,149.1
3,149.1
3,149.1
4,149.1
4,149.1
5,149.1
5,149.1
6,149.1
6,149.1
0,149.1
0,149.1
1,149.1
1,149.1
2,149.1
2,149.1
3,149.1
3,149.1
4,149.1
4,148.9
5,148.9
5,148.9
6,148.9
6,148.9
0,148.9
0,148.9
1,148.9
1,148.9
2,148.9
2,148.9
3,148.9
3,148.9
4,148.9
4,148.9
5,148.9
5,148.7
6,148.7
6,148.7
0,148.7
0,148.6
1,148.6
1,148.6
2,148.6
2,148.6
3,148.6
3,148.6
4,148.6
4,148.6
5,148.6
5,148.6
6,148.6
6,148.6
0,148.6
0,165.9
1,165.9
1,165.9
2,165.9
2,158.9
3,158.9
3,158.9
4,157.9
4,157.9
5,157.9
5,157.9
6,157.9
6,157.9
0,157.9
0,157.9
1,157.9
1,156.9
2,156.9
2,156.9
3,156.9
3,156.9
4,156.9
4,156.9
5,156.9
5,156.9
6,156.9
6,156.9
0,156.9
0,156.9
1,158.9
1,158.9
2,158.9
2,156.9
3,156.9
3,156.9
4,156.9
4,156.9
5,156.85000000000002
5,156.85000000000002
6,156.9
6,156.9
0,156.9
0,156.9
1,156.9
1,156.9
2,156.9
2,156.9
3,156.9
3,156.9
4,156.9
4,156.9
5,156.9
5,156.9
6,156.9
6,156.9
0,156.9
0,156.9
1,156.9
1,156.9
2,156.9
2,156.9
3,156.9
3,156.9
4,156.9
4,156.7
5,156.7
5,156.7
6,156.7
6,156.7
0,156.7
0,156.7
1,156.7
1,156.7
2,155.9
2,155.9
3,155.9
3,155.9
4,155.9
4,155.9
5,155.9
5,155.9
6,155.9
6,155.9
0,155.9
0,155.9
1,155.9
1,155.9
2,155.9
2,155.9
3,155.9
3,155.9
4,155.9
4,155.9
5,155.9
5,155.9
6,155.9
6,155.9
0,155.9
0,155.9
1,155.9
1,155.9
2,155.9
2,155.9
3,155.9
3,155.7
4,155.7
4,155.7
5,155.7
5,155.7
6,155.7
6,155.7
0,155.7
0,155.7
1,155.7
1,155.7
2,155.7
2,155.7
3,155.7
3,155.7
4,155.7
4,155.7
5,155.7
5,155.7
6,155.7
6,155.7
0,155.7
0,155.7
1,155.7
1,155.7
2,155.7
2,155.7
3,155.7
3,155.7
4,155.7
4,155.7
5,155.7
5,155.7
6,155.7
6,155.7
0,155.7
0,155.7
1,155.7
1,155.7
2,155.7
2,155.7
3,155.7
3,155.7
4,155.7
4,155.7
5,155.7
5,155.5
6,155.5
6,155.5
0,155.5
0,155.5
1,155.5
1,155.5
2,155.5
2,155.5
3,155.5
3,155.5
4,155.5
4,155.5
5,155.5
5,155.5
6,155.5
6,155.5
0,155.5
0,155.5
1,155.5
1,155.5
2,155.5
2,155.5
3,155.5
3,155.5
4,155.5
4,155.5
5,155.5
5,155.5
6,155.5
6,155.5
0,155.5
0,155.5
1,155.5
1,155.5
2,155.5
2,155.5
3,155.5
3,155.5
4,155.5
4,155.5
5,155.5
5,155.5
6,155.5
6,155.5
0,155.5
0,155.5
1,155.5
1,155.5
2,155.5
2,155.5
3,155.5
3,155.5
4,155.5
4,155.5
5,155.5
5,155.5
6,155.5
6,155.5
0,155.5
0,155.5
1,155.5
1,155.5
2,155.5
2,155.5
3,155.5
3,155.5
4,155.5
4,154.7
5,154.7
5,154.7
6,154.7
6,154.7
0,154.7
0,154.7
1,154.7
1,154.7
2,154.7
2,154.7
3,154.7
3,154.7
4,154.7
4,154.7
5,154.7
5,154.7
6,154.7
6,154.7
0,154.7
0,154.7
1,154.7
1,154.7
2,154.7
2,154.7
3,154.7
3,154.7
4,154.7
4,154.7
5,154.7
5,154.7
6,154.7
6,154.7
0,154.7
0,154.7
1,154.7
1,154.7
2,154.7
2,154.7
3,154.7
3,154.7
4,154.7
4,154.7
5,154.7
5,154.7
6,154.7
6,154.7
0,154.7
0,154.7
1,154.7
1,154.7
2,154.7
2,154.7
3,154.7
3,154.7
4,154.7
4,154.7
5,154.7
5,154.7
6,154.7
6,154.7
0,154.7
0,154.7
1,154.7
1,153.7
2,153.7
2,153.7
3,153.7
3,153.7
4,152.7
4,152.7
5,152.7
5,152.7
6,152.7
6,152.7
0,152.7
0,152.7
1,152.7
1,152.7
2,152.7
2,152.7
3,152.7
3,152.7
4,152.7
4,152.7
5,152.7
5,152.7
6,152.7
6,152.7
0,152.7
0,152.7
1,152.7
1,152.7
2,152.7
2,152.7
3,152.7
3,152.7
4,152.7
4,152.5
5,152.5
5,152.5
6,152.5
6,152.5
0,152.5
0,150.5
1,150.5
1,150.5
2,150.5
2,150.5
3,150.5
3,150.5
4,150.5
4,150.5
5,150.5
5,150.5
6,150.5
6,150.5
0,150.5
0,150.5
1,150.5
1,150.5
2,150.5
2,148.7
3,148.7
3,148.7
4,148.7
4,148.7
5,148.7
5,148.7
6,148.7
6,148.7
0,148.7
0,148.7
1,148.7
1,148.7
2,148.7
2,148.7
3,148.7
3,148.7
4,148.7
4,148.7
5,148.7
5,148.7
6,148.7
6,148.7
0,148.7
0,148.7
1,148.7
1,148.7
2,148.7
2,148.5
3,148.5
3,148.5
4,148.5
4,148.5
5,148.5
5,148.5
6,148.5
6,148.5
0,148.5
0,148.5
1,148.5
1,148.5
2,148.5
2,148.5
3,148.5
3,148.5
4,148.5
4,148.5
5,148.5
5,148.5
6,148.5
6,148.5
0,148.5
0,148.5
1,148.5
1,148.5
2,148.5
2,148.5
3,148.5
3,148.5
4,148.5
4,148.5
5,148.5
5,148.5
6,148.5
6,148.5
0,148.5
0,148.5
1,148.5
1,148.5
2,148.5
2,148.5
3,148.5
3,148.5
4,148.5
4,148.5
5,148.5
5,148.5
6,148.5
6,148.5
0,148.5
0,148.5
1,148.5
1,148.5
2,148.5
2,148.5
3,144.9
3,144.9
4,144.9
4,144.9
5,144.9
5,144.9
6,144.9
6,144.9
0,144.9
0,144.9
1,144.9
1,144.9
2,144.9
2,144.9
3,144.9
3,144.9
4,144.9
4,144.9
5,144.9
5,144.9
6,144.9
6,144.9
0,144.9
0,144.9
1,144.9
1,144.9
2,144.9
2,144.9
3,144.9
3,144.9
4,144.9
4,144.9
5,144.9
5,144.9
6,144.9
6,144.9
0,144.9
0,144.9
1,144.9
1,144.9
2,144.9
2,144.9
3,142.9
3,142.9
4,142.9
4,142.9
5,142.9
5,142.9
6,142.9
6,142.9
0,142.9
0,142.9
1,142.9
1,142.9
2,142.9
2,142.9
3,142.9
3,142.9
4,142.9
4,142.9
5,142.9
5,142.9
6,142.9
6,142.9
0,142.9
0,142.9
1,142.9
1,142.9
2,142.9
2,146.7
3,146.7
3,146.7
4,146.7
4,146.7
5,146.7
5,146.7
6,146.7
6,144.7
0,144.7
0,144.7
1,144.7
1,144.7
2,154.9
2,154.9
3,154.9
3,154.9
4,154.9
4,144.7
5,144.7
5,144.7
6,144.7
6,144.7
0,144.7
0,144.7
1,144.7
1,144.7
2,144.7
2,144.7
3,144.7
3,144.7
4,144.7
4,144.7
5,144.7
5,144.7
6,144.7
6,144.7
0,144.7
0,144.7
1,144.7
1,144.7
2,144.7
2,144.7
3,144.7
3,144.7
4,144.7
4,141.7
5,141.7
5,141.7
6,141.7
6,141.7
0,141.7
0,141.7
1,141.7
1,141.7
2,141.7
2,138.7
3,138.7
3,138.7
4,138.7
4,138.7
5,138.7
5,138.7
6,138.7
6,138.7
0,138.7
0,138.7
1,138.7
1,138.7
2,138.7
2,138.7
3,138.7
3,138.7
4,138.7
4,138.7
5,138.7
5,138.7
6,138.7
6,138.7
0,138.7
0,138.7
1,138.7
1,138.7
2,138.7
2,148.9
3,148.9
3,148.9
4,148.9
4,157.7
5,157.7
5,157.7
6,157.7
6,157.7
0,157.7
0,157.7
1,157.7
1,157.7
2,157.7
2,157.7
3,157.7
3,157.7
4,157.7
4,157.7
5,157.7
5,157.7
6,157.7
6,157.7
0,157.7
0,157.7
1,157.7
1,157.7
2,157.7
2,157.7
3,157.7
3,157.7
4,157.7
4,157.7
5,157.7
5,157.7
6,157.7
6,157.7
0,157.7
0,157.7
1,157.7
1,157.7
2,157.7
2,157.7
3,157.7
3,157.7
4,157.7
4,157.7
5,157.7
5,157.7
6,157.7
6,157.7
0,157.7
0,157.7
1,157.7
1,157.7
2,157.7
2,157.7
3,157.7
3,157.7
4,157.7
4,157.7
5,157.7
5,157.7
6,157.7
6,157.7
0,157.7
0,157.7
1,157.7
1,157.7
2,157.7
2,157.7
3,157.7
3,157.7
4,157.7
4,157.7
5,157.7
5,157.7
6,157.7
6,157.7
0,157.7
0,157.7
1,157.7
1,157.7
2,157.7
2,157.7
3,157.7
3,157.7
4,157.7
4,157.7
5,157.7
5,157.7
6,157.7
6,157.7
0,157.7
0,157.7
1,157.7
1,157.7
2,157.7
2,157.7
3,157.7
3,157.7
4,157.7
4,157.7
5,157.7
5,157.7
6,157.7
6,157.7
0,157.7
0,157.7
1,157.7
1,157.7
2,157.7
2,157.7
3,157.7
3,157.7
4,157.7
4,157.7
5,157.7
5,157.7
6,157.7
6,157.7
0,157.7
0,157.7
1,157.7
1,157.7
2,157.7
2,157.7
3,157.7
3,157.7
4,157.7
4,157.7
5,157.7
5,157.7
6,157.7
6,157.7
0,157.7
0,157.7
1,157.7
1,157.7
2,157.7
2,157.7
3,157.7
3,157.7
4,157.7
4,157.7
5,157.7
5,157.7
6,157.7
6,157.7
0,157.7
0,157.7
1,157.7
1,157.7
2,157.7
2,157.7
3,157.7
3,157.7
4,157.7
4,157.7
5,157.7
5,157.7
6,157.7
6,157.7
0,157.7
0,157.7
1,157.7
1,157.7
2,157.7
2,157.7
3,157.7
3,157.7
4,157.7
4,157.7
5,157.7
5,157.7
6,157.7
6,157.7
0,157.7
0,157.7
1,157.7
1,157.7
2,157.7
2,157.7
3,157.7
3,157.7
4,157.7
4,157.7
5,157.7
5,157.7
6,157.7
6,157.7
0,157.7
0,157.7
1,157.7
1,157.7
2,157.7
2,157.7
3,157.7
3,157.7
4,157.7
4,157.7
5,157.7
5,157.7
6,157.7
6,157.7
0,157.7
0,157.7
1,157.7
1,157.7
2,157.7
2,157.7
3,157.7
3,157.7
4,157.7
4,157.7
5,157.7
5,157.7
6,157.7
6,157.7
0,157.7
0,157.7
1,157.7
1,157.7
2,157.7
2,157.7
3,157.7
3,157.7
4,157.7
4,157.7
5,157.7
5,157.7
6,157.7
6,157.7
0,157.7
0,157.7
1,157.7
1,157.7
2,157.7
2,157.7
3,157.7
3,157.7
4,156.9
4,156.9
5,156.9
5,156.9
6,156.9
6,156.9
0,156.9
0,156.9
1,151.7
1,151.7
2,151.7
2,151.7
3,151.7
3,151.7
4,151.7
4,151.7
5,151.7
5,151.7
6,151.7
6,151.7
0,150.3
0,148.9
1,148.9
1,148.9
2,148.9
2,148.9
3,148.9
3,148.9
4,148.7
4,148.7
5,148.7
5,148.7
6,148.7
6,148.7
0,147.9
0,147.9
1,147.9
1,147.7
2,147.7
2,147.7
3,147.7
3,147.7
4,147.7
4,147.7
5,147.7
5,147.7
6,147.7
6,147.7
0,147.7
0,147.7
1,147.7
1,147.7
2,147.7
2,147.7
3,147.7
3,147.7
4,147.7
4,147.7
5,147.7
5,147.7
6,147.7
6,147.7
0,147.7
0,158.9
1,158.9
1,158.9
2,158.9
2,150.9
3,150.9
3,150.9
4,150.9
4,150.9
5,150.9
5,150.9
6,150.9
6,150.9
0,150.9
0,150.9
1,156.23333333333335
1,156.23333333333335
2,156.23333333333335
2,156.23333333333335
3,156.23333333333335
3,156.23333333333335
4,156.23333333333335
4,156.23333333333335
5,156.23333333333335
5,156.23333333333335
6,156.23333333333335
6,156.23333333333335
0,162.9
0,162.9
1,162.9
1,162.9
2,162.9
2,168.9
3,168.9
3,168.9
4,168.9
4,168.9
5,168.9
5,168.9
6,168.9
6,168.9
0,168.9
0,168.9
1,168.9
1,168.9
2,168.9
2,168.9
3,168.9
3,168.9
4,168.9
4,168.9
5,168.9
5,168.9
6,168.9
6,168.9
0,167.5666666666667
0,167.5666666666667
1,164.9
1,164.9
2,164.9
2,164.9
3,164.9
3,164.9
4,164.9
4,164.9
5,164.9
5,164.9
6,164.9
6,164.9
