0,133.9
0,133.9
1,130.9
1,130.9
2,130.9
2,130.9
3,130.9
3,130.9
4,130.9
4,130.9
5,130.9
5,130.9
6,130.9
6,130.9
0,129.9
0,129.9
1,129.9
1,129.9
2,129.9
2,129.9
3,127.39999999999999
3,127.39999999999999
4,127.39999999999999
4,127.39999999999999
5,127.39999999999999
5,127.39999999999999
6,127.39999999999999
6,127.39999999999999
0,124.9
0,124.9
1,122.9
1,122.9
2,122.5
2,122.5
3,122.5
3,122.5
4,122.5
4,122.5
5,122.5
5,122.5
6,122.5
6,122.5
0,121.9
0,121.9
1,121.9
1,121.9
2,121.9
2,121.9
3,121.6
3,121.6
4,120.5
4,120.5
5,120.5
5,120.5
6,119.9
6,119.9
0,119.9
0,119.9
1,119.9
1,119.9
2,119.9
2,119.9
3,119.9
3,119.9
4,119.9
4,119.9
5,119.9
5,119.9
6,119.9
6,119.9
0,120.0
0,119.9
1,119.9
1,119.9
2,119.9
2,119.9
3,138.5666666666667
3,138.5666666666667
4,138.5666666666667
4,138.5666666666667
5,147.8
5,147.9
6,147.9
6,147.9
0,135.4
0,135.4
1,121.9
1,121.9
2,121.9
2,121.9
3,121.9
3,121.9
4,121.9
4,121.9
5,121.9
5,121.9
6,121.9
6,121.9
0,121.5
0,121.5
1,121.5
1,121.5
2,121.5
2,121.5
3,121.5
3,121.5
4,121.5
4,121.5
5,121.5
5,121.5
6,121.5
6,121.5
0,121.5
0,121.5
1,119.9
1,119.9
2,119.9
2,119.9
3,119.9
3,119.9
4,119.9
4,119.9
5,119.9
5,119.9
6,119.9
6,119.9
0,119.9
0,119.9
1,119.9
1,119.9
2,119.9
2,119.9
3,119.9
3,119.9
4,119.9
4,119.9
5,119.9
5,119.9
6,119.9
6,119.9
0,119.9
0,119.9
1,119.9
1,119.9
2,119.9
2,119.9
3,119.9
3,119.9
4,119.9
4,119.9
5,119.9
5,119.9
6,119.9
6,119.9
0,119.9
0,119.9
1,119.9
1,119.9
2,119.9
2,119.9
3,119.9
3,119.9
4,119.9
4,119.9
5,119.9
5,119.9
6,119.9
6,119.9
0,119.9
0,119.9
1,119.9
1,119.9
2,119.9
2,119.9
3,119.9
3,119.9
4,119.9
4,119.9
5,119.9
5,119.9
6,119.9
6,119.9
0,119.9
0,119.9
1,119.9
1,119.9
2,119.9
2,119.9
3,119.9
3,119.9
4,119.9
4,119.9
5,119.9
5,119.9
6,119.9
6,119.9
0,119.9
0,119.9
1,119.9
1,119.9
2,119.9
2,119.9
3,119.9
3,119.9
4,119.9
4,119.9
5,119.9
5,119.9
6,119.9
6,119.9
0,119.9
0,119.9
1,119.9
1,119.9
2,119.9
2,119.9
3,119.9
3,119.9
4,119.9
4,119.9
5,119.9
5,119.9
6,119.9
6,119.9
0,119.9
0,119.9
1,119.9
1,119.9
2,119.9
2,119.9
3,119.9
3,119.9
4,119.9
4,119.9
5,119.9
5,119.9
6,119.9
6,119.9
0,119.9
0,119.9
1,119.9
1,119.9
2,119.9
2,119.9
3,119.9
3,119.9
4,119.9
4,119.9
5,119.9
5,136.9
6,136.9
6,136.9
0,136.9
0,136.9
1,136.9
1,136.7
2,136.7
2,136.7
3,136.7
3,136.7
4,136.7
4,136.7
5,136.7
5,136.7
6,136.7
6,136.7
0,136.7
0,136.7
1,144.83333333333334
1,144.83333333333334
2,148.85000000000002
2,148.85000000000002
3,148.85000000000002
3,148.85000000000002
4,148.85000000000002
4,148.85000000000002
5,148.85000000000002
5,148.85000000000002
6,148.85000000000002
6,148.85000000000002
0,148.85000000000002
0,148.85000000000002
1,145.9
1,145.9
2,145.9
2,145.9
3,145.9
3,145.9
4,145.9
4,145.2
5,145.2
5,145.2
6,145.2
6,145.2
0,142.3
0,142.3
1,142.3
1,142.3
2,142.3
2,142.3
3,142.3
3,140.5
4,140.3
4,140.5
5,140.5
5,140.4
6,140.4
6,140.4
0,140.4
0,140.4
1,140.4
1,140.3
2,140.3
2,139.9
3,139.9
3,139.9
4,139.9
4,139.9
5,139.9
5,139.9
6,139.9
6,139.9
0,139.9
0,165.9
1,165.9
1,165.9
2,165.9
2,163.9
3,163.9
3,163.9
4,162.9
4,162.9
5,162.9
5,162.9
6,162.9
6,162.9
0,162.9
0,162.9
1,160.9
1,160.9
2,160.9
2,158.9333333333333
3,158.9333333333333
3,158.9333333333333
4,158.9333333333333
4,158.95
5,158.95
5,158.95
6,158.95
6,158.95
0,158.95
0,157.85000000000002
1,157.85000000000002
1,157.85000000000002
2,157.85000000000002
2,157.85000000000002
3,157.85000000000002
3,157.85000000000002
4,157.85000000000002
4,154.9
5,154.85000000000002
5,154.85000000000002
6,154.85000000000002
6,154.85000000000002
0,154.85000000000002
0,151.5
1,151.5
1,151.5
2,151.5
2,151.5
3,151.5
3,151.5
4,151.5
4,151.5
5,151.5
5,151.5
6,151.5
6,151.5
0,151.5
0,151.5
1,151.5
1,151.5
2,151.5
2,151.45
3,151.45
3,151.45
4,151.45
4,149.9
5,149.9
5,149.9
6,149.9
6,149.9
0,149.9
0,149.9
1,149.9
1,149.9
2,149.9
2,149.9
3,149.9
3,149.9
4,149.9
4,149.9
5,149.9
5,149.9
6,149.9
6,149.9
0,149.9
0,149.9
1,149.9
1,149.9
2,149.9
2,149.9
3,149.9
3,149.9
4,147.9
4,147.9
5,147.9
5,147.9
6,147.9
6,147.9
0,147.9
0,147.9
1,147.9
1,147.9
2,147.9
2,147.9
3,147.9
3,147.9
4,147.9
4,147.9
5,147.9
5,147.9
6,147.9
6,147.5
0,147.5
0,147.5
1,147.5
1,147.5
2,147.5
2,147.5
3,146.8
3,146.8
4,146.8
4,145.9
5,145.9
5,145.9
6,145.9
6,145.9
0,145.9
0,145.9
1,145.9
1,145.9
2,144.9
2,141.7
3,141.7
3,141.7
4,141.7
4,141.7
5,141.7
5,140.7
6,140.7
6,140.7
0,140.7
0,140.7
1,140.7
1,140.7
2,140.7
2,140.7
3,140.7
3,140.7
4,140.7
4,140.7
5,140.7
5,140.7
6,140.7
6,140.7
0,140.7
0,140.7
1,140.7
1,140.7
2,140.7
2,140.7
3,140.7
3,140.7
4,140.7
4,140.7
5,140.7
5,140.7
6,140.7
6,140.7
0,140.7
0,140.7
1,140.7
1,140.7
2,140.7
2,140.7
3,140.7
3,140.7
4,140.7
4,140.7
5,140.7
5,140.7
6,138.5
6,138.5
0,138.5
0,138.5
1,138.5
1,152.1
2,152.1
2,152.1
3,152.1
3,148.9
4,142.7
4,154.9
5,154.9
5,154.9
6,154.9
6,154.9
0,154.9
0,142.7
1,142.7
1,142.7
2,142.7
2,142.7
3,142.7
3,142.7
4,142.7
4,142.7
5,142.7
5,142.7
6,142.7
6,142.7
0,142.7
0,142.7
1,142.7
1,142.7
2,142.7
2,158.9
3,158.9
3,158.9
4,158.9
4,158.9
5,158.9
5,158.9
6,158.9
6,158.9
0,158.9
0,158.9
1,158.9
1,158.9
2,158.9
2,158.9
3,158.9
3,158.9
4,158.9
4,158.9
5,158.9
5,153.9
6,153.9
6,153.9
0,153.9
0,153.9
1,153.9
1,153.9
2,146.7
2,146.7
3,146.7
3,146.7
4,146.7
4,146.7
5,146.7
5,146.7
6,146.7
6,146.7
0,146.7
0,144.7
1,144.7
1,142.4
2,142.4
2,140.7
3,140.7
3,140.7
4,140.7
4,140.7
5,140.7
5,140.7
6,140.7
6,140.7
0,140.7
0,140.7
1,139.8
1,138.7
2,138.7
2,137.65
3,137.65
3,137.65
4,137.65
4,136.9
5,136.9
5,136.9
6,136.9
6,136.9
0,136.9
0,136.9
1,135.9
1,135.9
2,134.7
2,134.7
3,134.7
3,134.7
4,134.7
4,134.7
5,134.7
5,134.7
6,134.7
6,134.7
0,134.7
0,134.7
1,134.7
1,134.7
2,134.7
2,134.7
3,134.7
3,134.7
4,134.7
4,134.7
5,134.7
5,134.7
6,134.7
6,134.7
0,134.7
0,134.7
1,134.7
1,134.7
2,134.7
2,134.7
3,134.7
3,134.7
4,134.7
4,134.7
5,134.7
5,134.7
6,134.7
6,134.7
0,134.7
0,134.7
1,134.7
1,134.7
2,134.7
2,134.7
3,138.4
3,138.3
4,136.8
4,135.35000000000002
5,135.35000000000002
5,135.35000000000002
6,135.35000000000002
6,135.35000000000002
0,135.35000000000002
0,135.35000000000002
1,135.35000000000002
1,135.35000000000002
2,135.35000000000002
2,136.9
3,136.9
3,136.9
4,136.9
4,135.8
5,135.8
5,135.8
6,135.8
6,135.8
0,135.8
0,135.1
1,135.1
1,135.1
2,129.9
2,129.9
3,129.9
3,129.9
4,129.9
4,129.3
5,129.3
5,129.3
6,129.3
6,129.3
0,129.3
0,129.3
1,129.3
1,129.10000000000002
2,129.10000000000002
2,129.10000000000002
3,129.10000000000002
3,129.10000000000002
4,129.10000000000002
4,129.10000000000002
5,129.10000000000002
5,129.10000000000002
6,129.10000000000002
6,129.10000000000002
0,129.10000000000002
0,129.10000000000002
1,129.10000000000002
1,129.10000000000002
2,129.10000000000002
2,129.10000000000002
3,129.10000000000002
3,129.10000000000002
4,129.10000000000002
4,129.4
5,129.4
5,129.4
6,129.4
6,129.4
0,129.15
0,129.15
1,128.9
1,128.6
2,128.76666666666668
2,128.76666666666668
3,128.7
3,128.7
4,128.7
4,128.5
5,128.5
5,128.5
6,128.5
6,127.9
0,127.9
0,127.9
1,127.9
1,127.9
2,127.9
2,127.9
3,127.9
3,127.9
4,127.9
4,127.85
5,127.8
5,127.8
6,127.8
6,127.8
0,127.8
0,127.7
1,127.7
1,127.7
2,127.7
2,127.7
3,127.7
3,153.9
4,153.9
4,153.9
5,153.9
5,153.9
6,153.9
6,153.9
0,148.9
0,148.9
1,143.9
1,143.9
2,143.9
2,142.4
3,142.4
3,142.4
4,142.4
4,141.9
5,141.9
5,141.9
6,141.9
6,141.9
0,141.9
0,141.9
1,141.9
1,141.9
2,141.9
2,140.9
3,140.9
3,140.9
4,137.9
4,137.9
5,137.9
5,137.9
6,137.9
6,137.9
0,137.9
0,137.9
1,137.9
1,137.9
2,137.9
2,137.9
3,137.9
3,137.9
4,137.9
4,137.9
5,137.9
5,137.9
6,137.9
6,137.9
0,137.9
0,137.9
1,136.9
1,136.9
2,138.4
2,138.4
3,140.9
3,140.9
4,140.9
4,140.9
5,140.9
5,140.9
6,140.9
6,140.9
0,140.9
0,140.9
1,140.9
1,140.9
2,140.9
2,140.9
3,140.9
3,140.9
4,140.9
4,140.9
5,140.9
5,140.9
6,140.9
6,140.9
0,140.9
0,138.4
1,138.4
1,138.4
2,135.9
2,135.9
3,135.9
3,135.9
4,135.9
4,135.9
5,135.9
5,135.9
6,135.9
6,135.9
0,135.9
0,135.9
1,135.9
1,135.9
2,135.9
2,135.9
3,135.9
3,133.5
4,133.5
4,133.5
5,133.5
5,133.5
6,133.5
6,133.5
0,133.5
0,133.5
1,133.5
1,133.5
2,133.5
2,133.5
3,133.5
3,133.5
4,133.5
4,133.5
5,133.5
5,133.5
6,133.5
6,133.5
0,133.5
0,133.5
1,133.5
1,133.5
2,133.5
2,133.5
3,133.5
3,133.5
4,133.5
4,133.5
5,133.5
5,133.5
6,133.5
6,133.5
0,133.5
0,133.5
1,133.5
1,133.5
2,133.4
2,133.4
3,133.1
3,133.1
4,133.1
4,133.1
5,133.1
5,163.65
6,163.65
6,163.65
0,163.65
0,163.65
1,163.65
1,163.65
2,163.65
2,161.9
3,161.9
3,157.9
4,155.9
4,155.9
5,155.9
5,155.9
6,155.9
6,155.9
0,155.9
0,155.9
1,155.9
1,155.9
2,155.9
2,153.9
3,153.9
3,153.9
4,153.9
4,151.4
5,151.4
5,151.4
6,151.4
6,151.4
0,151.4
0,149.9
1,148.7
1,148.7
2,148.7
2,148.7
3,148.7
3,147.9
4,147.9
4,146.9
5,146.9
5,146.9
6,146.9
6,145.9
0,142.9
0,141.9
1,141.9
1,141.9
2,141.9
2,141.9
3,141.9
3,141.9
4,141.9
4,141.9
5,154.9
5,154.9
6,154.9
6,154.9
0,154.9
0,154.9
1,154.9
1,154.9
2,154.9
2,152.9
3,150.7
3,148.9
4,148.9
4,148.9
5,148.9
5,148.9
6,148.9
6,148.9
0,148.9
0,148.9
1,148.9
1,147.9
2,147.9
2,147.9
3,147.9
3,147.9
4,147.9
4,147.9
5,147.9
5,147.9
6,147.9
6,147.9
0,147.9
0,147.9
1,147.9
1,147.9
2,147.9
2,147.9
3,147.9
3,147.9
4,146.9
4,168.9
5,168.9
5,168.9
6,168.9
6,168.9
0,168.9
0,168.9
1,168.9
1,166.9
2,166.9
2,166.9
3,166.9
3,166.9
4,166.9
4,165.9
5,165.9
5,165.9
6,165.9
6,165.9
0,163.9
0,161.9
1,161.9
1,161.9
2,159.9
2,159.9
3,159.9
3,156.8
4,156.8
4,154.9
5,154.9
5,154.9
6,154.9
6,154.9
0,154.9
0,154.9
1,154.9
1,154.9
2,154.9
2,152.9
3,152.9
3,152.9
4,152.9
4,152.9
5,152.9
5,152.9
6,152.9
6,152.9
0,152.9
0,152.9
1,152.9
1,152.2
2,152.2
2,152.2
3,152.2
3,152.2
4,152.2
4,152.2
5,152.2
5,152.2
6,152.2
6,152.2
0,152.2
0,152.2
1,152.2
1,150.9
2,150.9
2,150.9
3,150.9
3,149.9
4,149.9
4,149.9
5,149.9
5,149.9
6,149.9
6,149.9
0,149.9
0,149.9
1,149.9
1,149.9
2,149.9
2,149.9
3,149.9
3,149.9
4,149.9
4,149.9
5,147.9
5,131.7
6,131.7
6,146.2
0,146.2
0,146.2
1,146.2
1,145.9
2,145.9
2,145.9
3,145.9
3,145.9
4,145.9
4,145.9
5,145.9
5,145.9
6,145.9
6,145.9
0,145.9
0,145.9
1,145.9
1,145.9
2,145.9
2,145.9
3,145.9
3,145.9
4,145.9
4,144.9
5,144.9
5,144.9
6,144.9
6,144.9
0,144.9
0,144.9
1,144.9
1,144.9
2,144.9
2,144.9
3,144.9
3,144.9
4,144.9
4,144.9
5,144.9
5,144.9
6,144.9
6,144.9
0,144.9
0,144.9
1,144.9
1,144.9
2,141.9
2,141.9
3,141.9
3,141.9
4,168.9
4,168.9
5,168.9
5,168.9
6,168.9
6,168.9
0,168.9
0,166.9
1,158.9
1,158.9
2,156.9
2,156.9
3,156.9
3,152.3
4,148.3
4,148.3
5,148.3
5,148.3
6,148.3
6,148.3
0,148.3
0,148.3
1,148.3
1,148.3
2,148.3
2,148.3
3,148.3
3,148.3
4,148.3
4,148.3
5,148.3
5,148.3
6,148.3
6,148.3
0,148.3
0,147.9
1,147.9
1,147.9
2,147.9
2,147.9
3,147.9
3,147.9
4,147.9
4,147.9
5,147.9
5,147.9
6,147.9
6,147.9
0,145.9
0,145.9
1,145.9
1,145.9
2,145.9
2,145.9
3,145.9
3,145.9
4,145.9
4,145.9
5,145.9
5,145.9
6,145.9
6,145.9
0,145.9
0,145.9
1,145.9
1,145.9
2,145.9
2,145.9
3,145.9
3,145.9
4,145.9
4,145.9
5,145.9
5,145.9
6,145.9
6,145.9
0,145.9
0,152.4
1,152.4
1,152.4
2,152.4
2,152.4
3,152.4
3,152.4
4,152.4
4,152.4
5,152.4
5,152.4
6,152.4
6,143.9
0,143.9
0,143.9
1,143.9
1,143.9
2,143.9
2,143.9
3,143.9
3,143.9
4,143.9
4,143.9
5,143.9
5,143.9
6,143.9
6,143.9
0,158.4
0,158.4
1,158.4
1,169.9
2,169.9
2,169.9
3,169.9
3,169.9
4,169.9
4,168.9
5,168.9
5,168.9
6,168.9
6,168.9
0,168.9
0,168.9
1,168.9
1,168.9
2,168.9
2,168.9
3,164.9
3,164.9
4,164.9
4,164.9
5,164.9
5,164.9
6,164.9
6,164.9
0,164.9
0,164.9
1,164.9
1,164.9
2,164.9
2,162.9
3,162.9
3,162.9
4,162.9
4,162.9
5,162.9
5,162.9
6,162.9
6,162.9
