0,0
0,0
1,131.9
1,131.9
2,127.9
2,125.9
3,122.9
3,122.9
4,122.9
4,122.9
5,122.9
5,122.9
6,122.9
6,122.9
0,121.9
0,121.9
1,120.9
1,120.9
2,120.9
2,120.9
3,118.40000000000002
3,118.40000000000002
4,118.40000000000002
4,118.40000000000002
5,118.40000000000002
5,118.40000000000002
6,118.40000000000002
6,117.94999999999999
0,117.94999999999999
0,117.94999999999999
1,117.94999999999999
1,117.94999999999999
2,117.94999999999999
2,117.94999999999999
3,145.9
3,145.9
4,145.9
4,144.9
5,144.9
5,144.9
6,144.95
6,144.95
0,144.95
0,144.95
1,144.85000000000002
1,143.9
2,141.9
2,141.9
3,138.9
3,138.9
4,137.4
4,137.4
5,137.4
5,137.4
6,137.4
6,137.4
0,133.90000000000003
0,133.90000000000003
1,131.9
1,131.8
2,131.9
2,131.9
3,126.9
3,126.9
4,125.9
4,124.9
5,124.9
5,124.9
6,123.9
6,123.9
0,123.9
0,123.9
1,122.9
1,122.9
2,122.9
2,122.9
3,147.9
3,147.9
4,146.9
4,146.9
5,145.9
5,145.9
6,145.9
6,145.9
0,145.9
0,145.9
1,143.5
1,143.5
2,143.5
2,143.5
3,138.7
3,138.7
4,138.7
4,138.7
5,136.7
5,136.7
6,136.7
6,135.7
0,135.7
0,135.7
1,132.5
1,132.5
2,129.1
2,129.1
3,131.925
3,131.925
4,131.925
4,149.4
5,149.4
5,149.4
6,149.4
6,149.4
0,149.4
0,147.9
1,147.9
1,147.9
2,147.38750000000002
2,147.38750000000002
3,147.38750000000002
3,147.38750000000002
4,147.38750000000002
4,145.9
5,145.9
5,145.9
6,145.9
6,145.9
0,145.9
0,145.9
1,145.9
1,145.9
2,145.9
2,145.9
3,145.9
3,145.9
4,145.9
4,145.9
5,145.9
5,145.9
6,145.9
6,145.9
0,145.9
0,145.9
1,145.9
1,145.9
2,145.9
2,145.9
3,145.9
3,145.9
4,145.9
4,145.9
5,145.9
5,145.9
6,145.9
6,145.9
0,145.9
0,145.9
1,145.9
1,145.9
2,145.9
2,145.9
3,145.9
3,145.9
4,145.9
4,145.9
5,145.9
5,145.9
6,145.9
6,145.9
0,145.9
0,145.9
1,145.9
1,145.9
2,145.9
2,145.9
3,145.9
3,145.9
4,145.9
4,145.9
5,145.9
5,145.9
6,145.9
6,145.9
0,145.9
0,145.9
1,145.9
1,145.9
2,145.9
2,145.9
3,145.9
3,145.9
4,145.9
4,145.9
5,145.9
5,145.9
6,145.9
6,145.9
0,145.9
0,145.9
1,145.9
1,145.9
2,145.9
2,145.9
3,145.9
3,145.9
4,145.9
4,145.9
5,145.9
5,145.9
6,145.9
6,145.9
0,145.9
0,145.9
1,145.9
1,145.9
2,145.9
2,145.9
3,145.9
3,145.9
4,145.9
4,145.9
5,145.9
5,145.9
6,145.9
6,145.9
0,145.9
0,145.9
1,145.9
1,145.9
2,145.9
2,145.9
3,145.9
3,145.9
4,145.9
4,145.9
5,145.9
5,145.9
6,145.9
6,145.9
0,145.9
0,145.9
1,145.9
1,145.9
2,145.9
2,145.9
3,145.9
3,152.9
4,152.9
4,152.9
5,152.9
5,152.9
6,152.9
6,152.9
0,152.9
0,152.95
1,152.95
1,152.95
2,152.95
2,152.95
3,152.95
3,150.9
4,150.9
4,150.9
5,150.9
5,150.9
6,150.9
6,150.9
0,149.9
0,148.9
1,147.9
1,147.9
2,147.9
2,147.9
3,147.9
3,147.9
4,147.9
4,147.9
5,147.9
5,147.9
6,147.9
6,147.9
0,147.9
0,147.9
1,147.9
1,147.9
2,147.9
2,147.9
3,147.7
3,146.9
4,146.9
4,146.7
5,146.7
5,146.7
6,146.7
6,146.7
0,146.7
0,143.9
1,143.9
1,143.9
2,143.9
2,143.9
3,142.9
3,142.9
4,142.9
4,142.9
5,142.9
5,142.8
6,142.8
6,141.4
0,141.4
0,139.7
1,139.7
1,138.8
2,138.8
2,151.325
3,151.325
3,151.325
4,151.325
4,151.325
5,151.325
5,151.325
6,151.325
6,151.325
0,151.325
0,151.325
1,163.4
1,163.4
2,163.4
2,163.4
3,163.4
3,163.4
4,161.5
4,161.5
5,161.5
5,161.5
6,161.5
6,161.5
0,161.6
0,160.4333333333333
1,157.7
1,154.63333333333333
2,154.63333333333333
2,151.8
3,151.8
3,151.0666666666667
4,151.0666666666667
4,148.7
5,148.7
5,148.7
6,149.5
6,148.9
0,147.675
0,146.9
1,146.7
1,145.7
2,145.5
2,144.70000000000002
3,144.70000000000002
3,144.0
4,144.0
4,143.2
5,143.2
5,142.2
6,142.2
6,142.2
0,140.7
0,139.82
1,139.82
1,139.0
2,139.0
2,137.8
3,137.8
3,136.8
4,136.8
4,136.8
5,136.8
5,135.7
6,135.7
6,135.7
0,135.7
0,135.7
1,135.7
1,135.7
2,135.7
2,135.7
3,135.7
3,135.7
4,135.7
4,135.7
5,135.7
5,135.7
6,135.7
6,135.7
0,135.7
0,135.7
1,135.7
1,135.7
2,135.7
2,135.7
3,135.7
3,135.7
4,163.9
4,163.9
5,163.9
5,163.9
6,163.9
6,163.9
0,163.9
0,163.9
1,163.9
1,160.9
2,160.9
2,160.9
3,160.9
3,160.9
4,160.9
4,160.9
5,160.9
5,160.9
6,159.9
6,159.9
0,159.9
0,158.7
1,158.7
1,158.7
2,158.7
2,157.82000000000002
3,157.82000000000002
3,155.9
4,155.9
4,155.9
5,155.9
5,155.9
6,155.9
6,155.9
0,155.9
0,155.9
1,155.9
1,154.9
2,154.9
2,149.9
3,149.9
3,146.9
4,146.9
4,143.9
5,143.9
5,143.9
6,143.9
6,143.9
0,142.9
0,142.9
1,142.9
1,142.9
2,142.9
2,141.9
3,141.9
3,141.9
4,141.9
4,140.7
5,140.7
5,140.7
6,139.9
6,138.9
0,138.9
0,138.22500000000002
1,138.22500000000002
1,137.9
2,137.9
2,137.9
3,137.9
3,134.5
4,133.9
4,133.9
5,133.9
5,133.9
6,133.9
6,133.9
0,133.9
0,132.9
1,132.9
1,132.9
2,132.9
2,132.9
3,132.9
3,132.9
4,132.9
4,132.9
5,131.9
5,131.9
6,131.9
6,130.9
0,130.9
0,130.9
1,130.9
1,130.9
2,129.9
2,129.9
3,129.9
3,158.9
4,158.9
4,158.9
5,158.9
5,158.9
6,158.9
6,158.9
0,158.9
0,158.9
1,158.9
1,158.9
2,155.9
2,155.9
3,155.9
3,155.9
4,155.9
4,155.9
5,155.9
5,155.9
6,155.9
6,152.4
0,152.4
0,150.9
1,150.9
1,150.9
2,150.9
2,149.9
3,149.9
3,148.9
4,148.9
4,148.9
5,148.9
5,148.9
6,148.9
6,148.9
0,148.9
0,148.9
1,148.9
1,148.9
2,148.9
2,143.9
3,143.9
3,143.9
4,143.9
4,143.9
5,143.9
5,143.9
6,143.9
6,141.9
0,141.9
0,140.7
1,140.7
1,140.7
2,140.7
2,140.7
3,140.7
3,158.9
4,158.9
4,158.9
5,158.9
5,158.9
6,158.9
6,158.9
0,158.9
0,158.9
1,158.9
1,158.9
2,158.9
2,156.9
3,155.9
3,155.9
4,154.7
4,153.9
5,153.9
5,153.9
6,147.4
6,147.4
0,147.4
0,145.4
1,145.4
1,144.4
2,140.4
2,140.4
3,139.7
3,138.7
4,138.7
4,137.4
5,137.4
5,137.4
6,137.4
6,137.4
0,137.4
0,136.9
1,136.9
1,136.9
2,136.9
2,135.9
3,135.9
3,135.9
4,135.9
4,135.9
5,135.9
5,135.9
6,135.9
6,135.9
0,135.9
0,135.9
1,135.9
1,135.9
2,135.9
2,160.9
3,160.9
3,160.9
4,160.9
4,160.9
5,158.9
5,158.9
6,158.9
6,158.9
0,158.9
0,158.9
1,158.9
1,158.9
2,157.9
2,157.9
3,157.9
3,157.9
4,157.9
4,157.9
5,157.9
5,157.9
6,157.9
6,155.9
0,155.9
0,153.9
1,153.9
1,151.7
2,151.7
2,150.7
3,147.9
3,147.9
4,147.9
4,147.9
5,147.9
5,147.9
6,147.9
6,147.9
0,147.9
0,147.9
1,138.23333333333335
1,138.23333333333335
2,138.23333333333335
2,133.9
3,133.9
3,135.9333333333333
4,136.95
4,136.95
5,136.95
5,129.9
6,135.9
6,135.9
0,135.9
0,135.9
1,135.9
1,131.9
2,131.9
2,131.9
3,130.9
3,130.9
4,130.9
4,130.9
5,130.9
5,132.9
6,132.9
6,132.9
0,132.9
0,131.4
1,131.4
1,131.4
2,131.4
2,131.4
3,131.4
3,150.9
4,150.9
4,150.9
5,150.9
5,150.9
6,150.9
6,150.9
0,150.9
0,150.9
1,150.9
1,148.9
2,148.9
2,148.9
3,148.9
3,148.9
4,148.9
4,148.9
5,148.9
5,148.9
6,148.9
6,145.9
0,145.9
0,145.9
1,145.9
1,145.9
2,145.9
2,142.7
3,142.7
3,140.9
4,139.9
4,139.9
5,139.9
5,138.7
6,138.7
6,138.7
0,138.7
0,138.7
1,138.7
1,137.4
2,136.4
2,136.4
3,135.4
3,135.4
4,135.15
4,135.15
5,134.9
5,134.9
6,134.9
6,134.9
0,134.9
0,134.9
1,134.9
1,134.9
2,134.15
2,134.15
3,132.4
3,132.4
4,132.4
4,132.4
5,132.4
5,132.4
6,132.4
6,132.4
0,132.4
0,132.4
1,159.9
1,159.9
2,156.9
2,156.9
3,153.9
3,153.9
4,153.9
4,151.9
5,151.9
5,151.9
6,151.9
6,151.9
0,151.9
0,151.9
1,151.9
1,150.9
2,149.65
2,149.65
3,146.65
3,146.65
4,144.9
4,144.9
5,144.9
5,144.9
6,144.9
6,144.9
0,144.9
0,144.9
1,144.9
1,144.9
2,144.9
2,144.9
3,144.9
3,144.9
4,144.9
4,144.9
5,144.9
5,144.9
6,144.9
6,144.9
0,143.9
0,143.9
1,143.9
1,143.9
2,143.4
2,140.9
3,140.9
3,140.9
4,154.4
4,161.9
5,161.9
5,161.9
6,161.9
6,161.9
0,161.9
0,161.9
1,161.4
1,159.6
2,159.6
2,157.9
3,157.9
3,157.9
4,157.9
4,157.9
5,157.9
5,157.9
6,157.9
6,155.9
0,154.4
0,151.9
1,151.4
1,151.4
2,150.9
2,150.9
3,150.9
3,148.9
4,148.9
4,146.9
5,146.9
5,146.9
6,146.9
6,146.9
0,144.05
0,140.9
1,140.9
1,140.9
2,140.9
2,139.0
3,137.3
3,137.3
4,135.9
4,135.9
5,135.9
5,135.9
6,135.9
6,135.9
0,135.9
0,134.6
1,134.6
1,134.6
2,134.6
2,134.6
3,134.6
3,133.8
4,133.8
4,133.8
5,161.9
5,161.9
6,161.9
6,161.9
0,161.9
0,161.9
1,161.9
1,159.9
2,158.2
2,158.2
3,158.2
3,158.2
4,156.2
4,152.7
5,152.7
5,152.7
6,152.7
6,152.7
0,151.5
0,151.5
1,150.5
1,150.5
2,148.9
2,148.9
3,148.9
3,147.7
4,146.1
4,146.1
5,145.5
5,144.0
6,144.0
6,143.4
0,143.0
0,141.7
1,140.6
1,140.6
2,140.6
2,140.6
3,140.6
3,140.6
4,140.6
4,163.9
5,163.9
5,163.9
6,163.9
6,163.9
0,163.9
0,163.9
1,163.9
1,161.9
2,158.9
2,158.9
3,158.9
3,158.9
4,158.9
4,158.9
5,158.9
5,156.9
6,156.9
6,156.9
0,156.9
0,155.9
1,155.9
1,155.9
2,155.9
2,154.9
3,154.9
3,153.9
4,153.9
4,152.6
5,151.6
5,151.6
6,151.1
6,151.1
0,149.9
0,146.9
1,146.9
1,144.9
2,144.9
2,144.9
3,144.9
3,142.9
4,142.9
4,142.9
5,142.9
5,142.9
6,142.9
6,168.9
0,168.9
0,168.9
1,168.9
1,166.9
2,166.9
2,165.5
3,165.5
3,165.5
4,165.5
4,165.5
5,161.9
5,161.9
6,161.9
6,161.9
0,161.9
0,161.9
1,161.9
1,161.9
2,161.9
2,161.5
3,160.9
3,159.9
4,159.9
4,159.9
5,158.5
5,158.5
6,158.5
6,158.5
0,157.9
0,157.9
1,157.1
1,157.1
2,157.1
2,155.13333333333333
3,155.13333333333333
3,150.9
4,150.9
4,148.9
5,148.9
5,148.9
6,148.9
6,148.9
0,148.9
0,146.9
1,146.9
1,144.7
2,144.7
2,144.7
3,168.9
3,168.9
4,168.9
4,168.9
5,168.9
5,168.9
6,168.9
6,168.9
0,168.9
0,166.9
1,165.9
1,165.9
2,165.9
2,165.9
3,165.9
3,165.6
4,165.1
4,163.8
5,163.8
5,163.8
6,163.8
6,163.8
0,162.4
0,162.2
1,162.0
1,160.9
2,159.5
2,159.5
3,158.5
3,157.9
4,157.9
4,156.8
5,156.8
5,155.1
6,155.1
6,155.1
0,151.9
0,151.9
1,151.9
1,151.9
2,152.5
2,151.6
3,151.6
3,151.6
4,151.6
4,151.6
5,151.6
5,151.6
6,151.6
6,151.6
0,150.6
0,150.6
1,150.6
1,150.6
2,150.2
2,149.93333333333334
3,149.93333333333334
3,148.9
4,148.9
4,168.9
5,168.9
5,168.9
6,168.9
6,168.9
0,167.9
0,166.4
1,166.4
1,166.4
2,165.6
2,162.6
3,163.6
3,161.9
4,161.9
4,161.9
5,161.9
5,161.9
6,161.9
6,161.9
0,161.9
0,159.7
1,159.7
1,159.1
2,158.9
2,157.9
3,157.9
3,157.9
4,157.9
4,157.9
5,157.9
5,157.9
6,157.9
6,157.9
0,157.6
0,157.2
1,155.2
1,155.2
2,155.2
2,153.2
3,153.2
3,151.9
4,151.9
4,151.9
5,151.9
5,150.4
6,148.9
6,148.9
0,147.04999999999998
0,145.9
1,145.9
1,145.9
2,145.5
2,145.5
3,145.5
3,144.9
4,144.9
4,144.9
5,144.9
5,144.9
6,144.9
6,144.2
0,144.2
0,143.9
1,142.9
1,142.9
2,142.4
2,142.4
3,142.4
3,142.4
4,142.4
4,142.4
5,142.4
5,142.4
6,142.4
6,142.4
0,142.4
0,142.4
1,141.9
1,141.9
2,141.9
2,141.9
3,168.9
3,168.9
4,167.9
4,165.9
5,165.9
5,165.9
6,165.9
6,165.9
0,164.4
0,164.4
1,163.5
1,163.5
2,162.9
2,162.9
3,161.9
3,161.9
4,161.9
4,160.9
5,160.9
5,160.9
6,160.9
6,160.9
0,159.3
0,159.3
1,157.9
1,156.9
2,153.9
2,153.9
3,151.5
3,151.5
4,151.5
4,150.9
5,150.9
5,147.9
6,147.9
6,147.9
0,147.9
0,147.9
1,147.9
1,147.9
2,146.29999999999998
2,146.29999999999998
3,146.29999999999998
3,146.29999999999998
4,143.9
4,143.9
5,143.9
5,143.9
6,142.7
6,142.7
0,142.7
0,142.7
1,168.9
1,168.9
2,168.4
2,166.7
3,166.7
3,166.7
4,165.4
4,165.4
5,162.4
5,162.4
6,162.4
6,161.2
0,161.2
0,161.2
1,161.2
1,160.9
2,160.7
2,159.7
3,159.7
3,159.7
4,154.65
4,154.65
5,154.65
5,152.9
6,152.9
6,152.9
0,152.9
0,152.9
1,152.9
1,152.9
2,152.9
2,152.9
3,152.9
3,152.9
4,152.9
4,152.9
5,152.9
5,150.9
6,150.9
6,150.9
0,150.9
0,150.9
1,150.9
1,150.9
2,150.9
2,150.9
3,150.9
3,150.9
4,171.9
4,171.9
5,171.9
5,171.9
6,171.9
6,171.9
0,170.9
0,170.9
1,169.9
1,169.9
2,169.9
2,169.9
3,169.9
3,169.9
4,168.9
4,168.9
5,168.9
5,168.9
6,168.9
6,168.9
0,166.9
0,166.9
1,165.9
1,165.9
2,165.9
2,165.7
3,164.9
3,164.9
4,163.9
4,163.9
5,163.9
5,163.9
6,163.9
6,163.9
0,163.9
0,163.7
1,163.7
1,163.7
2,163.7
2,163.7
3,175.9
3,175.9
4,175.9
4,175.9
5,175.9
5,175.9
6,175.9
6,175.9
