0,0
0,129.9
1,129.9
1,125.9
2,125.9
2,124.9
3,124.9
3,121.9
4,121.9
4,121.9
5,121.9
5,121.9
6,121.9
6,119.9
0,119.9
0,119.9
1,119.9
1,118.9
2,117.9
2,117.9
3,117.9
3,115.9
4,115.9
4,115.9
5,114.9
5,114.9
6,114.9
6,114.9
0,114.9
0,114.9
1,114.9
1,114.9
2,114.9
2,114.9
3,145.9
3,145.9
4,145.9
4,145.9
5,145.9
5,145.9
6,143.9
6,143.9
0,143.9
0,143.9
1,141.9
1,141.9
2,140.4
2,140.4
3,138.02500000000003
3,135.9
4,135.23333333333332
4,133.9
5,132.9
5,132.9
6,132.9
6,132.9
0,128.9
0,128.9
1,127.9
1,126.9
2,126.9
2,126.9
3,123.9
3,123.9
4,123.9
4,122.9
5,122.9
5,122.9
6,122.9
6,122.9
0,122.9
0,122.9
1,121.9
1,121.9
2,121.9
2,121.9
3,139.23333333333332
3,139.23333333333332
4,147.4
4,147.4
5,147.4
5,147.4
6,144.4
6,144.4
0,141.9
0,141.9
1,141.9
1,140.9
2,138.9
2,138.9
3,138.9
3,136.9
4,136.9
4,136.9
5,134.88333333333333
5,134.88333333333333
6,129.9
6,130.9
0,130.9
0,130.9
1,127.4
1,127.4
2,127.4
2,127.4
3,127.4
3,127.4
4,149.9
4,149.85000000000002
5,149.85000000000002
5,149.85000000000002
6,149.85000000000002
6,149.85000000000002
0,149.4
0,148.9
1,148.9
1,148.9
2,148.9
2,148.9
3,148.9
3,148.9
4,148.9
4,148.9
5,148.9
5,148.9
6,148.9
6,148.9
0,148.9
0,148.9
1,148.9
1,148.9
2,148.9
2,148.9
3,148.9
3,148.9
4,148.9
4,148.9
5,148.9
5,148.9
6,148.9
6,148.9
0,148.9
0,148.9
1,148.9
1,148.9
2,148.9
2,148.9
3,148.9
3,148.9
4,148.9
4,148.9
5,148.9
5,148.9
6,148.9
6,148.9
0,148.9
0,148.9
1,148.9
1,148.9
2,148.9
2,148.9
3,148.9
3,148.9
4,148.9
4,148.9
5,148.9
5,148.9
6,148.9
6,148.9
0,148.9
0,148.9
1,148.9
1,148.9
2,148.9
2,148.9
3,148.9
3,148.9
4,148.9
4,148.9
5,148.9
5,148.9
6,148.9
6,148.9
0,148.9
0,148.9
1,148.9
1,148.9
2,148.9
2,148.9
3,148.9
3,148.9
4,148.9
4,148.9
5,148.9
5,148.9
6,148.9
6,148.9
0,148.9
0,148.9
1,148.9
1,148.9
2,148.9
2,148.9
3,148.9
3,148.9
4,148.9
4,148.9
5,148.9
5,148.9
6,148.9
6,148.9
0,148.9
0,148.9
1,148.9
1,148.9
2,148.9
2,148.9
3,148.9
3,148.9
4,148.9
4,148.9
5,148.9
5,148.9
6,148.9
6,148.9
0,148.9
0,148.9
1,148.9
1,148.9
2,148.9
2,148.9
3,148.9
3,148.9
4,148.9
4,148.9
5,148.9
5,148.9
6,148.9
6,148.9
0,148.9
0,148.9
1,148.9
1,148.9
2,148.9
2,148.9
3,148.9
3,146.15
4,146.15
4,146.15
5,146.15
5,146.15
6,152.85000000000002
6,152.85000000000002
0,152.85000000000002
0,152.85000000000002
1,152.85000000000002
1,152.85000000000002
2,152.85000000000002
2,152.85000000000002
3,152.85000000000002
3,152.85000000000002
4,152.85000000000002
4,152.85000000000002
5,152.85000000000002
5,152.85000000000002
6,152.85000000000002
6,152.85000000000002
0,152.85000000000002
0,152.85000000000002
1,152.85000000000002
1,152.85000000000002
2,152.85000000000002
2,152.85000000000002
3,152.85000000000002
3,152.85000000000002
4,152.85000000000002
4,152.85000000000002
5,152.85000000000002
5,152.85000000000002
6,152.85000000000002
6,152.85000000000002
0,152.85000000000002
0,152.85000000000002
1,152.95
1,152.95
2,152.95
2,152.85000000000002
3,152.85000000000002
3,149.9
4,149.9
4,149.9
5,147.9
5,147.9
6,147.9
6,147.9
0,144.9
0,144.9
1,144.9
1,144.9
2,144.9
2,144.9
3,144.9
3,144.8
4,143.9
4,141.9
5,141.9
5,141.9
6,141.9
6,141.9
0,141.9
0,141.9
1,141.9
1,141.9
2,139.9
2,163.9
3,163.9
3,163.9
4,163.9
4,163.9
5,163.9
5,163.9
6,163.9
6,163.9
0,163.9
0,163.95
1,163.95
1,163.95
2,163.95
2,163.95
3,163.95
3,163.95
4,163.95
4,163.95
5,163.95
5,163.95
6,163.95
6,163.95
0,163.95
0,163.95
1,163.95
1,163.95
2,163.95
2,154.65
3,154.65
3,150.9
4,147.9
4,147.9
5,147.9
5,147.9
6,147.9
6,147.9
0,147.9
0,147.9
1,144.6
1,141.9
2,141.85000000000002
2,141.85000000000002
3,141.85000000000002
3,141.85000000000002
4,139.9
4,139.9
5,139.9
5,139.9
6,139.9
6,139.9
0,137.9
0,137.9
1,138.9
1,137.9
2,137.9
2,137.9
3,137.9
3,137.9
4,137.9
4,137.9
5,137.9
5,134.9
6,134.9
6,134.9
0,134.8
0,134.9
1,134.9
1,134.9
2,134.9
2,134.95
3,134.95
3,134.95
4,134.95
4,134.95
5,134.95
5,134.95
6,134.95
6,134.95
0,134.95
0,134.95
1,134.95
1,134.95
2,134.95
2,134.95
3,134.95
3,134.95
4,163.9
4,163.9
5,163.9
5,163.9
6,163.9
6,163.9
0,163.9
0,163.9
1,163.9
1,163.9
2,163.9
2,162.9
3,162.9
3,160.9
4,160.9
4,160.9
5,160.9
5,160.9
6,160.9
6,160.9
0,157.9
0,157.9
1,157.9
1,152.9
2,152.9
2,150.9
3,150.9
3,150.9
4,150.9
4,150.9
5,150.9
5,150.9
6,150.9
6,150.9
0,150.9
0,150.9
1,147.9
1,147.9
2,142.9
2,142.9
3,142.9
3,141.9
4,141.9
4,140.9
5,140.9
5,140.9
6,139.9
6,139.9
0,138.9
0,138.9
1,138.9
1,138.9
2,137.9
2,137.9
3,137.9
3,137.9
4,137.9
4,136.9
5,136.9
5,136.9
6,136.9
6,136.9
0,136.9
0,136.9
1,136.9
1,135.9
2,135.9
2,134.9
3,134.9
3,134.9
4,134.9
4,134.9
5,134.9
5,134.9
6,134.9
6,134.9
0,134.9
0,133.9
1,133.9
1,132.9
2,132.9
2,132.9
3,132.9
3,132.9
4,132.9
4,131.9
5,131.9
5,131.9
6,131.9
6,131.9
0,131.9
0,130.9
1,130.9
1,130.9
2,130.9
2,130.9
3,130.9
3,130.9
4,130.9
4,130.9
5,130.9
5,158.9
6,158.9
6,158.9
0,158.9
0,158.9
1,158.9
1,157.9
2,157.9
2,155.9
3,155.9
3,155.9
4,155.9
4,155.9
5,155.9
5,155.9
6,155.9
6,151.15
0,148.7
0,148.7
1,147.9
1,146.9
2,146.9
2,146.9
3,145.9
3,144.9
4,144.9
4,144.9
5,144.9
5,144.9
6,144.9
6,144.9
0,141.9
0,140.9
1,140.9
1,140.9
2,140.9
2,140.9
3,140.9
3,138.9
4,138.9
4,138.9
5,138.9
5,138.9
6,138.9
6,138.9
0,136.9
0,136.9
1,158.9
1,158.9
2,158.9
2,158.9
3,158.9
3,158.9
4,158.9
4,158.9
5,158.9
5,158.9
6,158.9
6,158.9
0,158.9
0,158.9
1,158.9
1,158.9
2,158.9
2,158.9
3,156.9
3,152.9
4,152.9
4,147.9
5,147.9
5,147.9
6,147.9
6,147.9
0,144.9
0,141.23333333333332
1,141.23333333333332
1,136.9
2,136.9
2,134.9
3,134.9
3,133.9
4,131.9
4,131.9
5,130.9
5,130.9
6,130.9
6,130.9
0,130.9
0,130.9
1,130.9
1,130.9
2,130.9
2,130.9
3,130.9
3,130.9
4,130.9
4,130.9
5,130.9
5,130.9
6,130.9
6,130.9
0,130.9
0,130.9
1,160.9
1,160.9
2,160.9
2,160.9
3,160.9
3,160.9
4,160.9
4,160.9
5,160.9
5,160.9
6,160.9
6,160.9
0,160.9
0,160.9
1,160.9
1,158.4
2,154.9
2,154.9
3,153.9
3,150.9
4,150.9
4,147.9
5,147.9
5,147.9
6,147.9
6,147.9
0,146.9
0,146.9
1,144.9
1,144.9
2,143.9
2,142.7
3,142.7
3,141.7
4,141.7
4,140.9
5,140.9
5,140.9
6,140.9
6,140.9
0,140.9
0,140.9
1,139.9
1,137.7
2,136.7
2,136.7
3,135.9
3,135.9
4,135.9
4,132.9
5,132.9
5,132.9
6,132.9
6,132.9
0,132.9
0,131.25
1,130.8
1,130.8
2,129.7
2,129.7
3,129.7
3,128.4
4,128.4
4,128.4
5,128.4
5,128.4
6,128.4
6,126.9
0,126.9
0,125.9
1,125.9
1,125.9
2,125.9
2,151.9
3,151.9
3,150.9
4,150.9
4,150.9
5,150.9
5,150.9
6,150.9
6,150.9
0,150.9
0,150.9
1,150.9
1,150.9
2,149.9
2,147.9
3,147.9
3,144.9
4,144.9
4,142.9
5,142.9
5,142.9
6,141.9
6,141.9
0,141.9
0,137.9
1,134.7
1,134.7
2,131.9
2,130.9
3,130.9
3,128.9
4,128.9
4,128.9
5,128.9
5,128.9
6,128.9
6,128.9
0,128.9
0,128.9
1,128.9
1,128.9
2,128.9
2,127.9
3,127.9
3,127.9
4,127.9
4,127.9
5,127.4
5,127.4
6,126.9
6,126.9
0,126.9
0,126.9
1,126.9
1,126.9
2,126.9
2,126.9
3,126.9
3,126.9
4,126.9
4,126.9
5,126.9
5,126.9
6,126.9
6,126.9
0,126.9
0,126.9
1,126.9
1,153.9
2,153.9
2,153.9
3,153.9
3,153.9
4,153.9
4,150.4
5,149.9
5,148.9
6,148.9
6,148.9
0,147.8
0,147.8
1,146.7
1,144.9
2,144.9
2,144.9
3,144.9
3,143.9
4,143.15
4,143.15
5,142.4
5,142.4
6,142.4
6,142.4
0,139.15
0,139.15
1,135.9
1,135.9
2,133.9
2,132.9
3,132.9
3,133.9
4,130.9
4,130.9
5,128.9
5,128.9
6,128.9
6,128.9
0,128.9
0,128.9
1,143.9
1,143.9
2,128.9
2,128.9
3,128.9
3,128.9
4,128.9
4,128.9
5,128.9
5,128.9
6,128.9
6,128.9
0,128.9
0,161.9
1,161.9
1,161.9
2,161.9
2,161.9
3,161.9
3,160.9
4,160.9
4,160.9
5,160.9
5,160.9
6,160.9
6,148.9
0,148.9
0,147.9
1,147.9
1,147.9
2,147.9
2,147.9
3,147.9
3,147.9
4,147.9
4,147.9
5,147.9
5,147.9
6,147.9
6,147.9
0,143.4
0,143.4
1,137.9
1,137.9
2,137.9
2,136.9
3,136.9
3,135.9
4,134.9
4,134.9
5,134.9
5,134.9
6,134.9
6,132.5
0,132.5
0,132.5
1,132.5
1,132.5
2,132.5
2,132.5
3,132.5
3,132.5
4,161.9
4,161.9
5,161.9
5,161.9
6,161.9
6,161.9
0,161.9
0,161.9
1,161.9
1,161.9
2,161.9
2,157.9
3,157.9
3,157.9
4,152.9
4,152.9
5,152.9
5,152.9
6,152.9
6,152.9
0,152.9
0,150.9
1,150.9
1,147.9
2,147.9
2,145.9
3,144.9
3,144.9
4,144.9
4,142.9
5,142.9
5,142.9
6,142.9
6,142.9
0,141.9
0,140.9
1,139.9
1,139.9
2,139.9
2,139.9
3,139.9
3,163.9
4,163.9
4,163.9
5,163.9
5,163.9
6,163.9
6,163.9
0,161.7
0,161.7
1,161.7
1,161.7
2,160.9
2,160.9
3,160.9
3,159.9
4,159.9
4,158.9
5,158.9
5,158.9
6,158.9
6,158.9
0,158.9
0,158.9
1,158.9
1,158.9
2,158.9
2,156.9
3,154.9
3,154.9
4,154.9
4,152.9
5,152.9
5,152.9
6,152.9
6,152.9
0,152.9
0,150.9
1,150.9
1,149.9
2,147.9
2,145.9
3,143.9
3,141.9
4,141.9
4,168.9
5,168.9
5,168.9
6,168.9
6,168.9
0,168.9
0,168.9
1,168.9
1,168.9
2,168.9
2,168.9
3,168.9
3,167.9
4,167.9
4,167.9
5,167.9
5,167.9
6,167.9
6,167.9
0,167.9
0,166.9
1,166.9
1,166.9
2,166.9
2,166.9
3,164.9
3,163.9
4,162.9
4,162.23333333333335
5,162.23333333333335
5,162.23333333333335
6,162.23333333333335
6,162.23333333333335
0,162.23333333333335
0,162.23333333333335
1,162.23333333333335
1,156.4
2,156.4
2,153.4
3,153.4
3,153.4
4,151.5
4,149.5
5,149.5
5,149.5
6,149.5
6,149.5
0,149.5
0,147.3
1,147.3
1,145.7
2,143.9
2,143.9
3,143.9
3,143.9
4,143.9
4,168.9
5,168.9
5,168.9
6,168.9
6,168.9
0,168.9
0,168.9
1,168.9
1,168.9
2,166.9
2,166.9
3,166.9
3,166.9
4,166.9
4,165.9
5,165.9
5,165.9
6,165.9
6,165.9
0,165.9
0,164.9
1,164.9
1,163.9
2,162.9
2,161.9
3,160.9
3,158.9
4,158.9
4,156.9
5,156.9
5,156.9
6,156.9
6,156.9
0,156.9
0,156.9
1,156.9
1,156.9
2,151.9
2,148.9
3,148.9
3,148.9
4,148.9
4,146.9
5,146.9
5,146.9
6,146.9
6,146.9
0,146.9
0,146.9
1,146.9
1,146.9
2,146.9
2,146.9
3,146.9
3,144.9
4,144.9
4,168.9
5,168.9
5,168.9
6,168.9
6,168.9
0,168.9
0,168.9
1,168.9
1,168.9
2,168.9
2,168.9
3,167.9
3,166.9
4,166.9
4,166.9
5,166.9
5,166.9
6,166.9
6,166.9
0,166.9
0,163.4
1,163.4
1,159.9
2,158.9
2,156.9
3,156.9
3,154.9
4,153.9
4,152.9
5,152.9
5,152.9
6,152.9
6,144.9
0,144.9
0,144.9
1,143.9
1,143.9
2,143.9
2,143.9
3,143.9
3,142.9
4,141.9
4,141.9
5,141.9
5,141.9
6,141.9
6,141.9
0,141.9
0,141.9
1,141.9
1,141.9
2,141.9
2,141.9
3,141.9
3,141.9
4,141.9
4,141.9
5,141.9
5,141.9
6,141.9
6,141.9
0,141.5
0,141.5
1,141.5
1,141.5
2,140.9
2,140.9
3,140.9
3,140.9
4,140.9
4,140.9
5,140.9
5,140.9
6,140.9
6,140.9
0,140.9
0,140.9
1,168.9
1,168.9
2,168.9
2,168.9
3,168.9
3,168.9
4,167.9
4,167.9
5,167.9
5,167.9
6,167.9
6,167.9
0,166.9
0,166.9
1,166.9
1,166.9
2,166.9
2,165.9
3,164.9
3,164.9
4,164.9
4,164.9
5,162.9
5,162.9
6,162.9
6,162.9
0,162.9
0,160.9
1,158.4
1,158.4
2,155.9
2,154.9
3,152.9
3,150.9
4,148.9
4,147.9
5,147.9
5,147.9
6,147.9
6,147.9
0,145.23333333333335
0,142.5666666666667
1,142.5666666666667
1,142.5666666666667
2,142.5666666666667
2,142.5666666666667
3,142.5666666666667
3,140.9
4,140.9
4,168.9
5,168.9
5,168.9
6,168.9
6,168.9
0,168.9
0,168.9
1,168.9
1,168.9
2,168.9
2,168.9
3,168.9
3,168.9
4,167.9
4,167.9
5,167.9
5,167.9
6,167.9
6,167.9
0,165.9
0,163.9
1,161.9
1,160.9
2,160.9
2,159.9
3,159.9
3,159.9
4,150.7
4,150.7
5,150.7
5,150.7
6,150.7
6,149.9
0,147.9
0,147.9
1,147.9
1,147.9
2,147.9
2,144.9
3,144.9
3,144.9
4,144.9
4,144.9
5,144.9
5,144.9
6,144.9
6,144.9
0,144.9
0,144.9
1,144.9
1,144.9
2,144.9
2,144.9
3,144.9
3,171.9
4,171.9
4,171.9
5,171.9
5,171.9
6,171.9
6,171.9
0,170.9
0,170.9
1,170.9
1,170.9
2,168.9
2,168.9
3,167.9
3,166.9
4,166.9
4,165.9
5,165.9
5,165.9
6,165.9
6,165.9
0,162.9
0,162.9
1,162.9
1,161.9
2,161.9
2,161.9
3,161.9
3,160.9
4,158.9
4,157.9
5,157.9
5,157.9
6,156.4
6,156.4
0,156.4
0,156.4
1,154.9
1,154.9
2,154.9
2,154.9
3,175.9
3,175.9
4,175.9
4,175.9
5,175.9
5,175.9
6,175.9
6,175.9
