0,142.9
0,142.9
1,142.9
1,142.9
2,142.9
2,142.9
3,142.9
3,142.9
4,142.9
4,142.9
5,142.9
5,142.9
6,142.9
6,142.9
0,142.9
0,142.9
1,142.9
1,142.9
2,142.9
2,142.9
3,138.9
3,138.9
4,138.9
4,138.9
5,138.9
5,138.9
6,138.9
6,138.9
0,138.9
0,138.9
1,138.9
1,138.9
2,138.9
2,138.9
3,138.8
3,138.9
4,138.9
4,138.9
5,138.9
5,138.9
6,138.9
6,138.9
0,138.9
0,138.9
1,138.9
1,138.9
2,138.9
2,138.9
3,129.9
3,129.9
4,129.9
4,129.9
5,129.9
5,129.9
6,129.9
6,129.9
0,129.9
0,129.9
1,129.9
1,129.9
2,129.9
2,129.9
3,129.9
3,129.9
4,129.9
4,129.9
5,129.9
5,129.9
6,129.9
6,129.9
0,129.9
0,129.9
1,129.9
1,129.8
2,129.9
2,129.9
3,129.9
3,129.9
4,129.9
4,129.9
5,129.9
5,129.9
6,129.9
6,129.9
0,129.9
0,129.9
1,129.9
1,129.9
2,125.9
2,129.9
3,129.9
3,129.9
4,129.9
4,129.9
5,129.9
5,129.9
6,129.9
6,129.9
0,129.9
0,129.9
1,129.9
1,129.9
2,129.9
2,129.9
3,129.9
3,129.9
4,129.9
4,129.9
5,129.9
5,129.9
6,129.9
6,129.9
0,129.9
0,129.9
1,129.9
1,129.9
2,129.9
2,129.9
3,129.9
3,129.9
4,129.9
4,129.9
5,129.9
5,129.9
6,129.9
6,129.9
0,129.9
0,129.9
1,129.9
1,129.9
2,129.9
2,129.9
3,129.9
3,129.9
4,129.9
4,129.9
5,129.9
5,129.9
6,129.9
6,129.9
0,129.9
0,129.9
1,129.9
1,129.9
2,129.9
2,129.9
3,129.9
3,129.9
4,129.9
4,129.9
5,129.9
5,129.9
6,129.9
6,129.9
0,129.9
0,129.9
1,129.9
1,129.9
2,129.9
2,129.9
3,129.9
3,129.9
4,129.9
4,129.9
5,129.9
5,129.9
6,129.9
6,129.9
0,129.9
0,129.9
1,129.9
1,129.9
2,129.9
2,129.9
3,129.9
3,129.9
4,129.9
4,129.9
5,129.9
5,129.9
6,129.9
6,129.9
0,129.9
0,129.9
1,129.9
1,129.9
2,129.9
2,129.9
3,129.9
3,129.9
4,129.9
4,129.9
5,129.9
5,129.9
6,129.9
6,129.9
0,129.9
0,129.9
1,129.9
1,129.9
2,129.9
2,129.9
3,129.9
3,129.9
4,129.9
4,129.9
5,129.9
5,129.9
6,129.9
6,129.9
0,129.9
0,129.9
1,129.9
1,129.9
2,129.9
2,129.9
3,129.9
3,129.9
4,129.9
4,129.9
5,129.9
5,129.9
6,129.9
6,129.9
0,129.9
0,129.9
1,129.9
1,129.9
2,129.9
2,129.9
3,129.9
3,129.9
4,129.9
4,129.9
5,129.9
5,129.9
6,129.9
6,129.9
0,129.9
0,129.9
1,129.9
1,129.9
2,129.9
2,129.9
3,129.9
3,129.9
4,129.9
4,129.9
5,129.9
5,129.9
6,129.9
6,129.9
0,129.9
0,129.9
1,129.9
1,129.9
2,129.9
2,129.9
3,129.9
3,129.9
4,129.9
4,129.9
5,129.9
5,129.9
6,129.9
6,129.9
0,129.9
0,129.9
1,129.9
1,129.9
2,129.9
2,129.9
3,129.9
3,129.9
4,129.9
4,129.9
5,129.9
5,155.35000000000002
6,155.35000000000002
6,155.35000000000002
0,148.9
0,148.9
1,148.9
1,148.9
2,148.9
2,148.9
3,148.9
3,148.9
4,148.9
4,148.9
5,148.9
5,148.9
6,148.9
6,148.9
0,148.9
0,148.9
1,148.9
1,148.9
2,148.9
2,148.9
3,148.9
3,148.9
4,148.9
4,148.9
5,148.9
5,148.9
6,148.9
6,148.9
0,148.9
0,148.9
1,148.9
1,148.9
2,148.9
2,148.9
3,148.9
3,148.9
4,148.9
4,148.9
5,148.9
5,148.9
6,148.9
6,148.9
0,165.9
0,157.4
1,157.4
1,157.4
2,157.4
2,165.4
3,165.4
3,165.4
4,165.4
4,165.4
5,165.4
5,165.4
6,165.4
6,165.4
0,165.4
0,165.4
1,165.4
1,165.4
2,165.4
2,165.4
3,165.4
3,165.4
4,165.4
4,165.4
5,165.4
5,165.4
6,165.4
6,165.4
0,165.4
0,160.65
1,160.65
1,160.65
2,160.65
2,160.65
3,160.65
3,160.65
4,160.65
4,160.65
5,160.65
5,160.65
6,160.65
6,160.65
0,160.65
0,160.65
1,160.65
1,160.65
2,160.65
2,160.65
3,160.65
3,160.65
4,160.65
4,160.65
5,160.65
5,160.65
6,160.65
6,160.65
0,160.65
0,160.65
1,160.65
1,160.65
2,160.65
2,160.65
3,160.65
3,160.65
4,160.65
4,160.65
5,160.65
5,160.65
6,160.65
6,160.65
0,160.65
0,160.65
1,160.65
1,160.65
2,160.65
2,160.65
3,160.65
3,160.65
4,160.65
4,160.65
5,160.65
5,160.65
6,160.65
6,160.65
0,160.65
0,160.65
1,160.65
1,160.65
2,160.65
2,160.65
3,160.65
3,160.65
4,160.65
4,160.65
5,160.65
5,160.65
6,160.65
6,160.65
0,160.65
0,160.65
1,160.65
1,160.65
2,160.65
2,160.65
3,160.65
3,160.65
4,160.65
4,160.65
5,160.65
5,160.65
6,160.65
6,160.65
0,160.65
0,160.65
1,160.65
1,162.4
2,162.4
2,162.4
3,162.4
3,162.4
4,162.4
4,162.4
5,162.4
5,162.4
6,162.4
6,158.9
0,158.9
0,158.9
1,158.9
1,158.9
2,158.9
2,158.9
3,158.9
3,158.9
4,158.9
4,158.9
5,158.9
5,158.9
6,158.9
6,158.9
0,158.9
0,158.9
1,158.9
1,158.9
2,158.9
2,158.9
3,158.9
3,156.9
4,155.5666666666667
4,155.5666666666667
5,155.5666666666667
5,155.5666666666667
6,155.5666666666667
6,155.5666666666667
0,155.5666666666667
0,155.5666666666667
1,155.5666666666667
1,155.5666666666667
2,155.5666666666667
2,155.5666666666667
3,155.5666666666667
3,155.5666666666667
4,155.5666666666667
4,155.5666666666667
5,155.5666666666667
5,155.5666666666667
6,155.5666666666667
6,155.5666666666667
0,155.5666666666667
0,155.5666666666667
1,155.5666666666667
1,155.5666666666667
2,155.5666666666667
2,155.5666666666667
3,155.5666666666667
3,155.5666666666667
4,155.5666666666667
4,155.5666666666667
5,155.5666666666667
5,155.5666666666667
6,155.5666666666667
6,155.5666666666667
0,155.5666666666667
0,155.5666666666667
1,155.5666666666667
1,155.5666666666667
2,155.5666666666667
2,155.5666666666667
3,155.5666666666667
3,155.5666666666667
4,155.5666666666667
4,155.5666666666667
5,155.5666666666667
5,155.5666666666667
6,155.5666666666667
6,155.5666666666667
0,155.5666666666667
0,155.5666666666667
1,155.5666666666667
1,155.5666666666667
2,155.5666666666667
2,155.5666666666667
3,155.5666666666667
3,155.5666666666667
4,155.5666666666667
4,155.5666666666667
5,155.5666666666667
5,155.5666666666667
6,155.5666666666667
6,155.5666666666667
0,155.5666666666667
0,155.5666666666667
1,155.5666666666667
1,155.5666666666667
2,155.5666666666667
2,155.5666666666667
3,155.5666666666667
3,155.5666666666667
4,155.5666666666667
4,155.5666666666667
5,155.5666666666667
5,155.5666666666667
6,155.5666666666667
6,155.5666666666667
0,155.5666666666667
0,155.5666666666667
1,155.5666666666667
1,155.5666666666667
2,155.5666666666667
2,155.5666666666667
3,155.5666666666667
3,155.5666666666667
4,155.5666666666667
4,155.5666666666667
5,155.5666666666667
5,155.5666666666667
6,155.5666666666667
6,155.5666666666667
0,155.5666666666667
0,155.5666666666667
1,155.5666666666667
1,155.5666666666667
2,155.5666666666667
2,155.5666666666667
3,155.5666666666667
3,155.5666666666667
4,155.5666666666667
4,155.5666666666667
5,155.5666666666667
5,155.5666666666667
6,155.5666666666667
6,155.5666666666667
0,155.5666666666667
0,155.5666666666667
1,155.5666666666667
1,155.5666666666667
2,155.5666666666667
2,155.5666666666667
3,155.5666666666667
3,155.5666666666667
4,155.5666666666667
4,155.5666666666667
5,155.5666666666667
5,155.5666666666667
6,155.5666666666667
6,155.5666666666667
0,155.5666666666667
0,155.5666666666667
1,155.5666666666667
1,155.5666666666667
2,155.5666666666667
2,155.5666666666667
3,155.5666666666667
3,155.5666666666667
4,155.5666666666667
4,155.5666666666667
5,155.5666666666667
5,155.5666666666667
6,155.5666666666667
6,155.5666666666667
0,155.5666666666667
0,155.5666666666667
1,155.5666666666667
1,155.5666666666667
2,155.5666666666667
2,155.5666666666667
3,155.5666666666667
3,155.5666666666667
4,155.5666666666667
4,155.5666666666667
5,155.5666666666667
5,155.5666666666667
6,155.5666666666667
6,155.5666666666667
0,155.5666666666667
0,155.5666666666667
1,155.5666666666667
1,155.5666666666667
2,155.5666666666667
2,155.5666666666667
3,155.5666666666667
3,155.5666666666667
4,155.5666666666667
4,155.5666666666667
5,155.5666666666667
5,155.5666666666667
6,155.5666666666667
6,155.5666666666667
0,155.5666666666667
0,155.5666666666667
1,155.5666666666667
1,155.5666666666667
2,155.5666666666667
2,155.5666666666667
3,155.5666666666667
3,155.5666666666667
4,155.5666666666667
4,155.5666666666667
5,155.5666666666667
5,155.5666666666667
6,155.5666666666667
6,155.5666666666667
0,155.5666666666667
0,155.5666666666667
1,155.5666666666667
1,155.5666666666667
2,155.5666666666667
2,155.5666666666667
3,155.5666666666667
3,155.5666666666667
4,155.5666666666667
4,155.5666666666667
5,155.5666666666667
5,155.5666666666667
6,155.5666666666667
6,155.5666666666667
0,155.5666666666667
0,155.5666666666667
1,155.5666666666667
1,155.5666666666667
2,155.5666666666667
2,155.5666666666667
3,155.5666666666667
3,155.5666666666667
4,155.5666666666667
4,155.5666666666667
5,155.5666666666667
5,155.5666666666667
6,155.5666666666667
6,155.5666666666667
0,155.5666666666667
0,155.5666666666667
1,155.5666666666667
1,155.5666666666667
2,155.5666666666667
2,155.5666666666667
3,155.5666666666667
3,155.5666666666667
4,155.5666666666667
4,155.5666666666667
5,155.5666666666667
5,155.5666666666667
6,155.5666666666667
6,155.5666666666667
0,155.5666666666667
0,155.5666666666667
1,155.5666666666667
1,155.5666666666667
2,155.5666666666667
2,155.5666666666667
3,155.5666666666667
3,155.5666666666667
4,155.5666666666667
4,155.5666666666667
5,155.5666666666667
5,155.5666666666667
6,155.5666666666667
6,155.5666666666667
0,155.5666666666667
0,155.5666666666667
1,155.5666666666667
1,155.5666666666667
2,155.5666666666667
2,155.5666666666667
3,155.5666666666667
3,155.5666666666667
4,155.5666666666667
4,155.5666666666667
5,155.5666666666667
5,155.5666666666667
6,154.9
6,154.9
0,154.9
0,154.9
1,154.9
1,154.9
2,154.9
2,154.9
3,154.9
3,154.9
4,154.9
4,154.9
5,154.9
5,154.9
6,154.9
6,154.9
0,154.9
0,154.9
1,154.9
1,154.9
2,154.9
2,154.9
3,154.9
3,154.9
4,154.9
4,154.9
5,154.9
5,154.9
6,154.9
6,154.9
0,154.9
0,154.9
1,154.9
1,154.9
2,154.9
2,154.9
3,154.9
3,154.9
4,154.9
4,154.9
5,154.9
5,154.9
6,154.9
6,154.9
0,154.9
0,154.9
1,154.9
1,154.9
2,154.9
2,154.9
3,154.9
3,154.9
4,154.9
4,154.9
5,154.9
5,154.9
6,154.9
6,154.9
0,154.9
0,154.9
1,154.9
1,154.9
2,154.9
2,154.9
3,154.9
3,154.9
4,154.9
4,154.9
5,154.9
5,154.9
6,154.9
6,154.9
0,154.9
0,154.9
1,154.9
1,154.9
2,154.9
2,154.9
3,154.9
3,154.9
4,154.9
4,154.9
5,154.9
5,154.9
6,154.9
6,154.9
0,154.9
0,154.9
1,154.9
1,154.9
2,154.9
2,154.9
3,154.9
3,154.9
4,154.9
4,154.9
5,154.9
5,154.9
6,154.9
6,154.9
0,154.9
0,154.9
1,154.9
1,154.9
2,154.9
2,154.9
3,154.9
3,154.9
4,154.9
4,154.9
5,154.9
5,154.9
6,154.9
6,154.9
0,154.9
0,154.9
1,154.9
1,154.9
2,154.9
2,154.9
3,154.9
3,154.9
4,154.9
4,154.9
5,154.9
5,154.9
6,154.9
6,154.9
0,154.9
0,154.9
1,154.9
1,154.9
2,154.9
2,154.9
3,154.9
3,154.9
4,154.9
4,154.9
5,154.9
5,154.9
6,154.9
6,154.9
0,154.9
0,154.9
1,154.9
1,154.9
2,154.9
2,154.9
3,154.9
3,154.9
4,154.9
4,154.9
5,154.9
5,154.9
6,154.9
6,154.9
0,154.9
0,154.9
1,154.9
1,154.9
2,154.9
2,154.9
3,154.9
3,154.9
4,154.9
4,154.9
5,154.9
5,154.9
6,154.9
6,154.9
0,154.9
0,154.9
1,154.9
1,154.9
2,154.9
2,154.9
3,154.9
3,154.9
4,154.9
4,154.9
5,154.9
5,154.9
6,154.9
6,154.9
0,154.9
0,154.9
1,154.9
1,154.9
2,154.9
2,160.4
3,160.4
3,160.4
4,160.4
4,154.9
5,154.9
5,154.9
6,154.9
6,154.9
0,154.9
0,154.9
1,154.9
1,154.9
2,154.9
2,154.9
3,154.9
3,154.9
4,154.9
4,154.9
5,154.9
5,154.9
6,154.9
6,154.9
0,154.9
0,154.9
1,154.9
1,154.9
2,154.9
2,154.9
3,154.9
3,154.9
4,154.9
4,154.9
5,154.9
5,154.9
6,154.9
6,154.9
0,154.9
0,154.9
1,154.9
1,154.9
2,154.9
2,154.9
3,154.9
3,154.9
4,154.9
4,154.9
5,154.9
5,154.9
6,154.9
6,154.9
0,154.9
0,154.9
1,154.9
1,154.9
2,154.9
2,154.9
3,154.9
3,154.9
4,154.9
4,154.9
5,154.9
5,154.9
6,154.9
6,154.9
0,154.9
0,154.9
1,154.9
1,154.9
2,154.9
2,154.9
3,154.9
3,154.9
4,154.9
4,154.9
5,154.9
5,154.9
6,154.9
6,154.9
0,154.9
0,154.9
1,154.9
1,154.9
2,154.9
2,154.9
3,154.9
3,154.9
4,154.9
4,154.9
5,154.9
5,154.9
6,154.9
6,154.9
0,154.9
0,154.9
1,154.9
1,154.9
2,154.9
2,154.9
3,154.9
3,154.9
4,154.9
4,154.9
5,154.9
5,154.9
6,154.9
6,154.9
0,154.9
0,154.9
1,154.9
1,154.9
2,154.9
2,154.9
3,154.9
3,154.9
4,154.9
4,154.9
5,154.9
5,154.9
6,154.9
6,154.9
0,154.9
0,154.9
1,154.9
1,154.9
2,154.9
2,154.9
3,154.9
3,154.9
4,154.9
4,154.9
5,154.9
5,154.9
6,154.9
6,154.9
0,154.9
0,154.9
1,154.9
1,154.9
2,154.9
2,154.9
3,154.9
3,154.9
4,154.9
4,154.9
5,154.9
5,154.9
6,154.9
6,154.9
0,154.9
0,154.9
1,154.9
1,154.9
2,160.4
2,160.4
3,160.4
3,160.4
4,160.4
4,160.4
5,160.4
5,160.4
6,160.4
6,160.4
0,160.4
0,160.4
1,160.4
1,160.4
2,160.4
2,160.4
3,160.4
3,160.4
4,160.4
4,160.4
5,160.4
5,160.4
6,160.4
6,160.4
0,160.4
0,160.4
1,160.4
1,160.4
2,160.4
2,160.4
3,160.4
3,160.4
4,160.4
4,160.4
5,160.4
5,160.4
6,160.4
6,160.4
0,160.4
0,160.4
1,160.4
1,160.4
2,160.4
2,160.4
3,160.4
3,160.4
4,160.4
4,160.4
5,160.4
5,160.4
6,160.4
6,160.4
0,160.4
0,160.4
1,160.4
1,160.4
2,160.4
2,160.4
3,160.4
3,160.4
4,160.4
4,160.4
5,160.4
5,160.4
6,160.4
6,160.4
0,160.4
0,160.4
1,160.4
1,160.4
2,160.4
2,160.4
3,160.4
3,160.4
4,160.4
4,160.4
5,160.4
5,160.4
6,160.4
6,160.4
0,160.4
0,160.4
1,160.4
1,160.4
2,160.4
2,160.4
3,160.4
3,160.4
4,160.4
4,160.4
5,160.4
5,160.4
6,160.4
6,160.4
0,160.4
0,159.7
1,159.7
1,159.7
2,159.7
2,159.7
3,159.7
3,159.7
4,159.7
4,157.7
5,157.7
5,157.7
6,157.7
6,157.7
0,157.7
0,157.7
1,157.7
1,157.7
2,157.7
2,157.7
3,157.7
3,157.7
4,157.7
4,157.7
5,157.7
5,157.7
6,157.7
6,157.7
0,157.7
0,157.7
1,157.7
1,157.7
2,157.7
2,157.7
3,160.4
3,160.4
4,160.4
4,160.4
5,160.4
5,160.4
6,160.4
6,160.4
0,160.4
0,160.4
1,160.4
1,160.4
2,160.4
2,160.4
3,160.4
3,160.4
4,160.4
4,160.4
5,160.4
5,160.4
6,160.4
6,160.4
0,160.4
0,160.4
1,160.4
1,160.4
2,160.4
2,160.4
3,160.4
3,160.4
4,160.4
4,160.4
5,160.4
5,160.4
6,160.4
6,160.4
0,160.4
0,160.4
1,160.4
1,160.4
2,160.4
2,160.4
3,160.4
3,160.4
4,160.4
4,160.4
5,160.4
5,160.4
6,160.4
6,160.4
0,162.9
0,162.9
1,162.9
1,162.9
2,162.9
2,170.9
3,170.9
3,170.9
4,170.9
4,170.9
5,170.9
5,170.9
6,170.9
6,170.9
0,170.9
0,170.9
1,170.9
1,170.9
2,170.9
2,170.4
3,170.4
3,170.4
4,170.4
4,170.4
5,170.4
5,170.4
6,170.4
6,170.4
0,170.4
0,170.4
1,170.4
1,170.4
2,170.4
2,170.4
3,170.4
3,170.4
4,170.4
4,170.4
5,170.4
5,170.4
6,170.4
6,170.4
