0,0
0,0
1,125.9
1,125.9
2,125.9
2,125.9
3,125.9
3,125.9
4,123.9
4,123.9
5,123.9
5,123.9
6,123.9
6,123.9
0,122.9
0,122.9
1,122.9
1,122.9
2,122.9
2,122.9
3,122.9
3,122.9
4,122.9
4,122.9
5,121.9
5,121.9
6,121.9
6,121.9
0,121.9
0,121.9
1,121.9
1,121.9
2,119.9
2,119.9
3,116.9
3,116.9
4,116.9
4,116.9
5,116.9
5,116.9
6,116.9
6,116.9
0,116.9
0,116.9
1,116.9
1,116.9
2,116.9
2,116.9
3,116.9
3,116.9
4,116.9
4,116.9
5,116.9
5,116.9
6,116.9
6,116.9
0,116.9
0,116.9
1,116.9
1,116.9
2,116.9
2,116.9
3,116.9
3,116.9
4,116.9
4,116.9
5,116.9
5,116.9
6,119.9
6,119.9
0,119.9
0,119.9
1,119.9
1,119.9
2,119.9
2,119.9
3,119.95
3,119.95
4,148.4
4,148.4
5,148.4
5,148.4
6,148.4
6,148.4
0,119.9
0,119.9
1,119.9
1,119.9
2,119.9
2,119.9
3,119.9
3,119.9
4,119.9
4,119.9
5,119.9
5,119.9
6,119.9
6,119.9
0,119.9
0,119.9
1,119.9
1,119.9
2,119.9
2,119.9
3,119.9
3,119.9
4,119.9
4,119.9
5,119.9
5,119.9
6,119.9
6,119.9
0,119.9
0,119.9
1,119.9
1,119.9
2,119.9
2,119.9
3,119.9
3,119.9
4,119.9
4,119.9
5,119.9
5,119.9
6,119.9
6,119.9
0,119.9
0,119.9
1,119.9
1,119.9
2,119.9
2,119.9
3,119.9
3,119.9
4,119.9
4,119.9
5,119.9
5,119.9
6,119.9
6,119.9
0,119.9
0,119.9
1,119.9
1,119.9
2,119.9
2,119.9
3,119.9
3,119.9
4,119.9
4,119.9
5,119.9
5,119.9
6,119.9
6,119.9
0,119.9
0,119.9
1,119.9
1,119.9
2,119.9
2,119.9
3,119.9
3,119.9
4,119.9
4,119.9
5,119.9
5,119.9
6,119.9
6,119.9
0,119.9
0,119.9
1,119.9
1,119.9
2,119.9
2,119.9
3,119.9
3,119.9
4,119.9
4,119.9
5,119.9
5,119.9
6,119.9
6,119.9
0,119.9
0,119.9
1,119.9
1,119.9
2,119.9
2,119.9
3,119.9
3,119.9
4,119.9
4,119.9
5,119.9
5,119.9
6,119.9
6,119.9
0,119.9
0,119.9
1,119.9
1,119.9
2,119.9
2,119.9
3,119.9
3,119.9
4,119.9
4,119.9
5,119.9
5,119.9
6,119.9
6,119.9
0,119.9
0,119.9
1,119.9
1,119.9
2,119.9
2,119.9
3,119.9
3,119.9
4,119.9
4,119.9
5,119.9
5,119.9
6,119.9
6,119.9
0,119.9
0,119.9
1,119.9
1,119.9
2,119.9
2,119.9
3,119.9
3,119.9
4,119.9
4,119.9
5,119.9
5,119.9
6,119.9
6,119.9
0,119.9
0,119.9
1,119.9
1,119.9
2,119.9
2,119.9
3,119.9
3,119.9
4,119.9
4,147.0
5,147.0
5,147.0
6,147.0
6,147.0
0,147.0
0,147.0
1,147.0
1,147.0
2,147.0
2,147.0
3,147.0
3,147.0
4,147.0
4,147.0
5,147.0
5,147.0
6,146.95
6,146.95
0,146.95
0,146.95
1,146.95
1,146.95
2,146.95
2,146.95
3,146.95
3,146.95
4,146.95
4,146.95
5,146.95
5,146.95
6,146.95
6,146.95
0,146.95
0,146.95
1,146.95
1,146.95
2,146.95
2,146.95
3,146.95
3,146.95
4,146.95
4,146.95
5,146.95
5,146.95
6,146.95
6,146.95
0,146.95
0,146.95
1,146.95
1,146.95
2,146.95
2,146.95
3,146.95
3,146.95
4,146.85000000000002
4,146.85000000000002
5,146.85000000000002
5,146.85000000000002
6,146.85000000000002
6,146.85000000000002
0,146.85000000000002
0,146.85000000000002
1,146.85000000000002
1,146.85000000000002
2,146.85000000000002
2,146.85000000000002
3,146.85000000000002
3,146.85000000000002
4,146.85000000000002
4,146.85000000000002
5,146.85000000000002
5,146.85000000000002
6,146.85000000000002
6,146.85000000000002
0,146.85000000000002
0,154.4
1,154.4
1,154.4
2,165.95
2,162.9
3,162.9
3,162.9
4,161.9
4,161.9
5,161.9
5,161.9
6,161.9
6,161.9
0,161.9
0,161.9
1,161.9
1,161.9
2,161.9
2,161.9
3,161.9
3,160.9
4,160.9
4,160.9
5,160.9
5,160.9
6,160.9
6,160.9
0,160.9
0,160.9
1,160.95
1,158.9
2,158.9
2,158.9
3,158.9
3,158.9
4,158.9
4,158.9
5,158.9
5,158.95
6,158.95
6,158.95
0,158.95
0,158.95
1,158.95
1,139.5
2,159.5
2,159.5
3,159.5
3,158.55
4,158.55
4,158.55
5,158.55
5,158.55
6,158.55
6,158.55
0,158.55
0,158.55
1,158.55
1,158.55
2,158.55
2,158.55
3,158.55
3,158.55
4,158.55
4,158.55
5,158.55
5,158.55
6,158.55
6,158.55
0,158.55
0,158.55
1,158.55
1,158.55
2,158.55
2,158.55
3,158.55
3,158.55
4,158.55
4,158.55
5,158.55
5,158.55
6,158.55
6,158.55
0,158.55
0,158.55
1,158.55
1,158.55
2,158.55
2,158.55
3,158.55
3,158.55
4,158.55
4,158.55
5,158.55
5,158.55
6,158.55
6,158.55
0,158.55
0,158.55
1,158.55
1,158.55
2,158.55
2,158.55
3,158.55
3,158.55
4,158.55
4,146.9
5,146.9
5,146.9
6,146.9
6,146.9
0,146.9
0,146.9
1,146.9
1,146.9
2,146.9
2,146.9
3,146.9
3,146.9
4,146.9
4,145.7
5,145.7
5,145.7
6,145.7
6,145.7
0,145.7
0,145.7
1,145.7
1,145.7
2,145.7
2,145.7
3,145.7
3,145.7
4,145.7
4,145.7
5,145.7
5,145.7
6,145.7
6,145.7
0,145.7
0,145.7
1,145.7
1,145.7
2,145.7
2,145.7
3,145.7
3,145.7
4,145.7
4,145.7
5,145.7
5,145.7
6,145.7
6,145.7
0,145.7
0,145.7
1,145.7
1,145.7
2,145.7
2,145.7
3,144.23333333333335
3,144.23333333333335
4,144.23333333333335
4,144.23333333333335
5,144.23333333333335
5,144.23333333333335
6,144.23333333333335
6,144.23333333333335
0,135.9
0,135.9
1,135.9
1,135.9
2,134.9
2,134.9
3,134.9
3,134.9
4,134.9
4,134.9
5,134.9
5,134.9
6,134.9
6,134.9
0,134.9
0,134.9
1,134.9
1,158.9
2,158.9
2,158.9
3,158.9
3,134.9
4,134.9
4,134.9
5,134.9
5,134.9
6,134.9
6,134.9
0,134.9
0,134.9
1,134.9
1,134.9
2,134.9
2,134.9
3,134.9
3,134.9
4,134.9
4,134.9
5,134.9
5,134.9
6,134.9
6,134.9
0,134.9
0,134.9
1,134.9
1,134.9
2,134.9
2,140.9
3,158.9
3,158.9
4,158.9
4,158.9
5,158.9
5,158.9
6,158.9
6,158.9
0,158.9
0,158.9
1,158.9
1,158.9
2,158.9
2,158.9
3,158.9
3,154.9
4,154.9
4,154.9
5,154.9
5,154.9
6,154.9
6,154.9
0,154.9
0,152.9
1,152.9
1,152.9
2,152.9
2,152.9
3,152.9
3,152.9
4,152.9
4,152.9
5,152.9
5,152.9
6,152.9
6,152.9
0,152.9
0,152.9
1,152.9
1,152.9
2,152.9
2,152.9
3,152.9
3,152.9
4,152.9
4,152.9
5,152.9
5,152.9
6,152.9
6,152.9
0,152.9
0,152.9
1,148.9
1,148.9
2,148.9
2,139.4
3,139.4
3,139.4
4,139.4
4,139.4
5,139.4
5,139.4
6,139.4
6,139.4
0,139.4
0,139.4
1,139.4
1,139.4
2,139.4
2,139.4
3,139.4
3,139.4
4,139.4
4,139.4
5,139.4
5,139.4
6,139.4
6,139.4
0,139.4
0,139.4
1,139.4
1,139.4
2,139.4
2,136.9
3,136.9
3,136.9
4,136.9
4,136.9
5,136.9
5,136.9
6,136.9
6,136.9
0,136.9
0,136.9
1,136.9
1,136.9
2,136.9
2,136.9
3,136.9
3,136.9
4,136.9
4,136.9
5,136.9
5,136.9
6,136.9
6,136.9
0,136.9
0,136.9
1,136.9
1,136.9
2,136.9
2,136.9
3,136.9
3,136.9
4,135.7
4,134.2
5,131.7
5,130.5
6,130.5
6,130.5
0,130.5
0,130.5
1,130.5
1,130.5
2,130.5
2,130.45
3,130.45
3,130.45
4,130.45
4,130.4
5,130.4
5,130.4
6,130.4
6,130.4
0,130.4
0,130.4
1,130.4
1,130.4
2,130.4
2,130.4
3,130.4
3,130.4
4,130.4
4,130.4
5,130.4
5,130.4
6,130.4
6,130.4
0,130.4
0,130.4
1,130.4
1,130.4
2,130.4
2,130.4
3,130.4
3,130.4
4,130.4
4,130.4
5,130.4
5,130.4
6,130.4
6,130.4
0,130.4
0,130.4
1,130.4
1,130.4
2,130.4
2,130.4
3,130.4
3,130.4
4,130.4
4,130.4
5,130.4
5,130.4
6,130.4
6,130.4
0,130.4
0,130.4
1,130.4
1,130.4
2,130.4
2,130.4
3,130.4
3,130.4
4,130.4
4,130.4
5,130.4
5,130.4
6,130.4
6,130.4
0,130.4
0,130.4
1,130.4
1,130.4
2,130.4
2,130.4
3,130.4
3,130.4
4,130.4
4,130.4
5,130.4
5,130.4
6,130.4
6,130.4
0,130.4
0,130.4
1,130.4
1,130.4
2,130.4
2,130.4
3,130.4
3,130.4
4,130.4
4,130.4
5,130.4
5,130.4
6,130.4
6,130.4
0,130.4
0,130.4
1,130.4
1,130.4
2,130.4
2,130.4
3,130.4
3,130.4
4,130.4
4,130.4
5,130.4
5,130.4
6,130.4
6,130.4
0,130.4
0,130.4
1,130.4
1,130.4
2,130.4
2,130.4
3,130.4
3,130.4
4,130.4
4,130.4
5,130.4
5,130.4
6,130.4
6,130.4
0,130.4
0,130.4
1,130.4
1,130.4
2,130.4
2,130.4
3,130.4
3,130.4
4,130.4
4,130.4
5,130.4
5,130.4
6,130.4
6,130.4
0,130.4
0,130.4
1,130.4
1,130.4
2,130.4
2,130.4
3,130.4
3,130.4
4,130.4
4,130.4
5,130.4
5,130.4
6,130.4
6,130.4
0,130.4
0,130.4
1,130.4
1,130.4
2,130.4
2,130.4
3,130.4
3,130.4
4,130.4
4,130.4
5,130.4
5,130.4
6,130.4
6,130.4
0,130.4
0,130.4
1,130.4
1,130.4
2,130.4
2,130.4
3,130.4
3,130.4
4,130.4
4,130.4
5,130.4
5,130.4
6,130.4
6,130.4
0,130.4
0,130.4
1,130.4
1,130.4
2,130.4
2,130.4
3,130.4
3,130.4
4,130.4
4,130.4
5,130.4
5,130.4
6,130.4
6,130.4
0,130.4
0,130.4
1,130.4
1,130.4
2,130.4
2,130.4
3,130.4
3,130.4
4,130.4
4,130.4
5,130.4
5,130.4
6,130.4
6,130.4
0,130.4
0,130.4
1,130.4
1,130.4
2,130.4
2,130.4
3,130.4
3,130.4
4,130.4
4,130.4
5,130.4
5,130.4
6,130.4
6,130.4
0,130.4
0,130.4
1,130.4
1,130.4
2,130.4
2,130.4
3,130.4
3,130.4
4,130.4
4,130.4
5,130.4
5,130.4
6,130.4
6,130.4
0,130.4
0,130.4
1,130.4
1,130.4
2,130.4
2,130.4
3,130.4
3,130.4
4,130.4
4,130.4
5,130.4
5,130.4
6,130.4
6,130.4
0,130.4
0,130.4
1,130.4
1,130.4
2,130.4
2,130.4
3,130.4
3,130.4
4,130.4
4,130.4
5,130.4
5,130.4
6,130.4
6,130.4
0,130.4
0,130.4
1,130.4
1,130.4
2,130.4
2,130.4
3,130.4
3,130.4
4,130.4
4,130.4
5,130.4
5,130.4
6,130.4
6,130.4
0,130.4
0,130.4
1,130.4
1,130.4
2,130.4
2,130.4
3,130.4
3,130.4
4,130.4
4,130.4
5,130.4
5,130.4
6,130.4
6,130.4
0,130.4
0,130.4
1,130.4
1,130.4
2,130.4
2,130.4
3,130.4
3,130.4
4,130.4
4,130.4
5,130.4
5,130.4
6,130.4
6,130.4
0,130.4
0,130.4
1,130.4
1,130.4
2,130.4
2,130.4
3,130.4
3,130.4
4,130.4
4,130.4
5,130.4
5,130.4
6,130.4
6,130.4
0,130.4
0,130.4
1,130.4
1,130.4
2,130.4
2,130.4
3,130.4
3,130.4
4,130.4
4,130.4
5,130.4
5,130.4
6,130.4
6,130.4
0,130.4
0,130.4
1,130.4
1,130.4
2,130.4
2,130.4
3,130.4
3,130.4
4,130.4
4,130.4
5,130.4
5,130.4
6,130.4
6,130.4
0,130.4
0,130.4
1,130.4
1,130.4
2,130.4
2,130.4
3,130.4
3,130.4
4,130.4
4,130.4
5,130.4
5,130.4
6,130.4
6,130.4
0,130.4
0,130.4
1,130.4
1,130.4
2,130.4
2,130.4
3,130.4
3,130.4
4,130.4
4,130.4
5,130.4
5,130.4
6,130.4
6,130.4
0,130.4
0,130.4
1,130.4
1,130.4
2,130.4
2,130.4
3,130.4
3,130.4
4,130.4
4,130.4
5,130.4
5,130.4
6,130.4
6,130.4
0,130.4
0,130.4
1,130.4
1,130.4
2,130.4
2,130.4
3,130.4
3,130.4
4,130.4
4,130.4
5,130.4
5,130.4
6,130.4
6,130.4
0,130.4
0,130.4
1,130.4
1,130.4
2,130.4
2,130.4
3,130.4
3,130.4
4,130.4
4,130.4
5,130.4
5,130.4
6,130.4
6,130.4
0,130.4
0,130.4
1,130.4
1,130.4
2,130.4
2,130.4
3,130.4
3,130.4
4,130.4
4,130.4
5,130.4
5,130.4
6,130.4
6,130.4
0,130.4
0,130.4
1,130.4
1,130.4
2,130.4
2,130.4
3,130.4
3,130.4
4,130.4
4,130.4
5,130.4
5,130.4
6,130.4
6,130.4
0,130.4
0,130.4
1,130.4
1,130.4
2,130.4
2,130.4
3,130.4
3,130.4
4,130.4
4,130.4
5,130.4
5,130.4
6,130.4
6,130.4
0,130.4
0,130.4
1,130.4
1,130.4
2,130.4
2,130.4
3,130.4
3,130.4
4,130.4
4,130.4
5,130.4
5,130.4
6,130.4
6,130.4
0,130.4
0,130.4
1,130.4
1,130.4
2,130.4
2,130.4
3,130.4
3,130.4
4,130.4
4,130.4
5,130.4
5,130.4
6,130.4
6,130.4
0,130.4
0,130.4
1,130.4
1,130.4
2,130.4
2,130.4
3,130.4
3,130.4
4,130.4
4,130.4
5,130.4
5,130.4
6,130.4
6,130.4
0,130.4
0,130.4
1,130.4
1,130.4
2,130.4
2,130.4
3,130.4
3,130.4
4,130.4
4,130.4
5,130.4
5,130.4
6,130.4
6,130.4
0,130.4
0,130.4
1,130.4
1,130.4
2,130.4
2,130.4
3,130.4
3,130.4
4,130.4
4,130.4
5,130.4
5,130.4
6,130.4
6,130.4
0,130.4
0,130.4
1,130.4
1,130.4
2,130.4
2,130.4
3,130.4
3,130.4
4,130.4
4,130.4
5,130.4
5,130.4
6,130.4
6,130.4
0,130.4
0,130.4
1,130.4
1,130.4
2,130.4
2,130.4
3,130.4
3,130.4
4,130.4
4,130.4
5,130.4
5,130.4
6,130.4
6,130.4
0,130.4
0,130.4
1,130.4
1,130.4
2,130.4
2,130.4
3,130.4
3,130.4
4,130.4
4,130.4
5,130.4
5,130.4
6,130.4
6,130.4
0,130.4
0,130.4
1,130.4
1,130.4
2,130.4
2,130.4
3,130.4
3,130.4
4,130.4
4,130.4
5,130.4
5,130.4
6,130.4
6,130.4
0,130.4
0,130.4
1,130.4
1,130.4
2,130.4
2,130.4
3,130.4
3,130.4
4,130.4
4,130.4
5,130.4
5,130.4
6,130.4
6,130.4
0,130.4
0,130.4
1,130.4
1,130.4
2,130.4
2,130.4
3,130.4
3,130.4
4,130.4
4,130.4
5,130.4
5,130.4
6,130.4
6,130.4
