0,0
0,0
1,0
1,0
2,0
2,0
3,0
3,0
4,0
4,0
5,0
5,0
6,0
6,0
0,0
0,0
1,0
1,0
2,0
2,0
3,0
3,0
4,139.9
4,139.9
5,139.9
5,139.9
6,139.9
6,137.9
0,137.9
0,137.9
1,137.9
1,137.9
2,137.9
2,137.9
3,137.9
3,137.9
4,137.9
4,137.9
5,137.9
5,137.9
6,137.9
6,137.9
0,137.9
0,137.9
1,137.9
1,137.9
2,137.9
2,137.9
3,137.9
3,137.9
4,137.9
4,137.9
5,137.9
5,137.9
6,137.9
6,137.9
0,137.9
0,137.9
1,137.9
1,137.9
2,137.9
2,137.9
3,137.9
3,137.9
4,137.9
4,137.9
5,137.9
5,137.9
6,137.9
6,137.9
0,137.9
0,137.9
1,137.9
1,137.9
2,137.9
2,137.9
3,137.9
3,137.9
4,137.9
4,137.9
5,137.9
5,137.9
6,137.9
6,137.9
0,137.9
0,137.9
1,137.9
1,137.9
2,137.9
2,137.9
3,137.9
3,137.9
4,137.9
4,137.9
5,137.9
5,137.9
6,137.9
6,137.9
0,137.9
0,137.9
1,137.9
1,137.9
2,137.9
2,137.9
3,137.9
3,137.9
4,137.9
4,137.9
5,137.9
5,137.9
6,137.9
6,137.9
0,137.9
0,137.9
1,137.9
1,137.9
2,137.9
2,137.9
3,137.9
3,137.9
4,137.9
4,137.9
5,137.9
5,137.9
6,137.9
6,137.9
0,137.9
0,137.9
1,137.9
1,137.9
2,137.9
2,137.9
3,137.9
3,137.9
4,137.9
4,137.9
5,137.9
5,137.9
6,137.9
6,137.9
0,137.9
0,137.9
1,137.9
1,137.9
2,137.9
2,137.9
3,137.9
3,137.9
4,137.9
4,137.9
5,137.9
5,137.9
6,137.9
6,137.9
0,137.9
0,137.9
1,137.9
1,137.9
2,137.9
2,137.9
3,137.9
3,137.9
4,137.9
4,137.9
5,137.9
5,137.9
6,137.9
6,137.9
0,137.9
0,137.9
1,137.9
1,137.9
2,137.9
2,137.9
3,137.9
3,137.9
4,137.9
4,137.9
5,137.9
5,137.9
6,137.9
6,137.9
0,137.9
0,137.9
1,137.9
1,137.9
2,137.9
2,137.9
3,137.9
3,137.9
4,137.9
4,137.9
5,137.9
5,137.9
6,137.9
6,137.9
0,137.9
0,137.9
1,137.9
1,137.9
2,137.9
2,137.9
3,137.9
3,137.9
4,137.9
4,137.9
5,137.9
5,137.9
6,137.9
6,137.9
0,137.9
0,137.9
1,137.9
1,137.9
2,137.9
2,137.9
3,137.9
3,137.9
4,137.9
4,137.9
5,137.9
5,137.9
6,137.9
6,137.9
0,137.9
0,137.9
1,137.9
1,137.9
2,137.9
2,137.9
3,137.9
3,137.9
4,137.9
4,137.9
5,137.9
5,137.9
6,137.9
6,137.9
0,137.9
0,137.9
1,137.9
1,137.9
2,137.9
2,137.9
3,137.9
3,137.9
4,137.9
4,137.9
5,137.9
5,137.9
6,137.9
6,137.9
0,137.9
0,137.9
1,137.9
1,137.9
2,137.9
2,137.9
3,146.95
3,146.95
4,146.95
4,146.95
5,146.95
5,146.95
6,146.95
6,146.95
0,146.95
0,146.95
1,146.95
1,146.95
2,146.95
2,146.95
3,146.95
3,146.95
4,146.95
4,146.95
5,146.95
5,146.95
6,146.95
6,146.95
0,146.95
0,146.95
1,146.95
1,146.95
2,146.95
2,146.95
3,146.95
3,146.95
4,146.95
4,146.76666666666668
5,143.7
5,143.7
6,143.7
6,143.7
0,143.7
0,143.7
1,143.7
1,143.7
2,143.7
2,143.7
3,143.7
3,143.7
4,143.7
4,146.75
5,146.75
5,146.75
6,146.75
6,146.75
0,146.75
0,146.75
1,146.75
1,146.75
2,146.75
2,146.75
3,146.75
3,146.75
4,146.75
4,146.75
5,146.75
5,146.75
6,146.75
6,146.75
0,156.3
0,165.9
1,165.9
1,165.9
2,165.9
2,161.9
3,161.9
3,161.9
4,161.9
4,161.9
5,161.9
5,161.9
6,161.9
6,161.9
0,161.9
0,161.9
1,161.9
1,161.9
2,161.9
2,161.9
3,161.9
3,161.9
4,161.9
4,161.9
5,161.9
5,161.9
6,161.9
6,161.9
0,161.9
0,161.9
1,161.9
1,161.9
2,161.9
2,158.9
3,158.9
3,158.9
4,158.9
4,158.9
5,158.9
5,158.9
6,158.9
6,158.9
0,158.9
0,158.9
1,158.9
1,158.9
2,158.9
2,158.9
3,158.9
3,158.9
4,158.9
4,158.9
5,158.9
5,158.9
6,158.9
6,158.9
0,158.9
0,158.9
1,158.9
1,158.9
2,158.9
2,158.23333333333332
3,158.23333333333332
3,158.23333333333332
4,158.23333333333332
4,157.8
5,157.8
5,157.8
6,157.8
6,157.8
0,157.8
0,157.8
1,157.8
1,157.8
2,157.8
2,157.8
3,157.8
3,155.8
4,155.8
4,155.8
5,155.8
5,155.8
6,155.8
6,155.8
0,155.2
0,155.2
1,155.2
1,155.2
2,155.2
2,155.2
3,155.2
3,155.2
4,155.2
4,155.2
5,155.2
5,155.2
6,155.2
6,155.2
0,155.2
0,155.2
1,155.2
1,155.2
2,155.2
2,155.2
3,155.2
3,155.2
4,155.2
4,155.2
5,155.2
5,155.2
6,155.2
6,155.2
0,155.2
0,155.2
1,155.2
1,155.2
2,155.2
2,155.2
3,155.2
3,155.2
4,155.2
4,155.2
5,155.2
5,155.2
6,155.2
6,155.2
0,155.2
0,155.2
1,155.2
1,155.2
2,155.2
2,155.2
3,153.9
3,153.9
4,153.9
4,153.9
5,153.9
5,148.5666666666667
6,148.5666666666667
6,148.5666666666667
0,148.5666666666667
0,148.5666666666667
1,148.5666666666667
1,148.5666666666667
2,148.5666666666667
2,148.5666666666667
3,148.5666666666667
3,148.5666666666667
4,148.5666666666667
4,148.5666666666667
5,148.5666666666667
5,148.5666666666667
6,148.5666666666667
6,148.5666666666667
0,148.5666666666667
0,148.5666666666667
1,148.5666666666667
1,148.5666666666667
2,148.5666666666667
2,148.5666666666667
3,148.5666666666667
3,148.5666666666667
4,148.5666666666667
4,148.5666666666667
5,148.5666666666667
5,148.5666666666667
6,148.5666666666667
6,148.5666666666667
0,148.5666666666667
0,148.5666666666667
1,148.5666666666667
1,148.5666666666667
2,148.5666666666667
2,148.5666666666667
3,148.5666666666667
3,148.5666666666667
4,148.5666666666667
4,148.5666666666667
5,148.5666666666667
5,148.5666666666667
6,148.5666666666667
6,148.5666666666667
0,148.5666666666667
0,148.5666666666667
1,148.5666666666667
1,148.5666666666667
2,148.5666666666667
2,148.5666666666667
3,148.5666666666667
3,148.5666666666667
4,148.5666666666667
4,148.5666666666667
5,148.5666666666667
5,148.5666666666667
6,148.5666666666667
6,148.5666666666667
0,148.5666666666667
0,148.5666666666667
1,148.5666666666667
1,148.5666666666667
2,148.5666666666667
2,148.5666666666667
3,148.5666666666667
3,148.5666666666667
4,148.5666666666667
4,148.5666666666667
5,148.5666666666667
5,148.5666666666667
6,148.5666666666667
6,148.5666666666667
0,148.5666666666667
0,148.5666666666667
1,148.5666666666667
1,148.5666666666667
2,148.5666666666667
2,148.5666666666667
3,148.5666666666667
3,148.5666666666667
4,148.5666666666667
4,148.5666666666667
5,148.5666666666667
5,148.5666666666667
6,148.5666666666667
6,148.5666666666667
0,148.5666666666667
0,148.5666666666667
1,148.5666666666667
1,148.5666666666667
2,148.5666666666667
2,148.5666666666667
3,148.5666666666667
3,148.5666666666667
4,148.5666666666667
4,148.5666666666667
5,148.5666666666667
5,148.5666666666667
6,148.5666666666667
6,148.5666666666667
0,148.5666666666667
0,148.5666666666667
1,148.5666666666667
1,148.5666666666667
2,148.5666666666667
2,148.5666666666667
3,148.5666666666667
3,148.5666666666667
4,148.5666666666667
4,148.5666666666667
5,148.5666666666667
5,148.5666666666667
6,148.5666666666667
6,148.5666666666667
0,148.5666666666667
0,148.5666666666667
1,148.5666666666667
1,148.5666666666667
2,148.5666666666667
2,148.5666666666667
3,148.5666666666667
3,148.5666666666667
4,148.5666666666667
4,148.5666666666667
5,148.5666666666667
5,148.5666666666667
6,148.5666666666667
6,148.5666666666667
0,148.5666666666667
0,148.5666666666667
1,148.5666666666667
1,148.5666666666667
2,148.5666666666667
2,148.5666666666667
3,148.5666666666667
3,148.5666666666667
4,148.5666666666667
4,148.5666666666667
5,148.5666666666667
5,148.5666666666667
6,148.5666666666667
6,148.5666666666667
0,148.5666666666667
0,148.5666666666667
1,148.5666666666667
1,148.5666666666667
2,148.5666666666667
2,148.5666666666667
3,148.5666666666667
3,148.5666666666667
4,148.5666666666667
4,148.5666666666667
5,148.5666666666667
5,148.5666666666667
6,148.5666666666667
6,148.5666666666667
0,148.5666666666667
0,148.5666666666667
1,148.5666666666667
1,148.5666666666667
2,148.5666666666667
2,148.5666666666667
3,148.5666666666667
3,148.5666666666667
4,148.5666666666667
4,148.5666666666667
5,148.5666666666667
5,148.5666666666667
6,148.5666666666667
6,148.5666666666667
0,148.5666666666667
0,148.5666666666667
1,148.5666666666667
1,148.5666666666667
2,148.5666666666667
2,148.5666666666667
3,148.5666666666667
3,148.5666666666667
4,148.5666666666667
4,148.5666666666667
5,148.5666666666667
5,148.5666666666667
6,148.5666666666667
6,148.5666666666667
0,148.5666666666667
0,148.5666666666667
1,148.5666666666667
1,148.5666666666667
2,148.5666666666667
2,148.5666666666667
3,148.5666666666667
3,148.5666666666667
4,148.5666666666667
4,145.7
5,145.7
5,145.7
6,145.7
6,145.7
0,145.7
0,145.7
1,145.7
1,145.7
2,145.7
2,145.7
3,145.7
3,145.7
4,145.7
4,145.7
5,145.7
5,145.7
6,145.7
6,145.7
0,145.7
0,145.7
1,145.7
1,145.7
2,145.7
2,145.7
3,145.7
3,145.7
4,145.7
4,145.7
5,145.7
5,145.7
6,145.7
6,145.7
0,145.7
0,145.7
1,145.7
1,145.7
2,145.7
2,145.7
3,145.7
3,145.7
4,145.7
4,145.7
5,145.7
5,145.7
6,145.7
6,145.7
0,145.7
0,145.7
1,145.7
1,145.7
2,145.7
2,143.7
3,142.7
3,142.7
4,142.7
4,142.7
5,142.7
5,142.7
6,142.7
6,142.7
0,142.7
0,142.7
1,142.7
1,142.7
2,142.7
2,142.7
3,142.7
3,142.7
4,142.7
4,142.7
5,142.7
5,142.7
6,142.7
6,142.7
0,142.7
0,142.7
1,142.7
1,142.7
2,142.7
2,142.7
3,142.7
3,142.7
4,142.7
4,142.7
5,142.7
5,142.7
6,142.7
6,142.7
0,142.7
0,142.7
1,142.7
1,142.7
2,142.7
2,142.7
3,142.7
3,142.7
4,142.7
4,142.7
5,142.7
5,142.7
6,142.7
6,142.7
0,142.7
0,142.7
1,142.7
1,142.7
2,142.7
2,142.7
3,142.7
3,142.7
4,142.7
4,142.7
5,142.7
5,142.7
6,142.7
6,142.7
0,142.7
0,142.7
1,142.7
1,142.7
2,142.7
2,142.7
3,142.7
3,142.7
4,142.7
4,142.7
5,142.7
5,142.7
6,142.7
6,142.7
0,142.7
0,142.7
1,142.7
1,142.7
2,142.7
2,142.7
3,142.7
3,142.7
4,142.7
4,142.7
5,142.7
5,142.7
6,142.7
6,142.7
0,142.7
0,142.7
1,142.7
1,142.7
2,142.7
2,142.7
3,142.7
3,142.7
4,142.7
4,142.7
5,142.7
5,142.7
6,142.7
6,142.7
0,142.7
0,142.7
1,142.7
1,142.7
2,142.7
2,142.7
3,142.7
3,145.9
4,145.9
4,145.9
5,145.9
5,145.9
6,145.9
6,145.9
0,145.9
0,145.9
1,145.9
1,145.9
2,154.9
2,154.9
3,154.9
3,154.9
4,154.9
4,154.9
5,154.9
5,154.9
6,154.9
6,145.9
0,145.9
0,145.9
1,145.9
1,145.9
2,145.9
2,145.9
3,145.9
3,145.9
4,145.9
4,145.9
5,145.9
5,145.9
6,145.9
6,145.9
0,145.9
0,145.9
1,145.9
1,145.9
2,145.9
2,145.9
3,145.9
3,145.9
4,145.9
4,145.9
5,145.9
5,145.9
6,145.9
6,145.9
0,145.9
0,145.9
1,145.9
1,145.9
2,145.9
2,145.9
3,145.9
3,145.9
4,145.9
4,145.9
5,145.9
5,145.9
6,145.9
6,145.9
0,145.9
0,145.9
1,145.9
1,145.9
2,145.9
2,145.9
3,145.9
3,145.9
4,145.9
4,145.9
5,145.9
5,145.9
6,145.9
6,145.9
0,145.9
0,145.9
1,145.9
1,158.9
2,158.9
2,158.9
3,158.9
3,158.9
4,158.9
4,158.9
5,158.9
5,158.9
6,158.9
6,158.9
0,158.9
0,158.9
1,158.9
1,158.9
2,155.9
2,155.9
3,155.9
3,155.9
4,155.9
4,155.9
5,155.9
5,155.9
6,155.9
6,155.9
0,155.9
0,155.9
1,155.9
1,155.9
2,155.9
2,155.9
3,155.9
3,155.9
4,155.9
4,155.9
5,155.9
5,155.9
6,155.9
6,155.9
0,155.9
0,155.9
1,155.9
1,155.9
2,155.9
2,155.9
3,155.9
3,155.9
4,155.9
4,155.9
5,155.9
5,155.9
6,155.9
6,155.9
0,155.9
0,155.9
1,155.9
1,155.9
2,155.9
2,152.9
3,152.9
3,152.9
4,152.9
4,152.9
5,152.9
5,152.9
6,152.9
6,152.9
0,152.9
0,152.9
1,152.9
1,152.9
2,152.9
2,152.9
3,152.9
3,152.9
4,152.9
4,152.9
5,152.9
5,152.9
6,152.9
6,152.9
0,152.9
0,152.9
1,152.9
1,152.9
2,152.9
2,152.9
3,155.9
3,155.9
4,155.9
4,155.9
5,155.9
5,155.9
6,155.9
6,155.9
0,155.9
0,155.9
1,155.9
1,155.9
2,155.9
2,155.9
3,155.9
3,155.9
4,155.9
4,155.9
5,155.9
5,155.9
6,155.9
6,155.9
0,155.9
0,155.9
1,155.9
1,155.9
2,155.9
2,155.9
3,155.9
3,155.9
4,155.9
4,155.9
5,155.9
5,155.9
6,155.9
6,155.9
0,155.9
0,155.9
1,155.9
1,155.9
2,155.9
2,155.9
3,155.9
3,155.9
4,155.9
4,155.9
5,155.9
5,155.9
6,155.9
6,155.9
0,155.9
0,155.9
1,155.9
1,155.9
2,155.9
2,155.9
3,155.9
3,155.9
4,155.9
4,155.9
5,155.9
5,155.9
6,155.9
6,155.9
0,155.9
0,155.9
1,155.9
1,155.9
2,157.23333333333335
2,157.23333333333335
3,157.23333333333335
3,157.23333333333335
4,157.23333333333335
4,157.23333333333335
5,157.23333333333335
5,157.23333333333335
6,157.23333333333335
6,157.23333333333335
0,157.23333333333335
0,157.23333333333335
1,157.23333333333335
1,157.23333333333335
2,157.23333333333335
2,157.23333333333335
3,157.23333333333335
3,157.23333333333335
4,157.23333333333335
4,157.23333333333335
5,157.23333333333335
5,157.23333333333335
6,157.23333333333335
6,157.23333333333335
0,157.23333333333335
0,157.23333333333335
1,157.23333333333335
1,157.23333333333335
2,157.23333333333335
2,157.23333333333335
3,157.23333333333335
3,157.23333333333335
4,157.23333333333335
4,157.23333333333335
5,157.23333333333335
5,157.23333333333335
6,157.23333333333335
6,157.23333333333335
0,157.23333333333335
0,157.23333333333335
1,157.23333333333335
1,157.23333333333335
2,157.23333333333335
2,157.23333333333335
3,157.23333333333335
3,157.23333333333335
4,157.23333333333335
4,157.23333333333335
5,157.23333333333335
5,157.23333333333335
6,157.23333333333335
6,157.23333333333335
0,157.23333333333335
0,157.23333333333335
1,157.23333333333335
1,157.23333333333335
2,157.23333333333335
2,157.23333333333335
3,157.23333333333335
3,157.23333333333335
4,157.23333333333335
4,157.23333333333335
5,157.23333333333335
5,157.23333333333335
6,157.23333333333335
6,157.23333333333335
0,157.23333333333335
0,157.23333333333335
1,157.23333333333335
1,157.23333333333335
2,157.23333333333335
2,157.23333333333335
3,157.23333333333335
3,157.23333333333335
4,158.23333333333335
4,159.9
5,159.9
5,159.9
6,159.9
6,159.9
0,159.9
0,157.9
1,157.9
1,157.9
2,157.9
2,157.9
3,157.9
3,157.9
4,157.9
4,157.9
5,157.9
5,157.9
6,157.9
6,157.9
0,157.9
0,157.9
1,157.9
1,157.9
2,157.9
2,157.9
3,157.9
3,157.9
4,157.9
4,157.9
5,157.9
5,157.9
6,157.9
6,157.9
0,157.9
0,157.9
1,157.9
1,157.9
2,157.9
2,157.9
3,157.9
3,157.9
4,157.9
4,157.9
5,157.9
5,157.9
6,157.9
6,157.9
0,157.9
0,157.9
1,157.9
1,157.9
2,157.9
2,157.9
3,157.9
3,157.9
4,157.9
4,157.9
5,157.9
5,157.9
6,157.9
6,157.9
0,157.9
0,157.9
1,157.9
1,157.9
2,157.9
2,157.9
3,157.9
3,157.9
4,157.9
4,157.9
5,157.9
5,157.9
6,157.9
6,157.9
0,157.9
0,158.23333333333335
1,158.23333333333335
1,158.23333333333335
2,158.23333333333335
2,158.23333333333335
3,158.23333333333335
3,158.23333333333335
4,158.23333333333335
4,158.23333333333335
5,158.23333333333335
5,158.23333333333335
6,158.23333333333335
6,158.23333333333335
0,158.23333333333335
0,158.23333333333335
1,158.23333333333335
1,158.9
2,158.9
2,158.9
3,158.9
3,158.9
4,158.9
4,158.9
5,158.9
5,158.9
6,158.9
6,158.9
0,160.9
0,162.9
1,162.9
1,162.9
2,162.9
2,166.9
3,166.9
3,166.9
4,166.9
4,166.9
5,166.9
5,166.9
6,166.9
6,166.9
0,166.9
0,166.9
1,166.9
1,166.9
2,166.9
2,166.9
3,166.9
3,166.9
4,166.9
4,166.9
5,166.9
5,166.9
6,166.9
6,166.9
0,166.9
0,166.9
1,168.23333333333335
1,168.23333333333335
2,168.23333333333335
2,168.23333333333335
3,168.23333333333335
3,168.23333333333335
4,168.23333333333335
4,168.23333333333335
5,168.23333333333335
5,168.23333333333335
6,168.23333333333335
6,168.23333333333335
