0,133.9
0,133.9
1,133.9
1,133.9
2,133.95
2,133.95
3,133.95
3,133.95
4,133.95
4,133.95
5,133.95
5,133.95
6,130.9
6,130.9
0,130.9
0,130.9
1,130.9
1,130.9
2,128.9
2,128.9
3,126.9
3,126.9
4,125.9
4,125.9
5,125.9
5,125.9
6,123.9
6,123.9
0,123.9
0,123.9
1,123.9
1,123.9
2,123.9
2,123.9
3,123.9
3,123.9
4,123.9
4,123.9
5,123.9
5,123.9
6,122.9
6,122.9
0,121.9
0,121.9
1,121.9
1,121.9
2,121.9
2,121.9
3,121.9
3,121.9
4,121.9
4,121.9
5,121.9
5,121.9
6,121.9
6,121.9
0,121.9
0,121.9
1,121.9
1,121.9
2,121.9
2,121.9
3,121.9
3,121.9
4,121.9
4,121.9
5,121.9
5,121.9
6,121.9
6,121.9
0,121.95
0,121.95
1,121.95
1,121.95
2,147.9
2,147.9
3,147.9
3,147.9
4,147.9
4,147.9
5,147.9
5,147.9
6,147.9
6,147.9
0,130.43333333333334
0,130.43333333333334
1,130.43333333333334
1,121.6
2,121.7
2,121.7
3,121.7
3,121.7
4,121.7
4,121.7
5,121.7
5,121.7
6,121.7
6,121.7
0,121.7
0,121.7
1,121.7
1,121.7
2,121.7
2,121.7
3,121.7
3,121.7
4,121.7
4,121.7
5,121.7
5,121.7
6,121.7
6,121.7
0,121.7
0,121.7
1,121.7
1,121.7
2,121.7
2,121.7
3,121.7
3,121.7
4,121.8
4,121.7
5,121.7
5,121.7
6,121.7
6,121.7
0,121.7
0,121.7
1,121.7
1,121.7
2,121.7
2,121.7
3,121.7
3,121.7
4,121.7
4,121.7
5,121.7
5,121.7
6,121.7
6,121.7
0,121.7
0,121.7
1,121.7
1,121.7
2,121.7
2,121.7
3,121.7
3,121.7
4,121.7
4,121.7
5,121.7
5,121.7
6,121.7
6,121.7
0,121.7
0,121.7
1,121.7
1,121.7
2,121.7
2,121.7
3,121.7
3,121.7
4,121.7
4,121.7
5,121.7
5,121.7
6,121.7
6,121.7
0,121.7
0,121.7
1,121.7
1,121.7
2,121.7
2,121.7
3,121.7
3,121.7
4,121.7
4,121.7
5,121.7
5,121.7
6,121.7
6,121.7
0,121.7
0,121.7
1,121.7
1,121.7
2,121.7
2,121.7
3,121.7
3,121.7
4,121.7
4,121.7
5,121.7
5,121.7
6,121.7
6,121.7
0,121.7
0,121.7
1,121.7
1,121.7
2,121.7
2,121.7
3,121.7
3,121.7
4,121.7
4,121.7
5,121.7
5,121.7
6,121.7
6,121.7
0,121.7
0,121.7
1,121.7
1,121.7
2,121.7
2,121.7
3,121.7
3,121.7
4,121.7
4,121.7
5,121.7
5,121.7
6,121.7
6,121.7
0,121.7
0,121.7
1,121.7
1,121.7
2,121.7
2,121.7
3,121.7
3,121.7
4,121.7
4,121.7
5,121.7
5,121.7
6,121.7
6,121.7
0,121.7
0,121.7
1,121.7
1,121.7
2,121.7
2,121.7
3,121.7
3,121.7
4,121.7
4,140.45
5,140.45
5,140.45
6,140.45
6,140.45
0,140.45
0,140.3
1,140.2
1,140.2
2,140.2
2,140.2
3,140.2
3,140.2
4,140.2
4,140.25
5,140.25
5,140.25
6,140.25
6,140.25
0,140.25
0,140.25
1,146.0
1,146.0
2,146.0
2,146.0
3,146.0
3,146.0
4,146.0
4,146.0
5,146.0
5,146.0
6,146.0
6,146.0
0,146.0
0,146.0
1,146.9
1,146.9
2,146.9
2,146.9
3,146.9
3,146.9
4,146.9
4,144.6
5,144.6
5,144.6
6,144.6
6,144.6
0,144.6
0,144.6
1,144.6
1,143.7
2,143.7
2,143.7
3,143.7
3,142.92499999999998
4,142.92499999999998
4,142.92499999999998
5,142.92499999999998
5,142.92499999999998
6,142.92499999999998
6,142.92499999999998
0,142.92499999999998
0,142.92499999999998
1,142.92499999999998
1,142.92499999999998
2,142.92499999999998
2,142.92499999999998
3,142.92499999999998
3,142.92499999999998
4,142.92499999999998
4,142.92499999999998
5,142.92499999999998
5,142.92499999999998
6,142.64999999999998
6,142.9
0,142.9
0,165.9
1,165.9
1,165.9
2,165.9
2,164.7
3,164.7
3,164.7
4,164.7
4,163.9
5,163.9
5,163.95
6,163.95
6,163.95
0,163.95
0,162.9
1,162.9
1,162.9
2,162.9
2,161.9
3,161.9
3,160.9
4,160.9
4,160.9
5,160.9
5,160.9
6,160.9
6,160.9
0,160.9
0,135.0
1,135.0
1,158.85000000000002
2,158.85000000000002
2,158.85000000000002
3,158.85000000000002
3,158.85000000000002
4,158.85000000000002
4,158.85000000000002
5,158.85000000000002
5,158.85000000000002
6,158.85000000000002
6,158.85000000000002
0,158.85000000000002
0,158.85000000000002
1,158.85000000000002
1,158.85000000000002
2,158.5
2,158.5
3,158.5
3,157.9
4,155.9
4,155.9
5,155.9
5,155.9
6,155.9
6,155.9
0,155.9
0,153.7
1,152.9
1,152.9
2,152.9
2,152.5
3,152.5
3,152.5
4,146.9
4,146.9
5,146.9
5,145.9
6,145.9
6,145.9
0,145.9
0,145.9
1,145.9
1,145.9
2,145.9
2,145.9
3,145.9
3,145.9
4,145.9
4,145.9
5,145.9
5,145.9
6,145.9
6,145.9
0,145.9
0,145.9
1,145.9
1,145.9
2,145.9
2,145.9
3,145.9
3,145.9
4,145.9
4,145.9
5,145.9
5,145.9
6,145.9
6,145.9
0,144.9
0,144.4
1,144.4
1,144.4
2,144.4
2,144.4
3,144.4
3,144.4
4,144.4
4,144.4
5,144.4
5,144.4
6,144.4
6,144.4
0,144.4
0,144.4
1,144.4
1,144.4
2,144.4
2,144.4
3,144.4
3,144.4
4,144.4
4,144.4
5,144.4
5,144.4
6,144.4
6,144.4
0,144.4
0,144.4
1,144.4
1,144.4
2,144.4
2,144.4
3,144.4
3,144.4
4,144.4
4,144.4
5,144.4
5,144.4
6,144.4
6,144.4
0,144.4
0,140.9
1,140.9
1,140.9
2,140.9
2,140.9
3,140.9
3,140.9
4,140.9
4,140.9
5,140.9
5,140.9
6,140.9
6,140.9
0,140.9
0,140.9
1,139.9
1,139.9
2,139.9
2,139.9
3,139.9
3,139.9
4,139.9
4,139.9
5,139.9
5,139.9
6,139.9
6,139.9
0,139.9
0,139.9
1,139.9
1,139.9
2,139.9
2,139.9
3,139.9
3,139.9
4,138.9
4,138.9
5,138.9
5,138.9
6,138.9
6,138.9
0,138.9
0,138.9
1,138.9
1,158.9
2,156.9
2,156.9
3,156.9
3,156.9
4,156.9
4,156.9
5,156.9
5,156.9
6,156.9
6,156.9
0,156.9
0,156.9
1,156.9
1,156.9
2,148.9
2,148.9
3,145.9
3,145.9
4,145.9
4,142.9
5,142.9
5,142.9
6,142.9
6,142.9
0,142.9
0,142.9
1,142.9
1,142.9
2,142.9
2,158.9
3,158.9
3,158.9
4,158.9
4,158.9
5,158.9
5,158.9
6,158.9
6,158.9
0,158.9
0,158.9
1,158.9
1,158.9
2,158.9
2,158.9
3,158.9
3,158.9
4,158.9
4,158.9
5,158.9
5,158.9
6,158.9
6,158.9
0,158.9
0,153.9
1,153.9
1,153.9
2,153.9
2,153.9
3,153.9
3,153.9
4,153.9
4,153.9
5,153.9
5,153.9
6,153.9
6,153.9
0,153.9
0,153.9
1,145.5
1,145.5
2,145.5
2,145.5
3,145.5
3,145.5
4,145.5
4,145.5
5,145.5
5,145.5
6,145.5
6,145.5
0,145.5
0,145.5
1,144.7
1,143.5
2,140.7
2,139.23333333333335
3,136.9
3,135.9
4,134.9
4,134.9
5,134.9
5,134.9
6,134.9
6,134.9
0,134.9
0,134.9
1,133.7
1,133.7
2,133.7
2,133.7
3,133.7
3,133.7
4,160.9
4,160.9
5,160.9
5,133.7
6,133.7
6,133.7
0,133.7
0,133.7
1,133.7
1,133.7
2,133.7
2,133.7
3,133.7
3,133.7
4,133.7
4,133.7
5,133.7
5,133.7
6,133.7
6,133.7
0,133.7
0,132.7
1,132.7
1,131.7
2,131.7
2,131.7
3,131.7
3,131.7
4,131.7
4,131.7
5,131.7
5,131.7
6,131.7
6,131.7
0,131.7
0,131.7
1,131.7
1,131.7
2,131.7
2,131.7
3,131.6
3,131.6
4,129.67499999999998
4,129.67499999999998
5,127.65
5,127.65
6,127.65
6,127.65
0,127.65
0,126.7
1,126.7
1,126.75
2,126.75
2,126.75
3,126.75
3,126.75
4,126.75
4,126.75
5,126.75
5,126.75
6,126.75
6,126.75
0,126.75
0,126.75
1,126.75
1,126.75
2,126.75
2,126.75
3,126.75
3,126.75
4,126.75
4,126.75
5,126.75
5,126.75
6,126.75
6,126.75
0,126.75
0,126.75
1,126.6
1,126.6
2,126.6
2,126.6
3,126.6
3,126.6
4,126.6
4,126.6
5,126.6
5,126.6
6,126.6
6,126.6
0,126.6
0,126.6
1,126.6
1,126.6
2,126.6
2,126.6
3,126.6
3,126.6
4,126.6
4,126.6
5,126.6
5,126.6
6,126.6
6,126.6
0,125.9
0,125.9
1,125.9
1,125.9
2,125.9
2,125.9
3,125.9
3,125.5
4,125.5
4,125.5
5,124.9
5,124.9
6,124.9
6,124.9
0,124.9
0,124.9
1,124.9
1,124.9
2,124.9
2,124.9
3,124.9
3,124.9
4,124.9
4,124.9
5,124.9
5,124.9
6,124.9
6,124.9
0,124.9
0,124.9
1,124.9
1,124.9
2,124.9
2,124.9
3,124.9
3,124.9
4,153.9
4,153.9
5,153.9
5,153.9
6,153.9
6,149.9
0,148.9
0,148.9
1,148.9
1,144.9
2,144.9
2,144.9
3,141.9
3,141.9
4,141.9
4,138.4
5,138.4
5,138.4
6,135.9
6,135.9
0,134.9
0,134.9
1,133.5
1,133.5
2,133.5
2,132.9
3,132.9
3,132.9
4,130.9
4,130.9
5,130.9
5,130.9
6,128.9
6,128.9
0,128.9
0,128.9
1,128.9
1,128.9
2,127.9
2,127.9
3,127.9
3,127.9
4,127.9
4,127.9
5,127.9
5,127.9
6,127.9
6,127.9
0,127.9
0,127.9
1,127.9
1,127.9
2,140.9
2,140.9
3,140.9
3,140.9
4,140.9
4,140.9
5,140.9
5,140.9
6,140.9
6,140.9
0,140.9
0,140.9
1,140.9
1,140.9
2,140.9
2,140.9
3,140.9
3,140.9
4,140.9
4,140.9
5,140.9
5,140.9
6,140.9
6,140.9
0,138.5
0,138.5
1,137.9
1,137.9
2,135.9
2,135.9
3,135.5
3,135.5
4,135.5
4,135.5
5,135.5
5,135.5
6,135.5
6,135.5
0,135.5
0,132.9
1,132.9
1,132.9
2,132.9
2,132.9
3,132.9
3,132.9
4,132.9
4,132.9
5,132.9
5,132.9
6,132.9
6,132.9
0,132.9
0,132.9
1,132.9
1,132.9
2,132.9
2,132.9
3,132.9
3,132.9
4,132.9
4,132.7
5,132.7
5,132.7
6,132.7
6,132.7
0,132.7
0,132.7
1,132.7
1,132.7
2,132.7
2,132.7
3,132.7
3,132.7
4,132.7
4,132.7
5,132.7
5,132.7
6,132.7
6,132.7
0,132.7
0,132.7
1,132.7
1,132.7
2,132.7
2,132.7
3,132.7
3,132.7
4,132.7
4,132.7
5,132.7
5,132.7
6,163.9
6,163.9
0,163.9
0,163.9
1,163.9
1,163.9
2,163.9
2,163.9
3,163.9
3,163.9
4,163.9
4,163.9
5,163.9
5,163.9
6,163.9
6,163.9
0,163.9
0,163.9
1,163.9
1,163.9
2,163.9
2,161.9
3,160.9
3,160.9
4,160.9
4,160.9
5,160.9
5,160.9
6,160.9
6,160.9
0,160.9
0,154.9
1,153.9
1,152.9
2,151.9
2,150.9
3,150.9
3,149.9
4,148.9
4,148.9
5,145.9
5,145.9
6,145.9
6,145.9
0,142.9
0,141.9
1,141.9
1,140.9
2,139.9
2,139.9
3,138.9
3,138.9
4,138.9
4,138.9
5,154.9
5,154.9
6,154.9
6,154.9
0,154.9
0,154.9
1,154.9
1,154.9
2,154.9
2,153.4
3,153.4
3,153.4
4,153.4
4,153.4
5,153.4
5,153.4
6,153.4
6,153.4
0,153.4
0,153.4
1,153.4
1,153.4
2,153.4
2,153.4
3,153.4
3,153.4
4,153.3
4,153.3
5,153.3
5,153.3
6,153.3
6,153.3
0,147.9
0,147.9
1,147.9
1,145.9
2,144.9
2,144.9
3,143.9
3,143.9
4,143.9
4,168.9
5,168.9
5,170.9
6,170.9
6,170.9
0,168.9
0,168.9
1,167.9
1,166.9
2,166.9
2,166.9
3,166.9
3,166.9
4,166.9
4,166.9
5,166.9
5,166.9
6,166.9
6,166.9
0,166.9
0,166.9
1,166.9
1,166.9
2,166.9
2,166.9
3,166.9
3,166.9
4,166.9
4,166.9
5,166.9
5,166.9
6,166.9
6,166.9
0,166.9
0,166.9
1,166.9
1,166.9
2,166.9
2,164.9
3,164.9
3,164.9
4,164.9
4,164.9
5,164.9
5,163.23333333333335
6,163.23333333333335
6,163.23333333333335
0,163.23333333333335
0,163.23333333333335
1,161.9
1,160.9
2,160.9
2,160.9
3,160.9
3,160.9
4,160.9
4,160.9
5,160.9
5,160.9
6,160.9
6,160.9
0,168.9
0,168.9
1,168.9
1,168.9
2,168.9
2,168.9
3,168.9
3,168.9
4,168.9
4,168.9
5,168.9
5,168.9
6,168.9
6,166.9
0,166.9
0,166.9
1,163.9
1,160.9
2,160.9
2,160.9
3,157.9
3,157.9
4,157.9
4,157.9
5,157.9
5,157.9
6,157.9
6,157.9
0,157.9
0,154.9
1,154.9
1,154.9
2,154.9
2,154.9
3,154.9
3,154.9
4,154.9
4,154.9
5,154.9
5,154.9
6,154.9
6,154.9
0,152.23333333333335
0,152.23333333333335
1,152.23333333333335
1,152.23333333333335
2,152.23333333333335
2,152.23333333333335
3,152.23333333333335
3,152.23333333333335
4,152.23333333333335
4,152.23333333333335
5,152.23333333333335
5,152.23333333333335
6,152.23333333333335
6,152.23333333333335
0,152.23333333333335
0,152.23333333333335
1,152.23333333333335
1,152.23333333333335
2,152.23333333333335
2,152.23333333333335
3,152.23333333333335
3,152.23333333333335
4,152.23333333333335
4,152.23333333333335
5,152.23333333333335
5,152.23333333333335
6,152.23333333333335
6,152.23333333333335
0,152.23333333333335
0,152.23333333333335
1,152.23333333333335
1,152.23333333333335
2,152.23333333333335
2,152.23333333333335
3,152.23333333333335
3,152.23333333333335
4,168.9
4,168.9
5,168.9
5,168.9
6,168.9
6,168.9
0,168.9
0,168.9
1,168.4
1,167.9
2,167.23333333333335
2,167.23333333333335
3,167.23333333333335
3,167.23333333333335
4,167.23333333333335
4,165.9
5,165.9
5,165.9
6,165.9
6,165.9
0,165.9
0,163.9
1,163.9
1,163.9
2,163.9
2,161.9
3,156.7
3,154.15
4,152.31666666666666
4,152.31666666666666
5,152.31666666666666
5,152.31666666666666
6,152.31666666666666
6,148.9
0,148.9
0,148.9
1,148.9
1,148.9
2,148.9
2,146.73333333333332
3,146.73333333333332
3,146.73333333333332
4,143.9
4,143.9
5,143.9
5,143.9
6,143.9
6,143.9
0,140.9
0,140.9
1,140.9
1,140.9
2,159.5666666666667
2,159.5666666666667
3,159.5666666666667
3,159.5666666666667
4,159.7
4,159.7
5,159.7
5,159.7
6,159.7
6,159.7
0,159.16666666666666
0,159.16666666666666
1,159.16666666666666
1,159.16666666666666
2,157.5666666666667
2,157.5666666666667
3,157.5666666666667
3,155.5666666666667
4,155.5666666666667
4,155.5666666666667
5,155.5666666666667
5,155.5666666666667
6,155.5666666666667
6,155.5666666666667
0,152.9
0,152.9
1,152.9
1,152.9
2,152.9
2,152.9
3,150.9
3,150.9
4,150.9
4,150.9
5,150.9
5,150.9
6,150.9
6,150.9
0,150.9
0,150.9
1,150.9
1,150.9
2,150.9
2,150.9
3,150.9
3,148.9
4,148.9
4,148.9
5,148.9
5,148.9
6,160.4
6,171.9
0,170.9
0,170.9
1,170.9
1,170.9
2,170.9
2,170.9
3,170.9
3,169.9
4,168.9
4,168.9
5,168.9
5,168.9
6,168.9
6,168.9
0,168.9
0,168.9
1,168.9
1,168.9
2,168.9
2,168.23333333333335
3,168.23333333333335
3,168.23333333333335
4,165.9
4,165.9
5,165.9
5,165.9
6,165.9
6,165.9
0,165.9
0,163.9
1,162.9
1,162.9
2,162.9
2,162.9
3,162.9
3,168.23333333333335
4,168.23333333333335
4,168.23333333333335
5,168.23333333333335
5,168.23333333333335
6,168.23333333333335
6,168.23333333333335
