0,123.9
0,123.9
1,122.9
1,122.9
2,122.9
2,122.9
3,122.9
3,120.93333333333334
4,120.5
4,120.5
5,120.5
5,119.9
6,119.9
6,119.9
0,118.9
0,118.9
1,118.9
1,118.9
2,118.9
2,115.9
3,115.94999999999999
3,115.94999999999999
4,114.5
4,114.5
5,114.5
5,114.5
6,114.5
6,114.5
0,114.5
0,114.5
1,114.5
1,114.5
2,114.5
2,114.45
3,145.9
3,145.9
4,145.9
4,144.9
5,144.9
5,144.9
6,144.85000000000002
6,144.85000000000002
0,144.85000000000002
0,144.85000000000002
1,142.4
1,142.4
2,141.85000000000002
2,141.85000000000002
3,138.9
3,138.9
4,136.9
4,136.9
5,135.9
5,133.9
6,133.9
6,133.9
0,130.4333333333333
0,130.4333333333333
1,127.0
1,127.0
2,124.5
2,124.5
3,124.5
3,121.9
4,121.9
4,121.9
5,121.9
5,121.9
6,121.9
6,120.9
0,119.9
0,119.9
1,119.9
1,119.9
2,119.9
2,119.9
3,147.9
3,147.9
4,146.65
4,146.65
5,144.9
5,144.9
6,143.4
6,143.4
0,140.9
0,140.9
1,137.9
1,135.9
2,135.15
2,135.15
3,135.15
3,135.15
4,133.9
4,133.9
5,131.9
5,131.9
6,131.9
6,131.9
0,130.9
0,129.9
1,128.2
1,124.9
2,124.9
2,124.9
3,136.9
3,136.9
4,136.9
4,149.4
5,149.4
5,149.4
6,148.9
6,148.9
0,147.9
0,146.9
1,146.9
1,146.9
2,146.9
2,146.9
3,144.9
3,144.9
4,143.9
4,143.9
5,143.9
5,143.9
6,143.9
6,143.9
0,143.9
0,143.9
1,143.9
1,143.9
2,143.9
2,143.9
3,143.9
3,143.9
4,143.9
4,143.9
5,143.9
5,143.9
6,143.9
6,143.9
0,143.9
0,143.9
1,143.9
1,143.9
2,143.9
2,143.9
3,143.9
3,143.9
4,143.9
4,143.9
5,143.9
5,143.9
6,143.9
6,143.9
0,143.9
0,143.9
1,143.9
1,143.9
2,143.9
2,143.9
3,143.9
3,143.9
4,143.9
4,143.9
5,143.9
5,143.9
6,143.9
6,143.9
0,143.9
0,143.9
1,143.9
1,143.9
2,143.9
2,143.9
3,143.9
3,143.9
4,143.9
4,143.9
5,143.9
5,143.9
6,143.9
6,143.9
0,143.9
0,143.9
1,143.9
1,143.9
2,143.9
2,143.9
3,143.9
3,143.9
4,143.9
4,143.9
5,143.9
5,143.9
6,143.9
6,143.9
0,143.9
0,143.9
1,143.9
1,143.9
2,143.9
2,143.9
3,143.9
3,143.9
4,143.9
4,143.9
5,143.9
5,143.9
6,143.9
6,143.9
0,143.9
0,143.9
1,143.9
1,143.9
2,143.9
2,143.9
3,143.9
3,143.9
4,143.9
4,143.9
5,143.9
5,143.9
6,143.9
6,143.9
0,143.9
0,143.9
1,143.9
1,143.9
2,143.9
2,143.9
3,143.9
3,143.9
4,143.9
4,143.9
5,143.9
5,143.9
6,143.9
6,143.9
0,143.9
0,143.9
1,143.9
1,143.9
2,143.9
2,143.9
3,124.5
3,152.9
4,152.9
4,152.9
5,152.9
5,152.9
6,152.9
6,152.95
0,152.95
0,152.95
1,152.95
1,152.95
2,152.95
2,152.95
3,152.15
3,152.15
4,150.9
4,150.9
5,148.9
5,148.9
6,148.9
6,148.9
0,148.9
0,148.9
1,147.9
1,146.9
2,146.9
2,146.9
3,146.9
3,146.9
4,146.9
4,146.9
5,146.9
5,144.9
6,144.9
6,144.9
0,144.9
0,144.9
1,144.9
1,144.9
2,144.9
2,144.9
3,143.9
3,142.9
4,141.9
4,140.9
5,140.9
5,139.9
6,139.9
6,139.9
0,139.9
0,139.9
1,139.9
1,139.9
2,139.9
2,139.9
3,139.9
3,139.9
4,139.9
4,139.9
5,139.9
5,139.9
6,139.9
6,139.9
0,139.9
0,139.9
1,139.9
1,139.9
2,139.9
2,163.9
3,163.9
3,163.9
4,163.9
4,163.9
5,163.9
5,163.9
6,163.9
6,163.9
0,163.9
0,163.9
1,163.9
1,162.9
2,162.9
2,163.9
3,159.9
3,159.85000000000002
4,159.85000000000002
4,158.9333333333333
5,158.9333333333333
5,156.9
6,156.9
6,156.9
0,156.9
0,155.9
1,155.9
1,153.9
2,153.9
2,151.9
3,149.9
3,148.9
4,148.9
4,147.9
5,147.9
5,147.9
6,143.9
6,143.9
0,143.9
0,143.9
1,143.9
1,142.9
2,142.9
2,142.9
3,142.9
3,142.9
4,142.9
4,142.9
5,142.9
5,142.9
6,142.9
6,141.9
0,141.9
0,140.9
1,140.9
1,139.4
2,139.4
2,139.4
3,139.4
3,139.4
4,139.4
4,139.4
5,139.4
5,137.9
6,137.9
6,137.9
0,137.9
0,136.9
1,136.9
1,136.4
2,136.4
2,136.4
3,136.4
3,136.4
4,135.9
4,135.9
5,135.9
5,135.9
6,135.9
6,135.9
0,135.9
0,135.9
1,134.9
1,134.9
2,134.9
2,134.9
3,134.9
3,163.9
4,163.9
4,163.9
5,163.9
5,163.9
6,163.9
6,163.9
0,163.9
0,162.9
1,162.9
1,162.9
2,162.9
2,162.9
3,162.9
3,161.9
4,161.9
4,160.4
5,157.2
5,156.9
6,156.9
6,155.9
0,155.9
0,152.4
1,152.4
1,152.4
2,152.4
2,151.9
3,151.9
3,149.9
4,149.9
4,149.9
5,149.9
5,149.9
6,149.9
6,148.4
0,148.4
0,141.4
1,140.9
1,140.9
2,138.9
2,138.9
3,138.9
3,138.9
4,138.9
4,138.9
5,138.9
5,138.9
6,135.9
6,135.9
0,135.9
0,135.9
1,135.9
1,135.9
2,135.9
2,135.9
3,135.9
3,135.9
4,135.9
4,135.9
5,135.9
5,135.9
6,135.9
6,135.9
0,135.9
0,133.7
1,133.7
1,133.7
2,131.5
2,131.5
3,131.5
3,131.5
4,130.9
4,130.9
5,130.9
5,130.9
6,130.9
6,130.9
0,130.9
0,130.9
1,130.5
1,130.5
2,129.9
2,129.9
3,129.9
3,129.9
4,129.9
4,129.9
5,129.9
5,129.9
6,129.9
6,129.9
0,129.9
0,129.9
1,129.9
1,129.9
2,129.9
2,129.9
3,129.9
3,129.9
4,129.9
4,129.9
5,129.9
5,160.9
6,160.9
6,160.9
0,158.9
0,158.9
1,158.9
1,157.9
2,157.9
2,156.9
3,156.9
3,156.9
4,154.9
4,154.9
5,154.9
5,154.9
6,154.9
6,151.9
0,151.9
0,151.9
1,151.9
1,151.9
2,151.9
2,149.9
3,149.9
3,149.9
4,149.9
4,149.9
5,149.9
5,149.9
6,149.9
6,146.9
0,146.9
0,146.9
1,146.9
1,146.9
2,146.9
2,146.9
3,144.9
3,144.9
4,144.9
4,144.9
5,144.9
5,144.9
6,144.9
6,144.9
0,143.9
0,139.9
1,135.9
1,135.9
2,134.9
2,134.9
3,134.9
3,133.9
4,133.9
4,133.9
5,133.9
5,133.9
6,133.9
6,133.9
0,158.9
0,150.9
1,150.9
1,150.9
2,150.9
2,150.9
3,150.9
3,150.9
4,150.9
4,142.9
5,142.9
5,139.9
6,139.9
6,139.9
0,139.9
0,139.9
1,139.9
1,139.9
2,139.9
2,139.9
3,138.9
3,137.7
4,137.7
4,137.7
5,136.7
5,136.7
6,136.7
6,136.7
0,136.7
0,136.7
1,136.7
1,135.9
2,135.9
2,135.9
3,135.9
3,133.9
4,133.9
4,133.9
5,133.9
5,133.9
6,133.9
6,133.9
0,133.9
0,133.9
1,160.9
1,160.9
2,160.9
2,160.9
3,160.9
3,160.9
4,160.9
4,158.9
5,158.9
5,158.9
6,158.9
6,158.9
0,158.9
0,158.9
1,158.9
1,157.9
2,157.9
2,155.4
3,155.4
3,153.9
4,153.9
4,151.4
5,151.4
5,151.4
6,149.9
6,149.9
0,149.9
0,148.5
1,148.5
1,147.5
2,144.5
2,144.5
3,143.9
3,141.9
4,141.9
4,140.0
5,140.0
5,140.0
6,140.0
6,140.0
0,140.0
0,140.0
1,134.7
1,132.5
2,132.5
2,131.5
3,130.29999999999998
3,129.5
4,129.5
4,128.5
5,128.5
5,127.5
6,127.5
6,126.7
0,126.7
0,126.7
1,126.7
1,126.7
2,126.4
2,125.9
3,125.4
3,125.4
4,124.9
4,124.9
5,124.9
5,124.9
6,124.9
6,124.9
0,124.9
0,123.3
1,123.8
1,123.8
2,123.8
2,123.8
3,123.8
3,150.9
4,150.9
4,150.9
5,150.9
5,150.9
6,150.9
6,150.9
0,150.9
0,148.4
1,148.4
1,148.4
2,148.4
2,148.4
3,148.4
3,144.9
4,143.9
4,143.9
5,143.9
5,143.9
6,143.9
6,143.9
0,139.9
0,136.9
1,136.9
1,134.9
2,134.9
2,133.9
3,133.9
3,133.9
4,133.9
4,133.4
5,133.4
5,131.9
6,131.9
6,131.9
0,132.9
0,132.9
1,130.9
1,130.9
2,129.9
2,129.9
3,129.9
3,129.9
4,129.9
4,129.9
5,129.9
5,129.9
6,129.9
6,129.9
0,129.9
0,128.9
1,128.9
1,128.9
2,127.9
2,127.9
3,127.9
3,127.9
4,127.9
4,127.9
5,127.9
5,127.9
6,127.9
6,127.9
0,127.9
0,127.9
1,127.9
1,153.9
2,153.9
2,153.9
3,153.9
3,150.9
4,150.9
4,148.9
5,148.9
5,148.9
6,147.9
6,147.9
0,146.9
0,146.9
1,146.9
1,144.9
2,143.4
2,138.9
3,138.9
3,137.9
4,138.9
4,138.9
5,138.9
5,138.9
6,138.9
6,138.9
0,138.9
0,135.9
1,135.9
1,135.9
2,135.9
2,134.9
3,134.9
3,134.5
4,134.5
4,133.8
5,133.8
5,133.5
6,133.5
6,132.5
0,132.5
0,132.5
1,141.1
1,141.1
2,131.7
2,131.7
3,130.9
3,128.9
4,128.9
4,128.9
5,128.9
5,128.9
6,128.9
6,128.9
0,128.9
0,161.9
1,161.4
1,157.9
2,157.9
2,157.9
3,157.4
3,157.4
4,156.9
4,156.9
5,152.9
5,152.9
6,152.9
6,152.9
0,152.9
0,151.2
1,150.5
1,148.4
2,147.9
2,144.9
3,144.9
3,142.9
4,142.9
4,141.9
5,141.8
5,140.33333333333334
6,139.15
6,137.9
0,137.8
0,137.8
1,136.9
1,135.9
2,134.9
2,134.9
3,133.9
3,133.7
4,133.7
4,132.9
5,132.9
5,132.9
6,132.9
6,132.5
0,132.5
0,132.5
1,131.9
1,131.9
2,130.9
2,130.9
3,129.9
3,129.9
4,161.9
4,133.9
5,133.9
5,161.9
6,161.9
6,161.9
0,161.9
0,161.9
1,161.9
1,161.9
2,157.5
2,157.5
3,157.5
3,156.35000000000002
4,154.9
4,152.4
5,152.4
5,152.4
6,152.4
6,148.9
0,148.9
0,146.9
1,146.9
1,146.9
2,144.9
2,143.9
3,143.7
3,140.36666666666667
4,140.36666666666667
4,138.9
5,138.9
5,138.9
6,138.9
6,138.9
0,138.9
0,138.9
1,138.9
1,135.9
2,135.9
2,135.9
3,135.9
3,135.9
4,135.9
4,163.9
5,163.9
5,163.9
6,163.9
6,163.9
0,163.9
0,163.9
1,163.9
1,160.9
2,160.9
2,160.9
3,158.9
3,158.9
4,158.9
4,158.9
5,158.9
5,158.9
6,158.9
6,158.9
0,158.9
0,157.9
1,157.9
1,157.9
2,157.9
2,157.9
3,157.9
3,157.9
4,157.9
4,153.9
5,153.9
5,153.7
6,153.7
6,153.7
0,153.7
0,148.9
1,146.9
1,145.4
2,145.4
2,145.4
3,145.4
3,145.4
4,142.9
4,141.9
5,141.9
5,140.9
6,140.9
6,168.9
0,168.9
0,168.9
1,168.4
1,168.4
2,167.9
2,167.9
3,167.9
3,167.9
4,167.9
4,163.9
5,163.9
5,163.9
6,163.9
6,163.9
0,163.9
0,163.9
1,162.7
1,161.9
2,160.7
2,158.9
3,158.9
3,158.9
4,155.7
4,153.7
5,153.7
5,153.7
6,153.7
6,151.1
0,149.3
0,149.3
1,148.9
1,148.9
2,148.7
2,145.9
3,145.9
3,145.9
4,145.9
4,143.9
5,143.9
5,143.9
6,143.9
6,143.9
0,141.9
0,140.9
1,140.9
1,137.9
2,137.9
2,137.9
3,137.9
3,168.9
4,168.9
4,168.9
5,168.9
5,168.9
6,168.9
6,168.9
0,168.9
0,167.83333333333334
1,167.83333333333334
1,167.83333333333334
2,167.83333333333334
2,167.83333333333334
3,167.83333333333334
3,167.83333333333334
4,166.7
4,166.7
5,166.7
5,165.9
6,165.9
6,165.9
0,162.9
0,162.9
1,161.9
1,161.9
2,159.4
2,159.4
3,157.9
3,156.9
4,155.3
4,154.9
5,152.4
5,152.4
6,150.9
6,148.9
0,148.9
0,148.9
1,148.9
1,148.9
2,147.9
2,147.9
3,146.9
3,146.9
4,145.9
4,144.9
5,144.9
5,144.9
6,144.9
6,144.9
0,144.9
0,144.9
1,144.9
1,144.9
2,144.9
2,144.9
3,144.9
3,156.4
4,156.4
4,156.4
5,156.4
5,156.4
6,156.4
6,156.4
0,156.4
0,166.9
1,165.9
1,165.9
2,165.9
2,165.9
3,163.9
3,163.9
4,160.3
4,157.9
5,156.9
5,156.9
6,156.9
6,156.9
0,156.9
0,155.9
1,155.7
1,155.7
2,155.5
2,154.9
3,154.9
3,154.9
4,154.5
4,154.5
5,154.5
5,154.5
6,152.9
6,150.9
0,150.9
0,150.5
1,150.5
1,150.5
2,149.3
2,149.3
3,149.3
3,147.9
4,147.9
4,147.9
5,147.9
5,145.9
6,145.9
6,145.9
0,145.9
0,145.9
1,145.9
1,145.9
2,141.9
2,140.5
3,140.5
3,140.3
4,140.3
4,140.3
5,140.3
5,140.3
6,140.3
6,140.3
0,140.3
0,140.3
1,140.3
1,140.3
2,140.3
2,140.3
3,140.3
3,140.3
4,140.3
4,140.3
5,140.3
5,140.3
6,140.3
6,140.3
0,140.3
0,140.3
1,140.3
1,140.3
2,140.3
2,140.3
3,168.9
3,168.9
4,168.9
4,168.9
5,168.9
5,168.9
6,167.9
6,167.9
0,167.9
0,167.9
1,166.9
1,166.9
2,166.9
2,165.9
3,164.9
3,164.9
4,164.9
4,164.9
5,162.9
5,160.4
6,158.7
6,158.7
0,156.15
0,152.9
1,150.9
1,150.9
2,144.9
2,144.9
3,144.9
3,144.9
4,144.5
4,144.5
5,144.5
5,144.5
6,144.5
6,144.5
0,142.5
0,142.5
1,142.5
1,141.5
2,141.5
2,140.9
3,140.9
3,140.9
4,140.9
4,140.9
5,140.9
5,140.9
6,139.9
6,139.9
0,168.9
0,168.9
1,168.9
1,168.9
2,168.9
2,168.9
3,164.9
3,164.9
4,162.9
4,162.9
5,158.9
5,158.9
6,158.9
6,158.9
0,158.9
0,155.9
1,155.9
1,155.9
2,155.9
2,155.9
3,155.9
3,152.23333333333335
4,147.9
4,147.9
5,145.9
5,145.9
6,145.9
6,145.9
0,145.9
0,144.9
1,144.9
1,144.9
2,144.9
2,144.9
3,144.9
3,144.9
4,144.9
4,144.9
5,144.9
5,144.9
6,144.9
6,144.9
0,144.9
0,143.5
1,143.5
1,142.9
2,142.9
2,142.9
3,142.9
3,142.9
4,142.9
4,171.9
5,171.9
5,171.9
6,171.9
6,171.9
0,170.9
0,170.9
1,170.9
1,169.9
2,168.9
2,168.9
3,168.9
3,168.9
4,167.9
4,167.9
5,167.9
5,167.9
6,167.9
6,167.9
0,166.9
0,164.9
1,163.7
1,163.7
2,163.7
2,163.7
3,162.7
3,161.9
4,160.9
4,160.9
5,160.9
5,160.9
6,157.9
6,156.9
0,156.9
0,154.9
1,154.9
1,151.9
2,151.9
2,151.9
3,175.9
3,175.9
4,175.9
4,175.9
5,175.9
5,175.9
6,175.9
6,175.9
