0,131.4
0,131.4
1,126.9
1,123.9
2,122.9
2,121.9
3,121.5
3,121.5
4,121.5
4,121.5
5,121.5
5,121.5
6,121.5
6,121.5
0,121.5
0,121.5
1,121.5
1,121.5
2,121.5
2,119.9
3,119.9
3,119.9
4,119.9
4,117.9
5,117.9
5,117.9
6,117.9
6,117.9
0,117.3
0,116.9
1,116.9
1,116.9
2,116.9
2,116.9
3,145.9
3,145.9
4,145.4
4,145.4
5,145.4
5,145.4
6,145.4
6,145.4
0,144.9
0,144.9
1,143.9
1,143.9
2,143.9
2,143.9
3,139.2
3,139.2
4,139.2
4,133.9
5,132.73333333333335
5,132.73333333333335
6,132.73333333333335
6,132.73333333333335
0,132.73333333333335
0,132.73333333333335
1,132.73333333333335
1,132.73333333333335
2,131.9
2,131.9
3,126.9
3,126.9
4,121.9
4,121.9
5,121.9
5,121.9
6,121.9
6,121.9
0,121.95
0,121.95
1,121.23333333333335
1,121.23333333333335
2,119.9
2,119.9
3,147.9
3,147.9
4,145.9
4,145.9
5,145.9
5,145.9
6,143.4
6,143.4
0,143.4
0,143.4
1,141.67499999999998
1,141.67499999999998
2,141.67499999999998
2,141.67499999999998
3,137.9
3,137.9
4,136.4
4,136.4
5,136.4
5,136.4
6,136.4
6,136.4
0,132.9
0,132.9
1,129.9
1,129.9
2,129.9
2,129.9
3,124.65
3,120.4
4,137.15
4,137.15
5,137.15
5,137.15
6,137.15
6,137.15
0,137.15
0,137.15
1,149.4
1,149.4
2,148.9
2,148.9
3,148.9
3,148.9
4,148.9
4,147.9
5,147.9
5,147.9
6,147.9
6,147.9
0,147.9
0,147.9
1,147.9
1,147.9
2,147.9
2,147.9
3,147.9
3,147.9
4,147.9
4,147.9
5,147.9
5,147.9
6,147.9
6,147.9
0,147.9
0,147.9
1,147.9
1,147.9
2,147.9
2,147.9
3,147.9
3,147.9
4,147.9
4,147.9
5,147.9
5,147.9
6,147.9
6,147.9
0,147.9
0,147.9
1,147.9
1,147.9
2,147.9
2,147.9
3,147.9
3,147.9
4,147.9
4,147.9
5,147.9
5,147.9
6,147.9
6,147.9
0,147.9
0,147.9
1,147.9
1,147.9
2,147.9
2,147.9
3,147.9
3,147.9
4,147.9
4,147.9
5,147.9
5,147.9
6,147.9
6,147.9
0,147.9
0,147.9
1,147.9
1,147.9
2,147.9
2,147.9
3,147.9
3,147.9
4,147.9
4,147.9
5,147.9
5,147.9
6,147.9
6,147.9
0,147.9
0,147.9
1,147.9
1,147.9
2,147.9
2,147.9
3,147.9
3,147.9
4,147.9
4,147.9
5,147.9
5,147.9
6,147.9
6,147.9
0,147.9
0,147.9
1,147.9
1,147.9
2,147.9
2,147.9
3,147.9
3,147.9
4,147.9
4,147.9
5,147.9
5,147.9
6,147.9
6,147.9
0,147.9
0,147.9
1,147.9
1,147.9
2,147.9
2,147.9
3,147.9
3,147.9
4,147.9
4,147.9
5,147.9
5,147.9
6,147.9
6,147.9
0,147.9
0,147.9
1,147.9
1,147.9
2,147.9
2,147.9
3,147.9
3,147.9
4,152.9
4,152.9
5,152.85000000000002
5,152.85000000000002
6,152.85000000000002
6,152.85000000000002
0,152.85000000000002
0,152.85000000000002
1,152.85000000000002
1,152.85000000000002
2,152.85000000000002
2,152.85000000000002
3,152.85000000000002
3,152.85000000000002
4,152.85000000000002
4,150.9
5,150.9
5,150.9
6,150.9
6,150.9
0,150.4
0,150.4
1,150.4
1,150.45
2,150.45
2,148.9
3,148.9
3,148.9
4,148.9
4,148.9
5,148.9
5,147.9
6,147.9
6,147.9
0,147.9
0,147.9
1,147.9
1,145.9
2,145.9
2,145.9
3,145.9
3,141.7
4,141.7
4,141.7
5,141.7
5,141.7
6,141.7
6,139.7
0,139.7
0,139.7
1,139.7
1,139.7
2,139.7
2,139.7
3,139.7
3,139.7
4,139.7
4,139.7
5,139.7
5,139.7
6,139.7
6,139.7
0,139.7
0,139.7
1,139.7
1,139.7
2,139.7
2,139.7
3,163.9
3,163.9
4,163.9
4,163.85000000000002
5,163.85000000000002
5,163.85000000000002
6,163.85000000000002
6,163.85000000000002
0,163.85000000000002
0,163.85000000000002
1,163.5
1,163.5
2,163.5
2,163.5
3,163.5
3,163.5
4,157.9
4,157.9
5,157.9
5,157.9
6,157.9
6,157.9
0,157.9
0,157.9
1,157.9
1,157.9
2,157.9
2,157.9
3,157.9
3,153.15
4,153.15
4,153.15
5,153.15
5,153.15
6,150.9
6,150.9
0,147.9
0,149.36666666666667
1,149.36666666666667
1,149.36666666666667
2,149.36666666666667
2,149.36666666666667
3,149.36666666666667
3,149.36666666666667
4,146.4
4,146.4
5,146.4
5,143.9
6,140.4
6,140.45
0,140.45
0,140.45
1,140.45
1,140.45
2,140.3
2,140.3
3,140.35000000000002
3,140.35000000000002
4,140.35000000000002
4,139.9
5,139.9
5,139.9
6,139.9
6,137.9
0,137.9
0,137.9
1,137.9
1,135.3
2,135.3
2,135.3
3,135.3
3,135.3
4,135.3
4,132.9
5,132.9
5,132.9
6,132.9
6,132.9
0,132.9
0,132.9
1,132.3
1,132.3
2,132.3
2,132.3
3,132.3
3,132.3
4,132.3
4,163.9
5,163.9
5,163.9
6,163.9
6,163.9
0,163.9
0,163.9
1,163.9
1,163.9
2,163.9
2,163.9
3,163.9
3,162.9
4,162.9
4,162.9
5,162.9
5,162.9
6,162.9
6,162.9
0,162.9
0,162.9
1,162.9
1,159.9
2,159.9
2,154.4
3,154.4
3,154.4
4,154.4
4,154.4
5,154.4
5,154.4
6,154.4
6,154.4
0,154.4
0,150.7
1,150.7
1,149.4
2,149.4
2,146.4
3,146.4
3,146.4
4,146.4
4,142.3
5,142.3
5,142.3
6,142.3
6,142.3
0,142.3
0,142.3
1,142.3
1,142.3
2,142.3
2,142.3
3,140.9
3,140.9
4,140.9
4,140.9
5,140.9
5,140.9
6,140.9
6,139.4
0,139.4
0,139.4
1,139.4
1,139.4
2,138.9
2,137.5
3,137.5
3,137.5
4,137.5
4,136.9
5,136.9
5,136.9
6,136.9
6,136.9
0,136.9
0,136.9
1,134.9
1,134.9
2,134.9
2,134.9
3,134.9
3,131.4
4,131.4
4,131.4
5,129.3
5,129.3
6,129.3
6,129.3
0,129.3
0,129.3
1,128.3
1,128.3
2,128.3
2,128.3
3,128.3
3,128.3
4,128.3
4,128.3
5,128.3
5,158.9
6,158.9
6,158.9
0,158.9
0,156.9
1,156.9
1,154.3
2,154.3
2,154.3
3,154.3
3,154.3
4,154.3
4,154.3
5,154.3
5,154.3
6,154.3
6,154.3
0,152.9
0,150.9
1,150.9
1,150.9
2,150.9
2,149.9
3,149.9
3,147.9
4,147.9
4,147.9
5,147.9
5,147.9
6,147.9
6,147.9
0,147.9
0,146.4
1,146.4
1,145.9
2,145.9
2,145.9
3,145.9
3,145.9
4,145.9
4,145.9
5,145.9
5,145.9
6,145.9
6,145.9
0,143.9
0,143.9
1,158.9
1,158.9
2,158.9
2,158.9
3,158.9
3,158.9
4,158.9
4,158.9
5,158.9
5,158.9
6,158.9
6,158.9
0,158.9
0,158.9
1,158.9
1,158.9
2,156.9
2,156.9
3,155.9
3,155.9
4,155.9
4,148.4
5,148.4
5,148.4
6,148.4
6,148.4
0,148.4
0,143.4
1,143.4
1,140.4
2,140.4
2,140.4
3,140.4
3,140.4
4,140.4
4,136.9
5,136.9
5,136.4
6,136.4
6,136.4
0,136.4
0,136.4
1,135.3
1,135.3
2,135.3
2,135.3
3,135.3
3,135.3
4,135.3
4,135.3
5,135.3
5,135.3
6,135.3
6,135.3
0,135.3
0,135.3
1,135.3
1,135.3
2,135.3
2,147.10000000000002
3,147.10000000000002
3,147.10000000000002
4,147.10000000000002
4,147.10000000000002
5,147.10000000000002
5,147.10000000000002
6,147.10000000000002
6,147.10000000000002
0,147.10000000000002
0,158.9
1,156.3
1,156.3
2,154.9
2,154.9
3,154.9
3,154.9
4,154.9
4,154.9
5,154.9
5,154.9
6,154.9
6,154.9
0,154.9
0,154.9
1,150.9
1,150.9
2,150.9
2,150.9
3,150.9
3,150.9
4,143.3
4,143.3
5,143.3
5,143.3
6,143.3
6,143.3
0,143.3
0,143.3
1,141.15
1,141.15
2,141.15
2,141.15
3,141.15
3,137.9
4,137.9
4,137.9
5,137.4
5,137.35000000000002
6,136.9
6,136.9
0,136.9
0,136.9
1,136.9
1,136.9
2,135.4
2,135.4
3,135.4
3,135.4
4,135.4
4,135.4
5,135.4
5,135.4
6,135.4
6,135.4
0,135.4
0,135.4
1,135.4
1,135.4
2,135.4
2,135.4
3,130.9
3,150.9
4,150.9
4,150.9
5,150.9
5,150.9
6,150.9
6,150.9
0,150.9
0,150.9
1,150.9
1,150.9
2,150.9
2,150.9
3,150.9
3,150.9
4,145.3
4,145.3
5,145.3
5,145.3
6,145.3
6,145.3
0,143.9
0,143.9
1,143.9
1,143.9
2,143.9
2,143.9
3,143.9
3,143.9
4,143.9
4,143.9
5,143.9
5,143.9
6,143.9
6,143.9
0,143.9
0,143.9
1,143.9
1,142.9
2,142.16666666666666
2,142.16666666666666
3,140.9
3,140.9
4,140.9
4,140.9
5,140.9
5,140.9
6,140.9
6,140.9
0,140.9
0,140.9
1,140.9
1,140.9
2,139.9
2,137.9
3,137.9
3,137.9
4,137.9
4,137.9
5,137.9
5,134.9
6,134.9
6,134.9
0,134.9
0,134.9
1,134.9
1,153.9
2,153.9
2,153.9
3,153.9
3,153.9
4,153.9
4,153.9
5,153.9
5,153.9
6,153.9
6,153.9
0,152.15
0,148.4
1,148.4
1,148.4
2,148.4
2,148.4
3,148.4
3,148.4
4,148.4
4,148.4
5,147.9
5,147.9
6,147.4
6,147.4
0,147.4
0,147.4
1,147.4
1,145.4
2,145.4
2,145.4
3,145.4
3,145.4
4,145.4
4,145.4
5,145.4
5,145.4
6,145.4
6,145.4
0,145.4
0,144.65
1,143.9
1,143.9
2,143.9
2,143.9
3,143.9
3,143.9
4,152.9
4,152.9
5,161.9
5,143.9
6,143.9
6,143.9
0,143.9
0,161.9
1,161.4
1,161.4
2,160.9
2,159.4
3,159.4
3,159.4
4,159.4
4,159.4
5,159.4
5,159.4
6,159.4
6,159.4
0,159.4
0,159.4
1,159.4
1,159.4
2,159.4
2,159.4
3,156.9
3,156.9
4,156.9
4,156.9
5,156.9
5,156.9
6,156.9
6,156.9
0,153.9
0,153.9
1,153.9
1,147.9
2,147.9
2,147.9
3,147.9
3,147.9
4,147.9
4,147.9
5,147.9
5,147.9
6,147.9
6,147.9
0,147.9
0,144.9
1,142.9
1,142.9
2,142.9
2,142.9
3,140.9
3,140.9
4,140.9
4,140.9
5,140.9
5,161.9
6,161.9
6,161.9
0,161.9
0,161.9
1,161.9
1,161.9
2,161.9
2,161.9
3,161.9
3,159.4
4,159.4
4,159.4
5,159.4
5,159.4
6,159.4
6,159.4
0,159.4
0,159.4
1,158.9
1,158.9
2,158.9
2,158.9
3,158.9
3,158.9
4,158.9
4,158.9
5,158.9
5,158.9
6,158.9
6,158.9
0,158.9
0,154.9
1,154.9
1,154.9
2,154.9
2,154.9
3,154.9
3,154.9
4,154.9
4,163.9
5,163.9
5,163.9
6,163.9
6,163.9
0,163.9
0,163.9
1,163.9
1,163.9
2,163.9
2,163.9
3,163.9
3,163.9
4,163.9
4,163.9
5,163.9
5,163.9
6,163.9
6,163.9
0,163.9
0,163.9
1,163.9
1,160.9
2,160.9
2,160.9
3,160.9
3,160.9
4,160.9
4,160.4
5,160.4
5,160.4
6,160.4
6,160.4
0,160.4
0,158.9
1,158.9
1,156.9
2,156.9
2,156.9
3,156.9
3,156.9
4,154.9
4,154.9
5,154.9
5,154.9
6,154.9
6,168.9
0,168.9
0,168.9
1,168.9
1,168.9
2,168.9
2,168.9
3,168.9
3,168.9
4,168.9
4,168.9
5,168.9
5,168.9
6,168.9
6,168.9
0,168.9
0,168.9
1,168.4
1,168.4
2,168.4
2,168.4
3,168.4
3,168.4
4,168.4
4,166.9
5,166.9
5,166.9
6,166.9
6,166.9
0,166.9
0,166.9
1,166.9
1,164.9
2,164.9
2,150.9
3,150.9
3,150.9
4,150.9
4,150.9
5,150.9
5,150.9
6,150.9
6,150.9
0,150.9
0,150.9
1,150.9
1,150.9
2,150.9
2,150.9
3,168.9
3,168.9
4,168.9
4,168.9
5,168.9
5,168.9
6,168.9
6,168.9
0,168.9
0,168.9
1,168.9
1,168.9
2,168.9
2,168.9
3,168.9
3,168.9
4,168.9
4,168.9
5,168.9
5,168.9
6,168.9
6,168.9
0,168.9
0,168.9
1,168.9
1,168.9
2,168.9
2,168.9
3,168.9
3,168.9
4,168.9
4,164.9
5,161.9
5,159.9
6,156.9
6,156.9
0,156.9
0,156.9
1,156.9
1,156.9
2,156.9
2,156.9
3,156.9
3,156.9
4,156.9
4,156.9
5,156.9
5,156.9
6,156.9
6,156.9
0,156.9
0,156.9
1,156.9
1,156.9
2,168.9
2,168.9
3,168.9
3,168.9
4,168.9
4,168.9
5,168.9
5,168.9
6,168.9
6,168.9
0,168.9
0,168.9
1,168.9
1,168.9
2,168.9
2,168.9
3,168.9
3,168.9
4,168.9
4,168.9
5,168.9
5,168.9
6,168.9
6,168.9
0,168.9
0,168.9
1,168.9
1,168.9
2,168.9
2,163.9
3,163.9
3,163.9
4,163.9
4,160.9
5,160.9
5,160.9
6,160.9
6,160.9
0,160.9
0,160.9
1,160.9
1,160.9
2,160.9
2,155.9
3,155.9
3,155.9
4,155.9
4,155.9
5,155.9
5,155.9
6,155.9
6,155.9
0,155.9
0,155.9
1,155.9
1,155.9
2,154.9
2,150.6
3,150.5
3,150.5
4,150.5
4,150.5
5,150.5
5,150.5
6,150.5
6,150.5
0,150.5
0,150.5
1,148.5
1,148.5
2,147.9
2,147.9
3,147.9
3,147.9
4,147.9
4,147.9
5,147.9
5,147.9
6,147.9
6,147.9
0,147.4
0,147.4
1,147.4
1,147.4
2,147.4
2,168.9
3,168.9
3,168.9
4,168.9
4,168.9
5,168.9
5,168.9
6,168.9
6,168.9
0,168.9
0,168.9
1,168.9
1,168.9
2,168.9
2,168.9
3,168.9
3,168.9
4,168.9
4,168.9
5,168.9
5,168.9
6,168.9
6,168.9
0,168.4
0,168.4
1,160.9
1,160.4
2,160.4
2,156.9
3,156.9
3,156.9
4,156.9
4,156.9
5,156.9
5,156.9
6,156.9
6,156.9
0,156.9
0,156.9
1,156.9
1,156.9
2,156.9
2,156.9
3,156.9
3,156.9
4,156.9
4,156.9
5,156.9
5,156.9
6,156.9
6,156.9
0,156.9
0,156.9
1,168.9
1,160.9
2,160.9
2,160.9
3,160.9
3,160.9
4,160.9
4,160.9
5,160.9
5,160.9
6,160.9
6,160.9
0,160.9
0,160.9
1,160.9
1,160.4
2,160.4
2,154.15
3,154.15
3,154.15
4,154.15
4,154.15
5,154.15
5,154.15
6,154.15
6,154.15
0,154.15
0,154.15
1,154.15
1,154.15
2,154.15
2,154.15
3,154.15
3,154.15
4,154.15
4,154.15
5,154.15
5,154.15
6,154.15
6,154.15
0,154.15
0,146.9
1,146.9
1,146.9
2,146.9
2,146.9
3,146.9
3,146.9
4,171.9
4,171.9
5,171.9
5,171.9
6,171.9
6,171.9
0,170.9
0,170.9
1,170.9
1,170.9
2,170.9
2,170.9
3,170.9
3,168.9
4,164.9
4,164.9
5,164.9
5,164.9
6,164.9
6,164.9
0,164.9
0,164.9
1,164.9
1,162.7
2,160.7
2,155.9
3,155.9
3,152.9
4,152.9
4,150.9
5,150.9
5,150.9
6,150.9
6,150.9
0,150.9
0,150.9
1,150.9
1,150.9
2,150.9
2,150.9
3,150.9
3,175.9
4,175.9
4,175.9
5,175.9
5,175.9
6,175.9
6,175.9
