0,0
0,0
1,0
1,0
2,0
2,0
3,0
3,0
4,0
4,0
5,0
5,0
6,0
6,0
0,0
0,136.9
1,136.9
1,136.9
2,136.9
2,136.9
3,136.9
3,136.9
4,136.9
4,136.9
5,136.9
5,136.9
6,136.9
6,136.9
0,136.9
0,136.9
1,136.9
1,136.9
2,136.9
2,136.9
3,136.9
3,136.9
4,136.9
4,136.9
5,136.9
5,136.9
6,136.9
6,136.9
0,136.9
0,136.9
1,136.9
1,136.9
2,136.9
2,136.9
3,136.9
3,136.9
4,136.9
4,136.9
5,136.9
5,136.9
6,136.9
6,136.9
0,136.9
0,136.9
1,136.9
1,136.9
2,136.9
2,136.9
3,136.9
3,136.9
4,136.9
4,136.9
5,136.9
5,136.9
6,136.9
6,136.9
0,136.9
0,136.9
1,136.9
1,136.9
2,136.9
2,136.9
3,136.9
3,136.9
4,136.9
4,136.9
5,136.9
5,136.9
6,136.9
6,136.9
0,136.9
0,136.9
1,136.9
1,136.9
2,136.9
2,136.9
3,136.9
3,136.9
4,136.9
4,136.9
5,136.9
5,136.9
6,136.9
6,136.9
0,136.9
0,136.9
1,136.9
1,136.9
2,136.9
2,136.9
3,136.9
3,136.9
4,136.9
4,136.9
5,136.9
5,136.9
6,136.9
6,135.9
0,135.9
0,135.9
1,135.9
1,135.9
2,135.9
2,135.9
3,135.9
3,135.9
4,135.9
4,135.9
5,135.9
5,135.9
6,135.9
6,135.9
0,135.9
0,135.9
1,135.9
1,135.9
2,135.9
2,135.9
3,135.9
3,135.9
4,135.9
4,135.9
5,135.9
5,135.9
6,135.9
6,135.9
0,135.9
0,135.9
1,135.9
1,135.9
2,135.9
2,135.9
3,135.9
3,135.9
4,135.9
4,135.9
5,135.9
5,135.9
6,135.9
6,135.9
0,135.9
0,135.9
1,135.9
1,135.9
2,135.9
2,135.9
3,135.9
3,135.9
4,135.9
4,135.9
5,135.9
5,135.9
6,135.9
6,135.9
0,135.9
0,135.9
1,135.9
1,135.9
2,135.9
2,135.9
3,135.9
3,135.9
4,135.9
4,135.9
5,135.9
5,135.9
6,135.9
6,135.9
0,135.9
0,135.9
1,135.9
1,135.9
2,135.9
2,135.9
3,135.9
3,135.9
4,135.9
4,135.9
5,135.9
5,135.9
6,135.9
6,135.9
0,135.9
0,135.9
1,135.9
1,135.9
2,135.9
2,135.9
3,135.9
3,135.9
4,135.9
4,135.9
5,135.9
5,135.9
6,135.9
6,135.9
0,135.9
0,135.9
1,135.9
1,135.9
2,135.9
2,135.9
3,135.9
3,135.9
4,135.9
4,135.9
5,135.9
5,135.9
6,135.9
6,135.9
0,135.9
0,135.9
1,135.9
1,135.9
2,135.9
2,135.9
3,135.9
3,135.9
4,135.9
4,135.9
5,135.9
5,135.9
6,135.9
6,135.9
0,135.9
0,135.9
1,135.9
1,135.9
2,135.9
2,135.9
3,135.9
3,135.9
4,135.9
4,135.9
5,135.9
5,135.9
6,135.9
6,135.9
0,135.9
0,135.9
1,135.9
1,135.9
2,135.9
2,135.9
3,135.9
3,135.9
4,135.9
4,135.9
5,135.9
5,135.9
6,135.9
6,135.9
0,135.9
0,135.9
1,147.9
1,147.9
2,147.9
2,147.9
3,147.9
3,147.9
4,147.9
4,147.9
5,147.9
5,147.9
6,147.9
6,147.9
0,147.9
0,147.9
1,147.9
1,147.9
2,149.9
2,149.9
3,149.9
3,149.9
4,149.9
4,149.9
5,149.9
5,149.9
6,149.9
6,149.9
0,149.9
0,149.9
1,149.9
1,149.9
2,149.9
2,149.9
3,149.9
3,149.9
4,149.9
4,149.9
5,149.9
5,149.9
6,149.9
6,149.9
0,149.9
0,149.9
1,149.9
1,149.9
2,149.9
2,149.9
3,149.9
3,149.9
4,149.9
4,149.9
5,149.9
5,149.9
6,149.9
6,149.9
0,151.9
0,151.9
1,151.9
1,161.3
2,161.3
2,161.3
3,161.3
3,161.3
4,161.3
4,161.3
5,161.3
5,161.3
6,161.3
6,161.3
0,161.3
0,161.3
1,161.3
1,161.3
2,161.3
2,161.3
3,161.3
3,161.3
4,161.3
4,161.3
5,161.3
5,161.3
6,161.3
6,161.3
0,161.3
0,161.3
1,161.3
1,161.3
2,161.3
2,159.1
3,159.1
3,159.1
4,159.1
4,159.1
5,159.1
5,159.1
6,159.1
6,159.1
0,157.8
0,157.8
1,157.8
1,157.8
2,157.8
2,157.8
3,157.8
3,157.8
4,157.8
4,157.8
5,157.8
5,157.8
6,157.8
6,157.8
0,157.8
0,157.8
1,157.8
1,157.8
2,157.8
2,157.8
3,157.8
3,157.8
4,157.8
4,155.9
5,155.9
5,155.9
6,155.9
6,155.9
0,155.9
0,155.9
1,155.9
1,155.9
2,155.9
2,155.9
3,155.9
3,155.9
4,155.9
4,155.9
5,155.9
5,155.9
6,155.9
6,155.9
0,155.9
0,155.9
1,155.9
1,155.9
2,155.9
2,155.9
3,155.9
3,155.9
4,155.9
4,154.9
5,154.9
5,154.9
6,154.9
6,154.9
0,154.9
0,154.9
1,154.9
1,154.9
2,154.9
2,154.9
3,154.9
3,154.9
4,154.9
4,154.9
5,154.9
5,154.9
6,154.9
6,154.9
0,154.9
0,154.9
1,154.9
1,154.9
2,154.9
2,154.9
3,154.9
3,154.9
4,152.9
4,152.9
5,152.9
5,152.9
6,152.9
6,152.9
0,152.9
0,152.9
1,152.9
1,152.9
2,152.9
2,152.9
3,152.9
3,152.9
4,152.9
4,152.9
5,152.9
5,152.9
6,152.9
6,152.9
0,152.9
0,152.9
1,152.9
1,145.9
2,145.9
2,145.9
3,145.9
3,145.9
4,145.9
4,145.9
5,145.9
5,145.9
6,145.9
6,145.9
0,145.9
0,145.9
1,145.9
1,145.9
2,145.9
2,145.9
3,145.9
3,145.9
4,145.9
4,145.9
5,145.9
5,145.9
6,145.9
6,145.9
0,145.9
0,145.9
1,145.9
1,144.9
2,144.9
2,144.9
3,144.9
3,144.9
4,144.9
4,144.9
5,144.9
5,144.9
6,144.9
6,144.9
0,144.9
0,144.9
1,144.9
1,144.9
2,144.9
2,144.9
3,144.9
3,144.9
4,144.9
4,144.9
5,144.9
5,144.9
6,144.9
6,144.9
0,144.9
0,144.9
1,144.9
1,144.9
2,144.9
2,144.9
3,144.9
3,144.9
4,144.9
4,144.9
5,144.9
5,144.9
6,144.9
6,144.9
0,144.9
0,144.9
1,144.9
1,144.9
2,144.9
2,144.9
3,144.9
3,144.9
4,144.9
4,144.9
5,144.9
5,144.9
6,144.9
6,144.9
0,144.9
0,144.9
1,144.9
1,144.9
2,144.9
2,144.9
3,144.9
3,144.9
4,144.9
4,144.9
5,144.9
5,144.9
6,144.9
6,144.9
0,144.9
0,144.9
1,144.9
1,144.9
2,144.9
2,144.9
3,144.9
3,144.9
4,144.9
4,144.9
5,144.9
5,144.9
6,144.9
6,144.9
0,144.9
0,144.9
1,144.9
1,144.9
2,144.9
2,144.9
3,144.9
3,144.9
4,144.9
4,144.9
5,144.9
5,144.9
6,144.9
6,144.9
0,144.9
0,144.9
1,144.9
1,144.9
2,144.9
2,144.9
3,144.9
3,144.9
4,144.9
4,144.9
5,144.9
5,144.9
6,144.9
6,144.9
0,144.9
0,144.9
1,144.9
1,144.9
2,144.9
2,144.9
3,144.9
3,144.9
4,144.9
4,144.9
5,144.9
5,144.9
6,144.9
6,144.9
0,144.9
0,144.9
1,144.9
1,144.9
2,144.9
2,144.9
3,144.9
3,144.9
4,144.9
4,144.9
5,144.9
5,144.9
6,144.9
6,144.9
0,144.9
0,144.9
1,144.9
1,144.9
2,144.9
2,144.9
3,144.9
3,144.9
4,144.9
4,144.9
5,144.9
5,144.9
6,144.9
6,144.9
0,143.6
0,143.6
1,143.6
1,143.6
2,143.6
2,143.6
3,143.6
3,143.6
4,143.6
4,143.6
5,143.6
5,143.6
6,143.6
6,143.6
0,143.6
0,143.6
1,143.6
1,143.6
2,143.6
2,143.6
3,143.6
3,143.6
4,143.6
4,143.6
5,143.6
5,143.6
6,143.6
6,143.6
0,143.6
0,143.6
1,143.6
1,143.6
2,143.6
2,143.6
3,143.6
3,143.6
4,143.6
4,143.6
5,143.6
5,143.6
6,143.6
6,143.6
0,143.6
0,143.6
1,143.6
1,143.6
2,143.6
2,143.6
3,143.6
3,143.6
4,143.6
4,143.6
5,143.6
5,143.6
6,143.6
6,143.6
0,143.6
0,143.6
1,143.6
1,143.6
2,143.6
2,143.6
3,143.6
3,143.6
4,143.6
4,143.6
5,143.6
5,143.6
6,143.6
6,143.6
0,143.6
0,143.6
1,143.6
1,143.6
2,143.6
2,143.6
3,143.6
3,143.6
4,143.6
4,143.6
5,143.6
5,143.6
6,143.6
6,143.6
0,143.6
0,143.6
1,143.6
1,143.6
2,143.6
2,143.6
3,143.6
3,143.6
4,143.6
4,143.6
5,143.6
5,143.6
6,143.6
6,143.6
0,143.6
0,143.6
1,143.6
1,143.6
2,143.6
2,143.6
3,143.6
3,143.6
4,143.6
4,143.6
5,143.6
5,143.6
6,143.6
6,143.6
0,143.6
0,143.6
1,143.6
1,143.6
2,143.6
2,143.6
3,143.6
3,143.6
4,143.6
4,143.6
5,143.6
5,143.6
6,143.6
6,143.6
0,143.6
0,143.6
1,143.6
1,143.6
2,143.6
2,143.6
3,143.6
3,143.6
4,143.6
4,143.6
5,143.6
5,143.6
6,143.6
6,143.6
0,143.6
0,143.6
1,143.6
1,143.6
2,143.6
2,143.6
3,143.6
3,143.6
4,143.6
4,143.6
5,143.6
5,143.6
6,143.6
6,143.6
0,143.6
0,143.6
1,143.6
1,143.6
2,143.6
2,143.6
3,143.6
3,143.6
4,143.6
4,143.6
5,143.6
5,143.6
6,143.6
6,143.6
0,143.6
0,143.6
1,143.6
1,143.6
2,143.6
2,143.6
3,143.6
3,143.6
4,143.6
4,143.6
5,143.6
5,143.6
6,143.6
6,143.6
0,143.6
0,143.6
1,143.6
1,143.6
2,143.6
2,143.6
3,143.6
3,143.6
4,143.6
4,143.6
5,143.6
5,143.6
6,143.6
6,143.6
0,143.6
0,143.6
1,143.6
1,143.6
2,143.6
2,143.6
3,143.6
3,143.6
4,143.6
4,143.6
5,143.6
5,143.6
6,143.6
6,143.6
0,143.6
0,143.6
1,143.6
1,143.6
2,143.6
2,143.6
3,143.6
3,143.6
4,143.6
4,143.6
5,143.6
5,143.6
6,143.6
6,143.6
0,143.6
0,143.6
1,143.6
1,143.6
2,143.6
2,143.6
3,143.6
3,143.6
4,143.6
4,143.6
5,143.6
5,143.6
6,143.6
6,143.6
0,143.6
0,143.6
1,143.6
1,143.6
2,143.6
2,143.6
3,143.6
3,143.6
4,143.6
4,143.6
5,143.6
5,143.6
6,143.6
6,143.6
0,143.6
0,143.6
1,143.6
1,143.6
2,143.6
2,143.6
3,143.6
3,143.6
4,143.6
4,143.6
5,143.6
5,143.6
6,143.6
6,143.6
0,143.6
0,143.6
1,143.6
1,143.6
2,143.6
2,143.6
3,143.6
3,143.6
4,143.6
4,143.6
5,143.6
5,143.6
6,143.6
6,143.6
0,143.6
0,143.6
1,143.6
1,143.6
2,143.6
2,143.6
3,143.6
3,143.6
4,143.6
4,143.6
5,143.6
5,143.6
6,143.6
6,143.6
0,143.6
0,143.6
1,143.6
1,143.6
2,143.6
2,143.6
3,143.6
3,143.6
4,143.6
4,143.6
5,143.6
5,143.6
6,143.6
6,143.6
0,143.6
0,143.6
1,143.6
1,143.6
2,143.6
2,143.6
3,143.6
3,143.6
4,143.6
4,143.6
5,143.6
5,143.6
6,143.6
6,143.6
0,143.6
0,143.6
1,143.6
1,143.6
2,143.6
2,143.6
3,143.6
3,143.6
4,143.6
4,143.6
5,143.6
5,143.6
6,143.6
6,143.6
0,143.6
0,143.6
1,143.6
1,143.6
2,143.6
2,143.6
3,143.6
3,143.6
4,143.6
4,143.6
5,143.6
5,143.6
6,143.6
6,143.6
0,143.6
0,143.6
1,143.6
1,143.6
2,143.6
2,143.6
3,143.6
3,143.6
4,143.6
4,143.6
5,143.6
5,143.6
6,143.6
6,143.6
0,143.6
0,143.6
1,143.6
1,143.6
2,143.6
2,143.6
3,143.6
3,143.6
4,143.6
4,143.6
5,143.6
5,143.6
6,143.6
6,143.6
0,143.6
0,143.6
1,143.6
1,143.6
2,143.6
2,143.6
3,143.6
3,143.6
4,143.6
4,143.6
5,143.6
5,143.6
6,143.6
6,143.6
0,143.6
0,143.6
1,143.6
1,143.6
2,143.6
2,143.6
3,143.6
3,143.6
4,143.6
4,143.6
5,143.6
5,143.6
6,143.6
6,143.6
0,143.6
0,143.6
1,143.6
1,143.6
2,143.6
2,143.6
3,143.6
3,143.6
4,143.6
4,143.6
5,143.6
5,143.6
6,143.6
6,143.6
0,143.6
0,143.6
1,143.6
1,143.6
2,143.6
2,143.6
3,143.6
3,143.6
4,143.6
4,143.6
5,143.6
5,143.6
6,143.6
6,143.6
0,143.6
0,143.6
1,143.6
1,143.6
2,143.6
2,143.6
3,143.6
3,143.6
4,143.6
4,143.6
5,143.6
5,143.6
6,143.6
6,143.6
0,143.6
0,143.6
1,143.6
1,143.6
2,143.6
2,143.6
3,143.6
3,143.6
4,143.6
4,143.6
5,143.6
5,143.6
6,143.6
6,143.6
0,143.6
0,143.6
1,143.6
1,143.6
2,143.6
2,143.6
3,143.6
3,143.6
4,143.6
4,143.6
5,143.6
5,143.6
6,143.6
6,143.6
0,143.6
0,143.6
1,143.6
1,143.6
2,143.6
2,143.6
3,143.6
3,143.6
4,143.6
4,143.6
5,143.6
5,143.6
6,143.6
6,143.6
0,143.6
0,143.6
1,143.6
1,143.6
2,143.6
2,143.6
3,143.6
3,143.6
4,143.6
4,143.6
5,143.6
5,143.6
6,143.6
6,143.6
0,143.6
0,143.6
1,143.6
1,143.6
2,143.6
2,143.6
3,143.6
3,143.6
4,143.6
4,143.6
5,143.6
5,143.6
6,143.6
6,143.6
0,143.6
0,143.6
1,143.6
1,143.6
2,143.6
2,143.6
3,143.6
3,143.6
4,143.6
4,143.6
5,143.6
5,143.6
6,143.6
6,143.6
0,143.6
0,143.6
1,143.6
1,143.6
2,143.6
2,143.6
3,143.6
3,143.6
4,143.6
4,143.6
5,143.6
5,143.6
6,143.6
6,143.6
0,143.6
0,143.6
1,143.6
1,143.6
2,143.6
2,143.6
3,143.6
3,143.6
4,143.6
4,143.6
5,143.6
5,143.6
6,143.6
6,143.6
0,143.6
0,143.6
1,143.6
1,143.6
2,143.6
2,143.6
3,143.6
3,143.6
4,143.6
4,143.6
5,143.6
5,143.6
6,143.6
6,143.6
0,143.6
0,143.6
1,143.6
1,143.6
2,143.6
2,143.6
3,143.6
3,143.6
4,143.6
4,143.6
5,143.6
5,143.6
6,143.6
6,143.6
0,143.6
0,143.6
1,143.6
1,143.6
2,143.6
2,143.6
3,143.6
3,143.6
4,143.6
4,143.6
5,143.6
5,143.6
6,143.6
6,143.6
0,143.6
0,143.6
1,143.6
1,143.6
2,143.6
2,143.6
3,143.6
3,143.6
4,143.6
4,143.6
5,143.6
5,143.6
6,143.6
6,143.6
0,143.6
0,143.6
1,143.6
1,143.6
2,143.6
2,143.6
3,143.6
3,143.6
4,143.6
4,143.6
5,143.6
5,143.6
6,143.6
6,143.6
