0,127.9
0,127.9
1,127.9
1,127.9
2,127.9
2,123.9
3,123.9
3,121.4
4,121.4
4,121.4
5,121.4
5,121.4
6,121.4
6,119.9
0,119.85
0,119.85
1,119.85
1,118.9
2,118.9
2,118.9
3,118.9
3,118.9
4,118.9
4,118.9
5,118.9
5,118.9
6,117.9
6,115.9
0,115.85
0,115.85
1,115.85
1,115.85
2,115.85
2,115.85
3,135.9
3,135.9
4,135.9
4,135.9
5,135.9
5,135.9
6,145.23333333333332
6,145.23333333333332
0,145.23333333333332
0,143.9
1,143.9
1,143.9
2,141.9333333333333
2,141.9333333333333
3,138.4
3,138.4
4,136.23333333333332
4,136.23333333333332
5,133.86666666666665
5,132.9
6,132.9
6,131.9
0,129.9
0,128.9
1,128.9
1,128.9
2,128.9
2,128.9
3,128.9
3,127.9
4,126.56666666666668
4,126.56666666666668
5,126.56666666666668
5,126.56666666666668
6,126.56666666666668
6,126.56666666666668
0,124.9
0,124.9
1,124.9
1,124.9
2,124.23333333333335
2,147.9
3,147.95
3,147.95
4,147.95
4,147.95
5,146.9
5,146.9
6,146.6
6,146.6
0,143.9
0,143.9
1,143.9
1,141.9333333333333
2,141.3
2,141.3
3,140.23333333333335
3,138.9
4,137.9
4,137.9
5,132.9
5,132.9
6,134.5
6,134.9
0,133.15
0,133.15
1,129.9
1,127.4
2,127.4
2,127.4
3,127.4
3,127.4
4,142.4
4,142.4
5,142.4
5,142.4
6,147.9
6,148.0
0,148.0
0,148.0
1,148.0
1,148.0
2,148.0
2,148.0
3,146.9
3,146.9
4,146.9
4,145.96666666666667
5,145.96666666666667
5,145.96666666666667
6,145.96666666666667
6,145.96666666666667
0,145.96666666666667
0,145.96666666666667
1,145.96666666666667
1,145.96666666666667
2,145.96666666666667
2,145.96666666666667
3,145.96666666666667
3,145.96666666666667
4,145.96666666666667
4,145.96666666666667
5,145.96666666666667
5,145.96666666666667
6,145.96666666666667
6,145.96666666666667
0,145.96666666666667
0,145.96666666666667
1,145.96666666666667
1,145.96666666666667
2,145.96666666666667
2,145.96666666666667
3,145.96666666666667
3,145.96666666666667
4,145.96666666666667
4,145.96666666666667
5,145.96666666666667
5,145.96666666666667
6,145.96666666666667
6,145.96666666666667
0,145.96666666666667
0,145.96666666666667
1,145.96666666666667
1,145.96666666666667
2,145.96666666666667
2,145.96666666666667
3,145.96666666666667
3,145.96666666666667
4,145.96666666666667
4,145.96666666666667
5,145.96666666666667
5,145.96666666666667
6,145.96666666666667
6,145.96666666666667
0,145.96666666666667
0,145.96666666666667
1,145.96666666666667
1,145.96666666666667
2,145.96666666666667
2,145.96666666666667
3,145.96666666666667
3,145.96666666666667
4,145.96666666666667
4,145.96666666666667
5,145.96666666666667
5,145.96666666666667
6,145.96666666666667
6,145.96666666666667
0,145.96666666666667
0,145.96666666666667
1,145.96666666666667
1,145.96666666666667
2,145.96666666666667
2,145.96666666666667
3,145.96666666666667
3,145.96666666666667
4,145.96666666666667
4,145.96666666666667
5,145.96666666666667
5,145.96666666666667
6,145.96666666666667
6,145.96666666666667
0,145.96666666666667
0,145.96666666666667
1,145.96666666666667
1,145.96666666666667
2,145.96666666666667
2,145.96666666666667
3,145.96666666666667
3,145.96666666666667
4,145.96666666666667
4,145.96666666666667
5,145.96666666666667
5,145.96666666666667
6,145.96666666666667
6,145.96666666666667
0,145.96666666666667
0,145.96666666666667
1,145.96666666666667
1,145.96666666666667
2,145.96666666666667
2,145.96666666666667
3,145.96666666666667
3,145.96666666666667
4,145.96666666666667
4,145.96666666666667
5,145.96666666666667
5,145.96666666666667
6,145.96666666666667
6,145.96666666666667
0,145.96666666666667
0,145.96666666666667
1,145.96666666666667
1,145.96666666666667
2,145.96666666666667
2,145.96666666666667
3,145.96666666666667
3,145.96666666666667
4,145.96666666666667
4,145.96666666666667
5,145.96666666666667
5,145.96666666666667
6,145.96666666666667
6,145.96666666666667
0,145.96666666666667
0,145.96666666666667
1,145.96666666666667
1,145.96666666666667
2,145.96666666666667
2,145.96666666666667
3,124.56666666666666
3,124.56666666666666
4,152.9
4,152.9
5,153.0
5,153.0
6,153.0
6,153.0
0,153.0
0,153.0
1,153.0
1,153.0
2,153.0
2,150.23333333333335
3,150.23333333333335
3,150.23333333333335
4,147.9
4,147.9
5,147.95
5,147.95
6,147.95
6,147.95
0,147.23333333333335
0,147.23333333333335
1,147.23333333333335
1,147.23333333333335
2,147.23333333333335
2,147.23333333333335
3,147.23333333333335
3,147.23333333333335
4,147.23333333333335
4,146.23333333333335
5,146.23333333333335
5,145.95
6,145.95
6,145.95
0,145.95
0,146.05
1,146.05
1,145.23333333333335
2,145.23333333333335
2,145.23333333333335
3,145.23333333333335
3,145.23333333333335
4,145.23333333333335
4,145.23333333333335
5,145.23333333333335
5,143.9
6,143.9
6,143.9
0,143.9
0,143.9
1,143.9
1,143.9
2,143.9
2,143.9
3,143.9
3,142.5666666666667
4,142.5666666666667
4,142.0
5,142.0
5,142.0
6,142.0
6,142.0
0,142.0
0,142.0
1,142.0
1,142.0
2,142.0
2,156.5666666666667
3,156.5666666666667
3,156.5666666666667
4,156.5666666666667
4,156.5666666666667
5,156.5666666666667
5,156.5666666666667
6,156.5666666666667
6,164.0
0,163.9
0,163.9
1,162.1
1,162.1
2,162.1
2,162.1
3,161.0
3,161.0
4,159.9
4,159.9
5,159.9
5,159.9
6,159.9
6,158.9
0,158.9
0,157.9
1,157.9
1,156.4
2,155.43333333333334
2,153.6142857142857
3,153.6142857142857
3,150.9
4,150.23333333333335
4,150.23333333333335
5,150.23333333333335
5,150.23333333333335
6,150.23333333333335
6,150.23333333333335
0,147.9
0,145.9
1,145.9
1,145.9
2,145.9
2,145.9
3,145.95
3,145.95
4,143.9
4,141.9
5,141.9
5,141.23333333333335
6,140.95
6,140.95
0,139.9
0,138.9
1,138.4
1,137.4
2,137.4
2,137.4
3,137.4
3,137.4
4,137.4
4,137.4
5,137.4
5,137.4
6,137.4
6,134.9
0,134.9
0,134.9
1,134.9
1,134.4
2,134.4
2,134.4
3,134.4
3,134.4
4,134.4
4,134.4
5,134.4
5,134.4
6,134.4
6,133.9
0,133.9
0,133.9
1,133.9
1,133.9
2,133.9
2,133.9
3,133.9
3,133.9
4,133.9
4,163.9
5,163.9
5,163.9
6,163.9
6,163.9
0,163.9
0,161.9
1,161.9
1,160.9
2,159.56666666666666
2,159.56666666666666
3,159.56666666666666
3,159.56666666666666
4,159.56666666666666
4,159.56666666666666
5,159.56666666666666
5,159.56666666666666
6,157.9
6,156.9
0,156.9
0,156.9
1,156.9
1,154.9
2,154.9
2,150.9
3,148.5
3,148.5
4,148.5
4,148.5
5,148.5
5,148.5
6,148.5
6,148.5
0,148.5
0,148.5
1,148.5
1,148.5
2,145.9
2,144.9
3,144.9
3,144.9
4,144.9
4,144.9
5,144.9
5,144.9
6,144.9
6,144.9
0,144.9
0,144.9
1,144.9
1,144.9
2,144.9
2,143.5
3,141.5
3,141.5
4,137.5
4,137.5
5,137.5
5,136.16666666666666
6,136.16666666666666
6,136.16666666666666
0,136.16666666666666
0,136.16666666666666
1,136.16666666666666
1,136.16666666666666
2,136.16666666666666
2,136.16666666666666
3,136.16666666666666
3,136.16666666666666
4,136.16666666666666
4,136.16666666666666
5,136.16666666666666
5,136.16666666666666
6,136.16666666666666
6,136.16666666666666
0,136.16666666666666
0,136.16666666666666
1,134.16666666666666
1,134.16666666666666
2,134.16666666666666
2,134.16666666666666
3,134.16666666666666
3,134.16666666666666
4,134.16666666666666
4,134.16666666666666
5,134.16666666666666
5,134.16666666666666
6,134.16666666666666
6,134.16666666666666
0,134.16666666666666
0,134.16666666666666
1,134.16666666666666
1,134.16666666666666
2,134.16666666666666
2,134.16666666666666
3,134.16666666666666
3,134.16666666666666
4,134.16666666666666
4,134.16666666666666
5,134.16666666666666
5,150.4333333333333
6,150.4333333333333
6,150.4333333333333
0,156.1
0,156.1
1,156.1
1,156.1
2,156.1
2,156.1
3,156.1
3,156.1
4,156.1
4,156.1
5,156.1
5,156.1
6,151.23333333333335
6,146.5
0,146.5
0,146.5
1,146.5
1,146.5
2,146.5
2,146.5
3,145.16666666666666
3,145.16666666666666
4,142.4
4,144.9
5,144.9
5,144.9
6,144.9
6,144.9
0,144.9
0,144.9
1,144.9
1,144.9
2,141.5
2,141.5
3,142.16666666666666
3,142.16666666666666
4,141.9
4,138.5
5,138.5
5,138.5
6,138.5
6,138.5
0,138.5
0,138.5
1,138.5
1,138.5
2,138.5
2,138.5
3,138.5
3,138.5
4,138.5
4,138.5
5,141.83333333333334
5,147.5
6,158.9
6,158.9
0,158.9
0,153.9
1,153.9
1,157.82
2,155.4
2,153.9
3,153.9
3,153.9
4,153.9
4,153.9
5,153.9
5,153.9
6,149.9
6,148.8
0,148.8
0,146.9
1,146.9
1,144.9
2,144.9
2,142.9
3,142.9
3,140.83333333333334
4,137.5
4,137.5
5,137.5
5,137.5
6,137.5
6,137.5
0,137.5
0,137.5
1,137.5
1,137.5
2,137.5
2,137.5
3,137.5
3,137.5
4,137.5
4,137.9
5,137.9
5,137.7
6,137.7
6,137.7
0,137.5
0,137.5
1,137.5
1,137.5
2,137.5
2,153.1
3,153.1
3,153.1
4,153.1
4,153.1
5,153.1
5,153.1
6,153.1
6,153.1
0,158.9
0,158.9
1,158.9
1,158.9
2,158.9
2,158.9
3,156.9
3,156.9
4,156.9
4,154.23333333333335
5,154.23333333333335
5,154.23333333333335
6,150.9
6,150.9
0,149.9
0,148.9
1,148.9
1,148.9
2,148.9
2,148.9
3,146.9
3,144.9
4,140.5
4,141.2
5,141.2
5,141.2
6,141.2
6,141.2
0,139.2
0,139.2
1,139.2
1,139.2
2,137.5
2,137.5
3,135.5
3,135.9
4,135.05
4,135.9
5,135.9
5,134.9
6,134.9
6,134.9
0,133.0
0,133.9142857142857
1,132.86666666666667
1,132.86666666666667
2,131.96666666666667
2,132.9
3,131.96666666666667
3,132.9
4,132.9
4,132.9
5,132.9
5,130.9
6,130.9
6,130.9
0,130.9
0,130.9
1,130.9
1,130.9
2,130.9
2,130.9
3,130.9
3,150.9
4,150.9
4,150.9
5,150.9
5,150.9
6,150.9
6,150.9
0,150.9
0,150.9
1,150.9
1,150.9
2,150.9
2,150.9
3,148.9
3,145.9
4,145.9
4,143.9
5,140.5
5,140.5
6,140.5
6,140.5
0,140.5
0,136.5
1,136.5
1,136.5
2,136.5
2,136.5
3,136.5
3,136.5
4,134.9
4,134.9
5,134.9
5,134.9
6,134.9
6,134.9
0,134.9
0,131.7
1,131.7
1,131.7
2,131.7
2,131.7
3,131.7
3,131.7
4,131.9
4,131.5
5,131.5
5,131.5
6,131.5
6,131.5
0,131.5
0,131.9
1,131.9
1,131.5
2,131.5
2,131.5
3,131.5
3,131.5
4,131.5
4,131.5
5,131.5
5,131.5
6,131.5
6,131.5
0,131.5
0,131.5
1,142.7
1,142.7
2,153.9
2,153.9
3,153.9
3,151.9
4,151.9
4,151.9
5,151.9
5,149.9
6,149.9
6,149.9
0,149.9
0,149.9
1,149.9
1,149.9
2,147.9
2,147.9
3,145.9
3,145.9
4,145.9
4,145.9
5,145.9
5,145.9
6,142.9
6,142.9
0,142.9
0,142.9
1,142.9
1,140.9
2,140.9
2,140.9
3,140.9
3,137.5
4,137.5
4,137.9
5,137.9
5,137.9
6,137.9
6,135.9
0,135.9
0,134.9
1,134.9
1,135.9
2,135.9
2,135.5
3,135.9
3,135.5
4,144.4333333333333
4,144.4333333333333
5,161.9
5,139.5
6,150.7
6,150.7
0,161.9
0,161.9
1,160.4
1,157.9
2,157.9
2,157.9
3,157.9
3,157.9
4,156.9
4,156.9
5,156.9
5,156.9
6,156.9
6,153.9
0,152.9
0,152.9
1,151.9
1,151.9
2,150.4
2,146.7
3,145.95
3,145.95
4,144.7
4,144.7
5,144.2
5,143.2
6,143.2
6,143.2
0,143.2
0,141.2
1,140.2
1,142.2
2,142.2
2,141.56666666666666
3,139.2
3,141.2
4,141.2
4,141.2
5,141.2
5,141.2
6,141.2
6,141.2
0,139.2
0,139.2
1,139.2
1,139.2
2,139.2
2,139.2
3,139.2
3,139.2
4,139.2
4,139.2
5,139.2
5,139.2
6,139.2
6,139.2
0,139.2
0,139.2
1,139.2
1,159.4
2,159.4
2,159.4
3,159.4
3,159.4
4,159.4
4,159.4
5,159.4
5,149.2
6,149.2
6,147.7
0,147.2
0,147.2
1,147.2
1,147.2
2,146.2
2,146.2
3,145.2
3,145.2
4,144.2
4,144.2
5,144.2
5,144.2
6,144.2
6,144.2
0,142.2
0,143.2
1,143.2
1,143.2
2,143.2
2,142.2
3,142.2
3,142.2
4,142.2
4,163.9
5,163.9
5,163.9
6,163.9
6,163.9
0,160.9
0,160.9
1,160.9
1,160.9
2,159.9
2,159.9
3,159.9
3,159.9
4,159.9
4,159.9
5,159.9
5,159.9
6,159.9
6,159.9
0,159.9
0,156.9
1,156.9
1,156.9
2,156.9
2,156.9
3,156.9
3,156.9
4,154.9
4,150.45
5,150.45
5,150.45
6,148.7
6,148.7
0,146.85
0,146.85
1,146.85
1,145.7
2,145.7
2,145.7
3,145.7
3,145.7
4,143.7
4,143.7
5,143.7
5,143.7
6,143.7
6,143.7
0,168.9
0,168.9
1,166.9
1,166.9
2,166.9
2,166.9
3,164.9
3,164.9
4,164.9
4,162.9
5,162.9
5,162.9
6,162.9
6,162.9
0,160.9
0,159.15
1,159.15
1,159.15
2,159.15
2,159.15
3,159.15
3,155.3
4,154.03333333333333
4,154.03333333333333
5,154.03333333333333
5,154.03333333333333
6,154.03333333333333
6,154.03333333333333
0,152.36666666666665
0,153.03333333333333
1,153.03333333333333
1,152.36666666666665
2,152.36666666666665
2,152.2
3,152.2
3,151.5
4,150.2
4,149.9
5,149.9
5,149.9
6,149.9
6,149.9
0,149.2
0,148.7
1,168.9
1,168.9
2,168.9
2,168.9
3,168.9
3,168.9
4,168.9
4,168.9
5,168.9
5,167.5666666666667
6,167.5666666666667
6,167.5666666666667
0,167.5666666666667
0,167.5666666666667
1,165.9
1,165.9
2,165.9
2,165.9
3,165.9
3,165.9
4,165.23333333333335
4,165.23333333333335
5,165.23333333333335
5,165.23333333333335
6,165.23333333333335
6,165.23333333333335
0,164.4
0,163.9
1,162.5666666666667
1,159.9
2,158.9
2,157.7
3,157.7
3,156.3
4,154.7
4,152.7
5,152.7
5,152.7
6,152.7
6,152.7
0,152.7
0,152.7
1,152.7
1,152.7
2,152.7
2,152.7
3,151.9
3,151.9
4,150.9
4,151.9
5,151.9
5,151.9
6,151.9
6,151.9
0,151.9
0,151.9
1,151.9
1,151.9
2,151.9
2,151.7
3,151.7
3,151.7
4,151.7
4,168.9
5,168.9
5,168.9
6,168.9
6,168.9
0,164.9
0,164.9
1,164.9
1,163.9
2,163.9
2,163.9
3,163.9
3,162.9
4,162.9
4,162.9
5,158.9
5,158.9
6,158.9
6,158.9
0,156.2
0,157.55
1,154.2
1,154.2
2,154.2
2,154.2
3,154.2
3,154.2
4,154.2
4,152.2
5,152.2
5,152.2
6,152.2
6,152.2
0,152.2
0,152.2
1,151.2
1,151.2
2,150.53333333333333
2,150.53333333333333
3,150.9
3,150.9
4,150.9
4,150.9
5,150.9
5,150.9
6,150.9
6,150.9
0,150.9
0,150.9
1,150.9
1,148.9
2,148.9
2,148.9
3,148.9
3,148.9
4,148.9
4,148.9
5,148.9
5,148.9
6,148.9
6,148.9
0,148.9
0,148.9
1,147.9
1,147.9
2,147.9
2,147.9
3,147.9
3,147.7
4,147.7
4,147.7
5,147.7
5,147.7
6,147.7
6,147.7
0,147.7
0,147.7
1,147.7
1,147.7
2,147.7
2,147.7
3,147.7
3,168.9
4,165.9
4,162.9
5,162.9
5,162.9
6,162.9
6,162.9
0,162.9
0,162.9
1,162.9
1,162.9
2,161.9
2,161.9
3,159.9
3,159.9
4,159.9
4,159.9
5,159.9
5,157.9
6,157.9
6,155.8
0,153.4
0,153.4
1,151.2
1,151.2
2,151.2
2,151.2
3,151.2
3,151.5
4,151.5
4,150.7
5,150.7
5,150.7
6,150.7
6,150.7
0,148.9
0,148.9
1,148.9
1,147.96666666666667
2,147.96666666666667
2,147.96666666666667
3,147.96666666666667
3,146.9
4,145.9
4,145.9
5,145.9
5,145.9
6,145.9
6,145.9
0,145.9
0,145.9
1,168.9
1,166.9
2,166.9
2,166.23333333333335
3,166.23333333333335
3,166.23333333333335
4,166.23333333333335
4,166.23333333333335
5,166.23333333333335
5,166.23333333333335
6,166.23333333333335
6,162.4
0,162.4
0,159.5666666666667
1,156.9
1,155.9
2,154.9
2,153.9
3,152.9
3,150.9
4,150.9
4,148.2
5,148.2
5,148.2
6,148.2
6,148.2
0,148.2
0,148.2
1,148.2
1,148.2
2,148.2
2,148.2
3,148.2
3,148.2
4,148.2
4,148.2
5,148.2
5,148.2
6,148.2
6,148.2
0,148.2
0,148.2
1,148.2
1,148.2
2,148.2
2,171.9
3,171.9
3,171.9
4,171.9
4,171.9
5,171.9
5,171.9
6,171.9
6,171.9
0,168.9
0,168.9
1,168.9
1,168.9
2,168.9
2,167.9
3,167.9
3,167.9
4,167.9
4,167.9
5,167.9
5,167.9
6,167.9
6,165.23333333333335
0,165.23333333333335
0,165.23333333333335
1,165.23333333333335
1,160.9
2,160.9
2,160.9
3,160.9
3,160.9
4,159.9
4,159.9
5,159.9
5,159.9
6,157.9
6,157.9
0,157.9
0,166.4
1,166.4
1,166.4
2,166.4
2,166.4
3,166.4
3,166.4
4,166.4
4,173.9
5,173.9
5,173.9
6,173.9
6,173.9
