0,0
0,0
1,0
1,0
2,0
2,0
3,0
3,0
4,0
4,0
5,0
5,0
6,145.95
6,145.95
0,143.9
0,143.9
1,143.9
1,143.9
2,142.9
2,142.9
3,142.9
3,142.9
4,142.85000000000002
4,142.85000000000002
5,142.85000000000002
5,142.85000000000002
6,142.85000000000002
6,142.85000000000002
0,142.85000000000002
0,142.85000000000002
1,140.86666666666665
1,140.86666666666665
2,140.86666666666665
2,140.86666666666665
3,140.86666666666665
3,140.86666666666665
4,140.86666666666665
4,140.86666666666665
5,140.86666666666665
5,140.86666666666665
6,140.86666666666665
6,140.86666666666665
0,140.86666666666665
0,140.75
1,140.75
1,140.75
2,140.75
2,140.75
3,140.75
3,140.75
4,140.75
4,140.75
5,140.75
5,140.75
6,140.75
6,140.75
0,140.75
0,140.75
1,140.23333333333332
1,140.23333333333332
2,140.23333333333332
2,140.23333333333332
3,140.23333333333332
3,140.23333333333332
4,140.23333333333332
4,140.05
5,140.05
5,140.05
6,140.05
6,140.05
0,140.05
0,140.05
1,140.05
1,140.05
2,140.05
2,140.05
3,140.05
3,140.05
4,140.05
4,140.05
5,140.05
5,140.05
6,140.05
6,140.05
0,140.05
0,140.05
1,140.05
1,140.05
2,140.05
2,140.05
3,140.05
3,140.05
4,140.05
4,140.05
5,140.05
5,140.05
6,140.05
6,140.05
0,139.95
0,139.95
1,139.95
1,139.95
2,139.95
2,139.95
3,139.95
3,139.95
4,139.95
4,139.95
5,139.95
5,139.95
6,139.95
6,139.95
0,139.95
0,139.95
1,139.95
1,139.95
2,139.95
2,139.95
3,139.95
3,139.95
4,139.95
4,139.95
5,139.95
5,139.95
6,139.95
6,139.95
0,139.95
0,139.95
1,139.95
1,139.95
2,139.95
2,139.95
3,139.95
3,139.95
4,139.95
4,139.95
5,139.95
5,139.95
6,139.95
6,139.95
0,139.95
0,139.95
1,139.95
1,139.95
2,139.95
2,139.95
3,139.95
3,139.95
4,139.95
4,139.95
5,139.95
5,139.95
6,139.95
6,139.95
0,139.95
0,139.95
1,139.95
1,139.95
2,139.95
2,139.95
3,139.95
3,139.95
4,139.95
4,139.95
5,139.95
5,139.95
6,139.95
6,139.95
0,139.95
0,139.95
1,139.95
1,139.95
2,139.95
2,139.95
3,139.95
3,139.95
4,139.95
4,139.95
5,139.95
5,139.95
6,139.95
6,139.95
0,139.95
0,139.95
1,139.95
1,139.95
2,139.95
2,139.95
3,139.95
3,139.95
4,139.95
4,139.95
5,139.95
5,139.95
6,139.95
6,139.95
0,139.95
0,139.95
1,139.95
1,139.95
2,139.95
2,139.95
3,139.95
3,139.95
4,139.95
4,139.95
5,139.95
5,139.95
6,139.95
6,139.95
0,139.95
0,139.95
1,139.95
1,139.95
2,139.95
2,139.95
3,139.95
3,139.95
4,139.95
4,139.95
5,139.95
5,139.95
6,139.95
6,139.95
0,139.95
0,139.95
1,139.95
1,139.95
2,139.95
2,139.95
3,139.95
3,139.95
4,139.95
4,139.95
5,139.95
5,139.95
6,139.95
6,139.95
0,139.95
0,139.95
1,139.95
1,139.95
2,139.95
2,139.95
3,139.95
3,139.95
4,139.95
4,139.95
5,139.95
5,139.95
6,139.95
6,139.95
0,150.95
0,150.95
1,150.95
1,150.95
2,150.95
2,150.83333333333334
3,150.83333333333334
3,150.83333333333334
4,150.83333333333334
4,150.83333333333334
5,150.83333333333334
5,150.83333333333334
6,150.83333333333334
6,150.83333333333334
0,150.83333333333334
0,150.83333333333334
1,150.83333333333334
1,150.83333333333334
2,150.83333333333334
2,150.83333333333334
3,150.83333333333334
3,150.83333333333334
4,150.83333333333334
4,150.83333333333334
5,150.83333333333334
5,150.83333333333334
6,150.83333333333334
6,150.83333333333334
0,150.83333333333334
0,150.83333333333334
1,150.83333333333334
1,150.83333333333334
2,150.83333333333334
2,150.83333333333334
3,150.83333333333334
3,150.83333333333334
4,150.83333333333334
4,150.83333333333334
5,150.83333333333334
5,150.83333333333334
6,150.83333333333334
6,150.83333333333334
0,150.83333333333334
0,150.75
1,150.75
1,150.75
2,150.75
2,150.86666666666667
3,150.86666666666667
3,150.86666666666667
4,150.86666666666667
4,150.95
5,150.95
5,150.95
6,150.95
6,149.5666666666667
0,149.5666666666667
0,149.5666666666667
1,149.5666666666667
1,149.5666666666667
2,149.5666666666667
2,149.5666666666667
3,149.5666666666667
3,149.5666666666667
4,149.5666666666667
4,149.5666666666667
5,149.5666666666667
5,145.9
6,145.9
6,145.9
0,148.85000000000002
0,160.23333333333335
1,165.95
1,165.95
2,165.95
2,163.9
3,163.9
3,163.9
4,163.9
4,163.9
5,163.9
5,163.9
6,163.9
6,163.9
0,163.9
0,162.5666666666667
1,162.5666666666667
1,162.5666666666667
2,162.5666666666667
2,162.5666666666667
3,162.5666666666667
3,162.5666666666667
4,162.5666666666667
4,162.5666666666667
5,162.5666666666667
5,162.5666666666667
6,161.95
6,161.95
0,161.95
0,161.95
1,161.95
1,161.95
2,161.95
2,161.95
3,161.95
3,161.95
4,161.95
4,161.95
5,161.95
5,161.95
6,161.95
6,161.95
0,161.95
0,161.95
1,161.95
1,161.95
2,161.95
2,161.95
3,161.95
3,161.95
4,161.95
4,161.95
5,161.95
5,161.95
6,161.95
6,161.95
0,161.95
0,161.95
1,161.95
1,161.95
2,161.95
2,161.95
3,161.95
3,161.95
4,161.95
4,161.95
5,161.95
5,161.95
6,161.95
6,161.95
0,161.95
0,161.95
1,161.95
1,161.95
2,161.95
2,161.95
3,161.95
3,161.95
4,161.95
4,159.9
5,159.9
5,159.9
6,159.9
6,159.9
0,159.9
0,159.9
1,159.9
1,159.9
2,159.9
2,159.9
3,159.9
3,159.9
4,159.9
4,159.9
5,159.9
5,159.9
6,159.9
6,159.9
0,159.9
0,159.9
1,159.9
1,159.9
2,159.9
2,159.9
3,159.9
3,158.95
4,158.95
4,158.95
5,158.95
5,158.95
6,158.95
6,158.95
0,158.95
0,158.95
1,158.95
1,158.95
2,156.9
2,156.9
3,156.9
3,156.9
4,156.9
4,156.9
5,156.9
5,156.9
6,156.9
6,156.9
0,156.9
0,156.9
1,156.9
1,156.9
2,156.9
2,156.9
3,156.9
3,156.9
4,156.9
4,156.9
5,156.9
5,156.9
6,156.9
6,156.9
0,156.9
0,156.9
1,156.9
1,156.9
2,153.9
2,153.9
3,153.9
3,153.9
4,153.9
4,153.9
5,153.9
5,153.9
6,153.9
6,153.9
0,153.9
0,153.9
1,153.9
1,153.9
2,153.9
2,153.9
3,153.9
3,153.9
4,153.9
4,150.9
5,150.9
5,150.9
6,150.9
6,150.9
0,150.9
0,150.9
1,150.9
1,150.9
2,150.9
2,150.9
3,150.9
3,150.9
4,150.9
4,150.9
5,150.9
5,150.9
6,150.9
6,150.9
0,150.9
0,150.9
1,150.9
1,150.9
2,150.9
2,150.9
3,150.9
3,150.9
4,150.9
4,150.9
5,150.9
5,150.9
6,150.9
6,150.9
0,150.9
0,150.9
1,150.9
1,150.9
2,150.9
2,150.9
3,150.9
3,150.9
4,150.9
4,150.9
5,150.9
5,150.9
6,150.9
6,150.9
0,150.9
0,150.9
1,150.9
1,150.9
2,150.9
2,150.9
3,150.9
3,150.9
4,150.9
4,150.9
5,150.9
5,150.9
6,150.9
6,150.9
0,150.9
0,150.9
1,150.9
1,150.9
2,150.9
2,150.9
3,150.9
3,150.9
4,150.9
4,150.9
5,150.9
5,150.9
6,150.9
6,150.9
0,150.9
0,150.9
1,150.9
1,150.9
2,150.9
2,150.9
3,150.9
3,150.9
4,150.9
4,150.9
5,150.9
5,150.9
6,150.9
6,150.9
0,150.9
0,150.9
1,150.9
1,150.9
2,150.9
2,150.9
3,150.9
3,150.9
4,150.9
4,148.63333333333333
5,148.63333333333333
5,148.63333333333333
6,148.63333333333333
6,148.63333333333333
0,148.63333333333333
0,148.63333333333333
1,148.63333333333333
1,144.9
2,143.5666666666667
2,143.5666666666667
3,141.9
3,141.23333333333335
4,150.9
4,150.9
5,150.9
5,148.9
6,148.9
6,148.9
0,148.9
0,148.9
1,148.9
1,148.9
2,148.9
2,148.9
3,148.9
3,148.9
4,148.9
4,148.9
5,148.9
5,148.9
6,148.9
6,148.9
0,148.9
0,148.9
1,148.9
1,148.9
2,148.9
2,148.9
3,148.9
3,148.9
4,148.9
4,148.9
5,148.9
5,148.9
6,148.9
6,148.9
0,148.9
0,148.9
1,148.9
1,148.9
2,148.9
2,148.9
3,148.9
3,148.9
4,148.9
4,148.9
5,148.9
5,148.9
6,148.9
6,148.9
0,148.9
0,148.9
1,148.9
1,148.9
2,148.9
2,148.9
3,148.9
3,148.95
4,148.95
4,148.95
5,148.95
5,148.95
6,148.95
6,148.95
0,148.95
0,148.95
1,148.95
1,148.95
2,148.95
2,148.95
3,148.95
3,148.95
4,148.95
4,148.95
5,148.95
5,148.95
6,148.95
6,148.95
0,148.95
0,148.95
1,148.95
1,148.95
2,148.95
2,148.95
3,148.95
3,148.95
4,148.95
4,148.95
5,148.95
5,148.95
6,148.95
6,148.95
0,148.95
0,148.95
1,148.95
1,148.95
2,148.95
2,148.95
3,148.95
3,148.95
4,148.95
4,148.95
5,148.95
5,148.95
6,148.95
6,148.95
0,148.95
0,148.95
1,148.95
1,148.95
2,148.95
2,148.95
3,148.95
3,148.95
4,148.95
4,148.95
5,148.95
5,148.95
6,148.9
6,148.9
0,148.9
0,148.9
1,148.9
1,148.9
2,148.9
2,148.9
3,148.9
3,148.9
4,148.9
4,148.9
5,148.9
5,148.9
6,148.9
6,148.9
0,148.9
0,148.9
1,148.9
1,148.9
2,148.9
2,148.9
3,148.9
3,148.9
4,148.9
4,148.9
5,148.9
5,148.9
6,148.9
6,148.9
0,148.9
0,148.9
1,148.9
1,148.9
2,148.9
2,148.9
3,148.9
3,148.9
4,148.9
4,148.9
5,148.9
5,148.9
6,148.9
6,148.9
0,148.9
0,148.9
1,148.9
1,148.9
2,148.9
2,148.9
3,148.9
3,148.9
4,148.9
4,148.9
5,148.9
5,148.9
6,148.9
6,148.9
0,148.9
0,148.9
1,148.9
1,148.9
2,148.9
2,148.9
3,148.9
3,148.9
4,148.9
4,148.9
5,148.9
5,148.9
6,148.9
6,148.9
0,148.9
0,148.9
1,148.9
1,148.9
2,148.9
2,148.9
3,148.9
3,148.9
4,148.9
4,148.9
5,148.9
5,148.9
6,148.9
6,148.9
0,148.9
0,148.9
1,148.9
1,148.9
2,148.9
2,148.9
3,148.9
3,148.9
4,148.9
4,148.9
5,148.9
5,148.9
6,148.9
6,148.9
0,148.9
0,148.9
1,148.9
1,148.9
2,148.9
2,148.9
3,148.9
3,148.9
4,148.9
4,148.9
5,148.9
5,148.9
6,148.9
6,148.9
0,148.9
0,149.4
1,149.4
1,149.4
2,154.9
2,154.9
3,154.9
3,154.9
4,154.9
4,148.9
5,148.9
5,148.9
6,148.9
6,148.9
0,148.9
0,148.9
1,148.9
1,148.9
2,148.9
2,148.9
3,148.9
3,148.9
4,148.9
4,148.9
5,148.9
5,148.9
6,148.9
6,148.9
0,148.9
0,148.9
1,148.9
1,148.9
2,148.9
2,148.9
3,148.9
3,148.9
4,148.9
4,148.9
5,148.9
5,148.9
6,148.9
6,148.9
0,148.9
0,148.9
1,148.9
1,148.9
2,148.9
2,148.9
3,148.9
3,148.9
4,149.9
4,148.9
5,148.9
5,148.9
6,148.9
6,148.9
0,148.9
0,148.9
1,148.9
1,148.9
2,148.9
2,148.9
3,148.9
3,148.9
4,148.9
4,148.9
5,148.9
5,148.9
6,148.9
6,148.9
0,148.9
0,148.9
1,148.9
1,148.9
2,148.9
2,148.9
3,155.4
3,155.4
4,155.4
4,155.4
5,155.4
5,155.4
6,155.4
6,155.4
0,155.4
0,155.4
1,155.4
1,155.4
2,155.4
2,155.4
3,155.4
3,155.4
4,155.4
4,161.5666666666667
5,161.5666666666667
5,161.5666666666667
6,161.5666666666667
6,161.5666666666667
0,161.5666666666667
0,161.5666666666667
1,161.5666666666667
1,161.5666666666667
2,161.5666666666667
2,161.5666666666667
3,161.5666666666667
3,161.5666666666667
4,161.5666666666667
4,161.5666666666667
5,161.5666666666667
5,161.5666666666667
6,161.5666666666667
6,161.5666666666667
0,161.5666666666667
0,161.5666666666667
1,161.23333333333335
1,161.23333333333335
2,161.23333333333335
2,161.23333333333335
3,161.23333333333335
3,161.23333333333335
4,161.23333333333335
4,161.23333333333335
5,161.23333333333335
5,161.23333333333335
6,161.23333333333335
6,161.23333333333335
0,161.23333333333335
0,161.9
1,161.9
1,161.9
2,161.9
2,161.9
3,161.9
3,161.9
4,161.9
4,161.9
5,161.9
5,161.9
6,161.9
6,161.9
0,161.9
0,161.9
1,161.9
1,161.9
2,161.9
2,161.9
3,161.9
3,161.9
4,161.9
4,161.9
5,161.9
5,161.9
6,161.9
6,161.9
0,161.9
0,161.9
1,161.9
1,161.9
2,161.9
2,161.9
3,161.9
3,161.9
4,161.9
4,161.9
5,161.9
5,161.9
6,161.9
6,161.9
0,161.9
0,161.9
1,161.9
1,161.9
2,161.9
2,161.9
3,161.9
3,161.9
4,161.9
4,161.9
5,161.9
5,161.9
6,161.9
6,161.9
0,161.9
0,161.9
1,161.9
1,161.9
2,161.9
2,161.9
3,161.9
3,161.9
4,161.9
4,161.9
5,161.9
5,161.9
6,161.9
6,161.9
0,161.9
0,161.9
1,161.9
1,161.9
2,161.9
2,161.9
3,161.9
3,161.9
4,161.9
4,161.9
5,161.9
5,161.9
6,161.9
6,161.9
0,161.9
0,161.9
1,161.9
1,161.9
2,161.9
2,161.9
3,161.9
3,161.9
4,161.9
4,161.9
5,161.9
5,161.9
6,161.9
6,161.9
0,161.9
0,161.9
1,161.9
1,161.9
2,161.9
2,161.9
3,161.9
3,161.9
4,161.9
4,161.9
5,161.9
5,161.9
6,161.9
6,161.9
0,161.9
0,161.9
1,161.9
1,161.9
2,161.9
2,161.9
3,161.9
3,161.9
4,161.9
4,161.9
5,161.9
5,161.9
6,161.9
6,161.9
0,161.9
0,161.9
1,161.9
1,161.9
2,161.9
2,161.9
3,161.9
3,161.9
4,161.9
4,161.9
5,161.9
5,161.9
6,161.9
6,161.9
0,161.9
0,161.9
1,161.9
1,161.9
2,161.9
2,161.9
3,161.9
3,161.9
4,161.9
4,161.9
5,161.9
5,161.9
6,161.9
6,161.9
0,161.9
0,161.9
1,161.9
1,161.9
2,161.9
2,161.9
3,161.9
3,161.9
4,161.9
4,161.9
5,161.9
5,161.9
6,161.9
6,161.9
0,161.9
0,161.9
1,161.9
1,161.9
2,161.9
2,161.9
3,161.9
3,161.9
4,161.9
4,161.9
5,161.9
5,161.9
6,161.9
6,161.9
0,161.9
0,161.9
1,161.9
1,161.9
2,161.9
2,161.9
3,161.9
3,161.9
4,161.9
4,161.9
5,161.9
5,161.9
6,161.9
6,161.9
0,161.9
0,161.9
1,161.9
1,161.9
2,161.9
2,161.9
3,161.9
3,161.9
4,161.9
4,161.9
5,161.9
5,161.9
6,161.9
6,161.9
0,161.9
0,161.9
1,161.9
1,161.9
2,161.9
2,161.9
3,161.9
3,161.9
4,161.9
4,161.9
5,161.9
5,161.9
6,161.9
6,161.9
0,161.9
0,161.9
1,161.9
1,161.9
2,161.9
2,161.9
3,161.9
3,161.9
4,161.9
4,161.9
5,161.9
5,161.9
6,161.9
6,161.9
0,161.9
0,161.9
1,161.9
1,161.9
2,161.9
2,161.9
3,161.9
3,161.9
4,161.9
4,161.9
5,161.9
5,161.9
6,161.9
6,161.9
0,161.9
0,161.9
1,161.9
1,161.9
2,161.9
2,161.9
3,161.9
3,161.9
4,161.9
4,161.9
5,161.9
5,161.9
6,161.9
6,161.9
0,161.9
0,161.9
1,161.9
1,161.9
2,161.9
2,161.9
3,161.9
3,161.9
4,161.9
4,161.9
5,161.9
5,161.9
6,161.9
6,161.9
0,161.9
0,161.9
1,161.9
1,161.9
2,161.9
2,162.5666666666667
3,162.5666666666667
3,162.5666666666667
4,162.5666666666667
4,162.5666666666667
5,162.5666666666667
5,162.5666666666667
6,162.5666666666667
6,162.5666666666667
0,162.5666666666667
0,168.9
1,168.9
1,168.9
2,168.9
2,168.9
3,168.9
3,168.9
4,168.9
4,168.9
5,168.9
5,168.9
6,168.9
6,168.9
0,168.9
0,168.9
1,167.5666666666667
1,167.5666666666667
2,167.5666666666667
2,167.5666666666667
3,167.5666666666667
3,167.5666666666667
4,167.5666666666667
4,167.5666666666667
5,167.5666666666667
5,167.5666666666667
6,167.5666666666667
6,167.5666666666667
