0,0
0,0
1,0
1,0
2,0
2,0
3,0
3,0
4,0
4,0
5,0
5,0
6,0
6,0
0,0
0,0
1,126.9
1,126.9
2,126.9
2,126.9
3,126.9
3,126.9
4,126.9
4,126.9
5,126.9
5,126.9
6,126.9
6,126.9
0,126.9
0,126.9
1,126.9
1,126.9
2,126.9
2,126.9
3,126.9
3,126.9
4,126.9
4,126.9
5,126.9
5,126.9
6,126.9
6,126.9
0,126.9
0,126.9
1,126.9
1,126.9
2,126.9
2,126.9
3,126.9
3,126.9
4,126.9
4,126.9
5,126.9
5,126.9
6,126.9
6,126.9
0,126.9
0,126.9
1,126.9
1,126.9
2,126.9
2,126.9
3,126.9
3,126.9
4,126.9
4,126.9
5,126.9
5,126.9
6,126.9
6,126.9
0,126.9
0,126.9
1,126.9
1,126.9
2,126.9
2,126.9
3,126.9
3,126.9
4,126.9
4,126.9
5,126.9
5,126.9
6,126.9
6,126.9
0,126.9
0,126.9
1,126.9
1,126.9
2,126.9
2,126.9
3,126.9
3,126.9
4,126.9
4,126.9
5,126.9
5,126.9
6,126.9
6,126.9
0,126.9
0,126.9
1,126.9
1,126.9
2,126.9
2,126.9
3,126.9
3,126.9
4,126.9
4,126.9
5,126.9
5,126.9
6,126.9
6,126.9
0,126.9
0,126.9
1,126.9
1,126.9
2,126.9
2,126.9
3,126.9
3,126.9
4,126.9
4,126.9
5,126.9
5,126.9
6,126.9
6,126.9
0,126.9
0,126.9
1,126.9
1,126.9
2,126.9
2,126.9
3,126.9
3,126.9
4,126.9
4,126.9
5,126.9
5,126.9
6,126.9
6,126.9
0,126.9
0,126.9
1,126.9
1,126.9
2,126.9
2,126.9
3,126.9
3,126.9
4,126.9
4,126.9
5,126.9
5,126.9
6,126.9
6,126.9
0,126.9
0,126.9
1,126.9
1,126.9
2,126.9
2,126.9
3,126.9
3,126.9
4,126.9
4,126.9
5,126.9
5,126.9
6,126.9
6,126.9
0,126.9
0,126.9
1,126.9
1,126.9
2,126.9
2,126.9
3,126.9
3,126.9
4,126.9
4,126.9
5,126.9
5,126.9
6,126.9
6,126.9
0,126.9
0,126.9
1,126.9
1,126.9
2,126.9
2,126.9
3,126.9
3,126.9
4,126.9
4,126.9
5,126.9
5,126.9
6,126.9
6,126.9
0,126.9
0,126.9
1,126.9
1,126.9
2,126.9
2,126.9
3,126.9
3,126.9
4,126.9
4,126.9
5,126.9
5,126.9
6,126.9
6,126.9
0,126.9
0,126.9
1,126.9
1,126.9
2,126.9
2,126.9
3,126.9
3,126.9
4,126.9
4,126.9
5,126.9
5,126.9
6,126.9
6,126.9
0,126.9
0,126.9
1,126.9
1,126.9
2,126.9
2,126.9
3,126.9
3,126.9
4,126.9
4,126.9
5,126.9
5,126.9
6,126.9
6,126.9
0,126.9
0,126.9
1,126.9
1,126.9
2,126.9
2,126.9
3,126.9
3,126.9
4,126.9
4,126.9
5,126.9
5,126.9
6,126.9
6,126.9
0,126.9
0,126.9
1,126.9
1,126.9
2,126.9
2,126.9
3,126.9
3,126.9
4,126.9
4,126.9
5,126.9
5,126.9
6,126.9
6,126.9
0,126.9
0,126.9
1,126.9
1,126.9
2,126.9
2,126.9
3,126.9
3,126.9
4,126.9
4,126.9
5,126.9
5,126.9
6,126.9
6,126.9
0,126.9
0,126.9
1,126.9
1,126.9
2,126.9
2,126.9
3,126.9
3,126.9
4,126.9
4,126.9
5,126.9
5,126.9
6,126.9
6,126.9
0,126.9
0,126.9
1,126.9
1,126.9
2,126.9
2,126.9
3,126.9
3,126.9
4,126.9
4,126.9
5,126.9
5,126.9
6,126.9
6,126.9
0,126.9
0,126.9
1,126.9
1,126.9
2,126.9
2,126.9
3,126.9
3,126.9
4,126.9
4,126.9
5,126.9
5,166.9
6,166.9
6,166.9
0,166.9
0,166.9
1,166.9
1,166.9
2,166.9
2,166.9
3,166.9
3,166.9
4,166.9
4,166.9
5,166.9
5,166.9
6,166.9
6,166.9
0,166.9
0,166.9
1,166.9
1,166.9
2,166.9
2,166.9
3,166.9
3,166.9
4,166.9
4,166.9
5,166.9
5,166.9
6,166.9
6,166.9
0,166.9
0,166.5
1,166.5
1,166.5
2,166.5
2,166.5
3,166.5
3,166.5
4,166.5
4,166.5
5,166.5
5,166.5
6,166.5
6,166.5
0,166.5
0,166.5
1,166.5
1,166.5
2,166.5
2,166.5
3,166.5
3,166.5
4,166.5
4,166.5
5,166.5
5,166.5
6,166.5
6,166.5
0,166.5
0,166.5
1,166.5
1,166.5
2,166.5
2,166.5
3,166.5
3,166.5
4,166.5
4,166.5
5,166.5
5,166.5
6,166.5
6,166.5
0,166.5
0,166.5
1,166.5
1,166.5
2,166.5
2,166.5
3,166.5
3,166.5
4,166.5
4,166.5
5,166.5
5,166.5
6,166.5
6,166.5
0,166.5
0,166.5
1,166.5
1,166.5
2,166.5
2,166.5
3,166.5
3,166.5
4,166.5
4,166.5
5,166.5
5,166.5
6,166.5
6,162.9
0,162.9
0,162.9
1,162.9
1,162.9
2,162.9
2,162.9
3,162.9
3,162.9
4,162.9
4,162.9
5,162.9
5,162.9
6,162.9
6,162.9
0,162.9
0,162.9
1,162.9
1,162.9
2,162.9
2,162.9
3,162.9
3,162.9
4,162.9
4,162.9
5,162.9
5,162.9
6,162.9
6,162.9
0,162.9
0,162.9
1,162.9
1,162.9
2,162.9
2,162.9
3,162.9
3,162.9
4,162.9
4,162.9
5,162.9
5,162.9
6,162.9
6,162.9
0,162.9
0,162.9
1,162.9
1,162.9
2,162.9
2,152.9
3,152.9
3,152.9
4,152.9
4,152.9
5,152.9
5,152.9
6,152.9
6,152.9
0,152.9
0,152.9
1,152.9
1,152.9
2,152.9
2,152.9
3,152.9
3,152.9
4,152.9
4,152.9
5,152.9
5,152.9
6,152.9
6,152.9
0,152.9
0,152.9
1,152.9
1,152.9
2,152.9
2,152.9
3,152.9
3,152.9
4,152.9
4,152.9
5,152.9
5,152.9
6,152.9
6,152.9
0,152.9
0,152.9
1,152.9
1,152.9
2,152.9
2,152.9
3,152.9
3,152.9
4,152.9
4,152.9
5,152.9
5,152.9
6,152.9
6,152.9
0,152.9
0,152.9
1,152.9
1,152.9
2,152.9
2,152.9
3,152.9
3,152.9
4,152.9
4,152.9
5,152.9
5,152.9
6,152.9
6,152.9
0,152.9
0,152.9
1,152.9
1,162.9
2,162.9
2,162.9
3,162.9
3,162.9
4,162.9
4,162.9
5,162.9
5,162.9
6,162.9
6,162.9
0,162.9
0,162.9
1,162.9
1,162.9
2,162.9
2,162.9
3,162.9
3,162.9
4,162.9
4,162.9
5,162.9
5,157.9
6,157.9
6,157.9
0,157.9
0,157.9
1,157.9
1,157.9
2,157.9
2,157.9
3,157.9
3,157.9
4,157.9
4,157.9
5,157.9
5,157.9
6,157.9
6,157.9
0,157.9
0,149.9
1,149.9
1,149.9
2,149.9
2,149.9
3,149.9
3,149.9
4,149.9
4,149.9
5,149.9
5,149.9
6,149.9
6,149.9
0,149.9
0,149.9
1,149.9
1,149.9
2,149.9
2,149.9
3,149.9
3,149.9
4,149.9
4,149.9
5,149.9
5,149.9
6,149.9
6,149.9
0,149.9
0,149.9
1,149.9
1,149.9
2,149.9
2,149.9
3,149.9
3,149.9
4,149.9
4,149.9
5,149.9
5,149.9
6,149.9
6,149.9
0,149.9
0,149.9
1,149.9
1,149.9
2,149.9
2,149.9
3,149.9
3,149.9
4,149.9
4,149.9
5,149.9
5,149.9
6,149.9
6,149.9
0,149.9
0,149.9
1,149.9
1,149.9
2,149.9
2,149.9
3,149.9
3,149.9
4,149.9
4,149.9
5,149.9
5,149.9
6,149.9
6,149.9
0,149.9
0,149.9
1,149.9
1,149.9
2,149.9
2,149.9
3,149.9
3,149.9
4,147.9
4,147.9
5,147.9
5,147.9
6,147.9
6,147.9
0,147.9
0,147.9
1,147.9
1,147.9
2,147.9
2,147.9
3,147.9
3,147.9
4,147.9
4,147.9
5,147.9
5,147.9
6,147.9
6,147.9
0,147.9
0,147.9
1,147.9
1,147.9
2,147.9
2,147.9
3,147.9
3,147.9
4,147.9
4,147.9
5,147.9
5,147.9
6,147.9
6,147.9
0,147.9
0,147.9
1,147.9
1,147.9
2,147.9
2,147.9
3,147.9
3,147.9
4,147.9
4,147.9
5,147.9
5,147.9
6,147.9
6,147.9
0,147.9
0,147.9
1,147.9
1,147.9
2,147.9
2,147.9
3,147.9
3,147.9
4,147.9
4,147.9
5,147.9
5,147.9
6,147.9
6,146.9
0,147.4
0,147.4
1,147.23333333333335
1,147.23333333333335
2,146.9
2,146.9
3,146.9
3,146.9
4,144.9
4,144.9
5,142.9
5,142.9
6,142.9
6,142.9
0,142.9
0,142.9
1,142.9
1,142.9
2,142.9
2,142.9
3,142.9
3,142.9
4,142.9
4,142.9
5,142.9
5,142.9
6,142.9
6,142.9
0,142.9
0,142.9
1,142.9
1,142.9
2,142.9
2,142.9
3,142.9
3,142.9
4,142.9
4,142.9
5,142.9
5,142.9
6,147.9
6,157.9
0,157.9
0,157.9
1,157.9
1,157.9
2,157.9
2,157.9
3,157.9
3,157.9
4,155.4
4,155.4
5,152.9
5,152.9
6,152.9
6,152.9
0,152.9
0,152.9
1,152.9
1,152.9
2,152.9
2,152.9
3,152.9
3,152.9
4,152.9
4,152.9
5,152.9
5,152.9
6,152.9
6,152.9
0,152.9
0,152.9
1,152.9
1,152.9
2,152.9
2,152.9
3,152.9
3,152.9
4,152.9
4,152.9
5,152.9
5,152.9
6,152.9
6,152.9
0,152.9
0,152.9
1,152.9
1,152.9
2,152.9
2,152.9
3,152.9
3,152.9
4,152.9
4,152.9
5,152.9
5,152.9
6,152.9
6,152.9
0,152.9
0,152.9
1,152.9
1,152.9
2,152.9
2,152.9
3,152.9
3,152.9
4,152.9
4,152.9
5,152.9
5,152.9
6,152.9
6,152.9
0,152.9
0,152.9
1,152.9
1,152.9
2,152.9
2,152.9
3,152.9
3,152.9
4,152.9
4,152.9
5,152.9
5,152.9
6,152.9
6,152.9
0,152.9
0,152.9
1,152.9
1,152.9
2,152.9
2,152.9
3,152.9
3,152.9
4,152.9
4,152.9
5,152.9
5,152.9
6,152.9
6,152.9
0,152.9
0,152.9
1,152.9
1,152.9
2,152.9
2,152.9
3,152.9
3,152.9
4,152.9
4,152.9
5,152.9
5,152.9
6,152.9
6,152.9
0,152.9
0,152.9
1,152.9
1,152.9
2,152.9
2,152.9
3,152.9
3,152.9
4,152.9
4,152.9
5,152.9
5,152.9
6,152.9
6,152.9
0,152.9
0,152.9
1,152.9
1,152.9
2,152.9
2,152.9
3,152.9
3,152.9
4,165.9
4,165.9
5,165.9
5,165.9
6,165.9
6,165.9
0,165.9
0,165.9
1,165.9
1,165.9
2,165.9
2,165.9
3,165.9
3,165.9
4,165.9
4,165.9
5,165.9
5,165.9
6,165.9
6,165.9
0,165.9
0,165.9
1,165.9
1,165.9
2,165.9
2,165.9
3,165.9
3,165.9
4,165.9
4,165.9
5,165.9
5,165.9
6,165.9
6,165.9
0,165.9
0,165.9
1,165.9
1,165.9
2,165.9
2,165.9
3,165.9
3,165.9
4,161.9
4,161.9
5,161.9
5,161.9
6,161.9
6,161.9
0,161.9
0,161.9
1,161.9
1,161.9
2,161.9
2,161.9
3,161.9
3,161.9
4,161.9
4,161.9
5,161.9
5,161.9
6,161.9
6,161.9
0,161.9
0,161.9
1,161.9
1,161.9
2,161.9
2,161.9
3,161.9
3,161.9
4,161.9
4,161.9
5,161.9
5,161.9
6,161.9
6,161.9
0,161.9
0,161.9
1,161.9
1,161.9
2,161.9
2,161.9
3,161.9
3,161.9
4,161.9
4,161.9
5,161.9
5,161.9
6,161.9
6,161.9
0,161.9
0,161.9
1,161.9
1,161.9
2,161.9
2,161.9
3,172.9
3,172.9
4,172.9
4,172.9
5,172.9
5,172.9
6,172.9
6,172.9
0,172.9
0,172.9
1,172.9
1,172.9
2,172.9
2,172.9
3,172.9
3,172.9
4,172.9
4,172.9
5,172.9
5,172.9
6,172.9
6,172.9
0,172.9
0,172.9
1,172.9
1,172.9
2,172.9
2,172.9
3,172.9
3,172.9
4,172.9
4,172.9
5,172.9
5,172.9
6,172.9
6,172.9
0,172.9
0,172.9
1,172.9
1,172.9
2,172.9
2,172.9
3,172.9
3,172.9
4,172.9
4,172.9
5,172.9
5,172.9
6,172.9
6,172.9
0,172.9
0,172.9
1,172.9
1,172.9
2,172.9
2,172.9
3,172.9
3,172.9
4,172.9
4,172.9
5,172.9
5,172.9
6,172.9
6,172.9
0,172.9
0,172.9
1,172.9
1,172.9
2,172.9
2,172.9
3,172.9
3,172.9
4,172.9
4,172.9
5,172.9
5,172.9
6,172.9
6,172.9
0,172.9
0,172.9
1,172.9
1,172.9
2,172.9
2,172.9
3,172.9
3,172.9
4,172.9
4,172.9
5,172.9
5,172.9
6,172.9
6,172.9
0,172.9
0,172.9
1,172.9
1,172.9
2,172.9
2,172.9
3,172.9
3,172.9
4,172.9
4,172.9
5,172.9
5,172.9
6,172.9
6,172.9
0,172.9
0,172.9
1,172.9
1,172.9
2,172.9
2,172.9
3,172.9
3,172.9
4,172.9
4,172.9
5,172.9
5,172.9
6,172.9
6,172.9
0,172.9
0,172.9
1,172.9
1,172.9
2,172.9
2,172.9
3,172.9
3,172.9
4,172.9
4,172.9
5,172.9
5,172.9
6,172.9
6,172.9
0,172.9
0,172.9
1,172.9
1,172.9
2,172.9
2,172.9
3,172.9
3,172.9
4,172.9
4,172.9
5,172.9
5,172.9
6,172.9
6,172.9
0,172.9
0,172.9
1,172.9
1,172.9
2,172.9
2,172.9
3,172.9
3,172.9
4,172.9
4,172.9
5,172.9
5,172.9
6,172.9
6,172.9
0,172.9
0,172.9
1,167.9
1,167.9
2,167.9
2,167.9
3,167.9
3,163.9
4,163.9
4,163.9
5,163.9
5,163.9
6,163.9
6,163.9
0,163.9
0,163.9
1,163.9
1,163.9
2,163.9
2,163.9
3,163.9
3,163.9
4,163.9
4,163.9
5,163.9
5,163.9
6,163.9
6,163.9
0,163.9
0,163.9
1,163.9
1,163.9
2,163.9
2,163.9
3,163.9
3,163.9
4,163.9
4,163.9
5,163.9
5,163.9
6,163.9
6,163.9
0,163.9
0,163.9
1,163.9
1,163.9
2,163.9
2,163.9
3,163.9
3,163.9
4,163.9
4,163.9
5,163.9
5,163.9
6,163.9
6,163.9
0,163.9
0,163.9
1,163.9
1,163.9
2,163.9
2,163.9
3,163.9
3,163.9
4,163.9
4,163.9
5,163.9
5,163.9
6,163.9
6,163.9
0,163.9
0,163.9
1,163.9
1,163.9
2,163.9
2,163.9
3,163.9
3,163.9
4,163.9
4,163.9
5,163.9
5,163.9
6,163.9
6,163.9
0,163.9
0,174.9
1,174.9
1,174.9
2,174.9
2,174.9
3,174.9
3,174.9
4,174.9
4,174.9
5,174.9
5,174.9
6,174.9
6,174.9
0,174.9
0,174.9
1,174.9
1,174.9
2,174.9
2,174.9
3,174.9
3,174.9
4,174.9
4,174.9
5,174.9
5,174.9
6,174.9
6,174.9
0,174.9
0,174.9
1,174.9
1,174.9
2,174.9
2,174.9
3,174.9
3,174.9
4,174.9
4,174.9
5,174.9
5,174.9
6,174.9
6,174.9
