0,0
0,126.4
1,125.9
1,125.9
2,122.9
2,122.9
3,122.9
3,122.4
4,122.4
4,121.9
5,121.9
5,121.9
6,121.9
6,120.9
0,120.9
0,120.8
1,119.7
1,119.7
2,118.9
2,118.9
3,118.9
3,117.9
4,117.9
4,117.9
5,117.9
5,117.9
6,117.9
6,117.9
0,117.9
0,117.9
1,138.4
1,138.4
2,138.4
2,148.7
3,148.7
3,148.7
4,148.7
4,148.7
5,148.7
5,148.7
6,146.9
6,146.9
0,146.9
0,146.9
1,146.9
1,146.9
2,146.9
2,145.9
3,143.4
3,137.9
4,136.9
4,136.9
5,135.9
5,135.4
6,135.4
6,133.9
0,133.4
0,133.4
1,133.4
1,133.4
2,133.4
2,133.4
3,126.9
3,124.6
4,124.6
4,124.6
5,124.6
5,124.6
6,124.6
6,124.6
0,124.6
0,123.9
1,122.9
1,122.83333333333333
2,150.9
2,150.9
3,150.9
3,148.9
4,148.9
4,148.4
5,148.4
5,147.9
6,147.9
6,145.9
0,144.9
0,144.9
1,142.9
1,142.9
2,142.9
2,140.9
3,138.9
3,138.9
4,138.9
4,138.9
5,138.9
5,137.9
6,137.9
6,136.65
0,134.9
0,130.4
1,129.9
1,129.9
2,129.9
2,127.5
3,127.5
3,127.5
4,152.9
4,152.9
5,152.9
5,152.9
6,152.9
6,152.9
0,152.9
0,152.9
1,152.9
1,152.9
2,148.9
2,148.9
3,148.9
3,148.9
4,148.9
4,148.9
5,148.9
5,148.9
6,148.9
6,148.9
0,148.9
0,148.9
1,148.9
1,148.9
2,148.9
2,148.9
3,148.9
3,148.9
4,148.9
4,148.9
5,148.9
5,148.9
6,148.9
6,148.9
0,148.9
0,148.9
1,148.9
1,148.9
2,148.9
2,148.9
3,148.9
3,148.9
4,148.9
4,148.9
5,148.9
5,148.9
6,148.9
6,148.9
0,148.9
0,148.9
1,148.9
1,148.9
2,148.9
2,148.9
3,148.9
3,148.9
4,148.9
4,148.9
5,148.9
5,148.9
6,148.9
6,148.9
0,148.9
0,148.9
1,148.9
1,148.9
2,148.9
2,148.9
3,148.9
3,148.9
4,148.9
4,148.9
5,148.9
5,148.9
6,148.9
6,148.9
0,148.9
0,148.9
1,148.9
1,148.9
2,148.9
2,148.9
3,148.9
3,148.9
4,148.9
4,148.9
5,148.9
5,148.9
6,148.9
6,148.9
0,148.9
0,148.9
1,148.9
1,148.9
2,148.9
2,148.9
3,148.9
3,148.9
4,148.9
4,148.9
5,148.9
5,148.9
6,148.9
6,148.9
0,148.9
0,148.9
1,148.9
1,148.9
2,148.9
2,148.9
3,148.9
3,148.9
4,148.9
4,148.9
5,148.9
5,148.9
6,148.9
6,148.9
0,148.9
0,148.9
1,148.9
1,148.9
2,148.9
2,148.9
3,148.9
3,148.9
4,148.9
4,148.9
5,148.9
5,148.9
6,148.9
6,148.9
0,148.9
0,148.9
1,148.9
1,148.9
2,148.9
2,148.9
3,148.9
3,148.9
4,148.9
4,148.9
5,148.9
5,155.9
6,155.9
6,155.9
0,155.9
0,155.9
1,155.9
1,155.9
2,155.9
2,155.9
3,155.9
3,155.9
4,155.9
4,155.9
5,155.9
5,155.9
6,155.9
6,155.9
0,155.9
0,155.9
1,153.9
1,153.9
2,153.9
2,153.9
3,153.9
3,153.9
4,153.9
4,153.9
5,153.9
5,153.9
6,153.9
6,153.9
0,153.9
0,153.9
1,153.9
1,153.9
2,151.9
2,151.9
3,151.9
3,151.9
4,150.9
4,150.9
5,150.9
5,150.9
6,150.9
6,150.9
0,144.3
0,144.3
1,144.3
1,144.3
2,144.3
2,144.3
3,144.3
3,144.3
4,144.3
4,144.3
5,144.3
5,144.3
6,144.3
6,144.3
0,144.3
0,144.3
1,144.3
1,144.3
2,144.3
2,144.3
3,166.9
3,166.9
4,166.9
4,166.9
5,166.9
5,166.9
6,166.9
6,166.9
0,166.9
0,166.9
1,166.9
1,166.9
2,166.9
2,166.9
3,166.9
3,166.9
4,166.9
4,166.9
5,166.9
5,166.9
6,166.9
6,166.9
0,166.9
0,166.9
1,166.9
1,166.9
2,156.5666666666667
2,155.9
3,154.9
3,153.9
4,153.9
4,153.9
5,153.9
5,153.9
6,153.9
6,153.9
0,148.9
0,148.9
1,148.9
1,148.9
2,145.16666666666666
2,145.16666666666666
3,145.16666666666666
3,145.16666666666666
4,145.9
4,145.9
5,145.9
5,144.9
6,144.9
6,144.9
0,143.9
0,143.9
1,143.9
1,143.9
2,143.9
2,143.9
3,143.9
3,143.9
4,142.9
4,142.9
5,142.9
5,142.9
6,141.9
6,141.9
0,141.9
0,141.9
1,141.9
1,141.9
2,141.9
2,141.9
3,141.9
3,141.9
4,141.9
4,141.9
5,141.9
5,141.9
6,141.9
6,141.9
0,141.9
0,141.9
1,141.9
1,141.9
2,141.9
2,141.9
3,141.9
3,167.9
4,167.9
4,167.9
5,167.9
5,167.9
6,167.9
6,167.9
0,167.9
0,167.9
1,167.9
1,167.9
2,166.9
2,166.9
3,166.9
3,166.9
4,166.9
4,166.9
5,166.9
5,165.9
6,165.9
6,165.9
0,165.9
0,165.9
1,159.9
1,158.9
2,158.9
2,158.9
3,158.9
3,158.9
4,158.9
4,158.9
5,158.9
5,158.9
6,158.9
6,158.9
0,158.9
0,158.9
1,152.9
1,152.9
2,150.9
2,150.9
3,147.9
3,147.9
4,147.9
4,147.9
5,147.9
5,147.9
6,146.9
6,146.9
0,146.9
0,146.9
1,146.9
1,146.9
2,146.9
2,146.9
3,146.9
3,146.9
4,146.9
4,146.9
5,146.9
5,146.9
6,143.9
6,143.9
0,143.9
0,141.9
1,141.9
1,139.5
2,139.5
2,139.5
3,139.5
3,139.5
4,139.5
4,139.5
5,138.9
5,138.9
6,138.9
6,138.9
0,138.9
0,138.9
1,138.9
1,138.9
2,138.9
2,138.9
3,138.9
3,135.9
4,135.9
4,135.9
5,135.9
5,135.9
6,135.9
6,134.9
0,134.9
0,134.9
1,133.9
1,133.9
2,133.9
2,133.9
3,132.7
3,132.7
4,132.7
4,132.7
5,162.9
5,162.9
6,162.9
6,162.9
0,162.9
0,162.9
1,162.9
1,162.9
2,162.9
2,162.9
3,162.9
3,162.9
4,156.9
4,156.9
5,156.9
5,156.9
6,156.9
6,156.4
0,156.4
0,155.9
1,155.9
1,152.9
2,152.9
2,152.9
3,152.9
3,152.9
4,152.9
4,152.9
5,152.9
5,152.9
6,152.9
6,152.9
0,152.9
0,146.9
1,146.9
1,146.9
2,146.9
2,146.9
3,146.9
3,146.9
4,146.9
4,146.9
5,146.9
5,146.9
6,146.9
6,146.9
0,146.9
0,146.9
1,146.9
1,146.9
2,146.9
2,146.9
3,146.9
3,146.9
4,146.9
4,160.5666666666667
5,160.5666666666667
5,160.5666666666667
6,160.5666666666667
6,160.5666666666667
0,160.5666666666667
0,160.5666666666667
1,160.5666666666667
1,160.5666666666667
2,160.5666666666667
2,160.5666666666667
3,160.5666666666667
3,160.5666666666667
4,160.5666666666667
4,153.9
5,150.9
5,150.9
6,148.4
6,148.4
0,148.4
0,147.9
1,144.9
1,144.9
2,144.9
2,144.9
3,144.9
3,144.9
4,139.9
4,139.9
5,139.9
5,139.9
6,139.9
6,139.9
0,139.9
0,139.9
1,139.9
1,139.9
2,139.9
2,139.9
3,139.9
3,139.9
4,139.9
4,139.9
5,139.9
5,139.9
6,139.9
6,139.9
0,139.9
0,139.9
1,139.9
1,139.9
2,139.9
2,164.9
3,164.9
3,164.9
4,164.9
4,164.9
5,164.9
5,164.9
6,164.9
6,164.9
0,164.9
0,164.9
1,162.9
1,161.9
2,158.9
2,158.9
3,154.9
3,154.9
4,154.9
4,154.9
5,153.4
5,152.9
6,152.9
6,152.9
0,151.9
0,151.4
1,151.4
1,149.9
2,148.9
2,148.9
3,148.9
3,148.9
4,148.9
4,148.9
5,148.9
5,148.9
6,148.9
6,148.9
0,148.9
0,148.9
1,148.9
1,148.9
2,148.9
2,148.9
3,135.4
3,134.9
4,134.9
4,134.9
5,134.9
5,133.9
6,133.9
6,133.7
0,133.3
0,132.9
1,132.9
1,132.9
2,132.9
2,131.9
3,131.9
3,131.9
4,129.9
4,129.9
5,129.9
5,129.9
6,129.9
6,129.9
0,129.9
0,129.9
1,129.9
1,129.9
2,129.9
2,129.9
3,154.9
3,154.9
4,154.9
4,154.9
5,154.9
5,154.9
6,154.9
6,154.9
0,154.9
0,154.9
1,154.9
1,154.9
2,154.9
2,154.9
3,154.9
3,154.9
4,149.9
4,148.9
5,148.9
5,148.9
6,148.9
6,148.9
0,145.9
0,145.9
1,143.4
1,143.4
2,141.9
2,141.9
3,141.9
3,141.9
4,141.9
4,141.9
5,136.9
5,136.9
6,135.9
6,135.9
0,134.9
0,134.9
1,134.9
1,134.9
2,134.9
2,134.9
3,134.9
3,132.9
4,132.9
4,132.9
5,132.9
5,132.9
6,132.9
6,132.9
0,132.4
0,132.4
1,131.4
1,131.4
2,130.9
2,130.9
3,130.9
3,130.9
4,130.9
4,130.9
5,130.9
5,130.9
6,130.9
6,130.9
0,130.9
0,130.9
1,144.4
1,144.4
2,144.4
2,144.4
3,157.9
3,157.9
4,156.9
4,155.7
5,152.9
5,152.9
6,152.9
6,150.9
0,150.4
0,150.4
1,150.4
1,150.4
2,150.4
2,150.4
3,150.4
3,143.9
4,143.9
4,142.9
5,142.5666666666667
5,142.5666666666667
6,141.23333333333335
6,139.9
0,138.9
0,138.9
1,138.9
1,138.9
2,138.9
2,136.9
3,136.9
3,134.9
4,134.9
4,134.9
5,134.9
5,134.9
6,134.9
6,134.9
0,134.9
0,134.9
1,134.7
1,134.7
2,134.7
2,134.7
3,134.7
3,134.7
4,133.7
4,133.7
5,133.7
5,133.7
6,133.7
6,133.7
0,149.79999999999998
0,149.79999999999998
1,165.9
1,165.9
2,161.9
2,161.9
3,161.9
3,159.4
4,158.9
4,158.9
5,158.9
5,158.9
6,157.9
6,157.9
0,155.9
0,155.9
1,155.5666666666667
1,150.9
2,150.9
2,148.9
3,148.9
3,148.9
4,146.9
4,145.9
5,145.3
5,143.9
6,142.9
6,141.9
0,141.9
0,141.9
1,141.9
1,140.9
2,140.9
2,140.9
3,140.9
3,140.9
4,137.9
4,136.9
5,136.9
5,136.9
6,136.9
6,136.9
0,136.9
0,135.9
1,135.9
1,135.9
2,134.9
2,134.9
3,134.9
3,134.9
4,134.9
4,134.9
5,134.9
5,134.9
6,134.9
6,134.9
0,134.9
0,134.9
1,165.9
1,165.9
2,164.9
2,164.9
3,161.9
3,159.9
4,159.9
4,156.9
5,156.9
5,155.9
6,154.9
6,153.7
0,153.7
0,153.7
1,151.9
1,151.9
2,147.9
2,147.9
3,142.9
3,142.9
4,141.9
4,141.9
5,141.9
5,141.9
6,141.9
6,141.9
0,141.9
0,141.9
1,141.9
1,141.9
2,141.9
2,141.9
3,141.9
3,141.9
4,141.9
4,167.9
5,167.9
5,167.9
6,167.9
6,167.9
0,167.9
0,167.9
1,167.9
1,164.9
2,164.9
2,164.9
3,164.9
3,164.9
4,164.9
4,164.9
5,164.9
5,164.9
6,164.9
6,164.9
0,164.9
0,164.9
1,163.9
1,163.9
2,163.9
2,163.9
3,161.9
3,161.9
4,161.9
4,161.9
5,161.9
5,158.9
6,158.9
6,158.9
0,158.9
0,158.9
1,158.9
1,158.9
2,158.9
2,152.9
3,150.9
3,150.9
4,150.9
4,150.9
5,150.9
5,150.9
6,172.9
6,172.9
0,172.9
0,172.9
1,172.9
1,172.9
2,172.9
2,172.9
3,172.9
3,172.9
4,172.9
4,172.9
5,172.9
5,172.9
6,172.9
6,172.9
0,172.9
0,172.9
1,172.9
1,172.9
2,169.2
2,169.2
3,167.2
3,167.2
4,167.2
4,167.2
5,167.2
5,167.2
6,167.2
6,167.2
0,167.2
0,167.2
1,167.2
1,167.2
2,155.2
2,153.2
3,153.2
3,153.2
4,153.2
4,153.2
5,151.9
5,151.9
6,151.9
6,151.9
0,151.9
0,151.9
1,148.8
1,148.8
2,148.8
2,148.8
3,173.4
3,173.4
4,173.4
4,173.4
5,173.4
5,173.4
6,173.4
6,173.4
0,173.4
0,173.4
1,173.4
1,173.4
2,173.4
2,173.4
3,173.4
3,173.4
4,173.4
4,173.4
5,173.4
5,173.4
6,173.4
6,173.4
0,173.4
0,173.4
1,166.2
1,163.2
2,163.2
2,163.2
3,159.2
3,159.2
4,157.2
4,157.2
5,155.2
5,155.2
6,155.2
6,154.2
0,154.2
0,154.2
1,154.2
1,154.2
2,154.2
2,154.2
3,154.2
3,154.2
4,154.2
4,154.2
5,154.2
5,154.2
6,154.2
6,154.2
0,154.2
0,154.2
1,154.2
1,154.2
2,154.2
2,154.2
3,154.2
3,154.2
4,154.2
4,173.4
5,173.4
5,173.4
6,173.4
6,173.4
0,173.4
0,173.4
1,173.4
1,173.4
2,173.4
2,173.4
3,173.4
3,173.4
4,173.4
4,173.4
5,173.4
5,173.4
6,173.4
6,173.4
0,173.4
0,173.4
1,173.4
1,173.4
2,173.4
2,173.4
3,173.4
3,173.4
4,167.9
4,167.9
5,167.9
5,167.9
6,167.9
6,167.9
0,167.9
0,167.9
1,167.9
1,158.9
2,158.9
2,158.9
3,158.9
3,158.9
4,158.9
4,158.9
5,158.9
5,158.9
6,158.9
6,154.9
0,154.9
0,154.9
1,154.9
1,154.9
2,154.9
2,154.9
3,154.9
3,154.9
4,154.9
4,154.9
5,154.2
5,154.2
6,154.2
6,154.2
0,154.2
0,149.2
1,149.2
1,149.2
2,149.2
2,149.2
3,149.2
3,149.2
4,149.2
4,149.2
5,144.9
5,144.9
6,144.9
6,144.9
0,144.9
0,144.9
1,144.9
1,174.9
2,174.9
2,174.9
3,174.9
3,174.9
4,174.9
4,174.9
5,174.9
5,174.9
6,174.9
6,174.9
0,174.9
0,174.9
1,174.9
1,174.9
2,174.9
2,174.9
3,166.7
3,166.7
4,166.7
4,164.9
5,163.9
5,163.9
6,163.9
6,163.9
0,157.9
0,155.9
1,155.9
1,155.9
2,155.9
2,155.9
3,155.9
3,155.9
4,155.9
4,155.9
5,155.9
5,155.9
6,148.7
6,148.7
0,148.7
0,147.9
1,147.9
1,147.9
2,147.9
2,147.9
3,147.9
3,147.9
4,147.9
4,147.9
5,147.9
5,172.9
6,172.9
6,172.9
0,172.9
0,172.9
1,172.9
1,172.9
2,172.9
2,172.9
3,172.9
3,172.9
4,172.9
4,172.9
5,166.7
5,166.7
6,166.7
6,166.7
0,166.7
0,166.7
1,166.7
1,166.7
2,166.7
2,166.7
3,157.9
3,157.9
4,157.9
4,157.9
5,157.9
5,157.9
6,157.9
6,157.9
0,157.9
0,157.9
1,157.9
1,157.9
2,148.9
2,148.9
3,148.9
3,148.9
4,148.9
4,148.9
5,148.9
5,148.9
6,148.9
6,148.9
0,148.9
0,148.9
1,148.9
1,148.9
2,148.9
2,148.9
3,148.9
3,148.9
4,176.4
4,176.4
5,176.4
5,176.4
6,176.4
6,176.4
0,176.4
0,176.4
1,176.4
1,176.4
2,176.4
2,176.4
3,176.4
3,176.4
4,172.9
4,172.9
5,172.9
5,172.9
6,172.9
6,172.9
0,172.9
0,172.9
1,172.9
1,172.9
2,172.9
2,169.9
3,169.9
3,169.9
4,169.9
4,169.9
5,168.9
5,168.9
6,168.9
6,168.9
0,168.9
0,168.9
1,168.9
1,168.9
2,168.9
2,168.9
3,179.9
3,179.9
4,179.9
4,179.9
5,179.9
5,179.9
6,179.9
6,179.9
