0,0
0,135.9
1,134.9
1,134.9
2,132.9
2,128.9
3,127.9
3,127.9
4,126.9
4,126.9
5,124.9
5,124.9
6,124.9
6,123.9
0,123.9
0,123.9
1,119.9
1,119.9
2,119.4
2,119.4
3,118.6
3,118.6
4,118.6
4,118.6
5,118.6
5,118.6
6,118.6
6,118.6
0,117.9
0,117.9
1,138.4
1,138.4
2,138.4
2,138.4
3,138.4
3,138.4
4,138.4
4,138.4
5,138.4
5,138.4
6,146.9
6,146.9
0,146.9
0,146.9
1,146.9
1,146.9
2,146.9
2,144.9
3,142.35
3,142.35
4,142.35
4,142.35
5,142.35
5,142.35
6,142.35
6,136.9
0,136.9
0,136.9
1,136.9
1,136.9
2,136.9
2,136.9
3,129.9
3,124.7
4,124.7
4,124.7
5,124.7
5,124.7
6,124.7
6,124.7
0,124.7
0,122.9
1,122.9
1,122.9
2,150.9
2,150.9
3,150.9
3,148.9
4,148.9
4,148.4
5,148.4
5,146.9
6,146.9
6,145.9
0,145.23333333333335
0,145.23333333333335
1,142.9
1,142.9
2,142.9
2,140.9
3,140.9
3,138.9
4,138.9
4,138.9
5,138.9
5,136.9
6,136.9
6,134.9
0,134.9
0,131.9
1,130.4
1,130.4
2,130.4
2,140.4
3,140.4
3,140.4
4,152.9
4,152.9
5,152.9
5,152.9
6,152.9
6,152.9
0,152.9
0,152.9
1,152.9
1,152.9
2,152.9
2,152.9
3,152.9
3,152.9
4,152.9
4,152.9
5,152.9
5,152.9
6,152.9
6,152.9
0,152.9
0,152.9
1,152.9
1,152.9
2,152.9
2,152.9
3,152.9
3,152.9
4,152.9
4,152.9
5,152.9
5,152.9
6,152.9
6,152.9
0,152.9
0,152.9
1,152.9
1,152.9
2,152.9
2,152.9
3,152.9
3,152.9
4,152.9
4,152.9
5,152.9
5,152.9
6,152.9
6,152.9
0,152.9
0,152.9
1,152.9
1,152.9
2,152.9
2,152.9
3,152.9
3,152.9
4,152.9
4,152.9
5,152.9
5,152.9
6,152.9
6,152.9
0,152.9
0,152.9
1,152.9
1,152.9
2,152.9
2,152.9
3,152.9
3,152.9
4,152.9
4,152.9
5,152.9
5,152.9
6,152.9
6,152.9
0,152.9
0,152.9
1,152.9
1,152.9
2,152.9
2,152.9
3,152.9
3,152.9
4,152.9
4,152.9
5,152.9
5,152.9
6,152.9
6,152.9
0,152.9
0,152.9
1,152.9
1,152.9
2,152.9
2,152.9
3,152.9
3,152.9
4,152.9
4,152.9
5,152.9
5,152.9
6,152.9
6,152.9
0,152.9
0,152.9
1,152.9
1,152.9
2,152.9
2,152.9
3,152.9
3,152.9
4,152.9
4,152.9
5,152.9
5,152.9
6,152.9
6,152.9
0,152.9
0,152.9
1,152.9
1,152.9
2,152.9
2,152.9
3,152.9
3,152.9
4,152.9
4,152.9
5,152.9
5,152.9
6,152.9
6,152.9
0,152.9
0,152.9
1,152.9
1,152.9
2,152.9
2,152.9
3,152.9
3,152.9
4,152.9
4,152.9
5,152.9
5,155.9
6,155.9
6,155.9
0,155.9
0,155.9
1,155.9
1,155.9
2,155.9
2,155.9
3,155.9
3,155.9
4,155.9
4,155.9
5,155.9
5,155.9
6,155.9
6,155.9
0,155.9
0,155.9
1,153.9
1,153.9
2,153.9
2,153.9
3,153.9
3,153.9
4,153.9
4,153.9
5,153.9
5,153.9
6,153.9
6,153.9
0,153.9
0,153.9
1,153.9
1,153.9
2,151.9
2,151.9
3,151.9
3,151.9
4,150.9
4,150.9
5,150.9
5,150.9
6,150.9
6,150.9
0,148.3
0,146.4
1,146.4
1,146.4
2,146.4
2,146.4
3,146.4
3,146.4
4,146.4
4,146.4
5,146.4
5,146.4
6,146.4
6,146.4
0,146.4
0,146.4
1,146.4
1,146.4
2,146.4
2,146.4
3,166.9
3,166.9
4,166.9
4,166.9
5,166.9
5,166.9
6,166.9
6,166.9
0,166.9
0,166.9
1,166.9
1,166.9
2,166.9
2,166.9
3,166.9
3,166.9
4,166.9
4,166.9
5,166.9
5,166.9
6,166.9
6,166.9
0,166.9
0,166.9
1,166.9
1,166.9
2,161.9
2,159.9
3,157.9
3,154.23333333333335
4,154.23333333333335
4,154.23333333333335
5,154.23333333333335
5,154.23333333333335
6,154.23333333333335
6,154.23333333333335
0,150.9
0,150.9
1,149.9
1,148.9
2,146.9
2,146.9
3,146.9
3,146.9
4,145.9
4,145.9
5,145.9
5,145.9
6,144.4
6,144.4
0,144.4
0,144.4
1,144.4
1,144.4
2,144.4
2,144.4
3,144.4
3,144.4
4,143.7
4,143.7
5,143.7
5,143.7
6,141.9
6,141.9
0,141.9
0,141.9
1,141.9
1,141.9
2,141.9
2,141.9
3,141.9
3,141.9
4,141.9
4,141.9
5,141.9
5,141.9
6,141.9
6,141.9
0,141.9
0,141.9
1,141.9
1,141.9
2,141.9
2,141.9
3,141.9
3,141.9
4,141.9
4,167.9
5,167.9
5,167.9
6,167.9
6,167.9
0,167.9
0,167.9
1,167.9
1,167.9
2,166.9
2,166.9
3,162.9
3,162.9
4,160.9
4,160.9
5,160.9
5,160.9
6,160.9
6,160.9
0,160.9
0,160.9
1,158.9
1,156.9
2,156.9
2,156.9
3,156.9
3,156.9
4,156.9
4,156.9
5,156.9
5,156.9
6,156.9
6,156.9
0,156.9
0,156.9
1,150.9
1,150.9
2,149.9
2,149.9
3,149.9
3,149.9
4,149.9
4,149.9
5,149.9
5,149.9
6,147.9
6,147.9
0,147.9
0,147.9
1,147.9
1,147.9
2,147.9
2,147.9
3,147.9
3,147.9
4,147.9
4,147.9
5,147.9
5,147.9
6,144.9
6,144.9
0,144.9
0,143.9
1,142.9
1,141.9
2,141.9
2,141.9
3,141.9
3,141.9
4,141.9
4,141.9
5,141.9
5,141.9
6,140.5
6,140.5
0,139.9
0,139.9
1,139.9
1,139.9
2,139.9
2,139.9
3,139.9
3,136.9
4,136.9
4,136.9
5,136.9
5,136.9
6,136.9
6,135.9
0,135.9
0,135.9
1,134.9
1,134.9
2,134.9
2,134.9
3,134.9
3,134.9
4,134.9
4,134.9
5,134.9
5,162.9
6,162.9
6,162.9
0,162.9
0,162.9
1,162.9
1,162.9
2,162.9
2,162.9
3,162.9
3,162.9
4,160.9
4,157.9
5,157.9
5,157.9
6,157.9
6,155.9
0,155.9
0,152.9
1,152.9
1,152.9
2,152.9
2,152.9
3,152.9
3,152.9
4,152.9
4,152.9
5,152.9
5,152.9
6,152.9
6,152.9
0,152.9
0,150.9
1,150.9
1,150.9
2,150.9
2,150.9
3,150.9
3,150.9
4,150.9
4,150.9
5,150.9
5,150.9
6,150.9
6,150.9
0,150.9
0,150.9
1,150.9
1,150.9
2,150.9
2,150.9
3,150.9
3,150.9
4,150.9
4,150.9
5,150.9
5,150.9
6,150.9
6,162.9
0,162.9
0,162.9
1,162.9
1,162.9
2,162.9
2,162.9
3,160.9
3,160.9
4,160.9
4,152.9
5,151.9
5,151.9
6,147.9
6,147.9
0,147.9
0,145.44
1,145.44
1,145.44
2,145.44
2,145.44
3,145.44
3,145.44
4,145.44
4,145.44
5,145.44
5,145.44
6,145.44
6,145.44
0,145.44
0,145.44
1,145.44
1,145.44
2,145.44
2,145.44
3,145.44
3,145.44
4,145.44
4,145.44
5,145.44
5,145.44
6,145.44
6,145.44
0,145.44
0,145.44
1,145.44
1,145.44
2,145.44
2,164.9
3,164.9
3,164.9
4,164.9
4,164.9
5,164.9
5,164.9
6,164.9
6,164.9
0,164.9
0,164.9
1,164.9
1,164.9
2,164.9
2,163.9
3,162.9
3,162.9
4,159.9
4,158.9
5,157.9
5,157.9
6,157.9
6,157.9
0,157.9
0,156.9
1,156.9
1,156.9
2,153.9
2,151.9
3,151.9
3,151.9
4,150.9
4,150.9
5,150.9
5,150.9
6,150.9
6,150.9
0,150.9
0,148.4
1,147.7
1,147.7
2,146.9
2,146.9
3,143.8
3,143.8
4,141.9
4,138.9
5,138.9
5,138.9
6,138.9
6,137.9
0,137.9
0,137.9
1,137.9
1,137.9
2,137.9
2,136.9
3,133.9
3,133.9
4,133.9
4,133.9
5,133.9
5,133.9
6,133.9
6,133.9
0,133.9
0,133.9
1,133.9
1,133.9
2,154.9
2,154.9
3,154.9
3,154.9
4,154.9
4,154.9
5,154.9
5,154.9
6,154.9
6,154.9
0,154.9
0,154.9
1,154.9
1,154.9
2,154.9
2,154.9
3,154.9
3,154.9
4,154.9
4,154.9
5,154.9
5,154.9
6,152.9
6,152.9
0,147.9
0,147.9
1,147.9
1,147.9
2,146.9
2,146.9
3,146.9
3,146.9
4,146.9
4,146.9
5,143.9
5,143.9
6,143.9
6,143.9
0,143.4
0,141.9
1,141.9
1,141.9
2,140.9
2,140.9
3,139.9
3,138.9
4,138.9
4,138.9
5,138.9
5,137.9
6,137.9
6,137.9
0,136.9
0,134.9
1,134.4
1,132.9
2,132.9
2,132.9
3,132.9
3,132.9
4,132.9
4,132.9
5,132.9
5,132.9
6,132.9
6,132.9
0,132.9
0,132.9
1,145.4
1,145.4
2,145.4
2,145.4
3,157.9
3,157.9
4,157.9
4,157.9
5,157.9
5,156.9
6,156.4
6,156.4
0,155.4
0,154.4
1,152.4
1,152.4
2,152.4
2,152.4
3,152.4
3,152.4
4,152.4
4,149.4
5,149.0666666666667
5,149.0666666666667
6,149.0666666666667
6,145.65
0,144.4
0,143.4
1,143.4
1,143.4
2,143.4
2,141.4
3,140.4
3,140.4
4,138.9
4,137.9
5,137.4
5,137.4
6,137.4
6,137.4
0,137.4
0,134.7
1,134.7
1,134.7
2,134.7
2,134.7
3,134.7
3,134.7
4,134.7
4,134.7
5,134.7
5,134.7
6,134.7
6,165.9
0,165.9
0,165.9
1,165.9
1,165.9
2,163.9
2,163.9
3,163.9
3,162.9
4,162.9
4,161.4
5,161.4
5,161.4
6,161.4
6,156.9
0,156.9
0,155.9
1,154.15
1,151.9
2,151.9
2,151.9
3,151.9
3,147.23333333333335
4,146.9
4,145.9
5,145.4
5,145.4
6,143.9
6,143.9
0,143.9
0,143.9
1,142.5666666666667
1,142.5666666666667
2,142.5666666666667
2,142.5666666666667
3,142.5666666666667
3,140.9
4,140.9
4,139.9
5,138.16666666666666
5,138.16666666666666
6,139.3
6,139.3
0,139.3
0,138.9
1,138.9
1,138.9
2,138.9
2,138.9
3,138.9
3,138.9
4,138.9
4,138.9
5,138.9
5,138.9
6,165.9
6,165.9
0,165.9
0,165.9
1,165.9
1,165.9
2,164.9
2,164.9
3,164.9
3,161.9
4,161.9
4,161.9
5,161.9
5,161.9
6,157.4
6,157.4
0,157.4
0,157.4
1,157.4
1,157.4
2,157.4
2,153.9
3,153.9
3,150.9
4,148.9
4,147.9
5,147.9
5,147.9
6,147.9
6,147.9
0,147.9
0,147.9
1,147.9
1,167.9
2,167.9
2,167.9
3,167.9
3,167.9
4,167.9
4,167.9
5,167.9
5,167.9
6,167.9
6,167.9
0,167.9
0,167.9
1,167.9
1,166.9
2,164.9
2,164.9
3,164.9
3,164.9
4,164.9
4,164.9
5,164.9
5,164.9
6,164.9
6,164.9
0,164.9
0,164.9
1,164.9
1,163.9
2,163.9
2,162.9
3,161.9
3,161.9
4,161.9
4,161.9
5,161.9
5,161.9
6,161.9
6,161.9
0,160.9
0,158.9
1,158.9
1,158.9
2,158.9
2,147.9
3,147.9
3,172.5
4,172.5
4,172.9
5,172.9
5,172.9
6,172.9
6,172.9
0,172.9
0,172.9
1,172.9
1,172.9
2,172.9
2,172.9
3,172.9
3,172.9
4,172.9
4,172.9
5,172.9
5,172.9
6,172.9
6,172.9
0,172.9
0,172.9
1,172.9
1,172.9
2,171.2
2,171.2
3,171.2
3,171.2
4,171.2
4,171.2
5,171.2
5,171.2
6,171.2
6,171.2
0,171.2
0,171.2
1,171.2
1,171.2
2,161.2
2,160.2
3,160.2
3,160.2
4,160.2
4,160.2
5,155.2
5,154.2
6,154.2
6,154.2
0,154.2
0,154.2
1,151.2
1,173.4
2,173.4
2,173.4
3,173.4
3,173.4
4,173.4
4,173.4
5,173.4
5,173.4
6,173.4
6,173.4
0,173.4
0,173.4
1,173.4
1,173.4
2,173.4
2,173.4
3,173.4
3,173.4
4,173.4
4,173.4
5,173.4
5,173.4
6,173.4
6,173.4
0,173.4
0,173.4
1,171.2
1,169.2
2,168.2
2,168.2
3,166.2
3,166.2
4,164.2
4,164.2
5,163.2
5,162.9
6,162.9
6,162.9
0,162.9
0,162.2
1,162.2
1,162.2
2,161.2
2,161.2
3,159.2
3,159.2
4,158.2
4,157.2
5,157.2
5,157.2
6,157.2
6,157.2
0,157.2
0,157.2
1,157.2
1,157.2
2,173.4
2,173.4
3,173.4
3,173.4
4,173.4
4,173.4
5,173.4
5,173.4
6,173.4
6,173.4
0,173.4
0,173.4
1,173.4
1,173.4
2,173.4
2,173.4
3,173.4
3,173.4
4,173.4
4,173.4
5,173.4
5,173.4
6,173.4
6,173.4
0,173.4
0,173.4
1,173.4
1,173.4
2,173.4
2,173.4
3,173.4
3,173.4
4,170.2
4,170.2
5,170.2
5,170.2
6,170.2
6,170.2
0,170.2
0,170.2
1,170.2
1,166.2
2,166.2
2,166.2
3,166.2
3,166.2
4,166.2
4,166.2
5,166.2
5,166.2
6,166.2
6,157.2
0,157.2
0,156.2
1,156.2
1,156.2
2,156.2
2,156.2
3,154.9
3,154.9
4,154.9
4,154.9
5,154.9
5,154.9
6,154.9
6,154.9
0,154.9
0,150.2
1,150.2
1,150.2
2,150.2
2,150.2
3,150.2
3,150.2
4,150.2
4,150.2
5,150.2
5,150.2
6,150.2
6,150.2
0,150.2
0,174.9
1,150.2
1,174.9
2,174.9
2,174.9
3,174.9
3,174.9
4,174.9
4,174.9
5,174.9
5,174.9
6,174.9
6,174.9
0,174.9
0,174.9
1,174.9
1,174.9
2,174.9
2,174.9
3,172.9
3,172.9
4,172.9
4,171.9
5,170.9
5,170.9
6,170.9
6,168.9
0,167.9
0,167.9
1,164.9
1,164.9
2,164.9
2,164.9
3,164.9
3,156.9
4,155.9
4,154.9
5,153.9
5,153.9
6,152.9
6,152.9
0,152.9
0,151.9
1,151.9
1,150.9
2,150.9
2,150.9
3,150.9
3,150.9
4,150.9
4,150.9
5,150.9
5,150.9
6,150.9
6,172.9
0,172.9
0,172.9
1,172.9
1,172.9
2,172.9
2,172.9
3,172.9
3,172.9
4,169.9
4,169.9
5,168.9
5,168.9
6,168.9
6,168.9
0,169.9
0,169.9
1,169.9
1,169.9
2,169.9
2,169.9
3,162.9
3,162.9
4,162.9
4,162.9
5,162.9
5,162.9
6,162.9
6,162.9
0,162.9
0,162.9
1,162.9
1,162.9
2,150.9
2,150.9
3,150.9
3,150.9
4,150.9
4,150.9
5,150.9
5,150.9
6,150.9
6,150.9
0,150.9
0,150.9
1,150.9
1,150.9
2,150.9
2,170.025
3,170.025
3,170.025
4,170.025
4,170.025
5,170.025
5,170.025
6,170.025
6,170.025
0,170.025
0,170.025
1,170.025
1,170.025
2,170.025
2,170.025
3,170.025
3,170.025
4,172.9
4,172.9
5,172.9
5,172.9
6,172.9
6,172.9
0,172.9
0,172.9
1,172.9
1,172.9
2,169.9
2,169.9
3,161.9
3,161.9
4,161.9
4,161.9
5,161.9
5,161.9
6,161.9
6,161.9
0,161.9
0,161.9
1,161.9
1,161.9
2,161.9
2,161.9
3,179.9
3,179.9
4,179.9
4,179.9
5,179.9
5,179.9
6,179.9
6,179.9
