0,0
0,0
1,0
1,131.8
2,131.8
2,129.9
3,126.3
3,126.3
4,126.3
4,126.3
5,123.9
5,123.9
6,123.9
6,123.9
0,123.9
0,123.9
1,122.9
1,122.9
2,122.9
2,122.9
3,120.30000000000001
3,120.30000000000001
4,120.30000000000001
4,120.30000000000001
5,119.8
5,119.8
6,119.8
6,119.8
0,119.8
0,119.8
1,146.4
1,146.4
2,146.4
2,146.4
3,146.4
3,146.4
4,146.4
4,146.4
5,146.4
5,146.4
6,146.4
6,146.4
0,146.4
0,146.4
1,146.4
1,145.9
2,145.9
2,145.9
3,143.9
3,139.9
4,139.9
4,139.9
5,139.9
5,139.9
6,139.9
6,139.9
0,139.9
0,139.9
1,139.9
1,139.9
2,139.9
2,139.9
3,127.9
3,123.9
4,123.9
4,123.9
5,123.9
5,123.9
6,123.9
6,123.9
0,123.9
0,123.9
1,122.9
1,121.9
2,149.9
2,149.9
3,149.9
3,149.9
4,147.4
4,147.4
5,147.4
5,147.4
6,147.4
6,145.4
0,145.4
0,145.4
1,143.4
1,141.9
2,141.4
2,139.9
3,139.9
3,139.9
4,139.9
4,139.9
5,139.9
5,139.9
6,139.9
6,139.9
0,135.4
0,135.4
1,135.4
1,135.4
2,135.4
2,135.4
3,135.4
3,135.4
4,149.9
4,149.9
5,149.9
5,149.9
6,149.9
6,149.9
0,149.9
0,149.9
1,149.9
1,143.9
2,143.9
2,143.9
3,143.9
3,143.9
4,143.9
4,143.9
5,143.9
5,143.9
6,143.9
6,143.9
0,143.9
0,143.9
1,143.9
1,143.9
2,143.9
2,143.9
3,143.9
3,143.9
4,143.9
4,143.9
5,143.9
5,143.9
6,143.9
6,143.9
0,143.9
0,143.9
1,143.9
1,143.9
2,143.9
2,143.9
3,143.9
3,143.9
4,143.9
4,143.9
5,143.9
5,143.9
6,143.9
6,143.9
0,143.9
0,143.9
1,143.9
1,143.9
2,143.9
2,143.9
3,143.9
3,143.9
4,143.9
4,143.9
5,143.9
5,143.9
6,143.9
6,143.9
0,143.9
0,143.9
1,143.9
1,143.9
2,143.9
2,143.9
3,143.9
3,143.9
4,143.9
4,143.9
5,143.9
5,143.9
6,143.9
6,143.9
0,143.9
0,143.9
1,143.9
1,143.9
2,143.9
2,143.9
3,143.9
3,143.9
4,143.9
4,143.9
5,143.9
5,143.9
6,143.9
6,143.9
0,143.9
0,143.9
1,143.9
1,143.9
2,143.9
2,143.9
3,143.9
3,143.9
4,143.9
4,143.9
5,143.9
5,143.9
6,143.9
6,143.9
0,143.9
0,143.9
1,143.9
1,143.9
2,143.9
2,143.9
3,143.9
3,143.9
4,143.9
4,143.9
5,143.9
5,143.9
6,143.9
6,143.9
0,143.9
0,143.9
1,143.9
1,143.9
2,143.9
2,143.9
3,143.9
3,143.9
4,143.9
4,143.9
5,143.9
5,143.9
6,143.9
6,143.9
0,143.9
0,143.9
1,143.9
1,143.9
2,143.9
2,143.9
3,143.9
3,143.9
4,143.9
4,143.9
5,143.9
5,154.9
6,154.9
6,154.9
0,154.9
0,154.9
1,154.9
1,154.9
2,154.9
2,154.9
3,154.9
3,154.9
4,154.9
4,154.9
5,154.9
5,154.9
6,154.9
6,154.9
0,154.9
0,154.9
1,152.9
1,152.9
2,152.9
2,152.9
3,152.9
3,152.9
4,150.9
4,150.9
5,150.9
5,150.9
6,150.9
6,150.9
0,150.9
0,150.9
1,150.9
1,150.9
2,148.9
2,148.9
3,148.9
3,148.9
4,147.9
4,147.9
5,147.9
5,147.9
6,147.9
6,147.9
0,144.9
0,142.9
1,142.9
1,142.9
2,142.9
2,142.9
3,142.9
3,142.9
4,142.9
4,142.9
5,142.9
5,142.9
6,142.9
6,142.9
0,142.9
0,142.9
1,142.9
1,142.9
2,164.9
2,164.9
3,165.9
3,165.9
4,165.9
4,165.9
5,165.9
5,165.9
6,165.9
6,165.9
0,165.9
0,165.9
1,165.9
1,165.9
2,165.9
2,165.9
3,165.9
3,165.9
4,165.9
4,165.9
5,165.9
5,165.9
6,165.9
6,165.9
0,165.9
0,165.9
1,165.9
1,165.9
2,156.9
2,156.9
3,156.9
3,153.9
4,153.9
4,153.9
5,153.9
5,153.9
6,153.9
6,153.9
0,153.9
0,153.9
1,153.9
1,147.9
2,147.9
2,145.9
3,145.9
3,145.9
4,145.9
4,145.9
5,145.9
5,145.9
6,145.9
6,145.9
0,145.9
0,145.9
1,145.9
1,145.9
2,145.9
2,145.9
3,145.9
3,145.9
4,143.9
4,143.9
5,143.9
5,143.9
6,142.4
6,142.4
0,142.4
0,142.4
1,142.4
1,142.4
2,142.4
2,142.4
3,142.4
3,142.4
4,142.4
4,142.4
5,142.4
5,142.4
6,142.4
6,142.4
0,142.4
0,142.4
1,142.4
1,142.4
2,142.4
2,142.4
3,142.4
3,167.9
4,167.9
4,165.9
5,165.9
5,165.9
6,165.9
6,165.9
0,165.9
0,165.9
1,165.9
1,165.9
2,165.9
2,165.9
3,165.9
3,165.9
4,165.9
4,165.9
5,165.9
5,165.9
6,165.9
6,165.9
0,165.9
0,165.9
1,165.9
1,165.9
2,165.9
2,165.9
3,165.9
3,165.9
4,165.9
4,165.9
5,165.9
5,165.9
6,165.9
6,165.9
0,165.9
0,165.9
1,165.9
1,165.9
2,165.9
2,159.9
3,159.9
3,159.9
4,159.9
4,148.9
5,148.9
5,148.9
6,148.9
6,148.9
0,148.9
0,148.9
1,148.9
1,148.9
2,148.9
2,148.9
3,148.9
3,148.9
4,148.9
4,148.9
5,148.9
5,148.9
6,148.9
6,148.9
0,148.9
0,141.9
1,141.9
1,141.9
2,141.9
2,141.9
3,139.9
3,139.9
4,139.9
4,139.9
5,139.9
5,139.9
6,139.9
6,139.9
0,139.9
0,139.9
1,139.9
1,139.9
2,139.9
2,139.9
3,139.9
3,139.9
4,139.9
4,135.9
5,135.9
5,135.9
6,135.9
6,134.9
0,134.9
0,134.9
1,134.9
1,133.9
2,133.9
2,133.9
3,132.9
3,132.9
4,132.9
4,132.9
5,160.9
5,160.9
6,160.9
6,160.9
0,160.9
0,160.9
1,160.9
1,160.9
2,160.9
2,160.9
3,160.9
3,160.9
4,154.9
4,154.9
5,154.9
5,154.9
6,154.9
6,154.9
0,154.9
0,154.9
1,154.9
1,154.9
2,154.9
2,154.9
3,154.9
3,154.9
4,154.9
4,154.9
5,154.9
5,154.9
6,154.9
6,154.9
0,154.9
0,154.9
1,154.9
1,154.9
2,154.9
2,154.9
3,154.9
3,154.9
4,154.9
4,154.9
5,154.9
5,154.9
6,154.9
6,154.9
0,154.9
0,154.9
1,154.9
1,154.9
2,154.9
2,154.9
3,154.9
3,154.9
4,154.9
4,154.9
5,154.9
5,160.9
6,160.9
6,160.9
0,160.9
0,160.9
1,160.9
1,160.9
2,160.9
2,160.9
3,160.9
3,160.9
4,160.9
4,160.9
5,160.9
5,152.9
6,152.9
6,152.9
0,152.9
0,152.9
1,152.9
1,148.9
2,148.9
2,144.4
3,143.7
3,143.7
4,143.7
4,143.7
5,141.4
5,141.4
6,141.4
6,141.4
0,141.4
0,141.4
1,141.4
1,141.4
2,141.4
2,141.4
3,141.4
3,141.4
4,141.4
4,141.4
5,141.4
5,141.4
6,141.4
6,141.4
0,141.4
0,141.4
1,141.4
1,141.4
2,141.4
2,162.9
3,162.9
3,162.9
4,162.9
4,162.9
5,162.9
5,162.9
6,162.9
6,162.9
0,162.9
0,162.9
1,155.9
1,155.9
2,155.9
2,155.9
3,155.9
3,155.9
4,155.9
4,155.9
5,155.9
5,155.9
6,155.9
6,155.9
0,155.9
0,155.9
1,155.9
1,155.9
2,155.9
2,155.9
3,155.9
3,155.9
4,155.9
4,155.9
5,155.9
5,155.9
6,155.9
6,155.9
0,155.9
0,155.9
1,155.9
1,142.9
2,142.9
2,142.9
3,142.9
3,142.9
4,137.8
4,137.8
5,137.8
5,136.9
6,136.9
6,136.9
0,136.9
0,136.9
1,136.9
1,136.9
2,136.9
2,136.9
3,136.9
3,136.9
4,134.9
4,134.9
5,134.9
5,134.9
6,134.9
6,134.9
0,134.9
0,134.9
1,134.9
1,134.9
2,134.9
2,134.9
3,134.9
3,134.9
4,134.9
4,134.9
5,154.4
5,154.4
6,154.4
6,154.4
0,154.4
0,154.4
1,154.4
1,154.4
2,154.4
2,154.4
3,154.4
3,154.4
4,154.4
4,154.4
5,154.4
5,154.4
6,154.4
6,154.4
0,152.9
0,152.9
1,152.9
1,152.9
2,152.9
2,152.9
3,152.9
3,152.9
4,152.9
4,152.9
5,146.7
5,146.7
6,146.7
6,146.7
0,146.7
0,145.9
1,145.9
1,145.9
2,145.9
2,145.9
3,145.9
3,135.9
4,135.9
4,135.9
5,135.9
5,135.9
6,135.9
6,135.9
0,135.9
0,135.9
1,135.4
1,135.4
2,134.15
2,134.15
3,132.9
3,132.9
4,132.4
4,132.4
5,132.4
5,132.4
6,132.4
6,132.4
0,132.4
0,132.4
1,144.15
1,144.15
2,144.15
2,144.15
3,155.9
3,155.9
4,155.9
4,155.9
5,155.9
5,155.9
6,155.9
6,155.9
0,155.9
0,155.9
1,155.9
1,154.4
2,154.4
2,154.4
3,154.4
3,154.4
4,154.4
4,154.4
5,154.4
5,150.4
6,150.4
6,150.4
0,150.4
0,148.9
1,148.9
1,148.9
2,148.9
2,148.9
3,146.4
3,146.4
4,146.4
4,146.4
5,146.4
5,146.4
6,146.4
6,146.4
0,141.9
0,141.9
1,141.9
1,141.9
2,141.9
2,141.9
3,141.9
3,141.9
4,141.9
4,141.9
5,141.9
5,141.9
6,141.9
6,141.9
0,164.5
0,164.5
1,164.5
1,164.5
2,164.5
2,163.4
3,163.4
3,163.4
4,163.4
4,162.9
5,162.9
5,162.9
6,162.9
6,152.9
0,152.9
0,152.9
1,152.9
1,152.9
2,152.9
2,152.9
3,152.9
3,152.9
4,152.9
4,151.9
5,151.9
5,151.9
6,151.9
6,151.9
0,151.9
0,151.9
1,151.9
1,145.9
2,145.9
2,142.4
3,142.4
3,141.4
4,141.4
4,139.9
5,139.9
5,139.9
6,139.9
6,139.9
0,139.9
0,139.9
1,139.9
1,139.9
2,139.9
2,138.2
3,138.2
3,138.2
4,138.2
4,138.2
5,138.2
5,138.2
6,138.2
6,138.2
0,138.2
0,138.2
1,163.9
1,163.9
2,163.9
2,163.9
3,162.9
3,162.9
4,152.9
4,152.9
5,152.9
5,152.9
6,152.9
6,152.9
0,152.9
0,152.9
1,152.9
1,152.9
2,152.9
2,152.9
3,152.9
3,151.4
4,151.4
4,151.4
5,149.9
5,149.9
6,149.9
6,149.9
0,147.9
0,147.9
1,147.9
1,147.9
2,147.9
2,147.9
3,147.9
3,147.9
4,167.9
4,167.9
5,167.9
5,167.9
6,167.9
6,167.9
0,167.9
0,167.9
1,167.9
1,162.9
2,162.9
2,162.9
3,162.9
3,162.9
4,162.9
4,162.9
5,162.9
5,162.9
6,162.9
6,162.9
0,162.9
0,162.9
1,162.9
1,162.9
2,162.9
2,162.9
3,162.9
3,161.9
4,161.9
4,161.9
5,161.9
5,160.9
6,160.9
6,160.9
0,159.9
0,159.9
1,159.9
1,159.9
2,159.9
2,159.9
3,149.9
3,149.9
4,149.9
4,149.9
5,149.9
5,149.9
6,170.9
6,170.9
0,170.9
0,170.9
1,170.9
1,170.9
2,170.9
2,170.9
3,170.9
3,170.9
4,170.9
4,170.9
5,170.9
5,170.9
6,170.9
6,170.9
0,170.9
0,170.9
1,170.9
1,170.9
2,170.9
2,170.9
3,170.9
3,170.9
4,170.9
4,170.9
5,170.9
5,170.9
6,170.9
6,170.9
0,170.9
0,170.9
1,170.9
1,170.9
2,167.1
2,165.2
3,165.2
3,165.2
4,165.2
4,165.2
5,158.9
5,158.9
6,158.9
6,158.9
0,158.9
0,158.9
1,152.2
1,152.2
2,152.2
2,152.2
3,172.9
3,172.9
4,172.9
4,172.9
5,172.9
5,172.9
6,172.9
6,172.9
0,172.9
0,172.9
1,172.9
1,172.9
2,172.9
2,172.9
3,172.9
3,172.9
4,172.9
4,172.9
5,172.9
5,172.9
6,172.9
6,172.9
0,172.9
0,172.9
1,170.9
1,170.9
2,168.4
2,168.4
3,168.4
3,168.4
4,166.9
4,166.9
5,165.8
5,165.8
6,164.1
6,164.1
0,164.1
0,164.1
1,164.1
1,164.1
2,158.9
2,158.9
3,158.9
3,158.9
4,158.9
4,158.9
5,158.9
5,158.9
6,158.9
6,158.9
0,158.9
0,158.9
1,158.9
1,158.9
2,158.9
2,158.9
3,158.9
3,158.9
4,158.9
4,172.9
5,172.9
5,172.9
6,172.9
6,172.9
0,172.9
0,172.9
1,172.9
1,172.9
2,172.9
2,172.9
3,172.9
3,172.9
4,172.9
4,172.9
5,172.9
5,172.9
6,172.9
6,172.9
0,172.9
0,172.9
1,172.9
1,172.9
2,172.9
2,172.9
3,172.9
3,172.9
4,172.9
4,172.9
5,172.9
5,172.9
6,172.9
6,172.9
0,172.9
0,172.9
1,172.9
1,163.9
2,163.9
2,163.9
3,163.9
3,163.9
4,163.9
4,163.9
5,163.9
5,163.9
6,163.9
6,158.2
0,158.2
0,158.2
1,158.2
1,158.2
2,158.2
2,158.2
3,157.5
3,157.5
4,157.5
4,157.5
5,157.5
5,157.5
6,157.5
6,157.5
0,157.5
0,157.5
1,157.5
1,150.7
2,149.7
2,149.7
3,149.7
3,149.7
4,149.7
4,149.7
5,146.4
5,146.4
6,146.4
6,146.4
0,146.4
0,146.4
1,146.4
1,174.4
2,174.4
2,174.4
3,174.4
3,174.4
4,174.4
4,174.4
5,174.4
5,174.4
6,174.4
6,174.4
0,174.4
0,174.4
1,174.4
1,174.4
2,174.4
2,174.4
3,168.9
3,168.9
4,168.9
4,168.9
5,168.9
5,168.9
6,168.9
6,162.9
0,162.9
0,162.9
1,161.9
1,161.9
2,161.9
2,161.9
3,161.9
3,159.5
4,159.5
4,159.4
5,159.4
5,159.4
6,159.4
6,155.9
0,155.9
0,155.9
1,155.9
1,155.7
2,155.7
2,155.7
3,155.7
3,155.7
4,155.7
4,155.7
5,155.7
5,155.7
6,155.7
6,155.7
0,155.7
0,172.9
1,172.9
1,172.9
2,172.9
2,172.9
3,172.9
3,172.9
4,172.9
4,170.9
5,170.9
5,170.9
6,170.4
6,170.4
0,170.4
0,170.4
1,170.4
1,170.4
2,170.4
2,170.4
3,167.7
3,167.7
4,167.7
4,167.7
5,167.7
5,167.7
6,167.7
6,167.7
0,167.7
0,167.7
1,167.7
1,167.7
2,167.7
2,167.7
3,167.7
3,167.7
4,167.7
4,167.7
5,167.7
5,167.7
6,167.7
6,167.7
0,167.7
0,167.7
1,167.7
1,167.7
2,167.7
2,167.7
3,167.7
3,167.7
4,175.9
4,175.9
5,175.9
5,175.9
6,175.9
6,175.9
0,175.9
0,175.9
1,175.9
1,175.9
2,175.9
2,175.9
3,175.9
3,175.9
4,172.9
4,172.9
5,172.9
5,172.9
6,172.9
6,172.9
0,172.9
0,172.9
1,172.9
1,172.9
2,172.9
2,172.9
3,172.9
3,172.9
4,172.9
4,172.9
5,171.9
5,171.9
6,171.9
6,171.9
0,171.9
0,171.9
1,171.9
1,171.9
2,171.9
2,171.9
3,179.4
3,179.4
4,179.4
4,179.4
5,179.4
5,179.4
6,179.4
6,179.4
