0,0
0,134.4
1,134.4
1,133.9
2,133.9
2,131.9
3,127.9
3,125.9
4,125.9
4,125.9
5,125.9
5,124.8
6,124.8
6,124.8
0,124.8
0,124.8
1,123.9
1,123.3
2,119.9
2,119.9
3,119.9
3,119.9
4,118.9
4,118.9
5,118.9
5,118.9
6,117.9
6,117.9
0,117.9
0,117.4
1,148.9
1,148.9
2,148.9
2,148.9
3,148.9
3,148.9
4,148.9
4,148.9
5,148.9
5,148.9
6,147.9
6,147.9
0,147.9
0,146.9
1,146.9
1,146.9
2,146.9
2,144.9
3,142.65
3,136.9
4,136.9
4,136.9
5,136.9
5,136.9
6,136.9
6,136.9
0,132.9
0,132.9
1,132.9
1,132.9
2,132.9
2,132.9
3,128.9
3,124.9
4,124.9
4,124.9
5,124.9
5,124.9
6,124.9
6,124.9
0,124.9
0,124.9
1,123.4
1,122.9
2,150.9
2,150.9
3,150.9
3,148.9
4,148.9
4,148.9
5,148.9
5,146.9
6,146.9
6,144.9
0,144.9
0,144.9
1,142.9
1,142.9
2,142.9
2,140.9
3,140.9
3,138.9
4,138.9
4,138.9
5,138.9
5,138.9
6,138.9
6,137.9
0,137.3
0,132.9
1,129.9
1,129.9
2,129.9
2,127.4
3,127.4
3,127.4
4,152.9
4,152.9
5,152.9
5,152.9
6,152.9
6,152.9
0,152.9
0,152.9
1,152.9
1,150.9
2,150.9
2,150.9
3,150.9
3,150.9
4,150.9
4,150.9
5,150.9
5,150.9
6,150.9
6,150.9
0,150.9
0,150.9
1,150.9
1,150.9
2,150.9
2,150.9
3,150.9
3,150.9
4,150.9
4,150.9
5,150.9
5,150.9
6,150.9
6,150.9
0,150.9
0,150.9
1,150.9
1,150.9
2,150.9
2,150.9
3,150.9
3,150.9
4,150.9
4,150.9
5,150.9
5,150.9
6,150.9
6,150.9
0,150.9
0,150.9
1,150.9
1,150.9
2,150.9
2,150.9
3,150.9
3,150.9
4,150.9
4,150.9
5,150.9
5,150.9
6,150.9
6,150.9
0,150.9
0,150.9
1,150.9
1,150.9
2,150.9
2,150.9
3,150.9
3,150.9
4,150.9
4,150.9
5,150.9
5,150.9
6,150.9
6,150.9
0,150.9
0,150.9
1,150.9
1,150.9
2,150.9
2,150.9
3,150.9
3,150.9
4,150.9
4,150.9
5,150.9
5,150.9
6,150.9
6,150.9
0,150.9
0,150.9
1,150.9
1,150.9
2,150.9
2,150.9
3,150.9
3,150.9
4,150.9
4,150.9
5,150.9
5,150.9
6,150.9
6,150.9
0,150.9
0,150.9
1,150.9
1,150.9
2,150.9
2,150.9
3,150.9
3,150.9
4,150.9
4,150.9
5,150.9
5,150.9
6,150.9
6,150.9
0,150.9
0,150.9
1,150.9
1,150.9
2,150.9
2,150.9
3,150.9
3,150.9
4,150.9
4,150.9
5,150.9
5,150.9
6,150.9
6,150.9
0,150.9
0,150.9
1,150.9
1,150.9
2,150.9
2,150.9
3,150.9
3,150.9
4,150.9
4,150.9
5,150.9
5,155.9
6,155.9
6,155.9
0,155.9
0,155.9
1,155.9
1,155.9
2,155.9
2,155.9
3,155.9
3,155.9
4,155.9
4,155.9
5,155.9
5,155.9
6,155.9
6,155.9
0,155.9
0,155.9
1,153.9
1,153.9
2,153.9
2,153.9
3,153.9
3,153.9
4,153.9
4,153.9
5,153.9
5,153.9
6,153.9
6,153.9
0,153.9
0,153.9
1,153.9
1,153.9
2,151.9
2,151.9
3,151.9
3,151.9
4,150.9
4,150.9
5,150.9
5,150.9
6,150.9
6,150.9
0,148.4
0,144.4
1,144.4
1,144.4
2,144.4
2,144.4
3,144.4
3,144.4
4,144.4
4,144.4
5,144.4
5,144.4
6,144.4
6,144.4
0,144.4
0,144.4
1,144.4
1,144.4
2,144.4
2,144.4
3,166.9
3,166.9
4,166.9
4,166.9
5,166.9
5,166.9
6,166.9
6,166.9
0,166.9
0,166.9
1,166.9
1,166.9
2,166.9
2,166.9
3,166.9
3,166.9
4,166.9
4,166.9
5,166.9
5,166.9
6,166.9
6,166.9
0,166.9
0,166.9
1,166.9
1,166.9
2,162.7
2,162.7
3,157.9
3,156.4
4,156.4
4,156.4
5,156.4
5,156.4
6,156.4
6,156.4
0,151.7
0,151.7
1,149.9
1,149.9
2,147.9
2,147.9
3,147.9
3,147.9
4,147.9
4,147.9
5,147.9
5,147.9
6,143.9
6,143.9
0,143.9
0,143.9
1,143.9
1,143.9
2,143.9
2,143.9
3,143.9
3,143.9
4,142.9
4,142.9
5,142.9
5,142.9
6,142.4
6,142.4
0,142.4
0,142.4
1,142.4
1,142.4
2,142.4
2,142.4
3,142.4
3,142.4
4,142.4
4,142.4
5,142.4
5,142.4
6,142.4
6,142.4
0,142.4
0,142.4
1,142.4
1,142.4
2,142.4
2,142.4
3,142.4
3,167.9
4,167.9
4,167.9
5,167.9
5,167.9
6,167.9
6,167.9
0,167.9
0,167.9
1,167.9
1,167.9
2,166.9
2,166.9
3,164.9
3,164.9
4,162.9
4,162.9
5,162.9
5,159.9
6,159.9
6,159.9
0,159.9
0,159.9
1,151.9
1,151.9
2,151.9
2,151.9
3,151.9
3,151.9
4,151.9
4,151.9
5,151.9
5,151.9
6,151.9
6,151.9
0,151.9
0,151.9
1,151.9
1,151.9
2,148.9
2,148.9
3,148.9
3,148.9
4,148.9
4,147.9
5,147.9
5,147.9
6,146.9
6,146.9
0,146.9
0,146.9
1,146.9
1,146.9
2,146.9
2,146.9
3,146.9
3,146.9
4,146.9
4,146.9
5,146.9
5,146.9
6,145.9
6,145.9
0,145.9
0,144.9
1,143.9
1,143.9
2,143.9
2,143.9
3,143.9
3,143.9
4,143.9
4,141.9
5,141.9
5,141.9
6,140.9
6,140.9
0,140.9
0,140.9
1,140.9
1,140.9
2,140.9
2,139.9
3,139.9
3,136.9
4,136.9
4,136.9
5,136.9
5,136.9
6,136.9
6,135.9
0,135.9
0,135.9
1,135.9
1,135.9
2,135.9
2,135.9
3,135.9
3,135.9
4,135.9
4,135.9
5,135.9
5,162.9
6,162.9
6,162.9
0,162.9
0,162.9
1,162.9
1,162.9
2,162.9
2,162.9
3,162.9
3,162.9
4,159.9
4,159.9
5,159.9
5,159.9
6,156.9
6,156.9
0,156.9
0,156.9
1,156.9
1,156.9
2,156.9
2,156.9
3,156.9
3,156.9
4,156.9
4,156.9
5,156.9
5,156.9
6,156.9
6,156.9
0,148.9
0,148.9
1,148.9
1,148.9
2,148.9
2,148.9
3,148.9
3,148.9
4,148.9
4,148.9
5,148.9
5,148.9
6,148.9
6,148.9
0,148.9
0,148.9
1,148.9
1,148.9
2,148.9
2,148.9
3,162.9
3,162.9
4,162.9
4,162.9
5,162.9
5,162.9
6,162.9
6,162.9
0,162.9
0,162.9
1,162.9
1,162.9
2,162.9
2,162.9
3,162.9
3,162.9
4,162.9
4,162.9
5,162.9
5,162.9
6,149.9
6,149.9
0,144.9
0,143.9
1,143.9
1,143.9
2,143.9
2,143.9
3,143.9
3,143.9
4,143.9
4,140.9
5,140.9
5,140.9
6,140.9
6,140.9
0,140.9
0,140.9
1,140.9
1,140.9
2,140.9
2,140.9
3,140.9
3,140.9
4,140.9
4,140.9
5,140.9
5,140.9
6,140.9
6,140.9
0,140.9
0,140.9
1,140.9
1,140.9
2,140.9
2,164.9
3,164.9
3,164.9
4,164.9
4,164.9
5,164.9
5,164.9
6,164.9
6,164.9
0,164.9
0,164.9
1,159.4
1,159.4
2,159.4
2,158.9
3,155.9
3,154.9
4,154.9
4,154.9
5,153.2
5,153.2
6,152.9
6,152.9
0,152.9
0,152.4
1,149.9
1,147.9
2,147.9
2,147.9
3,147.9
3,147.9
4,147.9
4,147.9
5,147.9
5,147.9
6,147.9
6,147.9
0,145.9
0,145.9
1,143.9
1,143.9
2,143.9
2,143.9
3,138.9
3,135.9
4,135.9
4,135.9
5,135.4
5,134.9
6,134.9
6,134.4
0,134.4
0,133.9
1,133.9
1,133.9
2,133.9
2,133.4
3,132.9
3,132.9
4,132.4
4,131.9
5,131.9
5,131.9
6,131.9
6,131.9
0,131.9
0,131.9
1,131.9
1,131.9
2,131.9
2,131.9
3,154.9
3,154.9
4,154.9
4,154.9
5,154.9
5,154.9
6,154.9
6,154.9
0,154.9
0,154.9
1,154.9
1,154.9
2,154.9
2,154.9
3,154.9
3,154.9
4,151.4
4,149.9
5,149.9
5,149.9
6,143.9
6,143.9
0,143.9
0,143.9
1,143.9
1,143.9
2,143.9
2,143.9
3,143.9
3,143.9
4,143.9
4,143.9
5,142.9
5,142.9
6,142.9
6,141.9
0,141.9
0,141.9
1,141.9
1,141.9
2,140.65
2,140.65
3,139.4
3,136.4
4,136.4
4,136.4
5,136.4
5,136.4
6,136.4
6,136.4
0,135.9
0,135.9
1,134.4
1,134.4
2,133.4
2,129.4
3,132.9
3,132.9
4,132.9
4,132.9
5,132.9
5,132.9
6,132.9
6,132.9
0,132.9
0,132.9
1,145.4
1,145.4
2,145.4
2,145.4
3,156.4
3,156.4
4,156.4
4,156.4
5,156.4
5,156.4
6,154.9
6,154.9
0,154.9
0,154.9
1,154.9
1,154.9
2,154.9
2,154.9
3,154.9
3,147.9
4,147.9
4,147.9
5,147.9
5,141.4
6,141.4
6,141.4
0,140.4
0,140.4
1,140.4
1,140.4
2,140.4
2,140.4
3,140.4
3,139.9
4,138.9
4,137.9
5,137.4
5,137.4
6,137.4
6,137.4
0,137.4
0,137.4
1,136.05
1,136.05
2,136.05
2,136.05
3,136.05
3,136.05
4,136.05
4,136.05
5,136.05
5,136.05
6,136.05
6,136.05
0,165.9
0,165.9
1,165.9
1,165.9
2,165.9
2,161.7
3,161.7
3,161.7
4,161.7
4,161.7
5,161.7
5,161.7
6,160.7
6,155.9
0,155.9
0,155.9
1,155.9
1,154.9
2,153.9
2,152.9
3,152.4
3,152.4
4,150.9
4,148.7
5,148.55
5,145.9
6,143.9
6,143.9
0,143.9
0,143.9
1,142.73333333333335
1,142.73333333333335
2,142.73333333333335
2,142.73333333333335
3,142.73333333333335
3,141.7
4,140.9
4,139.9
5,139.9
5,139.9
6,139.9
6,139.3
0,139.3
0,138.9
1,138.9
1,138.9
2,138.9
2,138.9
3,138.9
3,138.9
4,138.9
4,138.9
5,138.9
5,138.9
6,138.9
6,138.9
0,138.9
0,138.9
1,164.9
1,164.9
2,164.9
2,164.9
3,164.9
3,161.7
4,156.4
4,155.65
5,155.65
5,155.65
6,155.65
6,155.65
0,154.4
0,154.4
1,154.4
1,153.4
2,153.4
2,152.4
3,152.4
3,151.4
4,148.9
4,147.9
5,146.9
5,146.9
6,146.9
6,146.9
0,145.9
0,145.9
1,145.9
1,145.9
2,145.9
2,145.9
3,145.9
3,145.9
4,145.9
4,167.9
5,167.9
5,167.9
6,167.9
6,167.9
0,167.9
0,167.9
1,167.9
1,167.9
2,165.9
2,165.9
3,165.9
3,164.9
4,164.9
4,164.9
5,164.9
5,164.9
6,164.9
6,164.9
0,164.9
0,164.9
1,162.9
1,162.9
2,162.9
2,159.9
3,159.9
3,158.9
4,158.9
4,158.9
5,158.9
5,158.9
6,158.9
6,158.9
0,158.9
0,158.9
1,158.9
1,158.9
2,158.9
2,147.9
3,147.9
3,147.9
4,147.9
4,147.9
5,147.9
5,147.9
6,172.9
6,172.9
0,172.9
0,172.9
1,172.9
1,172.9
2,172.9
2,172.9
3,172.9
3,172.9
4,172.9
4,172.9
5,172.9
5,172.9
6,172.9
6,172.9
0,172.9
0,172.9
1,172.9
1,172.9
2,167.9
2,167.9
3,166.9
3,166.9
4,166.9
4,166.9
5,166.9
5,166.9
6,166.9
6,166.9
0,166.9
0,166.9
1,166.9
1,166.9
2,163.3
2,161.9
3,161.9
3,161.9
4,161.9
4,161.9
5,155.2
5,155.2
6,155.2
6,154.9
0,154.9
0,154.9
1,151.3
1,151.3
2,151.3
2,173.4
3,173.4
3,173.4
4,173.4
4,173.4
5,173.4
5,173.4
6,173.4
6,173.4
0,173.4
0,173.4
1,173.4
1,173.4
2,173.4
2,173.4
3,173.4
3,173.4
4,173.4
4,173.4
5,173.4
5,173.4
6,173.4
6,173.4
0,173.4
0,173.4
1,168.9
1,167.9
2,165.9
2,165.9
3,164.9
3,164.9
4,162.9
4,162.9
5,161.9
5,160.9
6,160.9
6,160.9
0,160.9
0,160.9
1,160.9
1,160.9
2,158.9
2,158.9
3,157.9
3,157.9
4,157.9
4,157.9
5,157.9
5,157.9
6,157.9
6,157.9
0,157.9
0,157.9
1,157.9
1,157.9
2,157.9
2,157.9
3,157.9
3,157.9
4,173.4
4,173.4
5,173.4
5,173.4
6,173.4
6,173.4
0,173.4
0,173.4
1,173.4
1,173.4
2,173.4
2,173.4
3,173.4
3,173.4
4,173.4
4,173.4
5,173.4
5,173.4
6,173.4
6,173.4
0,173.4
0,173.4
1,173.4
1,173.4
2,173.4
2,173.4
3,173.4
3,173.4
4,167.9
4,167.9
5,167.9
5,167.9
6,167.9
6,167.9
0,167.9
0,167.9
1,167.9
1,165.9
2,165.9
2,165.9
3,165.9
3,165.9
4,165.9
4,165.9
5,165.9
5,165.9
6,165.9
6,158.3
0,158.3
0,156.9
1,156.9
1,156.9
2,156.9
2,156.9
3,154.9
3,154.9
4,154.9
4,154.9
5,154.9
5,154.9
6,154.9
6,154.9
0,154.9
0,148.7
1,148.7
1,148.7
2,148.7
2,148.7
3,148.7
3,148.7
4,148.7
4,148.7
5,144.9
5,144.9
6,144.9
6,144.9
0,144.9
0,144.9
1,144.9
1,174.9
2,174.9
2,174.9
3,174.9
3,174.9
4,174.9
4,174.9
5,174.9
5,174.9
6,174.9
6,174.9
0,174.9
0,174.9
1,174.9
1,174.9
2,174.9
2,174.9
3,170.2
3,170.2
4,170.2
4,170.2
5,169.9
5,169.9
6,169.9
6,167.9
0,166.9
0,163.7
1,162.7
1,162.7
2,154.7
2,154.7
3,154.7
3,154.7
4,154.7
4,154.7
5,153.9
5,152.7
6,152.7
6,152.7
0,152.7
0,151.9
1,150.7
1,150.7
2,150.7
2,150.7
3,150.7
3,150.7
4,150.7
4,150.7
5,150.7
5,172.9
6,172.9
6,172.9
0,172.9
0,172.9
1,172.9
1,172.9
2,172.9
2,172.9
3,172.9
3,172.9
4,172.9
4,172.9
5,167.9
5,167.9
6,166.5
6,166.5
0,166.5
0,166.5
1,166.5
1,166.5
2,166.5
2,166.5
3,166.5
3,166.5
4,166.5
4,166.5
5,166.5
5,166.5
6,166.5
6,166.5
0,166.5
0,166.5
1,166.5
1,166.5
2,150.9
2,150.9
3,150.9
3,150.9
4,150.9
4,150.9
5,150.9
5,150.9
6,150.9
6,150.9
0,150.9
0,150.9
1,150.9
1,150.9
2,150.9
2,150.9
3,150.9
3,150.9
4,176.4
4,176.4
5,176.4
5,176.4
6,176.4
6,176.4
0,176.4
0,176.4
1,176.4
1,176.4
2,176.4
2,176.4
3,176.4
3,176.4
4,172.9
4,172.9
5,172.9
5,172.9
6,172.9
6,172.9
0,172.9
0,172.9
1,172.9
1,172.9
2,169.9
2,169.9
3,164.5
3,164.5
4,164.5
4,164.5
5,159.5
5,159.5
6,159.5
6,159.5
0,159.5
0,159.5
1,159.5
1,159.5
2,159.5
2,159.5
3,179.9
3,179.9
4,179.9
4,179.9
5,179.9
5,179.9
6,179.9
6,179.9
