0,0
0,0
1,118.2
1,118.2
2,118.2
2,118.2
3,118.2
3,118.2
4,117.8
4,117.8
5,117.8
5,117.8
6,117.8
6,117.0
0,117.0
0,117.0
1,116.2
1,116.2
2,116.2
2,116.2
3,116.2
3,116.2
4,116.2
4,116.2
5,116.2
5,116.2
6,116.2
6,116.2
0,116.2
0,116.2
1,148.9
1,148.9
2,148.9
2,148.9
3,148.9
3,148.9
4,148.9
4,148.9
5,148.9
5,148.9
6,147.9
6,147.9
0,147.9
0,147.9
1,146.9
1,146.9
2,146.9
2,146.9
3,146.9
3,142.9
4,142.9
4,142.9
5,142.9
5,142.9
6,142.9
6,142.9
0,142.9
0,142.9
1,142.9
1,142.9
2,142.9
2,142.9
3,136.9
3,128.9
4,124.9
4,124.9
5,124.9
5,124.9
6,124.9
6,124.9
0,124.9
0,122.9
1,122.9
1,122.9
2,150.9
2,150.9
3,150.9
3,148.9
4,148.9
4,148.9
5,148.9
5,147.9
6,147.9
6,145.9
0,145.9
0,144.9
1,142.9
1,142.9
2,142.9
2,142.9
3,141.9
3,139.9
4,139.9
4,139.9
5,139.9
5,139.9
6,136.7
6,135.7
0,135.7
0,133.7
1,133.7
1,133.7
2,133.7
2,123.7
3,123.7
3,123.7
4,152.9
4,152.9
5,152.9
5,152.9
6,152.9
6,152.9
0,152.9
0,152.9
1,152.9
1,151.9
2,151.9
2,151.9
3,151.9
3,151.9
4,151.9
4,151.9
5,151.9
5,151.9
6,151.9
6,151.9
0,151.9
0,151.9
1,151.9
1,151.9
2,151.9
2,151.9
3,151.9
3,151.9
4,151.9
4,151.9
5,151.9
5,151.9
6,151.9
6,151.9
0,151.9
0,151.9
1,151.9
1,151.9
2,151.9
2,151.9
3,151.9
3,151.9
4,151.9
4,151.9
5,151.9
5,151.9
6,151.9
6,151.9
0,151.9
0,151.9
1,151.9
1,151.9
2,151.9
2,151.9
3,151.9
3,151.9
4,151.9
4,151.9
5,151.9
5,151.9
6,151.9
6,151.9
0,151.9
0,151.9
1,151.9
1,151.9
2,151.9
2,151.9
3,151.9
3,151.9
4,151.9
4,151.9
5,151.9
5,151.9
6,151.9
6,151.9
0,151.9
0,151.9
1,151.9
1,151.9
2,151.9
2,151.9
3,151.9
3,151.9
4,151.9
4,151.9
5,151.9
5,151.9
6,151.9
6,151.9
0,151.9
0,151.9
1,151.9
1,151.9
2,151.9
2,151.9
3,151.9
3,151.9
4,151.9
4,151.9
5,151.9
5,151.9
6,151.9
6,151.9
0,151.9
0,151.9
1,151.9
1,151.9
2,151.9
2,151.9
3,151.9
3,151.9
4,151.9
4,151.9
5,151.9
5,151.9
6,151.9
6,151.9
0,151.9
0,151.9
1,151.9
1,151.9
2,151.9
2,151.9
3,151.9
3,151.9
4,151.9
4,151.9
5,151.9
5,151.9
6,151.9
6,151.9
0,151.9
0,151.9
1,151.9
1,151.9
2,151.9
2,151.9
3,151.9
3,151.9
4,151.9
4,151.9
5,151.9
5,155.9
6,155.9
6,155.9
0,155.9
0,155.9
1,155.9
1,155.9
2,155.9
2,155.9
3,155.9
3,155.9
4,155.9
4,155.9
5,155.9
5,155.9
6,155.9
6,155.9
0,155.9
0,155.9
1,153.9
1,153.9
2,153.9
2,153.9
3,153.9
3,153.9
4,153.9
4,153.9
5,153.9
5,153.9
6,153.9
6,153.9
0,153.9
0,153.9
1,153.9
1,153.9
2,151.9
2,151.9
3,151.9
3,151.9
4,150.9
4,150.9
5,150.9
5,150.9
6,150.9
6,150.9
0,143.9
0,143.9
1,143.9
1,143.9
2,143.9
2,143.9
3,143.9
3,143.9
4,143.9
4,143.9
5,143.9
5,143.9
6,143.9
6,143.9
0,143.9
0,143.9
1,143.9
1,143.9
2,143.9
2,143.9
3,163.4
3,163.4
4,163.4
4,163.4
5,163.4
5,163.4
6,163.4
6,163.4
0,163.4
0,163.4
1,163.4
1,163.4
2,163.4
2,163.4
3,163.4
3,163.4
4,163.4
4,163.4
5,163.4
5,163.4
6,163.4
6,163.4
0,163.4
0,163.4
1,163.4
1,163.4
2,163.4
2,162.4
3,161.4
3,160.4
4,160.4
4,160.4
5,160.4
5,160.4
6,160.4
6,160.4
0,155.9
0,155.9
1,153.9
1,152.9
2,149.9
2,149.9
3,149.9
3,149.9
4,147.9
4,147.9
5,147.9
5,145.9
6,144.4
6,144.4
0,144.4
0,144.4
1,144.4
1,144.4
2,144.4
2,144.4
3,144.4
3,144.4
4,141.4
4,141.4
5,141.4
5,141.4
6,141.4
6,141.4
0,141.4
0,141.4
1,141.4
1,141.4
2,141.4
2,167.9
3,167.9
3,167.9
4,167.9
4,167.9
5,167.9
5,167.9
6,167.9
6,167.9
0,167.9
0,167.9
1,167.9
1,167.9
2,167.9
2,167.9
3,167.9
3,167.9
4,167.9
4,167.9
5,167.9
5,167.9
6,167.9
6,167.9
0,167.9
0,167.9
1,167.9
1,167.9
2,166.9
2,166.9
3,166.9
3,166.9
4,166.9
4,166.9
5,166.9
5,164.9
6,164.9
6,164.9
0,164.9
0,164.9
1,158.9
1,157.9
2,157.9
2,157.9
3,157.9
3,157.9
4,157.9
4,157.9
5,157.9
5,157.9
6,157.9
6,157.9
0,157.9
0,157.9
1,156.4
1,156.4
2,154.9
2,154.9
3,154.4
3,154.4
4,154.4
4,152.3
5,152.3
5,152.3
6,152.3
6,152.3
0,152.3
0,152.3
1,152.3
1,152.3
2,152.3
2,152.3
3,152.3
3,152.3
4,152.3
4,152.3
5,152.3
5,152.3
6,152.3
6,152.3
0,152.3
0,152.3
1,152.3
1,152.3
2,140.8
2,140.8
3,140.8
3,140.8
4,140.8
4,140.8
5,140.8
5,140.8
6,140.8
6,140.8
0,140.8
0,140.8
1,140.8
1,140.8
2,140.8
2,140.8
3,140.8
3,136.3
4,136.3
4,136.3
5,136.3
5,136.3
6,136.3
6,135.3
0,135.3
0,135.3
1,134.2
1,134.2
2,134.2
2,134.2
3,134.2
3,134.2
4,134.2
4,134.2
5,134.2
5,162.9
6,162.9
6,162.9
0,162.9
0,162.9
1,162.9
1,162.9
2,162.9
2,162.9
3,162.9
3,162.9
4,157.9
4,157.9
5,157.9
5,157.9
6,154.6
6,154.6
0,154.6
0,154.6
1,154.6
1,154.6
2,154.6
2,154.6
3,154.6
3,154.6
4,154.6
4,154.6
5,154.6
5,154.6
6,154.6
6,154.6
0,154.6
0,152.9
1,152.9
1,152.9
2,152.9
2,152.9
3,152.9
3,152.9
4,152.9
4,152.9
5,150.2
5,150.2
6,150.2
6,150.2
0,150.2
0,150.2
1,150.2
1,150.2
2,150.2
2,150.2
3,162.9
3,162.9
4,162.9
4,162.9
5,162.9
5,162.9
6,162.9
6,162.9
0,162.9
0,162.9
1,162.9
1,162.9
2,162.9
2,162.9
3,158.4
3,158.4
4,158.4
4,158.4
5,149.9
5,149.9
6,149.9
6,149.9
0,149.9
0,149.9
1,145.4
1,144.9
2,144.9
2,144.9
3,144.9
3,144.9
4,142.4
4,140.3
5,140.3
5,140.3
6,140.3
6,140.3
0,140.3
0,140.3
1,140.3
1,140.3
2,140.3
2,140.3
3,140.3
3,140.3
4,140.3
4,140.3
5,140.3
5,164.9
6,164.9
6,164.9
0,164.9
0,164.9
1,164.9
1,164.9
2,164.9
2,164.9
3,164.9
3,164.9
4,164.9
4,164.9
5,164.9
5,164.9
6,164.9
6,164.9
0,164.9
0,164.9
1,162.2
1,162.2
2,160.7
2,160.7
3,159.2
3,156.3
4,153.8
4,153.8
5,152.8
5,152.8
6,152.8
6,152.8
0,152.8
0,152.8
1,148.9
1,148.9
2,146.9
2,146.9
3,146.9
3,146.9
4,146.9
4,146.9
5,146.9
5,146.9
6,146.9
6,146.9
0,145.9
0,145.9
1,145.9
1,145.9
2,145.4
2,145.4
3,144.9
3,144.9
4,144.9
4,139.9
5,139.9
5,139.9
6,139.9
6,137.9
0,137.9
0,137.9
1,137.9
1,137.9
2,137.9
2,135.9
3,133.9
3,133.9
4,133.9
4,133.9
5,133.9
5,133.9
6,133.9
6,133.9
0,133.9
0,131.9
1,131.9
1,131.9
2,131.9
2,131.9
3,154.9
3,154.9
4,154.9
4,154.9
5,154.9
5,154.9
6,154.9
6,154.9
0,154.9
0,154.9
1,154.9
1,154.9
2,154.9
2,154.9
3,154.9
3,154.9
4,154.9
4,154.9
5,154.9
5,154.9
6,154.9
6,154.9
0,154.9
0,150.9
1,143.9
1,137.9
2,137.9
2,137.9
3,137.9
3,137.9
4,137.9
4,137.9
5,136.9
5,136.9
6,136.3
6,136.3
0,135.7
0,134.9
1,134.3
1,134.3
2,133.7
2,133.7
3,133.7
3,132.5
4,132.5
4,132.5
5,132.5
5,132.5
6,132.5
6,132.5
0,132.5
0,132.5
1,132.0
1,130.9
2,130.9
2,130.9
3,130.9
3,130.9
4,130.9
4,130.9
5,130.9
5,130.9
6,130.9
6,130.9
0,130.9
0,130.9
1,144.4
1,144.4
2,144.4
2,144.4
3,157.9
3,157.9
4,157.9
4,154.9
5,154.4
5,154.4
6,154.4
6,154.4
0,154.4
0,154.4
1,150.9
1,150.9
2,150.9
2,150.9
3,150.9
3,143.85000000000002
4,143.9
4,143.9
5,143.9
5,143.9
6,143.9
6,143.9
0,142.9
0,142.9
1,142.9
1,142.9
2,142.9
2,142.9
3,142.9
3,142.9
4,142.9
4,142.9
5,142.9
5,142.9
6,142.9
6,142.9
0,142.9
0,142.9
1,138.4
1,138.4
2,138.4
2,138.4
3,138.4
3,138.4
4,138.4
4,138.4
5,165.9
5,165.9
6,165.9
6,165.9
0,165.9
0,165.9
1,165.9
1,165.9
2,165.9
2,160.9
3,160.9
3,160.9
4,160.9
4,159.9
5,159.9
5,159.9
6,159.5
6,159.5
0,159.5
0,159.5
1,159.5
1,159.5
2,153.9
2,153.5
3,153.5
3,150.9
4,150.5
4,150.5
5,150.5
5,149.5
6,149.5
6,149.5
0,149.5
0,149.5
1,148.85
1,148.85
2,147.9
2,143.9
3,140.9
3,140.9
4,138.9
4,137.7
5,137.7
5,137.7
6,137.7
6,137.7
0,137.7
0,137.7
1,135.9
1,135.9
2,135.5
2,135.5
3,135.5
3,135.5
4,135.5
4,135.5
5,135.5
5,135.5
6,135.5
6,135.5
0,135.5
0,135.5
1,164.9
1,164.9
2,164.9
2,164.9
3,164.9
3,163.4
4,162.5
4,162.5
5,162.5
5,162.5
6,162.5
6,162.5
0,162.5
0,162.5
1,162.5
1,162.5
2,162.5
2,145.9
3,145.9
3,145.9
4,145.9
4,145.9
5,145.4
5,145.4
6,145.4
6,145.4
0,145.4
0,145.4
1,145.4
1,145.4
2,145.4
2,145.4
3,145.4
3,167.9
4,167.9
4,167.9
5,167.9
5,167.9
6,167.9
6,167.9
0,167.9
0,167.9
1,167.9
1,167.4
2,167.4
2,167.4
3,167.4
3,167.4
4,167.4
4,164.9
5,164.9
5,164.9
6,164.9
6,164.9
0,164.9
0,164.9
1,164.9
1,164.9
2,164.9
2,164.9
3,164.9
3,164.9
4,164.9
4,164.9
5,164.9
5,160.9
6,160.9
6,160.9
0,160.9
0,160.9
1,160.9
1,160.9
2,160.9
2,154.4
3,154.4
3,153.9
4,153.9
4,153.9
5,172.9
5,172.9
6,172.9
6,172.9
0,172.9
0,172.9
1,172.9
1,172.9
2,172.9
2,172.9
3,172.9
3,172.9
4,172.9
4,172.9
5,172.9
5,172.9
6,172.9
6,172.9
0,172.9
0,172.9
1,172.9
1,172.9
2,164.9
2,163.9
3,163.9
3,163.9
4,163.9
4,163.9
5,163.9
5,163.9
6,163.9
6,163.9
0,163.9
0,163.9
1,163.9
1,163.9
2,151.8
2,151.8
3,151.8
3,151.8
4,151.8
4,151.8
5,150.5
5,150.5
6,150.5
6,150.5
0,150.5
0,150.5
1,148.4
1,148.4
2,148.4
2,148.4
3,173.4
3,173.4
4,173.4
4,173.4
5,173.4
5,173.4
6,173.4
6,173.4
0,173.4
0,173.4
1,173.4
1,173.4
2,173.4
2,173.4
3,173.4
3,173.4
4,173.4
4,173.4
5,173.4
5,173.4
6,173.4
6,173.4
0,173.4
0,173.4
1,168.5
1,168.5
2,168.5
2,168.5
3,164.5
3,158.6
4,158.6
4,158.6
5,158.6
5,158.6
6,152.3
6,152.3
0,152.3
0,152.3
1,152.3
1,152.3
2,152.3
2,152.3
3,152.3
3,152.3
4,152.3
4,152.3
5,152.3
5,152.3
6,152.3
6,152.3
0,152.3
0,152.3
1,152.3
1,152.3
2,152.3
2,152.3
3,152.3
3,152.3
4,173.4
4,173.4
5,173.4
5,173.4
6,173.4
6,173.4
0,173.4
0,173.4
1,173.4
1,173.4
2,173.4
2,173.4
3,173.4
3,173.4
4,173.4
4,173.4
5,173.4
5,173.4
6,173.4
6,173.4
0,173.4
0,173.4
1,173.4
1,173.4
2,173.4
2,173.4
3,173.4
3,173.4
4,167.8
4,167.8
5,167.8
5,167.8
6,167.8
6,167.8
0,167.8
0,167.8
1,167.8
1,165.9
2,165.9
2,165.9
3,165.9
3,165.9
4,165.9
4,165.9
5,165.9
5,165.9
6,165.9
6,162.9
0,162.9
0,162.9
1,162.9
1,162.9
2,162.9
2,162.9
3,158.7
3,157.9
4,157.9
4,157.9
5,157.9
5,157.9
6,157.9
6,157.9
0,157.9
0,153.9
1,153.9
1,153.9
2,151.2
2,151.2
3,151.2
3,151.2
4,151.2
4,151.2
5,151.2
5,151.2
6,151.2
6,151.2
0,151.2
0,151.2
1,151.2
1,174.9
2,174.9
2,174.9
3,174.9
3,174.9
4,174.9
4,174.9
5,174.9
5,174.9
6,174.9
6,174.9
0,174.9
0,174.9
1,174.9
1,174.9
2,174.9
2,174.9
3,170.7
3,170.7
4,170.7
4,170.7
5,169.7
5,169.7
6,169.7
6,167.7
0,167.7
0,163.7
1,163.7
1,163.7
2,158.6
2,153.9
3,153.9
3,153.9
4,153.9
4,153.9
5,153.9
5,153.9
6,153.9
6,153.9
0,153.9
0,153.9
1,153.9
1,153.9
2,153.9
2,153.9
3,153.9
3,153.9
4,153.9
4,153.9
5,153.9
5,172.9
6,172.9
6,172.9
0,172.9
0,172.9
1,172.9
1,172.9
2,172.9
2,172.9
3,172.9
3,172.9
4,172.9
4,172.9
5,172.9
5,172.9
6,166.9
6,166.9
0,166.9
0,166.9
1,166.9
1,166.9
2,166.9
2,166.9
3,153.9
3,153.9
4,153.9
4,153.9
5,153.9
5,153.9
6,153.9
6,153.9
0,153.9
0,153.9
1,153.9
1,153.9
2,150.9
2,150.9
3,150.9
3,150.9
4,150.9
4,150.9
5,150.9
5,150.9
6,150.9
6,150.9
0,150.9
0,150.9
1,150.9
1,150.9
2,150.9
2,150.9
3,150.9
3,150.9
4,176.4
4,176.4
5,176.4
5,176.4
6,176.4
6,176.4
0,176.4
0,176.4
1,176.4
1,176.4
2,176.4
2,176.4
3,176.4
3,176.4
4,172.9
4,172.9
5,172.9
5,172.9
6,172.9
6,172.9
0,172.9
0,172.9
1,172.9
1,172.9
2,169.9
2,169.9
3,165.7
3,165.7
4,165.7
4,165.7
5,159.9
5,159.9
6,159.9
6,159.9
0,159.9
0,159.9
1,159.9
1,159.9
2,159.9
2,159.9
3,179.9
3,179.9
4,179.9
4,179.9
5,179.9
5,179.9
6,179.9
6,179.9
