0,0
0,0
1,0
1,0
2,0
2,0
3,0
3,0
4,0
4,0
5,122.9
5,122.9
6,122.9
6,122.9
0,122.9
0,122.9
1,120.9
1,120.9
2,120.9
2,120.9
3,120.9
3,120.9
4,120.9
4,120.9
5,120.9
5,120.9
6,120.9
6,120.9
0,120.9
0,120.9
1,120.9
1,120.9
2,120.9
2,120.9
3,120.9
3,120.9
4,120.9
4,120.9
5,120.9
5,120.9
6,120.9
6,120.9
0,120.9
0,120.9
1,120.9
1,120.9
2,120.9
2,120.9
3,120.9
3,120.9
4,120.9
4,120.9
5,120.9
5,120.9
6,120.9
6,120.9
0,120.9
0,120.9
1,120.9
1,120.9
2,120.9
2,120.9
3,120.9
3,120.9
4,120.9
4,120.9
5,120.9
5,120.9
6,120.9
6,120.9
0,120.9
0,120.9
1,120.9
1,120.9
2,120.9
2,120.9
3,120.9
3,120.9
4,120.9
4,120.9
5,120.9
5,120.9
6,120.9
6,120.9
0,120.9
0,120.9
1,120.9
1,120.9
2,120.9
2,120.9
3,120.9
3,120.9
4,120.9
4,120.9
5,120.9
5,120.9
6,120.9
6,120.9
0,120.9
0,120.9
1,120.9
1,120.9
2,120.9
2,120.9
3,120.9
3,120.9
4,120.9
4,120.9
5,120.9
5,120.9
6,120.9
6,120.9
0,120.9
0,120.9
1,120.9
1,120.9
2,120.9
2,120.9
3,120.9
3,120.9
4,120.9
4,120.9
5,120.9
5,120.9
6,120.9
6,120.9
0,120.9
0,120.9
1,120.9
1,120.9
2,120.9
2,120.9
3,120.9
3,120.9
4,120.9
4,120.9
5,120.9
5,120.9
6,120.9
6,120.9
0,120.9
0,120.9
1,120.9
1,120.9
2,120.9
2,120.9
3,120.9
3,120.9
4,120.9
4,120.9
5,120.9
5,120.9
6,120.9
6,120.9
0,120.9
0,120.9
1,120.9
1,120.9
2,120.9
2,120.9
3,120.9
3,120.9
4,120.9
4,120.9
5,120.9
5,120.9
6,120.9
6,120.9
0,120.9
0,120.9
1,120.9
1,120.9
2,120.9
2,120.9
3,120.9
3,120.9
4,120.9
4,120.9
5,120.9
5,120.9
6,120.9
6,120.9
0,120.9
0,120.9
1,120.9
1,120.9
2,120.9
2,120.9
3,120.9
3,120.9
4,120.9
4,120.9
5,120.9
5,120.9
6,120.9
6,120.9
0,120.9
0,120.9
1,120.9
1,120.9
2,120.9
2,120.9
3,120.9
3,120.9
4,120.9
4,120.9
5,120.9
5,120.9
6,120.9
6,120.9
0,120.9
0,120.9
1,120.9
1,120.9
2,120.9
2,120.9
3,120.9
3,120.9
4,120.9
4,120.9
5,120.9
5,120.9
6,120.9
6,120.9
0,120.9
0,120.9
1,120.9
1,120.9
2,120.9
2,120.9
3,120.9
3,120.9
4,120.9
4,120.9
5,120.9
5,120.9
6,120.9
6,120.9
0,120.9
0,120.9
1,120.9
1,120.9
2,120.9
2,120.9
3,120.9
3,120.9
4,120.9
4,120.9
5,120.9
5,120.9
6,120.9
6,120.9
0,120.9
0,120.9
1,120.9
1,120.9
2,120.9
2,120.9
3,120.9
3,120.9
4,120.9
4,120.9
5,120.9
5,120.9
6,120.9
6,120.9
0,120.9
0,120.9
1,120.9
1,120.9
2,120.9
2,120.9
3,120.9
3,120.9
4,120.9
4,120.9
5,120.9
5,120.9
6,120.9
6,120.9
0,120.9
0,120.9
1,120.9
1,120.9
2,120.9
2,120.9
3,120.9
3,120.9
4,120.9
4,120.9
5,120.9
5,120.9
6,120.9
6,120.9
0,120.9
0,120.9
1,120.9
1,120.9
2,120.9
2,120.9
3,120.9
3,120.9
4,120.9
4,120.9
5,120.9
5,120.9
6,120.9
6,120.9
0,120.9
0,120.9
1,120.9
1,120.9
2,120.9
2,120.9
3,120.9
3,120.9
4,120.9
4,120.9
5,168.9
5,168.9
6,168.9
6,168.9
0,168.9
0,168.9
1,168.9
1,168.9
2,168.9
2,168.9
3,168.9
3,168.9
4,168.9
4,168.9
5,168.9
5,168.9
6,168.9
6,168.9
0,168.9
0,168.9
1,168.9
1,168.9
2,168.9
2,168.9
3,168.9
3,168.9
4,168.9
4,168.9
5,168.9
5,168.9
6,168.9
6,168.9
0,168.9
0,164.9
1,164.9
1,164.9
2,164.9
2,164.9
3,164.9
3,164.9
4,164.9
4,164.9
5,164.9
5,164.9
6,164.9
6,164.9
0,164.9
0,164.9
1,164.9
1,164.9
2,164.9
2,164.9
3,164.9
3,164.9
4,164.9
4,164.9
5,164.9
5,164.9
6,164.9
6,164.9
0,164.9
0,164.9
1,164.9
1,164.9
2,164.9
2,164.9
3,164.9
3,164.9
4,164.9
4,164.9
5,164.9
5,164.9
6,164.9
6,164.9
0,164.9
0,164.9
1,164.9
1,164.9
2,164.9
2,164.9
3,164.9
3,164.9
4,164.9
4,164.9
5,164.9
5,164.9
6,164.9
6,164.9
0,164.9
0,164.9
1,164.9
1,164.9
2,164.9
2,164.9
3,164.9
3,164.9
4,164.9
4,164.9
5,164.9
5,164.9
6,164.9
6,164.9
0,164.9
0,164.9
1,164.9
1,164.9
2,164.9
2,164.9
3,164.9
3,164.9
4,164.9
4,164.9
5,164.9
5,164.9
6,164.9
6,164.9
0,164.9
0,164.9
1,164.9
1,164.9
2,164.9
2,164.9
3,164.9
3,164.9
4,164.9
4,164.9
5,164.9
5,164.9
6,164.9
6,164.9
0,164.9
0,164.9
1,164.9
1,164.9
2,164.9
2,164.9
3,164.9
3,164.9
4,164.9
4,164.9
5,164.9
5,164.9
6,164.9
6,164.9
0,164.9
0,164.9
1,164.9
1,164.9
2,164.9
2,154.9
3,154.9
3,154.9
4,154.9
4,154.9
5,154.9
5,154.9
6,152.9
6,152.9
0,152.9
0,152.9
1,152.9
1,152.9
2,152.9
2,147.9
3,147.9
3,147.9
4,147.9
4,147.9
5,147.9
5,147.9
6,147.9
6,137.9
0,137.9
0,137.9
1,137.9
1,137.9
2,137.9
2,137.9
3,137.9
3,137.9
4,137.9
4,137.9
5,137.9
5,137.9
6,137.9
6,137.9
0,137.9
0,137.9
1,137.9
1,137.9
2,137.9
2,137.9
3,137.9
3,137.9
4,137.9
4,137.9
5,137.9
5,137.9
6,137.9
6,137.9
0,137.9
0,137.9
1,137.9
1,137.9
2,137.9
2,137.9
3,137.9
3,137.9
4,137.9
4,137.9
5,137.9
5,137.9
6,137.9
6,137.9
0,137.9
0,137.9
1,137.9
1,162.9
2,162.9
2,162.9
3,162.9
3,162.9
4,162.9
4,162.9
5,162.9
5,162.9
6,162.9
6,162.9
0,162.9
0,162.9
1,162.9
1,162.9
2,162.9
2,162.9
3,162.9
3,162.9
4,162.9
4,162.9
5,162.9
5,159.9
6,159.9
6,159.9
0,159.9
0,159.9
1,159.9
1,159.9
2,159.9
2,159.9
3,158.9
3,158.9
4,158.9
4,158.9
5,158.9
5,158.9
6,158.9
6,158.9
0,158.9
0,158.9
1,158.9
1,158.9
2,158.9
2,158.9
3,158.9
3,158.9
4,158.9
4,158.9
5,158.9
5,158.9
6,158.9
6,158.9
0,158.9
0,158.9
1,158.9
1,158.9
2,158.9
2,158.9
3,158.9
3,158.9
4,158.9
4,158.9
5,158.9
5,158.9
6,158.9
6,158.9
0,158.9
0,158.9
1,158.9
1,158.9
2,158.9
2,158.9
3,158.9
3,158.9
4,158.9
4,158.9
5,158.9
5,158.9
6,158.9
6,158.9
0,158.9
0,158.9
1,158.9
1,158.9
2,158.9
2,158.9
3,158.9
3,158.9
4,158.9
4,158.9
5,158.9
5,158.9
6,158.9
6,158.9
0,158.9
0,158.9
1,158.9
1,158.9
2,158.9
2,158.9
3,158.9
3,158.9
4,158.9
4,158.9
5,158.9
5,158.9
6,158.9
6,158.9
0,158.9
0,158.9
1,158.9
1,158.9
2,158.9
2,158.9
3,158.9
3,158.9
4,143.9
4,143.9
5,143.9
5,143.9
6,143.9
6,143.9
0,143.9
0,143.9
1,143.9
1,143.9
2,143.9
2,143.9
3,143.9
3,143.9
4,143.9
4,143.9
5,143.9
5,143.9
6,143.9
6,143.9
0,143.9
0,143.9
1,143.9
1,143.9
2,143.9
2,143.9
3,143.9
3,143.9
4,143.9
4,143.9
5,143.9
5,143.9
6,143.9
6,143.9
0,143.9
0,143.9
1,143.9
1,143.9
2,143.9
2,143.9
3,143.9
3,143.9
4,143.9
4,143.9
5,143.9
5,143.9
6,143.9
6,143.9
0,143.9
0,143.9
1,143.9
1,143.9
2,143.9
2,143.9
3,143.9
3,143.9
4,143.9
4,143.9
5,143.9
5,143.9
6,143.9
6,143.9
0,143.9
0,143.9
1,143.9
1,143.9
2,143.9
2,143.9
3,143.9
3,143.9
4,141.65
4,141.65
5,139.4
5,139.4
6,139.4
6,139.4
0,139.4
0,139.4
1,139.4
1,139.4
2,139.4
2,139.4
3,139.4
3,139.4
4,139.4
4,139.4
5,139.4
5,139.4
6,139.4
6,139.4
0,139.4
0,139.4
1,139.4
1,139.4
2,139.4
2,157.9
3,157.9
3,157.9
4,157.9
4,157.9
5,157.9
5,157.9
6,157.9
6,157.9
0,157.9
0,157.9
1,157.9
1,157.9
2,157.9
2,157.9
3,157.9
3,157.9
4,157.9
4,157.9
5,157.9
5,157.9
6,157.9
6,157.9
0,157.9
0,157.9
1,157.9
1,157.9
2,157.9
2,157.9
3,157.9
3,157.9
4,157.9
4,157.9
5,157.9
5,157.9
6,157.9
6,157.9
0,157.9
0,157.9
1,156.9
1,156.9
2,156.9
2,156.9
3,156.9
3,156.9
4,156.9
4,156.9
5,156.9
5,145.9
6,145.9
6,145.9
0,145.9
0,145.9
1,145.9
1,145.9
2,145.9
2,145.9
3,145.9
3,145.9
4,145.9
4,145.9
5,145.9
5,145.9
6,145.9
6,145.9
0,145.9
0,145.9
1,145.9
1,145.9
2,145.9
2,145.9
3,145.9
3,145.9
4,145.9
4,145.9
5,145.9
5,145.9
6,145.9
6,145.9
0,145.9
0,145.9
1,145.9
1,145.9
2,145.9
2,145.9
3,145.9
3,145.9
4,145.9
4,145.9
5,145.9
5,145.9
6,145.9
6,145.9
0,145.9
0,145.9
1,145.9
1,145.9
2,145.9
2,145.9
3,145.9
3,145.9
4,145.9
4,145.9
5,145.9
5,145.9
6,145.9
6,145.9
0,145.9
0,145.9
1,145.9
1,145.9
2,145.9
2,145.9
3,145.9
3,145.9
4,145.9
4,145.9
5,145.9
5,145.9
6,145.9
6,145.9
0,145.9
0,145.9
1,145.9
1,145.9
2,145.9
2,145.9
3,145.9
3,145.9
4,145.9
4,145.9
5,145.9
5,145.9
6,145.9
6,145.9
0,145.9
0,145.9
1,145.9
1,145.9
2,145.9
2,145.9
3,145.9
3,145.9
4,167.9
4,167.9
5,167.9
5,167.9
6,167.9
6,167.9
0,167.9
0,167.9
1,167.9
1,167.9
2,167.9
2,167.9
3,167.9
3,167.9
4,167.9
4,167.9
5,167.9
5,167.9
6,167.9
6,167.9
0,167.9
0,167.9
1,167.9
1,167.9
2,167.9
2,167.9
3,167.9
3,167.9
4,167.9
4,167.9
5,167.9
5,167.9
6,167.9
6,167.9
0,167.9
0,167.9
1,167.9
1,167.9
2,167.9
2,167.9
3,167.9
3,167.9
4,167.9
4,167.9
5,167.9
5,167.9
6,167.9
6,167.9
0,167.9
0,167.9
1,167.9
1,167.9
2,167.9
2,167.9
3,167.9
3,167.9
4,167.9
4,167.9
5,167.9
5,167.9
6,167.9
6,167.9
0,167.9
0,167.9
1,167.9
1,167.9
2,167.9
2,167.9
3,167.9
3,167.9
4,167.9
4,167.9
5,167.9
5,167.9
6,167.9
6,167.9
0,167.9
0,167.9
1,167.9
1,167.9
2,167.9
2,167.9
3,167.9
3,167.9
4,167.9
4,167.9
5,167.9
5,167.9
6,167.9
6,167.9
0,167.9
0,167.9
1,167.9
1,167.9
2,167.9
2,167.9
3,173.4
3,173.4
4,173.4
4,173.4
5,173.4
5,173.4
6,173.4
6,173.4
0,173.4
0,173.4
1,173.4
1,173.4
2,173.4
2,173.4
3,173.4
3,173.4
4,173.4
4,173.4
5,173.4
5,173.4
6,173.4
6,173.4
0,173.4
0,173.4
1,173.4
1,173.4
2,173.4
2,173.4
3,173.4
3,173.4
4,173.4
4,173.4
5,173.4
5,173.4
6,173.4
6,173.4
0,173.4
0,173.4
1,173.4
1,173.4
2,173.4
2,173.4
3,173.4
3,173.4
4,173.4
4,173.4
5,173.4
5,173.4
6,173.4
6,173.4
0,173.4
0,173.4
1,173.4
1,173.4
2,173.4
2,173.4
3,173.4
3,173.4
4,173.4
4,173.4
5,173.4
5,173.4
6,173.4
6,173.4
0,173.4
0,173.4
1,173.4
1,173.4
2,173.4
2,173.4
3,173.4
3,173.4
4,173.4
4,173.4
5,173.4
5,173.4
6,173.4
6,173.4
0,173.4
0,173.4
1,173.4
1,173.4
2,173.4
2,173.4
3,173.4
3,173.4
4,173.4
4,173.4
5,173.4
5,173.4
6,173.4
6,173.4
0,173.4
0,173.4
1,173.4
1,173.4
2,173.4
2,173.4
3,173.4
3,173.4
4,173.4
4,173.4
5,173.4
5,173.4
6,173.4
6,173.4
0,173.4
0,173.4
1,173.4
1,173.4
2,173.4
2,173.4
3,173.4
3,173.4
4,173.4
4,173.4
5,173.4
5,173.4
6,173.4
6,173.4
0,173.4
0,173.4
1,173.4
1,173.4
2,173.4
2,173.4
3,173.4
3,173.4
4,173.4
4,173.4
5,173.4
5,173.4
6,173.4
6,173.4
0,173.4
0,173.4
1,173.4
1,173.4
2,173.4
2,173.4
3,173.4
3,173.4
4,173.4
4,173.4
5,173.4
5,173.4
6,173.4
6,173.4
0,173.4
0,173.4
1,173.4
1,173.4
2,173.4
2,173.4
3,173.4
3,173.4
4,173.4
4,173.4
5,173.4
5,173.4
6,173.4
6,173.4
0,173.4
0,173.4
1,173.4
1,173.4
2,173.4
2,173.4
3,173.4
3,173.4
4,173.4
4,173.4
5,173.4
5,173.4
6,173.4
6,173.4
0,173.4
0,173.4
1,173.4
1,173.4
2,173.4
2,173.4
3,173.4
3,173.4
4,173.4
4,173.4
5,173.4
5,173.4
6,173.4
6,173.4
0,173.4
0,173.4
1,173.4
1,173.4
2,173.4
2,173.4
3,173.4
3,169.9
4,169.9
4,169.9
5,163.9
5,163.9
6,163.9
6,163.9
0,163.9
0,163.9
1,163.9
1,163.9
2,163.9
2,163.9
3,163.9
3,163.9
4,163.9
4,163.9
5,163.9
5,163.9
6,163.9
6,163.9
0,163.9
0,163.9
1,163.9
1,163.9
2,163.9
2,163.9
3,163.9
3,163.9
4,163.9
4,163.9
5,163.9
5,163.9
6,163.9
6,163.9
0,163.9
0,163.9
1,163.9
1,163.9
2,163.9
2,163.9
3,163.9
3,163.9
4,163.9
4,163.9
5,163.9
5,163.9
6,163.9
6,163.9
0,163.9
0,174.9
1,174.9
1,174.9
2,174.9
2,174.9
3,174.9
3,174.9
4,174.9
4,174.9
5,174.9
5,174.9
6,174.9
6,174.9
0,174.9
0,174.9
1,174.9
1,174.9
2,174.9
2,174.9
3,174.9
3,174.9
4,174.9
4,174.9
5,174.9
5,174.9
6,174.9
6,174.9
0,174.9
0,174.9
1,174.9
1,174.9
2,174.9
2,174.9
3,174.9
3,174.9
4,174.9
4,174.9
5,174.9
5,174.9
6,174.9
6,174.9
