0,0
0,0
1,0
1,0
2,0
2,0
3,0
3,0
4,0
4,0
5,0
5,0
6,0
6,0
0,0
0,0
1,138.9
1,138.9
2,138.9
2,138.9
3,138.3
3,138.3
4,138.3
4,138.3
5,138.3
5,138.3
6,138.3
6,138.3
0,138.3
0,138.3
1,136.6
1,136.6
2,136.6
2,136.6
3,136.6
3,136.6
4,136.2
4,136.2
5,136.2
5,136.2
6,136.2
6,136.2
0,135.9
0,135.9
1,135.9
1,135.9
2,135.6
2,135.6
3,135.6
3,135.6
4,135.6
4,135.6
5,135.6
5,135.6
6,135.6
6,135.6
0,135.6
0,135.6
1,135.6
1,135.6
2,135.6
2,135.6
3,135.6
3,135.6
4,135.6
4,135.6
5,135.6
5,135.6
6,135.6
6,135.6
0,135.6
0,135.6
1,135.6
1,135.6
2,135.6
2,135.6
3,135.6
3,135.6
4,135.6
4,135.6
5,135.6
5,135.6
6,135.6
6,135.6
0,135.6
0,135.6
1,135.6
1,135.6
2,135.6
2,135.6
3,135.6
3,135.6
4,135.6
4,135.6
5,135.6
5,135.6
6,135.6
6,135.6
0,135.6
0,135.6
1,135.6
1,135.6
2,135.6
2,135.6
3,135.6
3,135.6
4,135.6
4,135.6
5,135.6
5,135.6
6,135.6
6,135.6
0,135.6
0,135.6
1,135.6
1,135.6
2,135.6
2,135.6
3,135.6
3,135.6
4,135.6
4,135.6
5,135.6
5,135.6
6,135.6
6,135.6
0,135.6
0,135.6
1,135.6
1,135.6
2,135.6
2,135.6
3,135.6
3,135.6
4,135.6
4,135.6
5,135.6
5,135.6
6,135.6
6,135.6
0,135.6
0,135.6
1,135.6
1,135.6
2,135.6
2,135.6
3,135.6
3,135.6
4,135.6
4,135.6
5,135.6
5,135.6
6,135.6
6,135.6
0,135.6
0,135.6
1,135.6
1,135.6
2,135.6
2,135.6
3,135.6
3,135.6
4,135.6
4,135.6
5,135.6
5,135.6
6,135.6
6,135.6
0,135.6
0,135.6
1,135.6
1,135.6
2,135.6
2,135.6
3,135.6
3,135.6
4,135.6
4,135.6
5,135.6
5,135.6
6,135.6
6,135.6
0,135.6
0,135.6
1,135.6
1,135.6
2,135.6
2,135.6
3,135.6
3,135.6
4,135.6
4,135.6
5,135.6
5,135.6
6,135.6
6,135.6
0,135.6
0,135.6
1,135.6
1,135.6
2,135.6
2,135.6
3,135.6
3,135.6
4,135.6
4,135.6
5,135.6
5,135.6
6,135.6
6,135.6
0,135.6
0,135.6
1,135.6
1,135.6
2,135.6
2,135.6
3,135.6
3,135.6
4,135.6
4,135.6
5,135.6
5,135.6
6,135.6
6,135.6
0,135.6
0,135.6
1,135.6
1,135.6
2,135.6
2,135.6
3,135.6
3,135.6
4,135.6
4,135.6
5,135.6
5,135.6
6,135.6
6,135.6
0,135.6
0,135.6
1,135.6
1,135.6
2,135.6
2,135.6
3,135.6
3,135.6
4,135.6
4,135.6
5,135.6
5,135.6
6,135.6
6,135.6
0,135.6
0,135.6
1,135.6
1,135.6
2,135.6
2,135.6
3,135.6
3,135.6
4,135.6
4,135.6
5,135.6
5,135.6
6,135.6
6,135.6
0,135.6
0,135.6
1,135.6
1,135.6
2,135.6
2,135.6
3,135.6
3,135.6
4,135.6
4,135.6
5,135.6
5,135.6
6,135.6
6,135.6
0,135.6
0,135.6
1,135.6
1,135.6
2,135.6
2,135.6
3,135.6
3,135.6
4,135.6
4,135.6
5,135.6
5,135.6
6,135.6
6,135.6
0,135.6
0,135.6
1,135.6
1,135.6
2,135.6
2,135.6
3,135.6
3,135.6
4,135.6
4,135.6
5,135.6
5,135.6
6,135.6
6,135.6
0,135.6
0,135.6
1,135.6
1,135.6
2,135.6
2,135.6
3,135.6
3,135.6
4,135.6
4,135.6
5,168.9
5,168.9
6,168.9
6,168.9
0,168.9
0,168.9
1,168.9
1,168.9
2,168.9
2,168.9
3,168.9
3,168.9
4,168.9
4,168.9
5,168.9
5,168.9
6,168.9
6,168.9
0,168.9
0,168.9
1,168.9
1,168.9
2,168.9
2,168.9
3,168.9
3,168.9
4,168.9
4,168.9
5,168.9
5,168.9
6,168.9
6,168.9
0,168.9
0,164.9
1,164.9
1,164.9
2,164.9
2,164.9
3,164.9
3,164.9
4,164.9
4,164.9
5,164.9
5,164.9
6,164.9
6,164.9
0,164.9
0,164.9
1,164.9
1,164.9
2,164.9
2,164.9
3,164.9
3,164.9
4,164.9
4,164.9
5,164.9
5,164.9
6,164.9
6,164.9
0,164.9
0,164.9
1,164.9
1,164.9
2,164.9
2,164.9
3,164.9
3,164.9
4,164.9
4,164.9
5,164.9
5,164.9
6,164.9
6,164.9
0,164.9
0,164.9
1,164.9
1,164.9
2,164.9
2,164.9
3,164.9
3,164.9
4,164.9
4,164.9
5,164.9
5,164.9
6,164.9
6,164.9
0,164.9
0,164.9
1,164.9
1,164.9
2,164.9
2,164.9
3,164.9
3,164.9
4,164.9
4,164.9
5,164.9
5,164.9
6,164.9
6,164.9
0,164.9
0,164.9
1,164.9
1,164.9
2,164.9
2,164.9
3,164.9
3,164.9
4,164.9
4,164.9
5,164.9
5,164.9
6,164.9
6,164.9
0,164.9
0,164.9
1,164.9
1,164.9
2,164.9
2,164.9
3,164.9
3,164.9
4,164.9
4,164.9
5,164.9
5,164.9
6,164.9
6,164.9
0,164.9
0,164.9
1,164.9
1,164.9
2,164.9
2,164.9
3,164.9
3,163.4
4,163.4
4,163.4
5,163.4
5,163.4
6,163.4
6,163.4
0,163.4
0,163.4
1,163.4
1,163.4
2,163.4
2,154.9
3,154.9
3,154.9
4,154.9
4,154.9
5,154.9
5,154.9
6,154.9
6,154.9
0,154.9
0,154.9
1,154.9
1,154.9
2,154.9
2,154.9
3,154.9
3,154.9
4,154.9
4,154.9
5,154.9
5,154.9
6,154.9
6,154.9
0,154.9
0,154.9
1,154.9
1,146.9
2,146.9
2,146.9
3,146.9
3,146.9
4,146.9
4,146.9
5,146.9
5,146.9
6,146.9
6,146.9
0,146.9
0,146.9
1,146.9
1,146.9
2,146.9
2,146.9
3,146.9
3,146.9
4,146.9
4,146.9
5,146.9
5,146.9
6,146.9
6,146.9
0,146.9
0,146.9
1,146.9
1,146.9
2,146.9
2,146.9
3,146.9
3,146.9
4,146.9
4,146.9
5,146.9
5,146.9
6,146.9
6,146.9
0,146.9
0,146.9
1,146.9
1,162.9
2,162.9
2,162.9
3,162.9
3,162.9
4,162.9
4,162.9
5,162.9
5,162.9
6,162.9
6,162.9
0,162.9
0,162.9
1,162.9
1,162.9
2,162.9
2,162.9
3,162.9
3,162.9
4,162.9
4,162.9
5,162.9
5,159.9
6,159.9
6,159.9
0,159.9
0,159.9
1,159.9
1,159.9
2,159.9
2,159.9
3,159.3
3,159.3
4,159.3
4,159.3
5,159.3
5,159.3
6,159.3
6,159.3
0,159.3
0,159.3
1,159.3
1,159.3
2,159.3
2,159.3
3,159.3
3,159.3
4,159.3
4,159.3
5,159.3
5,159.3
6,159.3
6,159.3
0,159.3
0,159.3
1,159.3
1,159.3
2,159.3
2,159.3
3,159.3
3,159.3
4,159.3
4,159.3
5,159.3
5,159.3
6,159.3
6,159.3
0,159.3
0,159.3
1,159.3
1,159.3
2,159.3
2,159.3
3,159.3
3,159.3
4,159.3
4,159.3
5,159.3
5,159.3
6,159.3
6,159.3
0,159.3
0,159.3
1,159.3
1,159.3
2,159.3
2,159.3
3,159.3
3,159.3
4,159.3
4,159.3
5,159.3
5,159.3
6,159.3
6,159.3
0,159.3
0,159.3
1,159.3
1,159.3
2,159.3
2,159.3
3,159.3
3,159.3
4,159.3
4,159.3
5,159.3
5,159.3
6,159.3
6,159.3
0,159.3
0,159.3
1,159.3
1,159.3
2,159.3
2,159.3
3,159.3
3,159.3
4,159.3
4,159.3
5,159.3
5,159.3
6,159.3
6,159.3
0,159.3
0,159.3
1,159.3
1,159.3
2,159.3
2,159.3
3,159.3
3,159.3
4,159.3
4,159.3
5,159.3
5,159.3
6,159.3
6,159.3
0,159.3
0,159.3
1,159.3
1,159.3
2,159.3
2,159.3
3,159.3
3,159.3
4,159.3
4,159.3
5,159.3
5,159.3
6,159.3
6,159.3
0,159.3
0,159.3
1,159.3
1,159.3
2,159.3
2,159.3
3,159.3
3,159.3
4,159.3
4,159.3
5,159.3
5,159.3
6,159.3
6,159.3
0,159.3
0,159.3
1,159.3
1,159.3
2,159.3
2,159.3
3,159.3
3,159.3
4,159.3
4,159.3
5,159.3
5,159.3
6,153.60000000000002
6,153.60000000000002
0,147.9
0,147.9
1,147.9
1,147.9
2,147.9
2,147.9
3,147.9
3,147.9
4,147.4
4,147.4
5,146.9
5,146.9
6,146.9
6,146.9
0,146.9
0,146.9
1,146.9
1,146.9
2,146.9
2,146.9
3,146.9
3,146.9
4,146.9
4,146.9
5,146.9
5,146.9
6,146.9
6,146.9
0,146.9
0,146.9
1,146.9
1,146.9
2,146.9
2,157.9
3,157.9
3,157.9
4,157.9
4,157.9
5,157.9
5,157.9
6,157.9
6,157.9
0,157.9
0,157.9
1,157.9
1,157.9
2,157.9
2,157.9
3,157.9
3,157.9
4,157.9
4,157.9
5,157.9
5,157.9
6,157.9
6,157.9
0,157.9
0,157.9
1,157.9
1,157.9
2,157.9
2,157.9
3,157.9
3,157.9
4,157.9
4,157.9
5,157.9
5,157.9
6,157.9
6,157.9
0,157.9
0,157.9
1,157.9
1,157.9
2,157.9
2,157.9
3,157.9
3,157.9
4,157.9
4,157.9
5,157.9
5,157.9
6,157.9
6,157.9
0,157.9
0,157.9
1,157.9
1,157.9
2,157.9
2,157.9
3,157.9
3,157.9
4,157.9
4,157.9
5,157.9
5,157.9
6,157.9
6,157.9
0,157.9
0,157.9
1,157.9
1,157.9
2,157.9
2,157.9
3,157.9
3,157.9
4,157.9
4,157.9
5,157.9
5,157.9
6,157.9
6,157.9
0,157.9
0,157.9
1,157.9
1,157.9
2,157.9
2,157.9
3,157.9
3,157.9
4,157.9
4,157.9
5,157.9
5,157.9
6,157.9
6,157.9
0,157.9
0,157.9
1,157.9
1,157.9
2,157.9
2,157.9
3,157.9
3,157.9
4,157.9
4,157.9
5,157.9
5,157.9
6,157.9
6,157.9
0,157.9
0,157.9
1,157.9
1,157.9
2,154.9
2,154.9
3,154.9
3,154.9
4,154.9
4,154.9
5,154.9
5,154.9
6,154.9
6,154.9
0,154.9
0,154.9
1,154.9
1,154.9
2,154.9
2,154.9
3,154.9
3,154.9
4,154.9
4,154.9
5,154.9
5,154.9
6,154.9
6,154.9
0,154.9
0,154.9
1,154.4
1,154.4
2,154.4
2,154.4
3,154.4
3,154.4
4,167.9
4,167.9
5,167.9
5,167.9
6,167.9
6,167.9
0,167.9
0,167.9
1,167.9
1,167.9
2,167.9
2,167.9
3,167.9
3,167.9
4,167.9
4,167.9
5,167.9
5,167.9
6,167.9
6,167.9
0,167.9
0,167.9
1,167.9
1,167.9
2,167.9
2,167.9
3,167.9
3,167.9
4,167.9
4,167.9
5,167.9
5,167.9
6,167.9
6,167.9
0,167.9
0,167.9
1,167.9
1,167.9
2,167.9
2,167.9
3,167.9
3,167.9
4,167.9
4,167.9
5,167.9
5,167.9
6,167.9
6,167.9
0,167.9
0,167.9
1,167.9
1,167.9
2,167.9
2,167.9
3,167.9
3,167.9
4,167.9
4,167.9
5,167.9
5,167.9
6,167.9
6,167.9
0,167.9
0,167.9
1,167.9
1,167.9
2,167.9
2,167.9
3,167.9
3,167.9
4,167.9
4,167.9
5,167.9
5,167.9
6,167.9
6,167.9
0,167.9
0,167.9
1,167.9
1,167.9
2,167.9
2,167.9
3,167.9
3,167.9
4,167.9
4,167.9
5,167.9
5,167.9
6,167.9
6,167.9
0,167.9
0,167.9
1,167.9
1,167.9
2,167.9
2,167.9
3,173.4
3,173.4
4,167.9
4,167.9
5,167.9
5,167.9
6,167.9
6,167.9
0,167.9
0,167.9
1,167.9
1,167.9
2,173.4
2,173.4
3,173.4
3,173.4
4,173.4
4,173.4
5,173.4
5,173.4
6,173.4
6,173.4
0,173.4
0,173.4
1,173.4
1,173.4
2,173.4
2,173.4
3,173.4
3,173.4
4,173.4
4,173.4
5,173.4
5,173.4
6,173.4
6,173.4
0,173.4
0,173.4
1,173.4
1,173.4
2,173.4
2,173.4
3,173.4
3,173.4
4,173.4
4,173.4
5,173.4
5,173.4
6,173.4
6,173.4
0,173.4
0,173.4
1,173.4
1,173.4
2,173.4
2,173.4
3,173.4
3,173.4
4,173.4
4,173.4
5,173.4
5,173.4
6,173.4
6,173.4
0,173.4
0,173.4
1,173.4
1,173.4
2,173.4
2,173.4
3,173.4
3,173.4
4,173.4
4,173.4
5,173.4
5,173.4
6,173.4
6,173.4
0,173.4
0,173.4
1,173.4
1,173.4
2,173.4
2,173.4
3,173.4
3,173.4
4,173.4
4,173.4
5,173.4
5,173.4
6,173.4
6,173.4
0,173.4
0,173.4
1,173.4
1,173.4
2,173.4
2,173.4
3,173.4
3,173.4
4,173.4
4,173.4
5,173.4
5,173.4
6,173.4
6,173.4
0,173.4
0,173.4
1,173.4
1,173.4
2,173.4
2,173.4
3,173.4
3,173.4
4,173.4
4,173.4
5,173.4
5,173.4
6,173.4
6,173.4
0,173.4
0,173.4
1,173.4
1,173.4
2,173.4
2,173.4
3,173.4
3,173.4
4,173.4
4,173.4
5,173.4
5,173.4
6,173.4
6,173.4
0,173.4
0,173.4
1,173.4
1,173.4
2,173.4
2,173.4
3,173.4
3,173.4
4,173.4
4,173.4
5,173.4
5,173.4
6,173.4
6,173.4
0,173.4
0,173.4
1,173.4
1,173.4
2,173.4
2,173.4
3,173.4
3,173.4
4,173.4
4,173.4
5,173.4
5,173.4
6,173.4
6,173.4
0,173.4
0,173.4
1,173.4
1,173.4
2,173.4
2,173.4
3,173.4
3,164.5
4,164.5
4,164.5
5,164.5
5,164.5
6,164.5
6,164.5
0,164.5
0,164.5
1,164.5
1,164.5
2,164.5
2,164.5
3,164.5
3,164.5
4,164.5
4,164.5
5,164.5
5,164.5
6,164.5
6,164.5
0,164.5
0,164.5
1,164.5
1,164.5
2,164.5
2,164.5
3,164.5
3,164.5
4,164.5
4,164.5
5,164.5
5,164.5
6,164.5
6,164.5
0,164.5
0,164.5
1,164.5
1,164.5
2,164.5
2,164.5
3,164.5
3,164.5
4,164.5
4,164.5
5,164.5
5,164.5
6,164.5
6,164.5
0,164.5
0,164.5
1,164.5
1,164.5
2,164.5
2,164.5
3,164.5
3,164.5
4,164.5
4,164.5
5,164.5
5,164.5
6,164.5
6,164.5
0,164.5
0,164.5
1,164.5
1,164.5
2,164.5
2,164.5
3,164.5
3,164.5
4,164.5
4,164.5
5,164.5
5,164.5
6,164.5
6,164.5
0,164.5
0,174.9
1,174.9
1,174.9
2,174.9
2,174.9
3,174.9
3,174.9
4,174.9
4,174.9
5,174.9
5,174.9
6,174.9
6,174.9
0,174.9
0,174.9
1,174.9
1,174.9
2,174.9
2,174.9
3,174.9
3,174.9
4,174.9
4,174.9
5,174.9
5,174.9
6,174.9
6,174.9
0,174.9
0,174.9
1,174.9
1,174.9
2,174.9
2,174.9
3,174.9
3,174.9
4,174.9
4,174.9
5,174.9
5,174.9
6,174.9
6,174.9
