0,136.9
0,136.9
1,136.9
1,136.9
2,136.9
2,136.9
3,136.9
3,136.9
4,136.9
4,136.9
5,136.9
5,136.9
6,136.9
6,136.9
0,136.9
0,136.9
1,133.8
1,133.8
2,133.8
2,133.8
3,130.5
3,130.5
4,130.5
4,130.5
5,130.5
5,130.5
6,130.5
6,130.5
0,130.5
0,130.5
1,126.8
1,126.8
2,126.8
2,126.8
3,126.8
3,126.8
4,126.5
4,126.5
5,126.5
5,126.5
6,126.5
6,126.5
0,125.7
0,125.7
1,125.7
1,125.7
2,125.1
2,125.1
3,125.1
3,125.1
4,125.1
4,125.1
5,125.1
5,125.1
6,125.1
6,125.1
0,125.1
0,125.1
1,125.1
1,125.1
2,125.1
2,125.1
3,125.1
3,125.1
4,125.1
4,125.1
5,125.1
5,125.1
6,125.1
6,125.1
0,125.1
0,125.1
1,125.1
1,125.1
2,125.1
2,125.1
3,125.1
3,125.1
4,125.1
4,125.1
5,125.1
5,125.1
6,125.1
6,125.1
0,125.1
0,125.1
1,125.1
1,125.1
2,125.1
2,125.1
3,125.1
3,125.1
4,125.1
4,125.1
5,125.1
5,125.1
6,125.1
6,125.1
0,125.1
0,125.1
1,125.1
1,125.1
2,125.1
2,125.1
3,125.1
3,125.1
4,125.1
4,125.1
5,125.1
5,125.1
6,125.1
6,125.1
0,125.1
0,125.1
1,125.1
1,125.1
2,125.1
2,125.1
3,125.1
3,125.1
4,125.1
4,125.1
5,125.1
5,125.1
6,125.1
6,125.1
0,125.1
0,125.1
1,125.1
1,125.1
2,125.1
2,125.1
3,125.1
3,125.1
4,125.1
4,125.1
5,125.1
5,125.1
6,125.1
6,125.1
0,125.1
0,125.1
1,125.1
1,125.1
2,125.1
2,125.1
3,125.1
3,125.1
4,125.1
4,125.1
5,125.1
5,125.1
6,125.1
6,125.1
0,125.1
0,125.1
1,125.1
1,125.1
2,125.1
2,125.1
3,125.1
3,125.1
4,125.1
4,125.1
5,125.1
5,125.1
6,125.1
6,125.1
0,125.1
0,125.1
1,125.1
1,125.1
2,125.1
2,125.1
3,125.1
3,125.1
4,125.1
4,125.1
5,125.1
5,125.1
6,125.1
6,125.1
0,125.1
0,125.1
1,125.1
1,125.1
2,125.1
2,125.1
3,125.1
3,125.1
4,125.1
4,125.1
5,125.1
5,125.1
6,125.1
6,125.1
0,125.1
0,125.1
1,125.1
1,125.1
2,125.1
2,125.1
3,125.1
3,125.1
4,125.1
4,125.1
5,125.1
5,125.1
6,125.1
6,125.1
0,125.1
0,125.1
1,125.1
1,125.1
2,125.1
2,125.1
3,125.1
3,125.1
4,125.1
4,125.1
5,125.1
5,125.1
6,125.1
6,125.1
0,125.1
0,125.1
1,125.1
1,125.1
2,125.1
2,125.1
3,125.1
3,125.1
4,125.1
4,125.1
5,125.1
5,125.1
6,125.1
6,125.1
0,125.1
0,125.1
1,125.1
1,125.1
2,125.1
2,125.1
3,125.1
3,125.1
4,125.1
4,125.1
5,125.1
5,125.1
6,125.1
6,125.1
0,125.1
0,125.1
1,125.1
1,125.1
2,125.1
2,125.1
3,125.1
3,125.1
4,125.1
4,125.1
5,125.1
5,125.1
6,125.1
6,125.1
0,125.1
0,125.1
1,125.1
1,125.1
2,125.1
2,125.1
3,125.1
3,125.1
4,125.1
4,125.1
5,125.1
5,125.1
6,125.1
6,125.1
0,125.1
0,125.1
1,125.1
1,125.1
2,125.1
2,125.1
3,125.1
3,125.1
4,125.1
4,125.1
5,125.1
5,125.1
6,125.1
6,125.1
0,125.1
0,125.1
1,125.1
1,125.1
2,125.1
2,125.1
3,125.1
3,125.1
4,125.1
4,125.1
5,125.1
5,125.1
6,125.1
6,125.1
0,125.1
0,125.1
1,125.1
1,125.1
2,125.1
2,125.1
3,125.1
3,125.1
4,125.1
4,125.1
5,168.9
5,168.9
6,168.9
6,168.9
0,168.9
0,168.9
1,168.9
1,168.9
2,168.9
2,168.9
3,168.9
3,168.9
4,168.9
4,168.9
5,168.9
5,168.9
6,168.9
6,168.9
0,168.9
0,168.9
1,168.9
1,168.9
2,168.9
2,168.9
3,168.9
3,168.9
4,168.9
4,168.9
5,168.9
5,168.9
6,168.9
6,168.9
0,168.9
0,164.9
1,164.9
1,164.9
2,164.9
2,164.9
3,164.9
3,164.9
4,164.9
4,164.9
5,164.9
5,164.9
6,164.9
6,164.9
0,164.9
0,164.9
1,164.9
1,164.9
2,164.9
2,164.9
3,164.9
3,164.9
4,164.9
4,164.9
5,164.9
5,164.9
6,164.9
6,164.9
0,164.9
0,164.9
1,164.9
1,164.9
2,164.9
2,164.9
3,164.9
3,164.9
4,164.9
4,164.9
5,164.9
5,164.9
6,164.9
6,164.9
0,164.9
0,164.9
1,164.9
1,164.9
2,164.9
2,164.9
3,164.9
3,164.9
4,164.9
4,164.9
5,164.9
5,164.9
6,164.9
6,164.9
0,164.9
0,164.9
1,164.9
1,164.9
2,164.9
2,164.9
3,164.9
3,164.9
4,164.9
4,164.9
5,164.9
5,164.9
6,164.9
6,164.9
0,164.9
0,164.9
1,164.9
1,164.9
2,164.9
2,164.9
3,164.9
3,164.9
4,164.9
4,164.9
5,164.9
5,164.9
6,164.9
6,164.9
0,164.9
0,164.9
1,164.9
1,164.9
2,164.9
2,164.9
3,164.9
3,164.9
4,164.9
4,164.9
5,164.9
5,164.9
6,164.9
6,164.9
0,164.9
0,164.9
1,164.9
1,164.9
2,164.9
2,164.9
3,164.9
3,163.4
4,163.4
4,163.4
5,163.4
5,163.4
6,163.4
6,163.4
0,163.4
0,163.4
1,163.4
1,163.4
2,163.4
2,154.9
3,154.9
3,154.9
4,154.9
4,154.9
5,154.9
5,154.9
6,154.9
6,154.9
0,154.9
0,154.9
1,154.9
1,154.9
2,154.9
2,147.9
3,147.9
3,147.9
4,147.9
4,147.9
5,147.9
5,147.9
6,147.9
6,136.6
0,136.6
0,136.6
1,136.6
1,135.6
2,135.6
2,135.6
3,135.6
3,135.6
4,135.6
4,135.6
5,135.6
5,135.6
6,135.6
6,135.6
0,135.6
0,135.6
1,135.6
1,135.6
2,135.6
2,135.6
3,135.6
3,135.6
4,135.6
4,135.6
5,135.6
5,135.6
6,135.6
6,135.6
0,135.6
0,135.6
1,135.6
1,135.6
2,135.6
2,135.6
3,135.6
3,135.6
4,135.6
4,135.6
5,135.6
5,135.6
6,135.6
6,135.6
0,135.6
0,135.6
1,135.6
1,162.9
2,162.9
2,162.9
3,162.9
3,162.9
4,162.9
4,162.9
5,162.9
5,162.9
6,162.9
6,162.9
0,162.9
0,162.9
1,162.9
1,162.9
2,162.9
2,162.9
3,162.9
3,162.9
4,162.9
4,162.9
5,162.9
5,159.9
6,159.9
6,159.9
0,159.9
0,159.9
1,159.9
1,159.9
2,159.9
2,159.9
3,159.9
3,159.9
4,159.9
4,159.9
5,159.9
5,159.9
6,159.9
6,159.9
0,159.9
0,159.9
1,159.9
1,159.9
2,159.9
2,159.9
3,159.9
3,154.9
4,154.9
4,154.9
5,154.9
5,154.9
6,154.9
6,154.9
0,154.9
0,154.9
1,154.9
1,154.9
2,154.9
2,154.9
3,154.9
3,154.9
4,154.9
4,154.9
5,154.9
5,154.9
6,154.9
6,154.9
0,154.9
0,154.9
1,154.9
1,154.9
2,154.9
2,154.9
3,154.9
3,154.9
4,154.9
4,154.9
5,154.9
5,154.9
6,154.9
6,154.9
0,154.9
0,154.9
1,154.9
1,154.9
2,154.9
2,154.9
3,154.9
3,154.9
4,154.9
4,154.9
5,154.9
5,154.9
6,154.9
6,154.9
0,154.9
0,154.9
1,154.9
1,154.9
2,154.9
2,154.9
3,154.9
3,154.9
4,154.9
4,154.9
5,154.9
5,154.9
6,154.9
6,154.9
0,154.9
0,154.9
1,154.9
1,154.9
2,154.9
2,154.9
3,154.9
3,154.9
4,136.9
4,136.9
5,136.9
5,136.9
6,136.9
6,136.9
0,136.9
0,136.9
1,136.9
1,136.9
2,136.9
2,136.9
3,136.9
3,136.9
4,136.9
4,136.9
5,136.9
5,136.9
6,136.9
6,136.9
0,136.9
0,136.9
1,136.9
1,136.9
2,136.9
2,136.9
3,136.9
3,136.9
4,136.9
4,136.9
5,136.9
5,136.9
6,136.9
6,136.9
0,136.9
0,136.9
1,136.9
1,136.9
2,136.9
2,136.9
3,136.9
3,136.9
4,136.9
4,136.9
5,136.9
5,136.9
6,136.9
6,136.9
0,136.9
0,136.9
1,136.9
1,136.9
2,136.9
2,136.9
3,136.9
3,136.9
4,136.9
4,136.9
5,136.9
5,136.9
6,136.9
6,136.9
0,136.9
0,136.9
1,136.9
1,136.9
2,136.9
2,136.9
3,136.9
3,136.9
4,135.9
4,135.9
5,134.9
5,134.9
6,134.9
6,134.9
0,134.9
0,134.9
1,134.9
1,134.9
2,134.9
2,134.9
3,134.9
3,134.9
4,134.9
4,134.9
5,134.9
5,134.9
6,134.9
6,134.9
0,134.9
0,134.9
1,134.9
1,134.9
2,134.9
2,134.9
3,134.9
3,134.9
4,134.9
4,157.9
5,157.9
5,157.9
6,157.9
6,157.9
0,157.9
0,157.9
1,157.9
1,157.9
2,157.9
2,157.9
3,157.9
3,157.9
4,157.9
4,157.9
5,157.9
5,157.9
6,157.9
6,157.9
0,157.9
0,157.9
1,157.9
1,143.9
2,143.9
2,143.9
3,143.9
3,143.9
4,143.9
4,143.9
5,143.9
5,143.9
6,143.9
6,143.9
0,143.9
0,143.9
1,139.25
1,139.25
2,139.25
2,139.25
3,139.25
3,139.25
4,139.25
4,139.25
5,139.25
5,139.25
6,139.25
6,139.25
0,139.25
0,139.25
1,139.25
1,139.25
2,139.25
2,139.25
3,139.25
3,139.25
4,139.25
4,139.25
5,139.25
5,139.25
6,139.25
6,139.25
0,139.25
0,139.25
1,139.25
1,139.25
2,139.25
2,139.25
3,139.25
3,139.25
4,139.25
4,139.25
5,139.25
5,139.25
6,139.25
6,139.25
0,139.25
0,139.25
1,139.25
1,139.25
2,139.25
2,139.25
3,139.25
3,139.25
4,139.25
4,139.25
5,139.25
5,139.25
6,139.25
6,139.25
0,139.25
0,139.25
1,139.25
1,139.25
2,139.25
2,139.25
3,139.25
3,139.25
4,139.25
4,139.25
5,139.25
5,139.25
6,139.25
6,139.25
0,139.25
0,139.25
1,139.25
1,139.25
2,130.7
2,130.7
3,130.7
3,130.7
4,130.7
4,130.7
5,130.7
5,130.7
6,130.7
6,130.7
0,130.7
0,130.7
1,130.7
1,130.7
2,130.7
2,130.7
3,130.7
3,130.7
4,130.7
4,136.7
5,136.7
5,136.7
6,136.7
6,136.7
0,136.7
0,136.7
1,136.7
1,136.7
2,136.7
2,136.7
3,136.7
3,136.7
4,167.9
4,167.9
5,167.9
5,167.9
6,167.9
6,167.9
0,167.9
0,167.9
1,167.9
1,167.9
2,167.9
2,167.9
3,167.9
3,167.9
4,167.9
4,167.9
5,167.9
5,167.9
6,167.9
6,167.9
0,167.9
0,167.9
1,167.9
1,167.9
2,167.9
2,167.9
3,167.9
3,167.9
4,167.9
4,167.9
5,167.9
5,167.9
6,167.9
6,167.9
0,167.9
0,167.9
1,167.9
1,167.9
2,167.9
2,167.9
3,167.9
3,167.9
4,154.9
4,154.9
5,154.9
5,154.9
6,154.9
6,154.9
0,154.9
0,154.9
1,154.9
1,154.9
2,154.9
2,154.9
3,154.9
3,154.9
4,154.9
4,154.9
5,154.9
5,154.9
6,154.9
6,154.9
0,154.9
0,154.9
1,154.9
1,154.9
2,154.9
2,154.9
3,154.9
3,154.9
4,154.9
4,154.9
5,154.9
5,154.9
6,154.9
6,154.9
0,154.9
0,154.9
1,154.9
1,154.9
2,154.9
2,154.9
3,154.9
3,154.9
4,154.9
4,154.9
5,154.9
5,154.9
6,154.9
6,154.9
0,154.9
0,154.9
1,154.9
1,154.9
2,154.9
2,154.9
3,173.4
3,173.4
4,173.4
4,173.4
5,173.4
5,173.4
6,173.4
6,173.4
0,173.4
0,173.4
1,173.4
1,173.4
2,173.4
2,173.4
3,173.4
3,173.4
4,173.4
4,173.4
5,173.4
5,173.4
6,173.4
6,173.4
0,173.4
0,173.4
1,173.4
1,173.4
2,173.4
2,173.4
3,173.4
3,173.4
4,173.4
4,173.4
5,173.4
5,173.4
6,173.4
6,173.4
0,173.4
0,173.4
1,173.4
1,173.4
2,173.4
2,173.4
3,173.4
3,173.4
4,173.4
4,173.4
5,173.4
5,173.4
6,173.4
6,173.4
0,173.4
0,173.4
1,173.4
1,173.4
2,173.4
2,173.4
3,173.4
3,173.4
4,173.4
4,173.4
5,173.4
5,173.4
6,173.4
6,173.4
0,173.4
0,173.4
1,173.4
1,173.4
2,173.4
2,173.4
3,173.4
3,173.4
4,173.4
4,173.4
5,173.4
5,173.4
6,173.4
6,173.4
0,173.4
0,173.4
1,173.4
1,173.4
2,173.4
2,173.4
3,173.4
3,173.4
4,173.4
4,173.4
5,173.4
5,173.4
6,173.4
6,173.4
0,173.4
0,173.4
1,173.4
1,173.4
2,173.4
2,173.4
3,173.4
3,173.4
4,173.4
4,173.4
5,173.4
5,173.4
6,173.4
6,173.4
0,173.4
0,173.4
1,173.4
1,173.4
2,173.4
2,173.4
3,173.4
3,173.4
4,173.4
4,173.4
5,173.4
5,173.4
6,173.4
6,173.4
0,173.4
0,173.4
1,173.4
1,173.4
2,173.4
2,173.4
3,173.4
3,173.4
4,173.4
4,173.4
5,173.4
5,173.4
6,173.4
6,173.4
0,173.4
0,173.4
1,173.4
1,173.4
2,173.4
2,173.4
3,173.4
3,173.4
4,173.4
4,173.4
5,173.4
5,173.4
6,173.4
6,173.4
0,173.4
0,173.4
1,173.4
1,173.4
2,173.4
2,173.4
3,173.4
3,173.4
4,173.4
4,173.4
5,173.4
5,173.4
6,173.4
6,173.4
0,173.4
0,173.4
1,173.4
1,173.4
2,173.4
2,173.4
3,173.4
3,163.7
4,163.7
4,163.7
5,163.7
5,163.7
6,163.7
6,163.7
0,163.7
0,163.7
1,163.7
1,163.7
2,163.7
2,163.7
3,163.7
3,163.7
4,163.7
4,163.7
5,163.7
5,163.7
6,163.7
6,163.7
0,163.7
0,163.7
1,163.7
1,163.7
2,163.7
2,163.7
3,163.7
3,163.7
4,163.7
4,163.7
5,163.7
5,163.7
6,163.7
6,163.7
0,163.7
0,163.7
1,163.7
1,163.7
2,163.7
2,163.7
3,163.7
3,163.7
4,163.7
4,163.7
5,163.7
5,163.7
6,163.7
6,163.7
0,163.7
0,163.7
1,163.7
1,163.7
2,163.7
2,163.7
3,163.7
3,163.7
4,163.7
4,163.7
5,163.7
5,163.7
6,163.7
6,163.7
0,163.7
0,163.7
1,163.7
1,163.7
2,163.7
2,163.7
3,163.7
3,163.7
4,163.7
4,163.7
5,163.7
5,163.7
6,163.7
6,163.7
0,163.7
0,174.9
1,174.9
1,174.9
2,174.9
2,174.9
3,174.9
3,174.9
4,174.9
4,174.9
5,174.9
5,174.9
6,174.9
6,174.9
0,174.9
0,174.9
1,174.9
1,174.9
2,174.9
2,174.9
3,174.9
3,174.9
4,174.9
4,174.9
5,174.9
5,174.9
6,174.9
6,174.9
0,174.9
0,174.9
1,174.9
1,174.9
2,174.9
2,174.9
3,174.9
3,174.9
4,174.9
4,174.9
5,174.9
5,174.9
6,174.9
6,174.9
