0,118.8
0,118.8
1,118.8
1,118.8
2,117.8
2,117.8
3,117.8
3,117.1
4,117.1
4,117.1
5,117.1
5,117.1
6,117.1
6,117.1
0,117.1
0,117.1
1,116.2
1,116.2
2,116.2
2,116.2
3,116.2
3,116.2
4,116.2
4,116.2
5,116.2
5,116.2
6,116.2
6,116.2
0,116.2
0,116.2
1,148.9
1,148.9
2,148.9
2,148.9
3,148.9
3,148.9
4,148.9
4,148.9
5,148.9
5,148.9
6,147.9
6,147.9
0,147.9
0,147.9
1,146.9
1,146.9
2,146.9
2,146.9
3,146.9
3,136.2
4,136.2
4,136.2
5,136.2
5,135.7
6,135.7
6,135.7
0,135.7
0,130.6
1,130.6
1,126.8
2,126.8
2,126.8
3,124.9
3,124.9
4,124.9
4,124.9
5,124.9
5,124.9
6,124.9
6,124.9
0,124.9
0,124.9
1,122.9
1,122.9
2,150.9
2,150.9
3,150.9
3,148.9
4,148.9
4,148.4
5,148.4
5,147.9
6,147.9
6,145.9
0,145.9
0,145.9
1,144.4
1,143.4
2,143.4
2,142.9
3,141.9
3,139.9
4,139.9
4,139.9
5,139.9
5,139.9
6,136.7
6,135.7
0,135.7
0,133.7
1,133.7
1,133.7
2,133.7
2,127.4
3,127.4
3,127.4
4,152.9
4,152.9
5,152.9
5,152.9
6,152.9
6,152.9
0,152.9
0,152.9
1,152.9
1,152.9
2,152.9
2,152.9
3,152.9
3,152.9
4,152.9
4,152.9
5,152.9
5,152.9
6,152.9
6,152.9
0,152.9
0,152.9
1,152.9
1,152.9
2,152.9
2,152.9
3,152.9
3,152.9
4,152.9
4,152.9
5,152.9
5,152.9
6,152.9
6,152.9
0,152.9
0,152.9
1,152.9
1,152.9
2,152.9
2,152.9
3,152.9
3,152.9
4,152.9
4,152.9
5,152.9
5,152.9
6,152.9
6,152.9
0,152.9
0,152.9
1,152.9
1,152.9
2,152.9
2,152.9
3,152.9
3,152.9
4,152.9
4,152.9
5,152.9
5,152.9
6,152.9
6,152.9
0,152.9
0,152.9
1,152.9
1,152.9
2,152.9
2,152.9
3,152.9
3,152.9
4,152.9
4,152.9
5,152.9
5,152.9
6,152.9
6,152.9
0,152.9
0,152.9
1,152.9
1,152.9
2,152.9
2,152.9
3,152.9
3,152.9
4,152.9
4,152.9
5,152.9
5,152.9
6,152.9
6,152.9
0,152.9
0,152.9
1,152.9
1,152.9
2,152.9
2,152.9
3,152.9
3,152.9
4,152.9
4,152.9
5,152.9
5,152.9
6,152.9
6,152.9
0,152.9
0,152.9
1,152.9
1,152.9
2,152.9
2,152.9
3,152.9
3,152.9
4,152.9
4,152.9
5,152.9
5,152.9
6,152.9
6,152.9
0,152.9
0,152.9
1,152.9
1,152.9
2,152.9
2,152.9
3,152.9
3,152.9
4,152.9
4,152.9
5,152.9
5,152.9
6,152.9
6,152.9
0,152.9
0,152.9
1,152.9
1,152.9
2,152.9
2,152.9
3,152.9
3,152.9
4,152.9
4,152.9
5,152.9
5,155.9
6,155.9
6,155.9
0,155.9
0,155.9
1,155.9
1,155.9
2,155.9
2,155.9
3,155.9
3,155.9
4,155.9
4,155.9
5,155.9
5,155.9
6,155.9
6,155.9
0,155.9
0,155.9
1,153.9
1,153.9
2,153.9
2,153.9
3,153.9
3,153.9
4,153.9
4,153.9
5,153.9
5,153.9
6,153.9
6,153.9
0,153.9
0,153.9
1,153.9
1,153.9
2,153.9
2,151.9
3,151.9
3,151.9
4,150.9
4,150.9
5,150.9
5,150.9
6,150.9
6,150.9
0,146.7
0,146.4
1,146.4
1,146.4
2,146.4
2,146.4
3,146.4
3,146.4
4,146.4
4,146.4
5,146.4
5,146.4
6,146.4
6,146.4
0,146.4
0,146.4
1,146.4
1,146.4
2,146.4
2,146.4
3,166.9
3,166.9
4,166.9
4,166.9
5,166.9
5,166.9
6,166.9
6,166.9
0,166.9
0,166.9
1,166.9
1,166.9
2,166.9
2,166.9
3,166.9
3,166.9
4,166.9
4,166.9
5,166.9
5,166.9
6,166.9
6,166.9
0,166.9
0,166.9
1,166.9
1,166.9
2,166.9
2,162.4
3,161.4
3,161.4
4,161.4
4,161.4
5,161.4
5,161.4
6,161.4
6,161.4
0,155.9
0,155.9
1,153.9
1,152.9
2,149.9
2,149.9
3,149.9
3,149.9
4,147.9
4,147.9
5,147.9
5,145.9
6,144.4
6,144.4
0,144.4
0,144.4
1,144.4
1,144.4
2,144.4
2,144.4
3,144.4
3,144.4
4,144.3
4,144.3
5,144.3
5,144.3
6,144.3
6,144.3
0,144.3
0,144.3
1,141.9
1,141.9
2,141.9
2,167.9
3,167.9
3,167.9
4,167.9
4,167.9
5,167.9
5,167.9
6,167.9
6,167.9
0,167.9
0,167.9
1,167.9
1,167.9
2,167.9
2,167.9
3,167.9
3,167.9
4,167.9
4,167.9
5,167.9
5,167.9
6,167.9
6,167.9
0,167.9
0,167.9
1,167.9
1,167.9
2,166.9
2,166.9
3,166.9
3,166.9
4,166.9
4,166.9
5,166.9
5,166.9
6,166.9
6,166.9
0,166.9
0,166.9
1,163.9
1,163.9
2,163.9
2,163.9
3,163.9
3,163.9
4,163.9
4,163.9
5,163.9
5,163.9
6,163.9
6,163.9
0,163.9
0,163.9
1,156.4
1,156.4
2,155.4
2,155.4
3,154.4
3,154.4
4,154.4
4,152.3
5,152.3
5,152.3
6,152.3
6,152.3
0,152.3
0,152.3
1,152.3
1,152.3
2,152.3
2,152.3
3,152.3
3,152.3
4,152.3
4,152.3
5,152.3
5,152.3
6,143.9
6,143.9
0,143.9
0,142.9
1,141.9
1,141.9
2,140.8
2,140.8
3,140.8
3,140.8
4,140.8
4,140.8
5,140.8
5,140.8
6,140.8
6,140.8
0,139.7
0,139.7
1,139.7
1,139.7
2,139.7
2,139.7
3,139.7
3,136.3
4,136.3
4,136.3
5,136.3
5,136.3
6,136.3
6,135.3
0,135.3
0,135.3
1,134.2
1,134.2
2,134.2
2,134.2
3,134.2
3,134.2
4,134.2
4,134.2
5,134.2
5,162.9
6,162.9
6,162.9
0,162.9
0,162.9
1,162.9
1,162.9
2,162.9
2,162.9
3,162.9
3,162.9
4,157.9
4,157.9
5,157.9
5,157.9
6,154.6
6,154.6
0,154.6
0,154.6
1,154.6
1,154.6
2,154.6
2,154.6
3,154.6
3,154.6
4,154.6
4,154.6
5,154.6
5,154.6
6,154.6
6,154.6
0,154.6
0,152.9
1,152.9
1,152.9
2,152.9
2,152.9
3,152.9
3,152.9
4,152.9
4,152.9
5,150.2
5,150.2
6,150.2
6,150.2
0,150.2
0,150.2
1,150.2
1,150.2
2,150.2
2,150.2
3,162.9
3,162.9
4,162.9
4,162.9
5,162.9
5,162.9
6,162.9
6,162.9
0,162.9
0,162.9
1,162.9
1,162.9
2,162.9
2,162.9
3,160.9
3,160.9
4,160.9
4,160.9
5,153.4
5,153.4
6,153.4
6,153.4
0,153.4
0,153.4
1,147.8
1,144.9
2,144.9
2,144.9
3,144.9
3,144.9
4,142.4
4,142.4
5,141.9
5,141.9
6,141.9
6,141.9
0,141.9
0,141.9
1,141.9
1,141.9
2,141.9
2,141.9
3,141.9
3,141.9
4,141.9
4,141.9
5,141.9
5,141.9
6,141.9
6,141.9
0,141.9
0,141.9
1,141.9
1,141.9
2,141.9
2,164.9
3,164.9
3,164.9
4,164.9
4,164.9
5,164.9
5,164.9
6,164.9
6,164.9
0,164.9
0,164.9
1,164.9
1,162.2
2,160.7
2,160.7
3,159.2
3,156.3
4,156.3
4,155.8
5,154.8
5,154.3
6,154.3
6,154.3
0,154.3
0,154.3
1,154.3
1,154.3
2,151.6
2,151.6
3,151.6
3,151.6
4,150.1
4,150.1
5,150.1
5,149.6
6,149.6
6,149.6
0,147.75
0,147.75
1,145.9
1,145.9
2,145.4
2,145.4
3,144.9
3,144.9
4,144.9
4,144.4
5,144.4
5,143.9
6,143.9
6,143.9
0,143.9
0,143.9
1,143.9
1,143.9
2,143.9
2,141.9
3,141.9
3,141.9
4,141.9
4,141.9
5,141.9
5,141.9
6,141.9
6,141.9
0,141.9
0,141.9
1,141.9
1,141.9
2,141.9
2,141.9
3,154.9
3,154.9
4,154.9
4,154.9
5,154.9
5,154.9
6,154.9
6,154.9
0,154.9
0,154.9
1,154.9
1,154.9
2,154.9
2,154.9
3,154.9
3,154.9
4,153.2
4,153.2
5,153.2
5,153.2
6,153.2
6,153.2
0,149.60000000000002
0,143.2
1,143.2
1,143.2
2,139.1
2,139.1
3,139.1
3,139.1
4,139.1
4,139.1
5,136.9
5,136.9
6,136.3
6,136.3
0,135.7
0,135.7
1,135.14999999999998
1,135.14999999999998
2,134.2
2,134.2
3,133.8
3,132.8
4,132.8
4,132.8
5,132.8
5,132.8
6,132.8
6,132.8
0,132.8
0,132.8
1,132.3
1,132.3
2,131.8
2,131.8
3,131.8
3,131.8
4,131.8
4,131.8
5,131.8
5,131.8
6,131.8
6,131.8
0,131.8
0,131.8
1,144.85000000000002
1,144.85000000000002
2,144.85000000000002
2,144.85000000000002
3,157.9
3,157.9
4,157.9
4,154.4
5,154.4
5,154.4
6,154.4
6,154.4
0,154.4
0,154.4
1,154.4
1,154.4
2,154.4
2,154.4
3,154.4
3,154.4
4,154.4
4,153.9
5,153.65
5,153.65
6,153.65
6,148.4
0,147.4
0,146.4
1,146.4
1,146.4
2,146.4
2,146.4
3,146.4
3,146.4
4,146.4
4,145.4
5,145.4
5,145.4
6,145.4
6,145.4
0,145.4
0,145.4
1,139.65
1,139.65
2,139.65
2,139.65
3,139.65
3,139.65
4,139.65
4,139.65
5,139.65
5,139.65
6,165.9
6,165.9
0,165.9
0,165.9
1,165.9
1,165.9
2,165.9
2,164.9
3,164.4
3,164.4
4,163.9
4,161.9
5,161.9
5,161.9
6,161.9
6,161.9
0,161.9
0,161.9
1,161.9
1,161.9
2,161.9
2,161.9
3,160.9
3,160.9
4,160.9
4,160.9
5,159.9
5,159.9
6,159.9
6,159.9
0,159.9
0,155.9
1,148.2
1,148.2
2,147.9
2,147.9
3,147.9
3,147.9
4,147.9
4,147.9
5,147.9
5,147.9
6,147.9
6,147.9
0,147.9
0,147.9
1,147.9
1,147.9
2,147.9
2,147.9
3,147.9
3,147.9
4,147.9
4,147.9
5,147.9
5,147.9
6,147.9
6,147.9
0,147.9
0,147.9
1,165.9
1,158.9
2,164.9
2,164.9
3,164.9
3,163.9
4,163.9
4,163.9
5,163.9
5,163.9
6,163.9
6,163.9
0,163.9
0,163.9
1,150.7
1,147.9
2,147.9
2,145.9
3,145.9
3,145.9
4,145.9
4,145.9
5,145.4
5,145.4
6,145.4
6,145.4
0,145.4
0,145.4
1,145.4
1,145.4
2,145.4
2,145.4
3,145.4
3,145.4
4,145.4
4,167.9
5,167.9
5,167.9
6,167.9
6,167.9
0,167.9
0,167.9
1,167.9
1,167.9
2,167.9
2,167.9
3,167.9
3,167.9
4,167.9
4,164.9
5,164.9
5,164.9
6,164.9
6,164.9
0,164.9
0,164.9
1,164.9
1,164.9
2,164.9
2,164.9
3,164.9
3,164.9
4,164.9
4,164.9
5,164.9
5,164.9
6,164.9
6,164.9
0,163.9
0,163.9
1,163.9
1,163.9
2,163.9
2,157.9
3,157.9
3,157.9
4,157.9
4,157.9
5,157.9
5,157.9
6,167.9
6,167.9
0,167.9
0,167.9
1,167.9
1,167.9
2,167.9
2,167.9
3,167.9
3,167.9
4,167.9
4,167.9
5,167.9
5,167.9
6,167.9
6,167.9
0,167.9
0,167.9
1,167.9
1,167.9
2,167.9
2,167.9
3,167.9
3,167.9
4,167.9
4,167.9
5,167.9
5,167.9
6,167.9
6,167.9
0,167.9
0,167.9
1,167.9
1,167.9
2,169.9
2,169.9
3,169.9
3,169.9
4,169.9
4,169.9
5,160.9
5,160.9
6,156.9
6,156.9
0,156.9
0,156.9
1,156.9
1,156.9
2,156.9
2,156.9
3,173.4
3,173.4
4,173.4
4,173.4
5,173.4
5,173.4
6,173.4
6,173.4
0,173.4
0,173.4
1,173.4
1,173.4
2,173.4
2,173.4
3,173.4
3,173.4
4,173.4
4,173.4
5,173.4
5,173.4
6,173.4
6,173.4
0,173.4
0,173.4
1,173.4
1,173.4
2,173.4
2,173.4
3,170.8
3,170.8
4,158.9
4,158.9
5,158.9
5,158.9
6,152.3
6,152.3
0,152.3
0,152.3
1,152.3
1,152.3
2,149.7
2,149.7
3,149.7
3,149.7
4,149.7
4,149.7
5,149.7
5,149.7
6,149.7
6,149.7
0,149.7
0,149.7
1,149.7
1,149.7
2,149.7
2,149.7
3,149.7
3,149.7
4,149.7
4,173.4
5,173.4
5,173.4
6,173.4
6,173.4
0,173.4
0,173.4
1,173.4
1,173.4
2,173.4
2,173.4
3,173.4
3,173.4
4,173.4
4,173.4
5,173.4
5,173.4
6,173.4
6,173.4
0,173.4
0,173.4
1,173.4
1,173.4
2,173.4
2,173.4
3,173.4
3,173.4
4,170.9
4,170.9
5,170.9
5,170.9
6,170.9
6,170.9
0,170.9
0,170.9
1,170.9
1,168.2
2,168.2
2,168.2
3,168.2
3,168.2
4,168.2
4,168.2
5,168.2
5,168.2
6,168.2
6,167.2
0,167.7
0,167.7
1,167.7
1,167.7
2,167.7
2,167.7
3,162.6
3,162.6
4,160.6
4,160.6
5,159.6
5,159.6
6,159.6
6,159.6
0,159.6
0,154.6
1,154.6
1,150.8
2,150.8
2,150.8
3,150.8
3,150.8
4,150.8
4,150.8
5,150.8
5,150.8
6,150.8
6,150.8
0,150.8
0,150.8
1,150.8
1,174.9
2,174.9
2,174.9
3,174.9
3,174.9
4,174.9
4,174.9
5,174.9
5,174.9
6,174.9
6,174.9
0,174.9
0,174.9
1,174.9
1,174.9
2,174.9
2,174.9
3,173.8
3,173.8
4,173.8
4,172.7
5,171.7
5,171.7
6,171.7
6,169.7
0,168.4
0,168.4
1,163.3
1,163.3
2,162.3
2,158.2
3,158.2
3,157.1
4,157.1
4,157.1
5,156.1
5,156.1
6,156.1
6,156.1
0,155.4
0,155.4
1,154.4
1,154.4
2,154.4
2,154.4
3,154.4
3,154.4
4,154.4
4,154.4
5,154.4
5,172.9
6,172.9
6,172.9
0,172.9
0,172.9
1,172.9
1,172.9
2,172.9
2,172.9
3,170.1
3,170.1
4,170.1
4,170.1
5,167.4
5,167.4
6,167.4
6,167.4
0,167.4
0,167.4
1,167.4
1,167.4
2,167.4
2,167.4
3,153.7
3,153.7
4,153.7
4,153.7
5,153.7
5,153.7
6,153.7
6,153.7
0,153.7
0,153.7
1,153.7
1,153.7
2,149.7
2,149.7
3,149.7
3,149.7
4,149.7
4,149.7
5,149.7
5,149.7
6,149.7
6,149.7
0,149.7
0,149.7
1,149.7
1,149.7
2,149.7
2,149.7
3,149.7
3,149.7
4,176.4
4,176.4
5,176.4
5,176.4
6,176.4
6,176.4
0,176.4
0,176.4
1,176.4
1,176.4
2,176.4
2,176.4
3,176.4
3,176.4
4,172.9
4,172.9
5,172.9
5,172.9
6,172.9
6,172.9
0,172.9
0,172.9
1,172.9
1,172.9
2,169.9
2,169.9
3,169.9
3,169.9
4,169.9
4,169.9
5,168.9
5,168.9
6,168.9
6,168.9
0,168.9
0,168.9
1,168.9
1,168.9
2,168.9
2,168.9
3,179.9
3,179.9
4,179.9
4,179.9
5,179.9
5,179.9
6,179.9
6,179.9
