0,130.7
0,130.7
1,130.7
1,130.7
2,129.4
2,129.4
3,127.9
3,127.9
4,127.9
4,127.9
5,123.4
5,123.4
6,123.4
6,123.4
0,123.4
0,123.4
1,122.9
1,122.9
2,122.9
2,122.9
3,122.9
3,121.9
4,121.9
4,121.9
5,121.9
5,121.9
6,121.9
6,121.9
0,121.9
0,121.9
1,121.9
1,121.9
2,121.9
2,121.9
3,121.9
3,121.9
4,121.9
4,121.9
5,121.9
5,121.9
6,121.9
6,121.9
0,121.9
0,121.9
1,121.9
1,118.9
2,118.9
2,118.9
3,118.9
3,118.9
4,118.9
4,118.9
5,118.9
5,118.9
6,118.9
6,118.9
0,118.9
0,118.9
1,118.9
1,118.9
2,118.9
2,118.9
3,118.9
3,118.9
4,118.9
4,118.9
5,118.9
5,118.9
6,118.9
6,118.9
0,118.9
0,118.9
1,118.9
1,118.9
2,118.9
2,118.9
3,118.9
3,118.9
4,118.9
4,118.9
5,118.9
5,118.9
6,118.9
6,118.9
0,118.9
0,118.9
1,118.9
1,118.9
2,118.9
2,118.9
3,118.9
3,118.9
4,118.9
4,118.9
5,118.9
5,118.9
6,118.9
6,118.9
0,118.9
0,118.9
1,118.9
1,118.9
2,118.9
2,118.9
3,118.9
3,118.9
4,118.9
4,118.9
5,118.9
5,118.9
6,118.9
6,118.9
0,118.9
0,118.9
1,118.9
1,118.9
2,118.9
2,118.9
3,118.9
3,118.9
4,118.9
4,118.9
5,118.9
5,118.9
6,118.9
6,118.9
0,118.9
0,118.9
1,118.9
1,118.9
2,118.9
2,118.9
3,118.9
3,118.9
4,118.9
4,118.9
5,118.9
5,118.9
6,118.9
6,118.9
0,118.9
0,118.9
1,118.9
1,118.9
2,118.9
2,118.9
3,118.9
3,118.9
4,118.9
4,118.9
5,118.9
5,118.9
6,118.9
6,118.9
0,118.9
0,118.9
1,118.9
1,118.9
2,118.9
2,118.9
3,118.9
3,118.9
4,118.9
4,118.9
5,118.9
5,118.9
6,118.9
6,118.9
0,118.9
0,118.9
1,118.9
1,118.9
2,118.9
2,118.9
3,118.9
3,118.9
4,118.9
4,118.9
5,118.9
5,118.9
6,118.9
6,118.9
0,118.9
0,118.9
1,118.9
1,118.9
2,118.9
2,118.9
3,118.9
3,118.9
4,118.9
4,118.9
5,118.9
5,118.9
6,118.9
6,118.9
0,118.9
0,118.9
1,118.9
1,118.9
2,118.9
2,118.9
3,118.9
3,118.9
4,118.9
4,118.9
5,118.9
5,118.9
6,118.9
6,118.9
0,118.9
0,118.9
1,118.9
1,118.9
2,118.9
2,118.9
3,118.9
3,118.9
4,118.9
4,118.9
5,118.9
5,118.9
6,118.9
6,118.9
0,118.9
0,118.9
1,118.9
1,118.9
2,118.9
2,118.9
3,118.9
3,118.9
4,118.9
4,118.9
5,118.9
5,118.9
6,118.9
6,118.9
0,118.9
0,118.9
1,118.9
1,118.9
2,118.9
2,118.9
3,118.9
3,118.9
4,118.9
4,118.9
5,118.9
5,118.9
6,118.9
6,118.9
0,118.9
0,118.9
1,118.9
1,118.9
2,118.9
2,118.9
3,118.9
3,118.9
4,118.9
4,118.9
5,118.9
5,118.9
6,118.9
6,118.9
0,118.9
0,118.9
1,118.9
1,118.9
2,118.9
2,118.9
3,118.9
3,118.9
4,118.9
4,118.9
5,118.9
5,118.9
6,118.9
6,118.9
0,118.9
0,118.9
1,118.9
1,118.9
2,118.9
2,118.9
3,118.9
3,118.9
4,118.9
4,118.9
5,118.9
5,118.9
6,118.9
6,118.9
0,118.9
0,118.9
1,118.9
1,118.9
2,118.9
2,118.9
3,118.9
3,118.9
4,118.9
4,118.9
5,118.9
5,118.9
6,118.9
6,118.9
0,118.9
0,118.9
1,118.9
1,118.9
2,118.9
2,118.9
3,118.9
3,118.9
4,118.9
4,118.9
5,168.9
5,168.9
6,168.9
6,168.9
0,168.9
0,168.9
1,168.9
1,168.9
2,168.9
2,168.9
3,168.9
3,168.9
4,168.9
4,168.9
5,168.9
5,168.9
6,168.9
6,168.9
0,168.9
0,168.9
1,168.9
1,168.9
2,168.9
2,168.9
3,168.9
3,168.9
4,168.9
4,168.9
5,168.9
5,168.9
6,168.9
6,168.9
0,168.9
0,164.9
1,164.9
1,164.9
2,164.9
2,164.9
3,164.9
3,164.9
4,164.9
4,164.9
5,164.9
5,164.9
6,164.9
6,164.9
0,164.9
0,164.9
1,164.9
1,164.9
2,164.9
2,164.9
3,164.9
3,164.9
4,164.9
4,164.9
5,164.9
5,164.9
6,164.9
6,164.9
0,149.9
0,149.9
1,149.9
1,149.9
2,149.9
2,149.9
3,149.9
3,149.9
4,149.9
4,149.9
5,149.9
5,149.9
6,149.9
6,149.9
0,149.9
0,149.9
1,149.9
1,149.9
2,149.9
2,149.9
3,149.9
3,149.9
4,149.9
4,149.9
5,149.9
5,149.9
6,149.9
6,149.9
0,149.9
0,149.9
1,149.9
1,149.9
2,149.9
2,149.9
3,149.9
3,149.9
4,149.9
4,149.9
5,149.9
5,149.9
6,149.9
6,149.9
0,149.9
0,149.9
1,149.9
1,149.9
2,149.9
2,149.9
3,149.9
3,149.9
4,149.9
4,149.9
5,149.9
5,149.9
6,149.9
6,149.9
0,149.9
0,149.9
1,149.9
1,149.9
2,149.9
2,149.9
3,149.9
3,149.9
4,149.9
4,149.9
5,149.9
5,149.9
6,149.9
6,149.9
0,149.9
0,149.9
1,149.9
1,149.9
2,149.9
2,149.9
3,149.9
3,149.9
4,149.9
4,149.9
5,149.9
5,149.9
6,149.9
6,149.9
0,149.9
0,149.9
1,149.9
1,149.9
2,149.9
2,149.9
3,149.9
3,149.9
4,149.9
4,149.9
5,149.9
5,149.9
6,149.9
6,149.9
0,149.9
0,149.9
1,149.9
1,149.9
2,149.9
2,149.9
3,149.9
3,149.9
4,149.9
4,149.9
5,149.9
5,149.9
6,149.9
6,149.9
0,149.9
0,149.9
1,149.9
1,144.9
2,144.9
2,144.9
3,144.9
3,144.9
4,144.9
4,144.9
5,144.9
5,144.9
6,144.9
6,144.9
0,144.9
0,144.9
1,144.9
1,144.9
2,144.9
2,144.9
3,144.9
3,144.9
4,144.9
4,144.9
5,144.9
5,144.9
6,144.9
6,144.9
0,144.9
0,144.9
1,144.9
1,144.9
2,144.9
2,144.9
3,144.9
3,144.9
4,144.9
4,144.9
5,144.9
5,144.9
6,144.9
6,144.9
0,144.9
0,144.9
1,144.9
1,162.9
2,162.9
2,162.9
3,162.9
3,162.9
4,162.9
4,162.9
5,162.9
5,162.9
6,162.9
6,162.9
0,162.9
0,162.9
1,162.9
1,162.9
2,162.9
2,162.9
3,162.9
3,162.9
4,162.9
4,162.9
5,162.9
5,158.9
6,158.9
6,158.9
0,158.9
0,158.9
1,158.9
1,158.9
2,158.9
2,158.9
3,158.9
3,158.9
4,155.4
4,155.4
5,155.4
5,155.4
6,155.4
6,155.4
0,155.4
0,155.4
1,155.4
1,155.4
2,155.4
2,155.4
3,155.4
3,155.4
4,155.4
4,155.4
5,155.4
5,155.4
6,155.4
6,155.4
0,155.4
0,155.4
1,155.4
1,155.4
2,155.4
2,155.4
3,155.4
3,155.4
4,155.4
4,155.4
5,155.4
5,155.4
6,155.4
6,155.4
0,155.4
0,155.4
1,155.4
1,155.4
2,155.4
2,155.4
3,155.4
3,155.4
4,155.4
4,155.4
5,155.4
5,155.4
6,155.4
6,155.4
0,155.4
0,155.4
1,155.4
1,155.4
2,155.4
2,155.4
3,155.4
3,155.4
4,155.4
4,155.4
5,155.4
5,155.4
6,155.4
6,155.4
0,155.4
0,155.4
1,155.4
1,155.4
2,155.4
2,155.4
3,155.4
3,155.4
4,155.4
4,155.4
5,155.4
5,155.4
6,155.4
6,155.4
0,155.4
0,155.4
1,155.4
1,155.4
2,155.4
2,155.4
3,155.4
3,155.4
4,146.5
4,146.5
5,146.5
5,146.5
6,146.5
6,146.5
0,146.5
0,146.5
1,146.5
1,146.5
2,146.5
2,146.5
3,146.5
3,146.5
4,146.5
4,146.5
5,146.5
5,146.5
6,146.5
6,146.5
0,146.5
0,146.5
1,146.5
1,146.5
2,146.5
2,146.5
3,146.5
3,146.5
4,146.5
4,146.5
5,146.5
5,146.5
6,146.5
6,146.5
0,146.5
0,146.5
1,146.5
1,146.5
2,146.5
2,146.5
3,146.5
3,146.5
4,146.5
4,146.5
5,146.5
5,146.5
6,146.5
6,146.5
0,146.5
0,146.5
1,146.5
1,146.5
2,146.5
2,146.5
3,146.5
3,146.5
4,146.5
4,146.5
5,146.5
5,146.5
6,146.5
6,146.5
0,146.5
0,146.5
1,146.5
1,146.5
2,146.5
2,146.5
3,146.5
3,146.5
4,146.5
4,146.5
5,146.5
5,146.5
6,146.5
6,146.5
0,146.5
0,146.5
1,146.5
1,146.5
2,146.5
2,146.5
3,146.5
3,146.5
4,146.5
4,146.5
5,146.5
5,146.5
6,146.5
6,146.5
0,146.5
0,146.5
1,145.7
1,145.7
2,145.7
2,157.9
3,157.9
3,157.9
4,157.9
4,157.9
5,157.9
5,157.9
6,157.9
6,157.9
0,157.9
0,157.9
1,157.9
1,157.9
2,157.9
2,157.9
3,157.9
3,157.9
4,157.9
4,157.9
5,157.9
5,157.9
6,157.9
6,157.9
0,157.9
0,157.9
1,157.9
1,157.9
2,157.9
2,157.9
3,157.9
3,157.9
4,157.9
4,157.9
5,157.9
5,157.9
6,157.9
6,157.9
0,157.9
0,157.9
1,154.4
1,154.4
2,154.4
2,154.4
3,154.4
3,154.4
4,147.9
4,147.9
5,147.9
5,147.9
6,147.9
6,147.9
0,147.9
0,147.9
1,147.9
1,147.9
2,147.9
2,147.9
3,147.9
3,147.9
4,147.9
4,147.9
5,147.9
5,147.9
6,147.9
6,147.9
0,147.9
0,147.9
1,147.9
1,147.9
2,147.9
2,147.9
3,147.9
3,147.9
4,147.9
4,147.9
5,147.9
5,147.9
6,147.9
6,147.9
0,147.9
0,147.9
1,147.9
1,147.9
2,147.9
2,147.9
3,147.9
3,147.9
4,147.9
4,147.9
5,147.9
5,147.9
6,147.9
6,147.9
0,147.9
0,147.9
1,147.9
1,147.9
2,147.9
2,147.9
3,147.9
3,147.9
4,147.9
4,147.9
5,147.9
5,147.9
6,147.9
6,147.9
0,147.9
0,147.9
1,147.9
1,147.9
2,147.9
2,147.9
3,147.9
3,147.9
4,147.9
4,147.9
5,147.9
5,147.9
6,147.9
6,147.9
0,147.9
0,147.9
1,147.9
1,147.9
2,147.9
2,147.9
3,147.9
3,147.9
4,147.9
4,147.9
5,147.9
5,147.9
6,147.9
6,147.9
0,147.9
0,147.9
1,147.9
1,147.9
2,147.9
2,147.9
3,147.9
3,147.9
4,167.9
4,167.9
5,167.9
5,167.9
6,167.9
6,167.9
0,167.9
0,167.9
1,167.9
1,167.9
2,167.9
2,167.9
3,167.9
3,167.9
4,167.9
4,167.9
5,167.9
5,167.9
6,167.9
6,167.9
0,167.9
0,167.9
1,167.9
1,167.9
2,167.9
2,167.9
3,167.9
3,167.9
4,167.9
4,167.9
5,167.9
5,167.9
6,167.9
6,167.9
0,167.9
0,167.9
1,167.9
1,167.9
2,167.9
2,167.9
3,167.9
3,167.9
4,158.9
4,158.9
5,158.9
5,158.9
6,158.9
6,154.3
0,154.3
0,154.3
1,154.3
1,154.3
2,154.3
2,154.3
3,154.3
3,154.3
4,154.3
4,154.3
5,154.3
5,154.3
6,154.3
6,154.3
0,154.3
0,154.3
1,154.3
1,154.3
2,154.3
2,154.3
3,154.3
3,154.3
4,154.3
4,154.3
5,154.3
5,154.3
6,154.3
6,154.3
0,154.3
0,154.3
1,154.3
1,154.3
2,154.3
2,154.3
3,154.3
3,154.3
4,154.3
4,154.3
5,154.3
5,154.3
6,154.3
6,154.3
0,154.3
0,154.3
1,154.3
1,154.3
2,154.3
2,154.3
3,173.4
3,173.4
4,173.4
4,173.4
5,173.4
5,173.4
6,173.4
6,173.4
0,173.4
0,173.4
1,173.4
1,173.4
2,173.4
2,173.4
3,173.4
3,173.4
4,173.4
4,173.4
5,173.4
5,173.4
6,173.4
6,173.4
0,173.4
0,173.4
1,173.4
1,173.4
2,173.4
2,173.4
3,173.4
3,173.4
4,173.4
4,173.4
5,173.4
5,173.4
6,173.4
6,173.4
0,173.4
0,173.4
1,173.4
1,173.4
2,173.4
2,173.4
3,173.4
3,173.4
4,173.4
4,173.4
5,173.4
5,173.4
6,173.4
6,173.4
0,173.4
0,173.4
1,173.4
1,173.4
2,173.4
2,173.4
3,173.4
3,173.4
4,173.4
4,173.4
5,173.4
5,173.4
6,173.4
6,173.4
0,173.4
0,173.4
1,173.4
1,173.4
2,173.4
2,173.4
3,173.4
3,173.4
4,173.4
4,173.4
5,173.4
5,173.4
6,173.4
6,173.4
0,173.4
0,173.4
1,173.4
1,173.4
2,173.4
2,173.4
3,173.4
3,173.4
4,173.4
4,173.4
5,173.4
5,173.4
6,173.4
6,173.4
0,173.4
0,173.4
1,173.4
1,173.4
2,173.4
2,173.4
3,173.4
3,173.4
4,173.4
4,173.4
5,173.4
5,173.4
6,173.4
6,173.4
0,173.4
0,173.4
1,173.4
1,164.9
2,164.9
2,164.9
3,164.9
3,164.9
4,164.9
4,164.9
5,164.9
5,164.9
6,164.9
6,164.9
0,164.9
0,164.9
1,164.9
1,164.9
2,164.9
2,164.9
3,164.9
3,164.9
4,164.9
4,164.9
5,164.9
5,164.9
6,164.9
6,164.9
0,164.9
0,164.9
1,164.9
1,164.9
2,164.9
2,164.9
3,164.9
3,164.9
4,164.9
4,164.9
5,164.9
5,164.9
6,164.9
6,164.9
0,164.9
0,164.9
1,164.9
1,164.9
2,164.9
2,164.9
3,164.9
3,164.9
4,164.9
4,164.9
5,164.9
5,164.9
6,164.9
6,164.9
0,164.9
0,164.9
1,164.9
1,164.9
2,164.9
2,164.9
3,164.9
3,164.9
4,164.9
4,164.9
5,164.9
5,164.9
6,164.9
6,164.9
0,164.9
0,164.9
1,164.9
1,164.9
2,164.9
2,164.9
3,164.9
3,164.9
4,164.9
4,164.9
5,164.9
5,164.9
6,164.9
6,164.9
0,164.9
0,164.9
1,164.9
1,164.9
2,164.9
2,164.9
3,164.9
3,164.9
4,164.9
4,164.9
5,164.9
5,164.9
6,164.9
6,164.9
0,164.9
0,164.9
1,164.9
1,164.9
2,164.9
2,164.9
3,164.9
3,164.9
4,164.9
4,164.9
5,164.9
5,164.9
6,164.9
6,164.9
0,164.9
0,164.9
1,164.9
1,164.9
2,164.9
2,164.9
3,164.9
3,164.9
4,164.9
4,164.9
5,164.9
5,164.9
6,164.9
6,164.9
0,164.9
0,164.9
1,164.9
1,164.9
2,164.9
2,164.9
3,164.9
3,164.9
4,164.9
4,164.9
5,164.9
5,164.9
6,164.9
6,164.9
0,164.9
0,174.9
1,174.9
1,174.9
2,174.9
2,174.9
3,174.9
3,174.9
4,174.9
4,174.9
5,174.9
5,174.9
6,174.9
6,174.9
0,174.9
0,174.9
1,174.9
1,174.9
2,174.9
2,174.9
3,174.9
3,174.9
4,174.9
4,174.9
5,174.9
5,174.9
6,174.9
6,174.9
0,174.9
0,174.9
1,174.9
1,174.9
2,174.9
2,174.9
3,174.9
3,174.9
4,174.9
4,174.9
5,174.9
5,174.9
6,174.9
6,174.9
