0,0
0,0
1,0
1,0
2,138.7
2,134.5
3,133.2
3,132.5
4,132.5
4,132.5
5,132.5
5,132.5
6,132.5
6,132.5
0,129.9
0,129.5
1,128.9
1,128.9
2,127.7
2,127.7
3,126.5
3,125.7
4,124.9
4,124.5
5,123.9
5,123.5
6,122.7
6,122.4
0,121.9
0,121.5
1,120.55
1,120.55
2,120.55
2,117.7
3,117.7
3,117.7
4,117.1
4,117.1
5,117.1
5,117.1
6,117.1
6,117.1
0,116.4
0,116.4
1,116.4
1,116.4
2,116.4
2,116.4
3,116.4
3,116.4
4,116.4
4,116.4
5,116.4
5,116.4
6,116.4
6,116.4
0,116.4
0,116.4
1,116.4
1,116.4
2,116.4
2,116.4
3,116.4
3,116.4
4,116.4
4,116.4
5,116.4
5,116.4
6,116.4
6,116.4
0,116.4
0,141.4
1,141.4
1,141.4
2,141.4
2,141.4
3,141.4
3,141.4
4,141.4
4,141.4
5,141.4
5,141.4
6,141.4
6,141.4
0,141.4
0,141.4
1,141.4
1,141.4
2,141.4
2,141.4
3,141.4
3,135.9
4,134.9
4,134.9
5,134.9
5,134.9
6,134.9
6,133.7
0,133.7
0,133.7
1,133.7
1,131.9
2,125.3
2,125.3
3,125.3
3,123.5
4,123.4
4,123.3
5,123.3
5,123.4
6,123.4
6,123.3
0,123.3
0,123.15
1,123.15
1,122.6
2,122.6
2,122.6
3,122.6
3,122.6
4,122.6
4,122.6
5,122.6
5,122.6
6,122.6
6,122.6
0,122.6
0,122.6
1,122.6
1,122.6
2,122.6
2,122.6
3,122.6
3,122.6
4,122.6
4,122.6
5,122.6
5,122.6
6,122.6
6,122.6
0,122.6
0,122.6
1,122.6
1,122.6
2,122.6
2,122.6
3,122.6
3,122.6
4,122.6
4,122.6
5,122.6
5,122.6
6,122.6
6,122.6
0,122.6
0,122.6
1,122.6
1,122.6
2,122.6
2,122.6
3,122.6
3,122.6
4,122.6
4,122.6
5,122.6
5,122.6
6,122.6
6,122.6
0,122.6
0,122.6
1,122.6
1,122.6
2,122.6
2,122.6
3,122.6
3,122.6
4,122.6
4,122.6
5,122.6
5,122.6
6,122.6
6,122.6
0,122.6
0,122.6
1,122.6
1,122.6
2,122.6
2,122.6
3,122.6
3,122.6
4,122.6
4,122.6
5,122.6
5,122.6
6,122.6
6,122.6
0,122.6
0,122.6
1,122.6
1,122.6
2,122.6
2,122.6
3,122.6
3,122.6
4,122.6
4,122.6
5,122.6
5,122.6
6,122.6
6,122.6
0,122.6
0,122.6
1,122.6
1,122.6
2,122.6
2,122.6
3,122.6
3,122.6
4,122.6
4,122.6
5,122.6
5,122.6
6,122.6
6,122.6
0,122.6
0,122.6
1,122.6
1,122.6
2,122.6
2,122.6
3,122.6
3,122.6
4,122.6
4,122.6
5,122.6
5,122.6
6,122.6
6,122.6
0,122.6
0,122.6
1,122.6
1,122.6
2,122.6
2,122.6
3,122.6
3,122.6
4,122.6
4,122.6
5,122.6
5,122.6
6,122.6
6,122.6
0,122.6
0,122.6
1,122.6
1,122.6
2,122.6
2,122.6
3,122.6
3,122.6
4,122.6
4,122.6
5,122.6
5,122.6
6,122.6
6,122.6
0,122.6
0,157.9
1,157.9
1,157.9
2,157.9
2,157.9
3,157.9
3,157.9
4,157.9
4,157.9
5,157.9
5,157.9
6,157.9
6,157.9
0,157.9
0,157.9
1,157.9
1,157.9
2,157.9
2,157.9
3,157.9
3,157.9
4,157.9
4,157.9
5,157.9
5,157.9
6,157.9
6,157.9
0,157.9
0,157.9
1,157.9
1,157.9
2,157.9
2,157.9
3,157.9
3,157.9
4,157.9
4,157.9
5,157.9
5,157.9
6,157.9
6,157.9
0,157.9
0,157.9
1,157.9
1,157.9
2,157.9
2,157.9
3,157.9
3,157.9
4,157.9
4,157.9
5,157.9
5,157.9
6,157.9
6,157.9
0,157.9
0,157.9
1,157.9
1,157.9
2,157.9
2,157.9
3,157.9
3,157.9
4,157.9
4,157.9
5,157.9
5,157.9
6,157.9
6,157.9
0,155.5
0,155.5
1,155.5
1,155.5
2,155.5
2,155.5
3,155.5
3,155.5
4,155.5
4,165.9
5,165.9
5,165.9
6,165.9
6,165.9
0,165.9
0,165.9
1,165.9
1,165.9
2,165.9
2,165.9
3,165.9
3,165.9
4,165.9
4,165.9
5,165.9
5,165.9
6,165.9
6,165.9
0,162.9
0,162.9
1,162.9
1,162.9
2,162.9
2,162.9
3,162.9
3,162.9
4,162.9
4,162.9
5,161.9
5,161.9
6,161.9
6,161.9
0,161.9
0,161.9
1,161.9
1,161.9
2,161.9
2,161.9
3,161.9
3,161.9
4,161.9
4,161.9
5,161.9
5,161.9
6,161.9
6,161.9
0,161.9
0,161.9
1,161.9
1,161.9
2,161.9
2,161.7
3,161.7
3,161.7
4,159.7
4,159.7
5,159.7
5,159.7
6,159.7
6,159.7
0,159.7
0,159.7
1,159.7
1,159.7
2,156.7
2,156.7
3,152.7
3,152.5
4,152.5
4,152.5
5,152.5
5,152.5
6,152.5
6,152.5
0,152.5
0,152.5
1,151.5
1,151.5
2,151.5
2,151.5
3,151.5
3,151.5
4,151.5
4,151.5
5,151.5
5,151.5
6,151.5
6,151.5
0,150.5
0,150.5
1,150.5
1,150.5
2,150.5
2,150.5
3,150.5
3,150.5
4,150.5
4,150.5
5,150.5
5,162.9
6,162.9
6,162.9
0,162.9
0,162.9
1,162.9
1,162.9
2,162.9
2,162.9
3,162.9
3,162.9
4,162.9
4,162.9
5,162.9
5,162.9
6,162.9
6,162.9
0,162.9
0,162.9
1,162.9
1,162.9
2,162.9
2,162.9
3,162.3
3,161.9
4,161.9
4,161.9
5,161.9
5,161.9
6,161.7
6,161.7
0,161.7
0,161.5
1,161.5
1,161.5
2,161.5
2,161.5
3,161.5
3,161.5
4,157.9
4,157.9
5,157.7
5,157.7
6,157.7
6,157.7
0,157.3
0,157.3
1,156.9
1,156.9
2,156.5
2,156.5
3,156.5
3,156.5
4,156.5
4,154.9
5,154.9
5,154.9
6,154.7
6,154.7
0,154.7
0,154.5
1,154.5
1,154.5
2,154.5
2,154.5
3,154.5
3,154.5
4,154.5
4,154.5
5,154.5
5,154.5
6,154.5
6,154.5
0,154.5
0,154.5
1,153.9
1,152.9
2,152.9
2,152.9
3,152.9
3,152.9
4,152.9
4,152.9
5,152.9
5,152.9
6,152.9
6,152.9
0,152.9
0,152.9
1,152.9
1,152.9
2,152.9
2,152.9
3,152.9
3,162.9
4,162.9
4,162.9
5,162.9
5,162.9
6,162.9
6,162.9
0,162.9
0,162.9
1,162.9
1,162.9
2,162.9
2,162.9
3,161.9
3,161.9
4,161.9
4,161.9
5,159.5
5,159.5
6,159.5
6,159.5
0,159.5
0,159.5
1,159.5
1,159.5
2,157.3
2,157.3
3,157.3
3,154.9
4,154.9
4,154.9
5,154.9
5,154.9
6,154.9
6,154.9
0,154.9
0,154.9
1,152.9
1,152.9
2,151.9
2,151.9
3,151.9
3,151.9
4,151.9
4,151.9
5,151.9
5,151.9
6,150.9
6,150.9
0,150.9
0,150.9
1,150.9
1,150.9
2,150.9
2,150.9
3,150.9
3,150.9
4,150.9
4,150.9
5,150.9
5,150.9
6,150.9
6,150.9
0,150.9
0,150.9
1,150.9
1,150.9
2,150.9
2,150.9
3,150.9
3,150.9
4,150.9
4,150.9
5,150.9
5,150.9
6,150.9
6,150.9
0,143.7
0,143.7
1,143.7
1,143.7
2,143.7
2,143.7
3,143.7
3,164.9
4,164.9
4,164.9
5,164.9
5,164.9
6,164.9
6,164.9
0,164.9
0,164.9
1,164.9
1,164.9
2,164.9
2,164.9
3,164.9
3,164.9
4,162.9
4,162.9
5,162.9
5,162.9
6,162.9
6,162.9
0,162.9
0,162.9
1,162.9
1,162.9
2,162.9
2,162.9
3,151.9
3,151.9
4,151.9
4,149.9
5,149.9
5,149.9
6,149.9
6,149.9
0,149.9
0,149.9
1,149.9
1,149.9
2,149.9
2,149.9
3,149.9
3,149.9
4,149.9
4,141.7
5,141.7
5,141.7
6,141.7
6,141.7
0,141.7
0,141.7
1,141.7
1,141.7
2,141.7
2,141.7
3,141.7
3,141.7
4,141.7
4,141.7
5,141.7
5,141.7
6,141.7
6,141.7
0,141.7
0,141.7
1,141.7
1,141.7
2,138.4
2,138.4
3,138.4
3,138.4
4,135.7
4,135.7
5,135.7
5,135.7
6,135.7
6,135.7
0,135.7
0,135.7
1,135.7
1,135.7
2,155.9
2,155.9
3,155.9
3,155.9
4,155.9
4,155.9
5,155.9
5,155.9
6,155.9
6,155.9
0,155.9
0,155.9
1,155.9
1,155.9
2,155.4
2,155.4
3,154.9
3,154.9
4,154.9
4,153.9
5,153.9
5,153.9
6,153.9
6,153.9
0,153.9
0,153.9
1,153.9
1,153.9
2,153.9
2,153.9
3,153.4
3,153.4
4,150.9
4,147.9
5,147.9
5,147.9
6,147.9
6,147.9
0,147.9
0,147.9
1,145.9
1,145.9
2,145.9
2,145.9
3,142.4
3,140.7
4,140.7
4,140.7
5,140.7
5,140.7
6,140.7
6,140.7
0,139.7
0,138.5
1,137.9
1,137.9
2,137.9
2,137.9
3,136.9
3,135.9
4,135.9
4,135.9
5,135.9
5,135.9
6,135.9
6,135.9
0,135.9
0,135.9
1,162.9
1,162.9
2,162.9
2,162.9
3,162.9
3,162.9
4,162.9
4,162.9
5,162.9
5,161.9
6,161.9
6,161.9
0,161.9
0,161.9
1,161.65
1,161.65
2,161.65
2,161.65
3,158.9
3,158.9
4,158.9
4,157.9
5,157.9
5,155.9
6,155.7
6,155.7
0,155.7
0,155.7
1,155.3
1,155.3
2,154.7
2,154.7
3,154.7
3,154.7
4,154.7
4,154.7
5,153.7
5,153.7
6,139.7
6,139.7
0,139.7
0,139.7
1,139.7
1,139.7
2,139.7
2,139.7
3,139.7
3,139.7
4,139.7
4,139.7
5,139.7
5,139.7
6,139.7
6,139.7
0,139.7
0,139.7
1,139.7
1,139.7
2,139.7
2,139.7
3,139.7
3,139.7
4,139.7
4,139.7
5,139.7
5,139.7
6,165.9
6,165.9
0,165.9
0,165.9
1,165.9
1,165.9
2,165.9
2,165.9
3,162.9
3,162.9
4,160.5
4,160.5
5,160.5
5,160.5
6,160.5
6,160.5
0,160.5
0,160.5
1,160.5
1,160.5
2,160.5
2,160.5
3,160.5
3,159.9
4,159.9
4,159.9
5,159.9
5,159.9
6,158.7
6,158.7
0,158.7
0,158.7
1,158.5
1,158.5
2,154.9
2,154.9
3,154.9
3,154.9
4,154.9
4,154.9
5,154.9
5,154.9
6,154.9
6,154.9
0,154.9
0,154.9
1,154.9
1,154.3
2,154.3
2,154.3
3,154.3
3,154.3
4,154.3
4,154.3
5,154.3
5,154.3
6,165.9
6,165.9
0,165.9
0,165.9
1,165.9
1,165.9
2,165.9
2,165.9
3,165.9
3,165.9
4,165.9
4,165.9
5,165.9
5,165.9
6,165.9
6,165.9
0,165.9
0,165.9
1,165.9
1,165.9
2,165.9
2,163.5
3,163.5
3,163.5
4,163.5
4,162.9
5,162.9
5,162.9
6,162.9
6,162.9
0,162.9
0,162.9
1,162.9
1,162.9
2,162.9
2,162.9
3,162.9
3,162.9
4,162.9
4,162.9
5,162.9
5,162.9
6,162.9
6,162.9
0,162.9
0,162.9
1,172.9
1,172.9
2,172.9
2,172.9
3,172.9
3,172.9
4,172.9
4,172.9
5,172.9
5,172.9
6,172.9
6,172.9
0,172.9
0,172.9
1,172.9
1,172.9
2,172.9
2,172.9
3,172.9
3,172.9
4,172.9
4,172.9
5,172.9
5,172.9
6,172.9
6,172.9
0,172.9
0,172.9
1,172.9
1,172.9
2,172.9
2,172.9
3,172.9
3,172.9
4,172.9
4,172.9
5,172.9
5,172.9
6,172.9
6,172.9
0,172.9
0,172.9
1,171.9
1,170.7
2,170.7
2,170.7
3,170.7
3,169.7
4,172.9
4,172.9
5,172.9
5,172.9
6,172.9
6,172.9
0,172.9
0,172.9
1,172.9
1,172.9
2,172.9
2,172.9
3,172.9
3,172.9
4,172.9
4,172.9
5,172.9
5,172.9
6,172.9
6,172.9
0,172.9
0,172.9
1,172.9
1,172.9
2,172.9
2,172.9
3,172.9
3,172.9
4,172.9
4,172.9
5,172.9
5,172.9
6,172.9
6,172.9
0,172.9
0,172.9
1,172.9
1,172.9
2,172.9
2,172.9
3,172.9
3,172.9
4,172.9
4,172.7
5,172.7
5,172.7
6,172.7
6,172.5
0,172.5
0,172.5
1,172.5
1,172.3
2,171.3
2,171.3
3,171.3
3,170.9
4,170.9
4,170.9
5,170.7
5,170.7
6,170.7
6,170.7
0,169.9
0,169.7
1,169.5
1,169.5
2,169.5
2,169.5
3,169.5
3,169.5
4,169.5
4,169.5
5,169.5
5,169.5
6,169.5
6,169.5
0,169.5
0,169.5
1,169.5
1,169.5
2,169.5
2,169.5
3,169.5
3,172.9
4,172.9
4,172.9
5,172.9
5,172.9
6,172.9
6,172.9
0,172.9
0,172.9
1,172.9
1,172.9
2,172.9
2,172.9
3,172.9
3,172.9
4,172.9
4,172.9
5,172.9
5,172.9
6,172.9
6,172.9
0,172.9
0,172.9
1,172.9
1,172.9
2,172.9
2,172.9
3,170.9
3,170.9
4,170.9
4,170.9
5,170.7
5,168.7
6,168.7
6,168.7
0,168.7
0,166.5
1,166.5
1,166.5
2,166.5
2,166.5
3,166.5
3,166.5
4,166.5
4,166.5
5,162.5
5,162.5
6,162.5
6,162.5
0,162.5
0,162.5
1,162.5
1,162.5
2,162.5
2,162.5
3,160.9
3,160.9
4,160.9
4,160.9
5,160.9
5,160.9
6,174.9
6,174.9
0,174.9
0,172.9
1,172.9
1,172.9
2,172.9
2,172.9
3,172.9
3,172.9
4,172.9
4,172.9
5,172.9
5,172.9
6,172.9
6,172.9
0,172.9
0,172.9
1,172.9
1,172.9
2,172.9
2,172.9
3,172.9
3,172.9
4,172.9
4,162.9
5,162.9
5,162.9
6,162.9
6,162.9
0,162.9
0,162.9
1,162.9
1,162.9
2,154.9
2,154.9
3,154.9
3,154.9
4,154.9
4,154.9
5,154.9
5,154.9
6,154.9
6,154.9
0,154.9
0,154.9
1,154.9
1,154.9
2,154.9
2,154.9
3,154.9
3,154.9
4,154.9
4,154.7
5,154.7
5,154.7
6,154.7
6,154.7
0,154.7
0,154.7
1,154.7
1,154.7
2,154.7
2,154.7
3,154.7
3,154.7
4,154.7
4,172.9
5,172.9
5,172.9
6,172.9
6,172.9
0,172.9
0,172.9
1,172.9
1,172.9
2,172.9
2,172.9
3,172.9
3,172.9
4,172.9
4,172.9
5,172.9
5,172.9
6,172.9
6,172.9
0,172.9
0,172.9
1,171.9
1,171.9
2,171.9
2,171.9
3,171.9
3,171.9
4,169.9
4,169.9
5,166.9
5,166.9
6,166.9
6,166.9
0,166.9
0,166.9
1,166.9
1,166.9
2,166.9
2,166.9
3,166.9
3,166.9
4,166.9
4,166.9
5,166.9
5,166.9
6,166.9
6,166.9
0,166.9
0,158.9
1,158.9
1,158.9
2,158.9
2,158.9
3,158.9
3,158.9
4,158.9
4,158.9
5,179.9
5,179.9
6,179.9
6,179.9
0,179.9
0,179.9
1,179.9
1,179.9
2,179.9
2,179.9
3,179.9
3,179.9
4,179.9
4,179.9
5,179.9
5,179.9
6,179.9
6,179.9
