0,0
0,131.7
1,131.7
1,129.7
2,129.6
2,129.5
3,128.35000000000002
3,126.9
4,126.9
4,126.6
5,126.6
5,125.9
6,125.9
6,124.9
0,124.9
0,122.9
1,122.9
1,122.7
2,121.9
2,121.9
3,121.9
3,120.7
4,119.9
4,119.9
5,119.9
5,119.9
6,119.4
6,119.4
0,118.9
0,118.9
1,133.65
1,133.65
2,133.65
2,133.65
3,133.65
3,133.65
4,133.65
4,133.65
5,133.65
5,133.65
6,133.65
6,133.65
0,133.65
0,146.9
1,146.9
1,146.9
2,146.9
2,145.9
3,142.05
3,140.9
4,137.9
4,137.9
5,137.9
5,137.9
6,137.9
6,137.9
0,137.9
0,137.9
1,137.9
1,130.9
2,130.9
2,130.9
3,128.5
3,125.5
4,125.5
4,124.9
5,124.9
5,124.9
6,124.9
6,124.9
0,124.9
0,124.4
1,124.4
1,122.9
2,150.9
2,150.9
3,150.9
3,150.9
4,148.9
4,148.9
5,148.9
5,147.9
6,147.9
6,146.9
0,146.9
0,144.9
1,142.9
1,142.9
2,142.9
2,140.9
3,140.9
3,138.9
4,138.9
4,138.9
5,138.9
5,138.9
6,136.9
6,136.9
0,136.9
0,134.9
1,134.9
1,134.9
2,134.9
2,128.9
3,128.9
3,128.9
4,152.9
4,152.9
5,152.9
5,152.9
6,152.9
6,152.9
0,152.9
0,152.9
1,152.9
1,150.9
2,150.9
2,150.9
3,150.9
3,150.9
4,150.9
4,150.9
5,150.9
5,150.9
6,150.9
6,150.9
0,150.9
0,150.9
1,150.9
1,150.9
2,150.9
2,150.9
3,150.9
3,150.9
4,150.9
4,150.9
5,150.9
5,150.9
6,150.9
6,150.9
0,150.9
0,150.9
1,150.9
1,150.9
2,150.9
2,150.9
3,150.9
3,150.9
4,150.9
4,150.9
5,150.9
5,150.9
6,150.9
6,150.9
0,150.9
0,150.9
1,150.9
1,150.9
2,150.9
2,150.9
3,150.9
3,150.9
4,150.9
4,150.9
5,150.9
5,150.9
6,150.9
6,150.9
0,150.9
0,150.9
1,150.9
1,150.9
2,150.9
2,150.9
3,150.9
3,150.9
4,150.9
4,150.9
5,150.9
5,150.9
6,150.9
6,150.9
0,150.9
0,150.9
1,150.9
1,150.9
2,150.9
2,150.9
3,150.9
3,150.9
4,150.9
4,150.9
5,150.9
5,150.9
6,150.9
6,150.9
0,150.9
0,150.9
1,150.9
1,150.9
2,150.9
2,150.9
3,150.9
3,150.9
4,150.9
4,150.9
5,150.9
5,150.9
6,150.9
6,150.9
0,150.9
0,150.9
1,150.9
1,150.9
2,150.9
2,150.9
3,150.9
3,150.9
4,150.9
4,150.9
5,150.9
5,150.9
6,150.9
6,150.9
0,150.9
0,150.9
1,150.9
1,150.9
2,150.9
2,150.9
3,150.9
3,150.9
4,150.9
4,150.9
5,150.9
5,150.9
6,150.9
6,150.9
0,150.9
0,150.9
1,150.9
1,150.9
2,150.9
2,150.9
3,150.9
3,150.9
4,150.9
4,150.9
5,150.9
5,155.9
6,155.9
6,155.9
0,155.9
0,155.9
1,155.9
1,155.9
2,155.9
2,155.9
3,155.9
3,155.9
4,155.9
4,155.9
5,155.9
5,155.9
6,155.9
6,155.9
0,155.9
0,155.9
1,153.9
1,153.9
2,153.9
2,153.9
3,153.9
3,153.9
4,153.9
4,153.9
5,153.9
5,153.9
6,153.9
6,153.9
0,153.9
0,153.9
1,153.9
1,153.9
2,151.9
2,151.9
3,151.9
3,151.9
4,150.9
4,150.9
5,150.9
5,150.9
6,150.9
6,150.9
0,150.9
0,148.15
1,148.15
1,148.15
2,148.15
2,148.15
3,148.15
3,148.15
4,148.15
4,148.15
5,148.15
5,148.15
6,148.15
6,148.15
0,148.15
0,148.15
1,148.15
1,148.15
2,148.15
2,148.15
3,166.9
3,166.9
4,166.9
4,166.9
5,166.9
5,166.9
6,166.9
6,166.9
0,166.9
0,166.9
1,166.9
1,166.9
2,166.9
2,166.9
3,166.9
3,166.9
4,166.9
4,166.9
5,166.9
5,166.9
6,166.9
6,166.9
0,166.9
0,166.9
1,166.9
1,166.9
2,161.3
2,161.3
3,160.10000000000002
3,158.9
4,158.9
4,158.9
5,158.9
5,158.9
6,158.9
6,158.9
0,152.9
0,152.9
1,149.9
1,147.9
2,145.9
2,145.9
3,145.9
3,145.9
4,145.9
4,145.9
5,145.9
5,145.9
6,145.9
6,145.9
0,145.9
0,145.9
1,145.9
1,145.9
2,145.9
2,145.9
3,145.9
3,145.9
4,145.9
4,145.9
5,145.9
5,145.9
6,145.9
6,145.9
0,145.9
0,145.9
1,144.9
1,144.9
2,144.9
2,144.9
3,144.9
3,144.9
4,144.9
4,144.9
5,144.9
5,144.9
6,144.9
6,144.9
0,144.9
0,144.9
1,144.9
1,144.9
2,144.9
2,144.9
3,144.9
3,167.9
4,167.9
4,167.9
5,167.9
5,167.9
6,167.9
6,167.9
0,167.9
0,167.9
1,167.9
1,167.9
2,166.9
2,166.9
3,164.9
3,164.9
4,164.9
4,164.9
5,164.9
5,164.9
6,164.9
6,164.9
0,164.9
0,164.9
1,151.5
1,151.5
2,151.5
2,151.5
3,151.5
3,151.5
4,151.5
4,151.5
5,151.5
5,151.5
6,151.5
6,151.5
0,151.5
0,151.5
1,151.5
1,151.5
2,151.5
2,151.5
3,150.1
3,150.1
4,150.1
4,148.9
5,148.9
5,148.9
6,139.7
6,146.7
0,146.7
0,146.7
1,146.7
1,146.7
2,146.7
2,146.7
3,146.7
3,146.7
4,146.7
4,146.7
5,146.7
5,146.7
6,142.7
6,141.7
0,141.7
0,140.7
1,140.7
1,139.7
2,138.9
2,138.9
3,138.9
3,138.9
4,138.9
4,138.9
5,138.9
5,138.9
6,137.7
6,137.7
0,137.7
0,137.7
1,137.7
1,137.7
2,137.7
2,137.7
3,137.7
3,134.9
4,134.9
4,134.9
5,133.7
5,133.7
6,133.7
6,132.7
0,132.7
0,132.7
1,132.7
1,132.7
2,132.7
2,132.7
3,132.7
3,132.7
4,132.7
4,132.7
5,132.7
5,162.9
6,162.9
6,162.9
0,162.9
0,162.9
1,162.9
1,162.9
2,162.9
2,162.9
3,162.9
3,162.9
4,159.9
4,159.9
5,159.9
5,159.9
6,154.5
6,152.7
0,152.7
0,152.5
1,152.5
1,152.5
2,152.5
2,152.5
3,152.5
3,152.5
4,152.5
4,152.5
5,152.5
5,152.5
6,152.5
6,152.5
0,152.5
0,150.9
1,150.9
1,150.9
2,150.9
2,150.9
3,150.9
3,150.9
4,150.9
4,150.9
5,150.9
5,150.9
6,150.9
6,150.9
0,150.9
0,150.9
1,150.9
1,150.9
2,150.9
2,150.9
3,150.9
3,150.9
4,150.9
4,150.9
5,150.9
5,150.9
6,150.9
6,150.9
0,150.9
0,162.9
1,162.9
1,162.9
2,162.9
2,162.9
3,162.9
3,154.4
4,154.4
4,154.4
5,152.9
5,151.9
6,151.9
6,150.9
0,148.7
0,146.2
1,144.9
1,144.9
2,144.9
2,144.9
3,144.9
3,144.9
4,144.9
4,144.9
5,143.9
5,143.9
6,143.9
6,143.9
0,143.9
0,143.9
1,143.9
1,143.9
2,143.9
2,143.9
3,143.9
3,143.9
4,143.9
4,143.9
5,164.9
5,164.9
6,164.9
6,164.9
0,164.9
0,164.9
1,164.9
1,164.9
2,164.9
2,164.9
3,164.9
3,164.9
4,164.9
4,164.9
5,164.9
5,164.9
6,164.9
6,164.9
0,164.9
0,164.9
1,164.9
1,162.9
2,162.9
2,162.9
3,155.9
3,155.9
4,150.9
4,150.9
5,150.9
5,150.9
6,150.9
6,148.9
0,148.9
0,148.9
1,148.9
1,146.9
2,146.9
2,146.9
3,146.9
3,146.9
4,146.9
4,146.9
5,146.9
5,146.9
6,146.9
6,146.9
0,146.9
0,146.9
1,146.9
1,146.9
2,146.9
2,146.9
3,146.9
3,146.9
4,134.9
4,134.9
5,134.9
5,134.9
6,134.9
6,134.9
0,132.9
0,132.9
1,132.9
1,132.9
2,132.9
2,129.7
3,129.7
3,128.7
4,128.7
4,128.7
5,128.7
5,128.7
6,128.7
6,128.7
0,128.7
0,128.7
1,128.7
1,128.7
2,128.7
2,128.7
3,154.9
3,154.9
4,154.9
4,154.9
5,154.9
5,154.9
6,154.9
6,154.9
0,154.9
0,154.9
1,154.9
1,154.9
2,154.9
2,154.9
3,154.9
3,154.9
4,149.7
4,147.5
5,147.5
5,147.5
6,144.5
6,144.5
0,141.5
0,141.5
1,140.7
1,140.5
2,138.7
2,138.7
3,138.7
3,138.7
4,138.7
4,138.7
5,136.9
5,136.9
6,135.8
6,133.7
0,133.7
0,133.7
1,133.7
1,133.7
2,133.2
2,133.2
3,132.7
3,132.7
4,132.1
4,132.1
5,131.0
5,131.0
6,130.5
6,130.5
0,130.5
0,130.5
1,130.5
1,130.5
2,130.5
2,130.5
3,129.7
3,129.7
4,128.9
4,128.9
5,128.9
5,128.9
6,128.9
6,128.9
0,128.9
0,128.9
1,143.4
1,143.4
2,143.4
2,143.4
3,157.9
3,157.9
4,155.4
4,155.4
5,155.4
5,155.4
6,155.4
6,155.4
0,155.4
0,155.4
1,151.9
1,151.9
2,151.9
2,151.9
3,151.9
3,147.9
4,147.9
4,147.9
5,147.9
5,147.9
6,140.5
6,139.9
0,139.9
0,139.9
1,139.9
1,139.9
2,139.9
2,136.5
3,136.5
3,136.5
4,136.5
4,136.5
5,136.5
5,136.5
6,134.5
6,134.5
0,134.5
0,133.5
1,133.5
1,133.5
2,133.5
2,133.5
3,133.5
3,133.5
4,131.4
4,131.4
5,131.4
5,131.4
6,131.4
6,131.4
0,148.65
0,148.65
1,165.9
1,165.9
2,165.9
2,163.7
3,163.7
3,163.7
4,163.7
4,163.7
5,157.9
5,157.9
6,157.9
6,157.9
0,155.9
0,155.9
1,155.9
1,155.9
2,150.7
2,149.9
3,148.65
3,148.65
4,148.65
4,145.15
5,143.7
5,143.7
6,143.7
6,143.7
0,142.5
0,142.5
1,141.95
1,140.9
2,140.9
2,140.9
3,140.9
3,140.9
4,139.7
4,137.5
5,136.9
5,136.9
6,136.7
6,136.7
0,136.7
0,135.7
1,135.7
1,135.7
2,135.7
2,135.7
3,135.7
3,135.7
4,135.7
4,135.7
5,135.7
5,135.7
6,135.7
6,135.7
0,135.7
0,135.7
1,164.9
1,164.9
2,164.9
2,164.9
3,161.5
3,161.5
4,161.5
4,161.5
5,161.5
5,161.5
6,152.5
6,152.5
0,152.5
0,152.5
1,149.5
1,149.5
2,149.5
2,144.7
3,144.7
3,144.7
4,144.7
4,144.7
5,144.7
5,144.7
6,144.7
6,144.7
0,144.7
0,144.7
1,144.7
1,144.7
2,144.7
2,144.7
3,142.5
3,142.5
4,142.5
4,167.9
5,167.9
5,167.9
6,167.9
6,167.9
0,167.9
0,167.9
1,167.9
1,167.9
2,164.9
2,164.9
3,164.9
3,164.9
4,164.9
4,164.9
5,164.9
5,164.9
6,164.9
6,164.9
0,164.9
0,164.9
1,164.9
1,164.9
2,164.9
2,164.9
3,164.9
3,164.9
4,164.9
4,164.9
5,164.9
5,164.9
6,164.9
6,164.9
0,164.9
0,158.9
1,158.9
1,158.9
2,158.9
2,152.9
3,152.9
3,152.9
4,152.9
4,152.9
5,152.9
5,152.9
6,172.9
6,172.9
0,172.9
0,172.9
1,172.9
1,172.9
2,172.9
2,172.9
3,172.9
3,172.9
4,172.9
4,172.9
5,172.9
5,172.9
6,172.9
6,172.9
0,172.9
0,172.9
1,172.9
1,172.9
2,160.9
2,160.9
3,160.9
3,160.9
4,160.9
4,160.9
5,160.9
5,160.9
6,160.9
6,160.9
0,160.9
0,160.9
1,160.9
1,160.9
2,150.9
2,150.9
3,150.9
3,150.9
4,150.9
4,150.9
5,150.7
5,150.7
6,150.7
6,150.7
0,150.7
0,150.7
1,147.7
1,147.7
2,147.7
2,147.7
3,173.4
3,173.4
4,173.4
4,173.4
5,173.4
5,173.4
6,173.4
6,173.4
0,173.4
0,173.4
1,173.4
1,173.4
2,173.4
2,173.4
3,173.4
3,173.4
4,173.4
4,173.4
5,173.4
5,173.4
6,173.4
6,173.4
0,173.4
0,173.4
1,165.9
1,165.9
2,165.9
2,165.9
3,159.9
3,159.9
4,159.9
4,159.9
5,159.9
5,159.9
6,159.9
6,159.9
0,159.9
0,159.9
1,159.9
1,159.9
2,159.9
2,159.9
3,156.9
3,156.9
4,156.9
4,156.9
5,156.9
5,156.9
6,156.9
6,156.9
0,156.9
0,156.9
1,156.9
1,156.9
2,156.9
2,156.9
3,156.9
3,156.9
4,156.9
4,173.4
5,173.4
5,173.4
6,173.4
6,173.4
0,173.4
0,173.4
1,173.4
1,173.4
2,173.4
2,173.4
3,173.4
3,173.4
4,173.4
4,173.4
5,173.4
5,173.4
6,173.4
6,173.4
0,173.4
0,173.4
1,173.4
1,173.4
2,173.4
2,173.4
3,173.4
3,173.4
4,173.4
4,173.4
5,173.4
5,173.4
6,173.4
6,173.4
0,173.4
0,173.4
1,173.4
1,158.9
2,158.9
2,158.9
3,158.9
3,158.9
4,158.9
4,158.9
5,158.9
5,158.9
6,158.9
6,154.9
0,154.9
0,154.9
1,154.9
1,154.9
2,154.9
2,154.9
3,154.9
3,154.9
4,154.9
4,154.9
5,146.9
5,146.9
6,146.9
6,146.9
0,146.9
0,146.9
1,146.9
1,146.9
2,146.9
2,146.9
3,146.9
3,146.9
4,146.9
4,146.9
5,146.9
5,146.9
6,146.9
6,146.9
0,146.9
0,146.9
1,146.9
1,174.9
2,174.9
2,174.9
3,174.9
3,174.9
4,174.9
4,174.9
5,174.9
5,174.9
6,174.9
6,174.9
0,174.9
0,174.9
1,174.9
1,174.9
2,174.9
2,174.9
3,171.9
3,171.9
4,171.9
4,171.9
5,154.9
5,164.9
6,164.9
6,164.9
0,164.9
0,164.9
1,164.9
1,164.9
2,164.9
2,154.9
3,154.9
3,154.9
4,154.9
4,154.9
5,154.9
5,154.9
6,154.9
6,154.9
0,154.9
0,147.9
1,147.9
1,147.9
2,147.9
2,147.9
3,147.9
3,147.9
4,147.9
4,147.9
5,174.9
5,172.9
6,172.9
6,172.9
0,172.9
0,172.9
1,172.9
1,172.9
2,172.9
2,172.9
3,172.9
3,172.9
4,172.9
4,172.9
5,172.9
5,172.9
6,166.9
6,166.9
0,166.9
0,166.9
1,166.9
1,166.9
2,166.9
2,166.9
3,153.5
3,153.5
4,153.5
4,153.5
5,153.5
5,153.5
6,153.5
6,153.5
0,153.5
0,153.5
1,153.5
1,153.5
2,146.9
2,146.9
3,146.9
3,146.9
4,146.9
4,146.9
5,146.9
5,146.9
6,146.9
6,146.9
0,146.9
0,146.9
1,146.9
1,146.9
2,146.9
2,146.9
3,146.9
3,146.9
4,176.4
4,176.4
5,176.4
5,176.4
6,176.4
6,176.4
0,176.4
0,176.4
1,176.4
1,176.4
2,176.4
2,176.4
3,176.4
3,176.4
4,172.9
4,172.9
5,172.9
5,172.9
6,172.9
6,172.9
0,172.9
0,172.9
1,172.9
1,172.9
2,172.9
2,169.9
3,169.9
3,169.9
4,169.9
4,169.9
5,168.9
5,168.9
6,168.9
6,168.9
0,168.9
0,168.9
1,168.9
1,168.9
2,168.9
2,168.9
3,179.9
3,179.9
4,179.9
4,179.9
5,179.9
5,179.9
6,179.9
6,179.9
