0,0
0,129.4
1,128.4
1,128.4
2,128.4
2,126.9
3,125.9
3,125.9
4,125.9
4,125.9
5,125.9
5,125.9
6,125.9
6,125.9
0,125.9
0,125.9
1,125.9
1,125.9
2,121.8
2,121.8
3,120.5
3,118.9
4,118.9
4,118.9
5,118.9
5,118.9
6,118.9
6,118.9
0,118.9
0,118.9
1,148.9
1,148.9
2,148.9
2,148.9
3,148.9
3,148.9
4,148.9
4,148.9
5,148.9
5,148.9
6,148.9
6,148.9
0,148.9
0,148.9
1,145.9
1,145.9
2,145.9
2,142.5
3,140.76666666666665
3,136.9
4,136.9
4,136.9
5,136.9
5,136.9
6,136.9
6,135.5
0,133.5
0,131.9
1,131.9
1,130.9
2,130.9
2,130.9
3,126.5
3,124.9
4,124.9
4,124.5
5,124.5
5,124.5
6,124.5
6,124.5
0,124.5
0,123.5
1,123.5
1,122.7
2,136.9
2,136.9
3,136.9
3,148.9
4,148.9
4,148.9
5,148.9
5,144.4
6,144.4
6,144.9
0,144.9
0,144.9
1,142.9
1,142.9
2,142.9
2,140.9
3,140.9
3,138.9
4,138.9
4,138.9
5,138.9
5,138.9
6,136.9
6,136.9
0,136.9
0,129.9
1,129.9
1,129.9
2,129.9
2,125.9
3,125.9
3,125.9
4,152.9
4,152.9
5,152.9
5,152.9
6,152.9
6,152.9
0,152.9
0,152.9
1,152.9
1,148.5
2,148.5
2,148.5
3,148.5
3,148.5
4,148.5
4,148.5
5,148.5
5,148.5
6,148.5
6,148.5
0,148.5
0,148.5
1,148.5
1,148.5
2,148.5
2,148.5
3,148.5
3,148.5
4,148.5
4,148.5
5,148.5
5,148.5
6,148.5
6,148.5
0,148.5
0,148.5
1,148.5
1,148.5
2,148.5
2,148.5
3,148.5
3,148.5
4,148.5
4,148.5
5,148.5
5,148.5
6,148.5
6,148.5
0,148.5
0,148.5
1,148.5
1,148.5
2,148.5
2,148.5
3,148.5
3,148.5
4,148.5
4,148.5
5,148.5
5,148.5
6,148.5
6,148.5
0,148.5
0,148.5
1,148.5
1,148.5
2,148.5
2,148.5
3,148.5
3,148.5
4,148.5
4,148.5
5,148.5
5,148.5
6,148.5
6,148.5
0,148.5
0,148.5
1,148.5
1,148.5
2,148.5
2,148.5
3,148.5
3,148.5
4,148.5
4,148.5
5,148.5
5,148.5
6,148.5
6,148.5
0,148.5
0,148.5
1,148.5
1,148.5
2,148.5
2,148.5
3,148.5
3,148.5
4,148.5
4,148.5
5,148.5
5,148.5
6,148.5
6,148.5
0,148.5
0,148.5
1,148.5
1,148.5
2,148.5
2,148.5
3,148.5
3,148.5
4,148.5
4,148.5
5,148.5
5,148.5
6,148.5
6,148.5
0,148.5
0,148.5
1,148.5
1,148.5
2,148.5
2,148.5
3,148.5
3,148.5
4,148.5
4,148.5
5,148.5
5,148.5
6,148.5
6,148.5
0,148.5
0,148.5
1,148.5
1,148.5
2,148.5
2,148.5
3,148.5
3,148.5
4,148.5
4,148.5
5,148.5
5,152.4
6,152.4
6,152.4
0,152.4
0,152.4
1,152.4
1,152.4
2,152.4
2,152.4
3,152.4
3,152.4
4,152.4
4,152.4
5,152.4
5,152.4
6,152.4
6,152.4
0,152.4
0,152.4
1,153.9
1,153.9
2,153.9
2,153.9
3,153.9
3,153.9
4,153.9
4,153.9
5,153.9
5,153.9
6,153.9
6,153.9
0,153.9
0,153.9
1,153.9
1,153.9
2,153.9
2,153.9
3,151.9
3,151.9
4,150.9
4,150.9
5,150.9
5,150.9
6,150.9
6,150.9
0,146.5
0,146.5
1,146.5
1,146.5
2,146.5
2,146.5
3,146.5
3,146.5
4,146.5
4,146.5
5,146.5
5,146.5
6,146.5
6,146.5
0,146.5
0,146.5
1,146.5
1,146.5
2,146.5
2,146.5
3,166.9
3,166.9
4,166.9
4,166.9
5,166.9
5,166.9
6,166.9
6,166.9
0,166.9
0,166.9
1,166.9
1,166.9
2,166.9
2,166.9
3,166.9
3,166.9
4,166.9
4,166.9
5,166.9
5,166.9
6,166.9
6,166.9
0,166.9
0,166.9
1,166.9
1,166.9
2,161.5
2,161.5
3,158.5
3,157.5
4,157.5
4,157.5
5,157.5
5,157.5
6,157.5
6,157.5
0,155.5
0,155.5
1,152.5
1,152.5
2,150.5
2,150.5
3,150.5
3,150.5
4,146.5
4,146.5
5,145.5
5,145.5
6,144.5
6,144.5
0,144.5
0,144.5
1,144.5
1,144.5
2,144.5
2,144.5
3,144.5
3,144.5
4,142.5
4,142.5
5,142.5
5,142.5
6,142.5
6,142.5
0,142.5
0,142.5
1,142.5
1,142.5
2,142.5
2,167.9
3,167.9
3,167.9
4,167.9
4,167.9
5,167.9
5,167.9
6,167.9
6,167.9
0,167.9
0,167.9
1,167.9
1,167.9
2,167.9
2,167.9
3,167.9
3,167.9
4,167.9
4,167.9
5,167.9
5,167.9
6,167.9
6,167.9
0,167.9
0,167.9
1,167.9
1,167.9
2,166.9
2,166.9
3,164.9
3,164.9
4,159.5
4,159.5
5,159.5
5,154.9
6,154.9
6,154.9
0,154.9
0,154.9
1,153.9
1,153.9
2,153.9
2,153.9
3,153.9
3,153.9
4,153.9
4,153.9
5,153.9
5,153.9
6,153.9
6,153.9
0,153.9
0,153.9
1,151.5
1,151.5
2,149.5
2,149.5
3,148.5
3,148.5
4,148.5
4,147.9
5,147.9
5,147.9
6,146.9
6,146.9
0,146.9
0,146.9
1,146.9
1,146.9
2,146.9
2,146.9
3,146.9
3,146.9
4,146.9
4,146.9
5,146.9
5,146.9
6,146.9
6,141.5
0,141.5
0,140.5
1,140.5
1,139.5
2,139.5
2,139.5
3,139.5
3,139.5
4,139.5
4,139.5
5,139.5
5,139.5
6,137.5
6,137.5
0,137.5
0,137.5
1,137.5
1,137.5
2,137.5
2,137.5
3,137.5
3,135.5
4,135.5
4,135.5
5,135.5
5,135.5
6,135.5
6,134.5
0,134.5
0,134.5
1,134.5
1,134.5
2,134.5
2,134.5
3,134.5
3,134.5
4,134.5
4,134.5
5,134.5
5,162.9
6,162.9
6,162.9
0,162.9
0,162.9
1,162.9
1,162.9
2,162.9
2,162.9
3,162.9
3,162.9
4,154.0
4,154.0
5,154.0
5,156.9
6,155.9
6,154.9
0,154.9
0,153.9
1,153.9
1,153.9
2,153.9
2,153.9
3,153.9
3,153.9
4,153.9
4,153.9
5,153.9
5,153.9
6,153.9
6,153.9
0,153.9
0,149.9
1,149.9
1,149.9
2,149.9
2,149.9
3,149.9
3,149.9
4,149.9
4,149.9
5,149.9
5,149.9
6,149.9
6,149.9
0,149.9
0,149.9
1,149.9
1,149.9
2,149.9
2,149.9
3,162.9
3,162.9
4,162.9
4,162.9
5,162.9
5,162.9
6,162.9
6,162.9
0,162.9
0,162.9
1,162.9
1,162.9
2,162.9
2,162.9
3,162.9
3,162.9
4,162.9
4,153.4
5,149.6
5,149.6
6,149.6
6,149.6
0,147.5
0,147.5
1,144.9
1,144.9
2,144.9
2,144.9
3,144.9
3,144.9
4,144.9
4,144.9
5,143.9
5,143.9
6,143.9
6,143.9
0,143.9
0,143.9
1,143.9
1,143.9
2,143.9
2,143.9
3,143.9
3,143.9
4,143.9
4,143.9
5,164.9
5,164.9
6,164.9
6,164.9
0,164.9
0,164.9
1,164.9
1,164.9
2,164.9
2,164.9
3,164.9
3,164.9
4,164.9
4,164.9
5,164.9
5,164.9
6,164.9
6,164.9
0,164.9
0,164.9
1,164.9
1,158.5
2,158.5
2,158.5
3,158.5
3,158.5
4,158.5
4,158.5
5,157.5
5,157.5
6,157.5
6,157.5
0,157.5
0,157.5
1,157.5
1,157.5
2,157.5
2,157.5
3,157.5
3,157.5
4,157.5
4,157.5
5,157.5
5,157.5
6,157.5
6,157.5
0,157.5
0,154.9
1,147.9
1,147.9
2,147.9
2,147.9
3,147.9
3,147.9
4,147.9
4,147.9
5,145.9
5,143.9
6,143.9
6,143.9
0,141.9
0,141.9
1,141.9
1,141.9
2,141.9
2,139.9
3,139.9
3,139.9
4,139.9
4,137.9
5,137.9
5,137.9
6,137.9
6,137.9
0,137.9
0,137.9
1,137.9
1,137.9
2,154.9
2,154.9
3,154.9
3,154.9
4,154.9
4,154.9
5,154.9
5,154.9
6,154.9
6,154.9
0,154.9
0,154.9
1,154.9
1,154.9
2,154.9
2,154.9
3,154.9
3,154.9
4,152.9
4,152.9
5,152.9
5,152.9
6,152.9
6,152.9
0,150.9
0,150.9
1,150.9
1,150.9
2,150.9
2,150.9
3,150.9
3,150.9
4,150.9
4,150.9
5,148.9
5,148.9
6,148.9
6,146.9
0,146.9
0,146.9
1,145.9
1,145.9
2,144.9
2,144.9
3,144.9
3,141.9
4,141.9
4,140.9
5,140.9
5,140.9
6,140.9
6,140.9
0,140.4
0,140.4
1,139.4
1,139.4
2,138.9
2,138.9
3,138.9
3,138.9
4,138.9
4,138.9
5,138.9
5,138.9
6,138.9
6,138.9
0,138.9
0,138.9
1,148.4
1,148.4
2,148.4
2,148.4
3,157.4
3,157.4
4,157.4
4,157.4
5,157.4
5,157.4
6,156.9
6,156.9
0,155.9
0,155.9
1,155.9
1,155.9
2,155.9
2,155.9
3,152.9
3,152.9
4,152.9
4,152.9
5,151.9
5,151.9
6,151.9
6,151.9
0,149.9
0,149.9
1,147.9
1,147.9
2,147.9
2,145.9
3,145.9
3,143.9
4,143.9
4,143.9
5,141.9
5,141.9
6,141.9
6,141.9
0,141.9
0,141.9
1,141.9
1,139.9
2,139.9
2,139.9
3,139.9
3,139.9
4,139.9
4,139.9
5,139.9
5,139.9
6,139.9
6,139.9
0,152.9
0,152.9
1,165.9
1,165.9
2,163.9
2,163.9
3,163.9
3,163.9
4,163.9
4,161.9
5,161.9
5,161.9
6,159.9
6,159.9
0,159.9
0,159.9
1,158.9
1,158.9
2,155.9
2,155.9
3,155.9
3,153.9
4,151.9
4,151.9
5,151.9
5,149.9
6,149.9
6,149.9
0,149.9
0,149.9
1,148.9
1,148.9
2,145.9
2,145.9
3,145.9
3,145.9
4,145.9
4,145.9
5,143.9
5,143.9
6,143.9
6,143.9
0,143.9
0,141.9
1,141.9
1,141.9
2,141.9
2,141.9
3,141.9
3,141.9
4,141.9
4,141.9
5,141.9
5,141.9
6,165.9
6,165.9
0,165.9
0,165.9
1,165.9
1,165.9
2,164.9
2,164.9
3,164.9
3,163.7
4,163.7
4,161.9
5,161.9
5,161.9
6,161.9
6,161.9
0,161.9
0,161.9
1,159.9
1,155.9
2,155.9
2,155.9
3,153.9
3,153.9
4,153.9
4,153.9
5,153.9
5,153.9
6,153.9
6,153.9
0,153.9
0,153.9
1,153.9
1,153.9
2,153.9
2,153.9
3,153.9
3,153.9
4,153.9
4,153.9
5,153.9
5,153.9
6,153.9
6,153.9
0,153.9
0,153.9
1,153.9
1,153.9
2,153.9
2,153.9
3,153.9
3,153.9
4,153.9
4,153.9
5,153.9
5,153.9
6,153.9
6,153.9
0,153.9
0,153.9
1,153.9
1,153.9
2,153.9
2,153.9
3,153.9
3,153.9
4,160.9
4,160.9
5,160.9
5,159.9
6,159.9
6,159.9
0,159.9
0,159.9
1,159.9
1,159.9
2,159.9
2,159.9
3,153.9
3,153.9
4,153.9
4,153.9
5,172.9
5,172.9
6,172.9
6,172.9
0,172.9
0,172.9
1,172.9
1,172.9
2,172.9
2,172.9
3,172.9
3,172.9
4,172.9
4,172.9
5,172.9
5,172.9
6,172.9
6,172.9
0,172.9
0,172.9
1,172.9
1,172.9
2,172.9
2,172.9
3,172.9
3,172.9
4,172.9
4,172.9
5,172.9
5,172.9
6,172.9
6,172.9
0,172.9
0,172.9
1,172.9
1,172.9
2,172.9
2,170.9
3,170.9
3,170.9
4,170.9
4,170.9
5,168.9
5,168.9
6,168.9
6,168.9
0,168.9
0,168.9
1,166.9
1,173.4
2,173.4
2,173.4
3,173.4
3,173.4
4,173.4
4,173.4
5,173.4
5,173.4
6,173.4
6,173.4
0,173.4
0,173.4
1,173.4
1,173.4
2,173.4
2,173.4
3,173.4
3,173.4
4,173.4
4,173.4
5,173.4
5,173.4
6,173.4
6,173.4
0,173.4
0,173.4
1,171.9
1,171.9
2,171.9
2,171.9
3,171.9
3,171.9
4,171.9
4,171.9
5,167.9
5,167.9
6,167.9
6,167.9
0,167.9
0,167.9
1,167.9
1,167.9
2,166.9
2,166.9
3,164.9
3,164.9
4,164.9
4,164.9
5,164.9
5,164.9
6,164.9
6,164.9
0,164.9
0,164.9
1,164.9
1,164.9
2,164.9
2,164.9
3,164.9
3,164.9
4,173.4
4,173.4
5,173.4
5,173.4
6,173.4
6,173.4
0,173.4
0,173.4
1,173.4
1,173.4
2,173.4
2,173.4
3,173.4
3,173.4
4,173.4
4,173.4
5,173.4
5,173.4
6,173.4
6,173.4
0,173.4
0,173.4
1,173.4
1,173.4
2,173.4
2,173.4
3,173.4
3,173.4
4,173.4
4,173.4
5,173.4
5,173.4
6,173.4
6,173.4
0,173.4
0,173.4
1,173.4
1,170.9
2,170.9
2,170.9
3,170.9
3,170.9
4,170.9
4,170.9
5,170.9
5,170.9
6,170.9
6,164.9
0,164.9
0,164.9
1,164.9
1,164.9
2,164.9
2,164.9
3,162.9
3,162.9
4,162.9
4,162.9
5,161.9
5,161.9
6,161.9
6,161.9
0,161.9
0,161.9
1,161.9
1,156.9
2,152.9
2,152.9
3,152.9
3,152.9
4,152.9
4,152.9
5,150.9
5,150.9
6,150.9
6,150.9
0,150.9
0,150.9
1,150.9
1,174.9
2,174.9
2,174.9
3,174.9
3,174.9
4,174.9
4,174.9
5,174.9
5,174.9
6,174.9
6,174.9
0,174.9
0,174.9
1,174.9
1,174.9
2,174.9
2,174.9
3,174.9
3,174.9
4,174.9
4,174.9
5,173.9
5,173.9
6,173.9
6,169.9
0,169.9
0,169.9
1,163.9
1,163.9
2,163.9
2,163.9
3,163.9
3,163.9
4,163.9
4,163.9
5,163.9
5,163.9
6,163.9
6,163.9
0,163.9
0,163.9
1,163.9
1,163.9
2,163.9
2,163.9
3,163.9
3,163.9
4,163.9
4,163.9
5,174.9
5,172.9
6,172.9
6,172.9
0,172.9
0,172.9
1,172.9
1,172.9
2,172.9
2,172.9
3,172.9
3,172.9
4,172.9
4,172.9
5,172.9
5,172.9
6,172.9
6,172.9
0,172.9
0,172.9
1,172.9
1,172.9
2,172.9
2,172.9
3,171.9
3,171.9
4,171.9
4,171.9
5,171.9
5,171.9
6,171.9
6,171.9
0,171.9
0,171.9
1,171.9
1,171.9
2,164.9
2,164.9
3,164.9
3,164.9
4,164.9
4,164.9
5,164.9
5,164.9
6,164.9
6,164.9
0,164.9
0,164.9
1,164.9
1,176.4
2,176.4
2,176.4
3,176.4
3,176.4
4,176.4
4,176.4
5,176.4
5,176.4
6,176.4
6,176.4
0,176.4
0,176.4
1,176.4
1,176.4
2,176.4
2,176.4
3,176.4
3,176.4
4,174.9
4,174.9
5,174.9
5,174.9
6,172.9
6,172.9
0,172.9
0,172.9
1,172.9
1,172.9
2,172.9
2,172.9
3,172.9
3,172.9
4,172.9
4,172.9
5,172.9
5,172.9
6,172.9
6,172.9
0,172.9
0,172.9
1,179.9
1,179.9
2,179.9
2,179.9
3,179.9
3,179.9
4,179.9
4,179.9
5,179.9
5,179.9
6,179.9
6,179.9
