0,136.9
0,136.9
1,136.9
1,136.9
2,136.9
2,136.9
3,136.9
3,136.9
4,136.9
4,136.9
5,135.9
5,135.9
6,135.9
6,135.9
0,135.9
0,135.9
1,133.7
1,133.7
2,133.7
2,133.7
3,133.7
3,133.7
4,129.9
4,129.9
5,129.9
5,129.9
6,129.9
6,129.9
0,129.9
0,129.9
1,126.5
1,126.5
2,126.5
2,126.5
3,126.5
3,126.5
4,126.5
4,126.5
5,126.5
5,126.5
6,126.5
6,126.5
0,124.9
0,124.9
1,124.9
1,124.9
2,124.9
2,124.9
3,124.9
3,124.9
4,124.9
4,124.9
5,124.9
5,124.9
6,124.9
6,124.9
0,124.9
0,124.9
1,124.9
1,124.9
2,124.9
2,124.9
3,124.9
3,124.9
4,124.9
4,124.9
5,124.9
5,124.9
6,124.9
6,124.9
0,124.9
0,124.9
1,124.9
1,124.9
2,124.9
2,124.9
3,124.9
3,124.9
4,124.9
4,124.9
5,124.9
5,124.9
6,124.9
6,124.9
0,124.9
0,124.9
1,124.9
1,124.9
2,124.9
2,124.9
3,124.9
3,124.9
4,124.9
4,124.9
5,124.9
5,124.9
6,124.9
6,124.9
0,124.9
0,124.9
1,124.9
1,124.9
2,124.9
2,124.9
3,124.9
3,124.9
4,124.9
4,124.9
5,124.9
5,124.9
6,124.9
6,124.9
0,124.9
0,124.9
1,124.9
1,124.9
2,124.9
2,124.9
3,124.9
3,124.9
4,124.9
4,124.9
5,124.9
5,124.9
6,124.9
6,124.9
0,124.9
0,124.9
1,124.9
1,124.9
2,124.9
2,124.9
3,124.9
3,124.9
4,124.9
4,124.9
5,124.9
5,124.9
6,124.9
6,124.9
0,124.9
0,124.9
1,124.9
1,124.9
2,124.9
2,124.9
3,124.9
3,124.9
4,124.9
4,124.9
5,124.9
5,124.9
6,124.9
6,124.9
0,124.9
0,124.9
1,124.9
1,124.9
2,124.9
2,124.9
3,124.9
3,124.9
4,124.9
4,124.9
5,124.9
5,124.9
6,124.9
6,124.9
0,124.9
0,124.9
1,124.9
1,124.9
2,124.9
2,124.9
3,124.9
3,124.9
4,124.9
4,124.9
5,124.9
5,124.9
6,124.9
6,124.9
0,124.9
0,124.9
1,124.9
1,124.9
2,124.9
2,124.9
3,124.9
3,124.9
4,124.9
4,124.9
5,124.9
5,124.9
6,124.9
6,124.9
0,124.9
0,124.9
1,124.9
1,124.9
2,124.9
2,124.9
3,124.9
3,124.9
4,124.9
4,124.9
5,124.9
5,124.9
6,124.9
6,124.9
0,124.9
0,124.9
1,124.9
1,124.9
2,124.9
2,124.9
3,124.9
3,124.9
4,124.9
4,124.9
5,124.9
5,124.9
6,124.9
6,124.9
0,124.9
0,124.9
1,124.9
1,124.9
2,124.9
2,124.9
3,124.9
3,124.9
4,124.9
4,124.9
5,124.9
5,124.9
6,124.9
6,124.9
0,124.9
0,124.9
1,124.9
1,124.9
2,124.9
2,124.9
3,124.9
3,124.9
4,124.9
4,124.9
5,124.9
5,124.9
6,124.9
6,124.9
0,124.9
0,124.9
1,124.9
1,124.9
2,124.9
2,124.9
3,124.9
3,124.9
4,124.9
4,124.9
5,124.9
5,124.9
6,124.9
6,124.9
0,124.9
0,124.9
1,124.9
1,124.9
2,124.9
2,124.9
3,124.9
3,124.9
4,124.9
4,124.9
5,124.9
5,124.9
6,124.9
6,124.9
0,124.9
0,124.9
1,124.9
1,124.9
2,124.9
2,124.9
3,124.9
3,124.9
4,124.9
4,124.9
5,124.9
5,124.9
6,124.9
6,124.9
0,124.9
0,124.9
1,124.9
1,124.9
2,124.9
2,124.9
3,124.9
3,124.9
4,124.9
4,124.9
5,124.9
5,124.9
6,124.9
6,124.9
0,124.9
0,124.9
1,124.9
1,124.9
2,124.9
2,124.9
3,124.9
3,124.9
4,124.9
4,124.9
5,168.9
5,168.9
6,168.9
6,168.9
0,168.9
0,168.9
1,168.9
1,168.9
2,168.9
2,168.9
3,168.9
3,168.9
4,168.9
4,168.9
5,168.9
5,168.9
6,168.9
6,168.9
0,168.9
0,168.9
1,168.9
1,168.9
2,168.9
2,168.9
3,168.9
3,168.9
4,168.9
4,168.9
5,168.9
5,168.9
6,168.9
6,168.9
0,168.9
0,164.9
1,164.9
1,164.9
2,164.9
2,164.9
3,164.9
3,164.9
4,164.9
4,164.9
5,164.9
5,164.9
6,164.9
6,164.9
0,164.9
0,164.9
1,164.9
1,164.9
2,164.9
2,164.9
3,164.9
3,164.9
4,164.9
4,164.9
5,164.9
5,164.9
6,164.9
6,164.9
0,164.9
0,164.9
1,164.9
1,164.9
2,164.9
2,164.9
3,164.9
3,164.9
4,164.9
4,164.9
5,164.9
5,164.9
6,164.9
6,164.9
0,164.9
0,164.9
1,164.9
1,164.9
2,164.9
2,164.9
3,164.9
3,164.9
4,164.9
4,164.9
5,164.9
5,164.9
6,164.9
6,164.9
0,164.9
0,164.9
1,164.9
1,164.9
2,164.9
2,164.9
3,164.9
3,164.9
4,164.9
4,164.9
5,164.9
5,164.9
6,164.9
6,164.9
0,164.9
0,164.9
1,164.9
1,164.9
2,164.9
2,159.9
3,159.9
3,159.9
4,159.9
4,159.9
5,159.9
5,159.9
6,159.9
6,159.9
0,159.9
0,159.9
1,159.9
1,159.9
2,159.9
2,159.9
3,159.9
3,159.9
4,159.9
4,159.9
5,159.9
5,159.9
6,159.9
6,159.9
0,159.9
0,159.9
1,159.9
1,159.9
2,154.9
2,154.9
3,154.9
3,154.9
4,154.9
4,154.9
5,154.9
5,154.9
6,154.9
6,154.9
0,154.9
0,154.9
1,154.9
1,154.9
2,154.9
2,154.9
3,154.9
3,154.9
4,154.9
4,154.9
5,154.9
5,154.9
6,154.9
6,154.9
0,154.9
0,154.9
1,154.9
1,154.9
2,154.9
2,146.9
3,146.9
3,146.9
4,146.9
4,146.9
5,146.9
5,146.9
6,146.9
6,136.9
0,136.9
0,136.9
1,136.9
1,136.9
2,136.9
2,136.9
3,136.9
3,136.9
4,136.9
4,136.9
5,136.9
5,136.9
6,136.9
6,136.9
0,136.9
0,136.9
1,136.9
1,136.9
2,136.9
2,136.9
3,136.9
3,136.9
4,136.9
4,136.9
5,136.9
5,136.9
6,136.9
6,136.9
0,136.9
0,136.9
1,136.9
1,136.9
2,136.9
2,136.9
3,136.9
3,136.9
4,136.9
4,136.9
5,136.9
5,136.9
6,136.9
6,136.9
0,136.9
0,136.9
1,136.9
1,162.9
2,162.9
2,162.9
3,162.9
3,162.9
4,162.9
4,162.9
5,162.9
5,162.9
6,162.9
6,162.9
0,162.9
0,162.9
1,162.9
1,162.9
2,162.9
2,162.9
3,162.9
3,162.9
4,162.9
4,162.9
5,162.9
5,159.9
6,159.9
6,159.9
0,159.9
0,159.9
1,159.9
1,159.9
2,159.9
2,159.9
3,159.9
3,159.9
4,159.9
4,159.9
5,159.9
5,159.9
6,159.9
6,159.9
0,159.9
0,159.9
1,159.9
1,159.9
2,159.9
2,159.9
3,159.9
3,159.9
4,159.9
4,159.9
5,159.9
5,159.9
6,159.9
6,159.9
0,159.9
0,159.9
1,159.9
1,159.9
2,159.9
2,159.9
3,159.9
3,159.9
4,159.9
4,159.9
5,159.9
5,159.9
6,159.9
6,159.9
0,159.9
0,159.9
1,159.9
1,159.9
2,159.9
2,159.9
3,159.9
3,159.9
4,159.9
4,159.9
5,159.9
5,159.9
6,159.9
6,159.9
0,159.9
0,159.9
1,159.9
1,159.9
2,159.9
2,159.9
3,159.9
3,159.9
4,159.9
4,159.9
5,159.9
5,159.9
6,159.9
6,159.9
0,159.9
0,159.9
1,159.9
1,159.9
2,159.9
2,159.9
3,159.9
3,159.9
4,159.9
4,159.9
5,159.9
5,159.9
6,159.9
6,159.9
0,159.9
0,159.9
1,159.9
1,159.9
2,159.9
2,159.9
3,159.9
3,159.9
4,137.9
4,137.9
5,137.9
5,137.9
6,137.9
6,137.9
0,137.9
0,137.9
1,137.9
1,137.9
2,137.9
2,137.9
3,137.9
3,137.9
4,137.9
4,137.9
5,137.9
5,137.9
6,137.9
6,137.9
0,137.9
0,137.9
1,137.9
1,137.9
2,137.9
2,137.9
3,137.9
3,137.9
4,137.9
4,137.9
5,137.9
5,137.9
6,137.9
6,137.9
0,137.9
0,137.9
1,137.9
1,137.9
2,137.9
2,137.9
3,137.9
3,137.9
4,137.9
4,137.9
5,137.9
5,137.9
6,137.9
6,137.9
0,137.9
0,137.9
1,137.9
1,137.9
2,137.9
2,137.9
3,137.9
3,137.9
4,137.9
4,137.9
5,137.9
5,137.9
6,137.9
6,137.9
0,137.9
0,137.9
1,137.9
1,137.9
2,137.9
2,137.9
3,137.9
3,137.9
4,136.4
4,136.4
5,134.9
5,134.9
6,134.9
6,134.9
0,134.9
0,134.9
1,134.9
1,134.9
2,134.9
2,134.9
3,134.9
3,134.9
4,134.9
4,134.9
5,134.9
5,134.9
6,134.9
6,134.9
0,134.9
0,134.9
1,134.9
1,134.9
2,134.9
2,134.9
3,134.9
3,134.9
4,134.9
4,157.9
5,157.9
5,157.9
6,157.9
6,157.9
0,157.9
0,157.9
1,157.9
1,157.9
2,157.9
2,157.9
3,157.9
3,157.9
4,156.4
4,156.4
5,154.9
5,154.9
6,154.9
6,154.9
0,154.9
0,154.9
1,154.9
1,141.9
2,141.9
2,141.9
3,141.9
3,141.9
4,141.9
4,141.9
5,141.9
5,141.9
6,141.9
6,141.9
0,141.9
0,141.9
1,137.25
1,137.25
2,137.25
2,137.25
3,137.25
3,137.25
4,137.25
4,137.25
5,137.25
5,137.25
6,137.25
6,137.25
0,137.25
0,137.25
1,137.25
1,137.25
2,137.25
2,137.25
3,137.25
3,137.25
4,137.25
4,137.25
5,137.25
5,137.25
6,137.25
6,137.25
0,137.25
0,137.25
1,137.25
1,137.25
2,137.25
2,137.25
3,146.9
3,146.9
4,146.9
4,146.9
5,146.9
5,146.9
6,146.9
6,146.9
0,146.9
0,146.9
1,146.9
1,146.9
2,146.9
2,146.9
3,146.9
3,146.9
4,146.9
4,146.9
5,146.9
5,146.9
6,146.9
6,146.9
0,146.9
0,146.9
1,146.9
1,146.9
2,146.9
2,146.9
3,146.9
3,146.9
4,146.9
4,146.9
5,146.9
5,146.9
6,146.9
6,146.9
0,146.9
0,146.9
1,146.9
1,146.9
2,140.9
2,140.9
3,140.9
3,140.9
4,140.9
4,140.9
5,140.9
5,140.9
6,140.9
6,140.9
0,140.9
0,140.9
1,140.9
1,140.9
2,140.9
2,140.9
3,140.9
3,140.9
4,140.9
4,140.9
5,140.9
5,140.9
6,140.9
6,140.9
0,140.9
0,140.9
1,140.9
1,140.9
2,140.9
2,140.9
3,140.9
3,140.9
4,167.9
4,167.9
5,167.9
5,167.9
6,167.9
6,167.9
0,167.9
0,167.9
1,167.9
1,167.9
2,167.9
2,167.9
3,167.9
3,167.9
4,167.9
4,167.9
5,167.9
5,167.9
6,167.9
6,167.9
0,167.9
0,167.9
1,167.9
1,167.9
2,167.9
2,167.9
3,167.9
3,167.9
4,167.9
4,167.9
5,167.9
5,167.9
6,167.9
6,167.9
0,167.9
0,167.9
1,167.9
1,167.9
2,167.9
2,167.9
3,167.9
3,167.9
4,155.9
4,155.9
5,155.9
5,155.9
6,155.9
6,154.9
0,154.9
0,154.9
1,154.9
1,154.9
2,154.9
2,154.9
3,154.9
3,154.9
4,154.9
4,154.9
5,154.9
5,154.9
6,154.9
6,154.9
0,154.9
0,154.9
1,154.9
1,154.9
2,154.9
2,154.9
3,154.9
3,154.9
4,154.9
4,154.9
5,154.9
5,154.9
6,154.9
6,154.9
0,154.9
0,154.9
1,154.9
1,154.9
2,154.9
2,154.9
3,154.9
3,154.9
4,154.9
4,154.9
5,154.9
5,154.9
6,154.9
6,154.9
0,154.9
0,154.9
1,154.9
1,154.9
2,154.9
2,154.9
3,173.4
3,173.4
4,173.4
4,173.4
5,173.4
5,173.4
6,173.4
6,173.4
0,173.4
0,173.4
1,173.4
1,173.4
2,173.4
2,173.4
3,173.4
3,173.4
4,173.4
4,173.4
5,173.4
5,173.4
6,173.4
6,173.4
0,173.4
0,173.4
1,173.4
1,173.4
2,173.4
2,173.4
3,173.4
3,173.4
4,173.4
4,173.4
5,173.4
5,173.4
6,173.4
6,173.4
0,173.4
0,173.4
1,173.4
1,173.4
2,173.4
2,173.4
3,173.4
3,173.4
4,173.4
4,173.4
5,173.4
5,173.4
6,173.4
6,173.4
0,173.4
0,173.4
1,173.4
1,173.4
2,173.4
2,173.4
3,173.4
3,173.4
4,173.4
4,173.4
5,173.4
5,173.4
6,173.4
6,173.4
0,173.4
0,173.4
1,173.4
1,173.4
2,173.4
2,173.4
3,173.4
3,173.4
4,173.4
4,173.4
5,173.4
5,173.4
6,173.4
6,173.4
0,173.4
0,173.4
1,173.4
1,173.4
2,173.4
2,173.4
3,173.4
3,173.4
4,173.4
4,173.4
5,173.4
5,173.4
6,173.4
6,173.4
0,173.4
0,173.4
1,173.4
1,173.4
2,173.4
2,173.4
3,173.4
3,173.4
4,173.4
4,173.4
5,173.4
5,173.4
6,173.4
6,173.4
0,173.4
0,173.4
1,173.4
1,173.4
2,173.4
2,173.4
3,173.4
3,173.4
4,173.4
4,173.4
5,173.4
5,173.4
6,173.4
6,173.4
0,173.4
0,173.4
1,173.4
1,173.4
2,173.4
2,173.4
3,173.4
3,173.4
4,173.4
4,173.4
5,173.4
5,173.4
6,173.4
6,173.4
0,173.4
0,173.4
1,173.4
1,173.4
2,173.4
2,173.4
3,173.4
3,173.4
4,173.4
4,173.4
5,173.4
5,173.4
6,173.4
6,173.4
0,173.4
0,173.4
1,173.4
1,173.4
2,173.4
2,173.4
3,173.4
3,173.4
4,173.4
4,173.4
5,173.4
5,173.4
6,173.4
6,173.4
0,173.4
0,173.4
1,173.4
1,173.4
2,173.4
2,173.4
3,173.4
3,163.7
4,163.7
4,163.7
5,163.7
5,163.7
6,163.7
6,163.7
0,163.7
0,163.7
1,163.7
1,163.7
2,163.7
2,163.7
3,163.7
3,163.7
4,163.7
4,163.7
5,163.7
5,163.7
6,163.7
6,163.7
0,163.7
0,163.7
1,163.7
1,163.7
2,163.7
2,163.7
3,163.7
3,163.7
4,163.7
4,163.7
5,163.7
5,163.7
6,163.7
6,163.7
0,163.7
0,163.7
1,163.7
1,163.7
2,163.7
2,163.7
3,163.7
3,163.7
4,163.7
4,163.7
5,163.7
5,163.7
6,163.7
6,163.7
0,163.7
0,163.7
1,163.7
1,163.7
2,163.7
2,163.7
3,163.7
3,163.7
4,163.7
4,163.7
5,163.7
5,163.7
6,163.7
6,163.7
0,163.7
0,163.7
1,163.7
1,163.7
2,163.7
2,163.7
3,163.7
3,163.7
4,163.7
4,163.7
5,163.7
5,163.7
6,163.7
6,163.7
0,163.7
0,174.9
1,174.9
1,174.9
2,174.9
2,174.9
3,174.9
3,174.9
4,174.9
4,174.9
5,174.9
5,174.9
6,174.9
6,174.9
0,174.9
0,174.9
1,174.9
1,174.9
2,174.9
2,174.9
3,174.9
3,174.9
4,174.9
4,174.9
5,174.9
5,174.9
6,174.9
6,174.9
0,174.9
0,174.9
1,174.9
1,174.9
2,174.9
2,174.9
3,174.9
3,174.9
4,174.9
4,174.9
5,174.9
5,174.9
6,174.9
6,174.9
