0,0
0,0
1,0
1,0
2,0
2,0
3,0
3,0
4,0
4,0
5,0
5,0
6,0
6,0
0,0
0,0
1,141.9
1,141.9
2,141.9
2,141.9
3,141.8
3,141.8
4,141.8
4,141.8
5,141.8
5,141.8
6,141.8
6,141.8
0,141.8
0,141.8
1,141.8
1,141.8
2,141.8
2,141.8
3,141.8
3,141.8
4,141.8
4,141.8
5,141.8
5,141.8
6,141.8
6,141.8
0,141.8
0,141.8
1,141.8
1,141.8
2,141.8
2,141.8
3,141.8
3,141.8
4,141.8
4,141.8
5,141.8
5,141.8
6,141.8
6,141.8
0,141.8
0,141.8
1,141.8
1,141.8
2,141.8
2,141.8
3,141.8
3,141.8
4,141.8
4,141.8
5,141.8
5,141.8
6,141.8
6,141.8
0,141.8
0,141.8
1,141.8
1,141.8
2,141.8
2,141.8
3,141.8
3,141.8
4,141.8
4,141.8
5,141.8
5,141.8
6,141.8
6,141.8
0,141.8
0,141.8
1,141.8
1,141.8
2,141.8
2,141.8
3,141.8
3,141.8
4,141.8
4,141.8
5,141.8
5,141.8
6,141.8
6,141.8
0,141.8
0,141.8
1,141.8
1,141.8
2,141.8
2,141.8
3,141.8
3,141.8
4,141.8
4,141.8
5,141.8
5,141.8
6,141.8
6,141.8
0,141.8
0,141.8
1,141.8
1,141.8
2,141.8
2,141.8
3,141.8
3,141.8
4,141.8
4,141.8
5,141.8
5,141.8
6,141.8
6,141.8
0,141.8
0,141.8
1,141.8
1,141.8
2,141.8
2,141.8
3,141.8
3,141.8
4,141.8
4,141.8
5,141.8
5,141.8
6,141.8
6,141.8
0,141.8
0,141.8
1,141.8
1,141.8
2,141.8
2,141.8
3,141.8
3,141.8
4,141.8
4,141.8
5,141.8
5,141.8
6,141.8
6,141.8
0,141.8
0,141.8
1,141.8
1,141.8
2,141.8
2,141.8
3,141.8
3,141.8
4,141.8
4,141.8
5,141.8
5,141.8
6,141.8
6,141.8
0,141.8
0,141.8
1,141.8
1,141.8
2,141.8
2,141.8
3,141.8
3,141.8
4,141.8
4,141.8
5,141.8
5,141.8
6,141.8
6,141.8
0,141.8
0,141.8
1,141.8
1,141.8
2,141.8
2,141.8
3,141.8
3,141.8
4,141.8
4,141.8
5,141.8
5,141.8
6,141.8
6,141.8
0,141.8
0,141.8
1,141.8
1,141.8
2,141.8
2,141.8
3,141.8
3,141.8
4,141.8
4,141.8
5,141.8
5,141.8
6,141.8
6,141.8
0,141.8
0,141.8
1,141.8
1,141.8
2,141.8
2,141.8
3,141.8
3,141.8
4,141.8
4,141.8
5,141.8
5,141.8
6,141.8
6,141.8
0,141.8
0,141.8
1,141.8
1,141.8
2,141.8
2,141.8
3,141.8
3,141.8
4,141.8
4,141.8
5,141.8
5,141.8
6,141.8
6,141.8
0,141.8
0,141.8
1,141.8
1,141.8
2,141.8
2,141.8
3,141.8
3,141.8
4,141.8
4,141.8
5,141.8
5,141.8
6,141.8
6,141.8
0,141.8
0,141.8
1,141.8
1,141.8
2,141.8
2,141.8
3,141.8
3,141.8
4,141.8
4,141.8
5,141.8
5,141.8
6,141.8
6,141.8
0,141.8
0,141.8
1,141.8
1,141.8
2,141.8
2,141.8
3,141.8
3,141.8
4,141.8
4,141.8
5,141.8
5,141.8
6,141.8
6,141.8
0,141.8
0,141.8
1,141.8
1,141.8
2,141.8
2,141.8
3,141.8
3,141.8
4,141.8
4,141.8
5,141.8
5,141.8
6,141.8
6,141.8
0,141.8
0,141.8
1,141.8
1,141.8
2,141.8
2,141.8
3,141.8
3,141.8
4,141.8
4,141.8
5,141.8
5,141.8
6,141.8
6,141.8
0,141.8
0,141.8
1,141.8
1,141.8
2,141.8
2,141.8
3,141.8
3,141.8
4,141.8
4,141.8
5,166.9
5,166.9
6,166.9
6,166.9
0,166.9
0,166.9
1,166.9
1,166.9
2,166.9
2,166.9
3,166.9
3,166.9
4,166.9
4,166.9
5,166.9
5,166.9
6,166.9
6,166.9
0,166.9
0,166.9
1,166.9
1,166.9
2,166.9
2,166.9
3,166.9
3,166.9
4,166.9
4,166.9
5,166.9
5,166.9
6,166.9
6,166.9
0,166.9
0,166.9
1,166.9
1,166.9
2,166.9
2,164.9
3,164.9
3,164.9
4,164.9
4,164.9
5,164.9
5,164.9
6,164.9
6,164.9
0,164.9
0,164.9
1,164.9
1,164.9
2,164.9
2,164.9
3,164.9
3,164.9
4,164.9
4,164.9
5,164.9
5,164.9
6,164.9
6,164.9
0,164.9
0,164.9
1,164.9
1,164.9
2,164.9
2,164.9
3,164.9
3,164.9
4,164.9
4,164.9
5,164.9
5,164.9
6,164.9
6,164.9
0,164.9
0,164.9
1,164.9
1,164.9
2,164.9
2,164.9
3,164.9
3,164.9
4,164.9
4,164.9
5,164.9
5,164.9
6,164.9
6,164.9
0,164.9
0,164.9
1,164.9
1,164.9
2,164.9
2,164.9
3,164.9
3,164.9
4,164.9
4,164.9
5,164.9
5,164.9
6,164.9
6,162.9
0,162.9
0,162.9
1,162.9
1,162.9
2,162.9
2,162.9
3,162.9
3,162.9
4,162.9
4,162.9
5,162.9
5,162.9
6,162.9
6,162.9
0,162.9
0,162.9
1,162.9
1,162.9
2,162.9
2,162.9
3,162.9
3,162.9
4,162.9
4,162.9
5,162.9
5,162.9
6,162.9
6,162.9
0,162.9
0,162.9
1,162.9
1,162.9
2,162.9
2,162.9
3,162.9
3,159.9
4,159.9
4,159.9
5,159.9
5,159.9
6,159.9
6,159.9
0,159.9
0,159.9
1,159.9
1,159.9
2,159.9
2,159.9
3,159.9
3,159.9
4,159.9
4,159.9
5,159.9
5,159.9
6,159.9
6,159.9
0,159.9
0,159.9
1,159.9
1,159.9
2,159.9
2,159.9
3,159.9
3,159.9
4,159.9
4,159.9
5,159.9
5,159.9
6,159.9
6,159.9
0,159.9
0,159.9
1,159.9
1,159.9
2,159.9
2,159.9
3,159.9
3,159.9
4,159.9
4,159.9
5,159.9
5,159.9
6,159.9
6,159.9
0,159.9
0,159.9
1,159.9
1,159.9
2,159.9
2,159.9
3,159.9
3,159.9
4,159.9
4,159.9
5,159.9
5,159.9
6,159.9
6,159.9
0,159.9
0,159.9
1,159.9
1,159.9
2,159.9
2,159.9
3,159.9
3,159.9
4,159.9
4,159.9
5,159.9
5,159.9
6,159.9
6,159.9
0,159.9
0,159.9
1,159.9
1,159.9
2,159.9
2,159.9
3,159.9
3,159.9
4,159.9
4,159.9
5,159.9
5,159.9
6,159.9
6,159.9
0,159.9
0,159.9
1,159.9
1,159.9
2,159.9
2,159.9
3,159.9
3,159.9
4,159.9
4,159.9
5,159.9
5,159.9
6,159.9
6,159.9
0,159.9
0,159.9
1,159.9
1,159.9
2,159.9
2,159.9
3,159.9
3,159.9
4,159.9
4,159.9
5,159.9
5,159.9
6,159.9
6,159.9
0,159.9
0,159.9
1,159.9
1,159.9
2,159.9
2,159.9
3,159.9
3,159.9
4,159.9
4,159.9
5,159.9
5,159.9
6,159.9
6,159.9
0,159.9
0,159.9
1,159.9
1,159.9
2,159.9
2,159.9
3,159.9
3,159.9
4,159.9
4,159.9
5,159.9
5,159.9
6,159.9
6,159.9
0,159.9
0,159.9
1,159.9
1,159.9
2,159.9
2,159.9
3,159.9
3,159.9
4,159.9
4,159.9
5,159.9
5,159.9
6,159.9
6,159.9
0,159.9
0,159.9
1,159.9
1,159.9
2,159.9
2,159.9
3,159.9
3,159.9
4,159.9
4,159.9
5,159.9
5,159.9
6,159.9
6,159.9
0,159.9
0,159.9
1,159.9
1,159.9
2,159.9
2,159.9
3,159.9
3,159.9
4,159.9
4,159.9
5,159.9
5,159.9
6,159.9
6,159.9
0,159.9
0,159.9
1,159.9
1,159.9
2,159.9
2,159.9
3,159.9
3,159.9
4,159.9
4,159.9
5,159.9
5,159.9
6,159.9
6,159.9
0,159.9
0,159.9
1,159.9
1,159.9
2,159.9
2,159.9
3,159.9
3,159.9
4,159.9
4,159.9
5,159.9
5,159.9
6,159.9
6,159.9
0,159.9
0,159.9
1,159.9
1,159.9
2,159.9
2,159.9
3,159.9
3,159.9
4,159.9
4,159.9
5,159.9
5,159.9
6,159.9
6,159.9
0,159.9
0,159.9
1,159.9
1,159.9
2,159.9
2,159.9
3,159.9
3,159.9
4,159.9
4,159.9
5,159.9
5,159.9
6,159.9
6,159.9
0,159.9
0,159.9
1,159.9
1,159.9
2,159.9
2,159.9
3,159.9
3,159.9
4,159.9
4,159.9
5,159.9
5,159.9
6,159.9
6,156.7
0,156.7
0,156.7
1,156.7
1,156.7
2,156.7
2,156.7
3,156.7
3,156.7
4,156.7
4,156.7
5,156.7
5,156.7
6,156.7
6,156.7
0,156.7
0,156.7
1,156.7
1,156.7
2,156.7
2,156.7
3,156.7
3,156.7
4,156.7
4,156.7
5,156.7
5,156.7
6,156.7
6,156.7
0,156.7
0,156.7
1,156.7
1,156.7
2,156.7
2,156.7
3,156.7
3,156.7
4,156.7
4,156.7
5,156.7
5,156.7
6,156.7
6,156.7
0,156.7
0,156.7
1,156.7
1,156.7
2,156.7
2,156.7
3,156.7
3,156.7
4,156.7
4,156.7
5,156.7
5,156.7
6,156.7
6,156.7
0,156.7
0,156.7
1,156.7
1,156.7
2,156.7
2,156.7
3,156.7
3,156.7
4,156.7
4,156.7
5,156.7
5,156.7
6,156.7
6,156.7
0,156.7
0,156.7
1,156.7
1,156.7
2,156.7
2,156.7
3,156.7
3,156.7
4,156.7
4,156.7
5,156.7
5,152.7
6,152.7
6,152.7
0,152.7
0,152.7
1,152.7
1,152.7
2,152.7
2,152.7
3,152.7
3,152.7
4,152.7
4,152.7
5,152.7
5,152.7
6,152.7
6,152.7
0,152.7
0,152.7
1,152.7
1,152.7
2,152.7
2,152.7
3,152.7
3,152.7
4,152.7
4,152.7
5,152.7
5,152.7
6,152.7
6,152.7
0,152.7
0,152.7
1,152.7
1,152.7
2,152.7
2,152.7
3,152.7
3,152.7
4,152.7
4,152.7
5,152.7
5,152.7
6,152.7
6,152.7
0,152.7
0,152.7
1,152.7
1,152.7
2,152.7
2,152.7
3,152.7
3,152.7
4,152.7
4,152.7
5,152.7
5,152.7
6,152.7
6,152.7
0,152.7
0,152.7
1,152.7
1,152.7
2,152.7
2,152.7
3,152.7
3,152.7
4,152.7
4,152.7
5,152.7
5,152.7
6,152.7
6,152.7
0,152.7
0,152.7
1,152.7
1,152.7
2,152.7
2,152.7
3,152.7
3,152.7
4,152.7
4,152.7
5,152.7
5,152.7
6,152.7
6,152.7
0,152.7
0,152.7
1,152.7
1,152.7
2,152.7
2,152.7
3,152.7
3,152.7
4,152.7
4,152.7
5,152.7
5,152.7
6,152.7
6,152.7
0,152.7
0,162.9
1,162.9
1,162.9
2,162.9
2,162.9
3,162.9
3,162.9
4,162.9
4,162.9
5,162.9
5,162.9
6,162.9
6,162.9
0,162.9
0,162.9
1,162.9
1,162.9
2,162.9
2,162.9
3,162.9
3,162.9
4,162.9
4,162.9
5,162.9
5,162.9
6,162.9
6,162.9
0,162.9
0,162.9
1,162.9
1,162.9
2,162.9
2,162.9
3,162.9
3,162.9
4,162.9
4,162.9
5,162.9
5,162.9
6,162.9
6,162.9
0,162.9
0,162.9
1,162.9
1,162.9
2,162.9
2,162.9
3,162.9
3,162.9
4,162.9
4,162.9
5,162.9
5,162.9
6,162.9
6,162.9
0,162.9
0,162.9
1,162.9
1,162.9
2,162.9
2,162.9
3,162.9
3,162.9
4,162.9
4,162.9
5,162.9
5,162.9
6,162.9
6,162.9
0,162.9
0,162.9
1,162.9
1,162.9
2,162.9
2,162.9
3,162.9
3,162.9
4,162.9
4,162.9
5,162.9
5,162.9
6,162.9
6,162.9
0,162.9
0,162.9
1,162.9
1,162.9
2,162.9
2,164.9
3,164.9
3,164.9
4,164.9
4,164.9
5,164.9
5,164.9
6,164.9
6,164.9
0,164.9
0,164.9
1,164.9
1,164.9
2,164.9
2,164.9
3,164.9
3,164.9
4,164.9
4,164.9
5,164.9
5,164.9
6,164.9
6,164.9
0,164.9
0,164.9
1,164.9
1,164.9
2,164.9
2,164.9
3,164.9
3,164.9
4,164.9
4,164.9
5,164.9
5,164.9
6,164.9
6,164.9
0,164.9
0,164.9
1,164.9
1,164.9
2,164.9
2,164.9
3,164.9
3,164.9
4,164.9
4,164.9
5,164.9
5,164.9
6,164.9
6,164.9
0,164.9
0,164.9
1,164.9
1,164.9
2,164.9
2,164.9
3,164.9
3,164.9
4,164.9
4,164.9
5,164.9
5,164.9
6,164.9
6,164.9
0,164.9
0,164.9
1,164.9
1,164.9
2,164.9
2,164.9
3,164.9
3,164.9
4,164.9
4,164.9
5,164.9
5,164.9
6,164.9
6,164.9
0,164.9
0,164.9
1,164.9
1,164.9
2,164.9
2,164.9
3,164.9
3,164.9
4,164.9
4,164.9
5,164.9
5,164.9
6,164.9
6,164.9
0,164.9
0,164.9
1,164.9
1,164.9
2,164.9
2,164.9
3,164.9
3,164.9
4,164.9
4,164.9
5,164.9
5,164.9
6,164.9
6,164.9
0,164.9
0,164.9
1,164.9
1,164.9
2,164.9
2,164.9
3,164.9
3,164.9
4,164.9
4,164.9
5,164.9
5,164.9
6,164.9
6,164.9
0,164.9
0,164.9
1,164.9
1,164.9
2,164.9
2,164.9
3,164.9
3,164.9
4,164.9
4,164.9
5,164.9
5,164.9
6,164.9
6,164.9
0,164.9
0,164.9
1,164.9
1,164.9
2,164.9
2,164.9
3,164.9
3,164.9
4,164.9
4,164.9
5,164.9
5,164.9
6,164.9
6,164.9
0,164.9
0,164.9
1,164.9
1,164.9
2,164.9
2,164.9
3,164.9
3,164.9
4,164.9
4,164.9
5,164.9
5,164.9
6,164.9
6,164.9
0,164.9
0,164.9
1,164.9
1,164.9
2,164.9
2,164.9
3,164.9
3,164.9
4,164.9
4,164.9
5,164.9
5,164.9
6,164.9
6,164.9
0,164.9
0,164.9
1,164.9
1,164.9
2,164.9
2,164.9
3,164.9
3,164.9
4,164.9
4,164.9
5,164.9
5,164.9
6,164.9
6,164.9
0,164.9
0,164.9
1,164.9
1,164.9
2,164.9
2,164.9
3,164.9
3,164.9
4,164.9
4,164.9
5,164.9
5,164.9
6,164.9
6,164.9
0,164.9
0,164.9
1,164.9
1,164.9
2,164.9
2,164.9
3,164.9
3,164.9
4,164.9
4,164.9
5,164.9
5,164.9
6,164.9
6,164.9
0,164.9
0,164.9
1,164.9
1,164.9
2,164.9
2,164.9
3,164.9
3,164.9
4,164.9
4,164.9
5,164.9
5,164.9
6,164.9
6,164.9
0,164.9
0,164.9
1,164.9
1,164.9
2,164.9
2,164.9
3,164.9
3,164.9
4,164.9
4,164.9
5,164.9
5,164.9
6,164.9
6,164.9
0,164.9
0,164.9
1,164.9
1,172.9
2,172.9
2,172.9
3,172.9
3,172.9
4,172.9
4,172.9
5,172.9
5,172.9
6,172.9
6,172.9
0,172.9
0,172.9
1,172.9
1,172.9
2,172.9
2,172.9
3,172.9
3,172.9
4,172.9
4,172.9
5,172.9
5,172.9
6,172.9
6,172.9
0,172.9
0,172.9
1,172.9
1,172.9
2,172.9
2,172.9
3,172.9
3,172.9
4,172.9
4,172.9
5,172.9
5,172.9
6,172.9
6,172.9
