0,122.9
0,122.9
1,122.9
1,122.9
2,122.9
2,122.9
3,122.9
3,122.9
4,122.9
4,122.9
5,122.9
5,122.9
6,122.9
6,122.9
0,122.9
0,122.9
1,121.4
1,121.4
2,121.4
2,121.4
3,121.4
3,121.4
4,121.4
4,121.4
5,121.4
5,121.4
6,121.4
6,121.4
0,121.4
0,121.4
1,120.4
1,120.4
2,120.4
2,120.4
3,120.4
3,119.5
4,119.5
4,119.5
5,119.5
5,119.5
6,119.5
6,119.5
0,119.5
0,119.5
1,119.5
1,119.5
2,119.5
2,119.5
3,119.5
3,119.5
4,119.5
4,119.5
5,119.5
5,119.5
6,119.5
6,119.5
0,119.5
0,119.5
1,119.5
1,119.5
2,119.5
2,119.5
3,119.5
3,119.5
4,119.5
4,119.5
5,119.5
5,119.5
6,119.5
6,119.5
0,119.5
0,119.5
1,119.5
1,119.5
2,119.5
2,119.5
3,119.5
3,119.5
4,119.5
4,119.5
5,119.5
5,119.5
6,119.5
6,119.5
0,119.5
0,119.5
1,119.5
1,119.5
2,119.5
2,119.5
3,119.5
3,119.5
4,119.5
4,119.5
5,119.5
5,119.5
6,119.5
6,119.5
0,119.5
0,119.5
1,119.5
1,119.5
2,119.5
2,119.5
3,119.5
3,119.5
4,119.5
4,119.5
5,119.5
5,119.5
6,119.5
6,119.5
0,119.5
0,119.5
1,119.5
1,119.5
2,119.5
2,119.5
3,119.5
3,119.5
4,119.5
4,119.5
5,119.5
5,119.5
6,119.5
6,119.5
0,119.5
0,119.5
1,119.5
1,119.5
2,119.5
2,119.5
3,119.5
3,119.5
4,119.5
4,119.5
5,119.5
5,119.5
6,119.5
6,119.5
0,119.5
0,119.5
1,119.5
1,119.5
2,119.5
2,119.5
3,119.5
3,119.5
4,119.5
4,119.5
5,119.5
5,119.5
6,119.5
6,119.5
0,119.5
0,119.5
1,119.5
1,119.5
2,119.5
2,119.5
3,119.5
3,119.5
4,119.5
4,119.5
5,119.5
5,119.5
6,119.5
6,119.5
0,119.5
0,119.5
1,119.5
1,119.5
2,119.5
2,119.5
3,119.5
3,119.5
4,119.5
4,119.5
5,119.5
5,119.5
6,119.5
6,119.5
0,119.5
0,119.5
1,119.5
1,119.5
2,119.5
2,119.5
3,119.5
3,119.5
4,119.5
4,119.5
5,119.5
5,119.5
6,119.5
6,119.5
0,119.5
0,119.5
1,119.5
1,119.5
2,119.5
2,119.5
3,119.5
3,119.5
4,119.5
4,119.5
5,119.5
5,119.5
6,119.5
6,119.5
0,119.5
0,119.5
1,119.5
1,119.5
2,119.5
2,119.5
3,119.5
3,119.5
4,119.5
4,119.5
5,119.5
5,119.5
6,119.5
6,119.5
0,119.5
0,119.5
1,119.5
1,119.5
2,119.5
2,119.5
3,119.5
3,119.5
4,119.5
4,119.5
5,119.5
5,119.5
6,119.5
6,119.5
0,119.5
0,119.5
1,119.5
1,119.5
2,119.5
2,119.5
3,119.5
3,119.5
4,119.5
4,119.5
5,119.5
5,119.5
6,119.5
6,119.5
0,119.5
0,119.5
1,119.5
1,119.5
2,119.5
2,119.5
3,119.5
3,119.5
4,119.5
4,119.5
5,119.5
5,119.5
6,119.5
6,119.5
0,119.5
0,119.5
1,119.5
1,119.5
2,119.5
2,119.5
3,119.5
3,119.5
4,119.5
4,119.5
5,119.5
5,119.5
6,119.5
6,119.5
0,119.5
0,119.5
1,119.5
1,119.5
2,119.5
2,119.5
3,119.5
3,119.5
4,119.5
4,119.5
5,119.5
5,119.5
6,119.5
6,119.5
0,119.5
0,119.5
1,119.5
1,119.5
2,119.5
2,119.5
3,119.5
3,119.5
4,119.5
4,119.5
5,119.5
5,119.5
6,119.5
6,119.5
0,119.5
0,119.5
1,119.5
1,119.5
2,119.5
2,119.5
3,119.5
3,119.5
4,119.5
4,119.5
5,168.9
5,168.9
6,168.9
6,168.9
0,168.9
0,168.9
1,168.9
1,168.9
2,168.9
2,168.9
3,168.9
3,168.9
4,168.9
4,168.9
5,168.9
5,168.9
6,168.9
6,168.9
0,168.9
0,168.9
1,168.9
1,168.9
2,168.9
2,168.9
3,168.9
3,168.9
4,168.9
4,168.9
5,168.9
5,168.9
6,168.9
6,168.9
0,168.9
0,164.9
1,164.9
1,164.9
2,164.9
2,164.9
3,164.9
3,164.9
4,164.9
4,164.9
5,164.9
5,164.9
6,164.9
6,164.9
0,164.9
0,164.9
1,164.9
1,164.9
2,164.9
2,164.9
3,164.9
3,164.9
4,164.9
4,164.9
5,164.9
5,164.9
6,164.9
6,164.9
0,164.9
0,164.9
1,164.9
1,164.9
2,164.9
2,164.9
3,164.9
3,164.9
4,164.9
4,164.9
5,164.9
5,164.9
6,164.9
6,164.9
0,154.9
0,154.9
1,154.9
1,154.9
2,154.9
2,154.9
3,154.9
3,154.9
4,154.9
4,154.9
5,154.9
5,154.9
6,154.9
6,154.9
0,154.9
0,154.9
1,154.9
1,154.9
2,154.9
2,154.9
3,154.9
3,154.9
4,154.9
4,154.9
5,154.9
5,154.9
6,154.9
6,154.9
0,154.9
0,154.9
1,154.9
1,154.9
2,154.9
2,154.9
3,154.9
3,154.9
4,154.9
4,154.9
5,154.9
5,154.9
6,154.9
6,154.9
0,154.9
0,154.9
1,154.9
1,154.9
2,154.9
2,154.9
3,154.9
3,154.9
4,154.9
4,154.9
5,154.9
5,154.9
6,154.9
6,154.9
0,154.9
0,154.9
1,154.9
1,154.9
2,154.9
2,154.9
3,154.9
3,154.9
4,154.9
4,154.9
5,147.7
5,147.7
6,147.7
6,147.7
0,147.7
0,147.7
1,145.7
1,145.7
2,144.9
2,144.9
3,144.9
3,144.9
4,144.9
4,144.9
5,144.9
5,144.9
6,144.9
6,144.9
0,144.9
0,144.9
1,144.9
1,144.9
2,144.9
2,144.9
3,144.9
3,144.9
4,144.9
4,144.9
5,144.9
5,144.9
6,144.9
6,136.9
0,136.9
0,136.9
1,136.9
1,136.9
2,136.9
2,136.9
3,136.9
3,136.9
4,136.9
4,136.9
5,136.9
5,136.9
6,136.9
6,136.9
0,136.9
0,136.9
1,136.9
1,136.9
2,136.9
2,136.9
3,136.9
3,136.9
4,136.9
4,136.9
5,136.9
5,136.9
6,136.9
6,136.9
0,136.9
0,136.9
1,136.9
1,136.9
2,136.9
2,136.9
3,136.9
3,136.9
4,136.9
4,136.9
5,136.9
5,136.9
6,136.9
6,136.9
0,136.9
0,136.9
1,136.9
1,162.9
2,162.9
2,162.9
3,162.9
3,162.9
4,162.9
4,162.9
5,162.9
5,162.9
6,162.9
6,162.9
0,162.9
0,162.9
1,162.9
1,162.9
2,162.9
2,162.9
3,162.9
3,162.9
4,162.9
4,162.9
5,162.9
5,159.9
6,159.9
6,159.9
0,159.9
0,159.9
1,159.9
1,159.9
2,159.9
2,159.9
3,159.9
3,159.9
4,159.9
4,159.9
5,159.9
5,159.9
6,159.9
6,159.9
0,159.9
0,159.9
1,159.9
1,159.9
2,159.9
2,159.9
3,159.9
3,159.9
4,159.9
4,159.9
5,159.9
5,159.9
6,159.9
6,159.9
0,159.9
0,159.9
1,159.9
1,159.9
2,159.9
2,159.9
3,159.9
3,159.9
4,159.9
4,159.9
5,159.9
5,159.9
6,159.9
6,159.9
0,159.9
0,159.9
1,159.9
1,159.9
2,159.9
2,159.9
3,159.9
3,159.9
4,159.9
4,159.9
5,159.9
5,159.9
6,159.9
6,159.9
0,159.9
0,159.9
1,159.9
1,159.9
2,159.9
2,159.9
3,159.9
3,159.9
4,159.9
4,159.9
5,159.9
5,159.9
6,159.9
6,159.9
0,159.9
0,159.9
1,159.9
1,159.9
2,159.9
2,159.9
3,159.9
3,159.9
4,159.9
4,159.9
5,159.9
5,159.9
6,159.9
6,159.9
0,159.9
0,159.9
1,159.9
1,159.9
2,144.9
2,144.9
3,144.9
3,144.9
4,140.8
4,140.8
5,140.8
5,140.8
6,140.8
6,140.8
0,140.8
0,140.8
1,140.8
1,140.8
2,140.8
2,140.8
3,140.8
3,140.8
4,140.8
4,140.8
5,140.8
5,140.8
6,140.8
6,140.8
0,140.8
0,140.8
1,140.8
1,140.8
2,140.8
2,140.8
3,140.8
3,140.8
4,140.8
4,140.8
5,140.8
5,140.8
6,140.8
6,140.8
0,140.8
0,140.8
1,140.8
1,140.8
2,140.8
2,140.8
3,140.8
3,140.8
4,140.8
4,140.8
5,140.8
5,140.8
6,140.8
6,140.8
0,140.8
0,140.8
1,140.8
1,140.8
2,140.8
2,140.8
3,140.8
3,140.8
4,140.8
4,140.8
5,140.8
5,140.8
6,140.8
6,140.8
0,140.8
0,140.8
1,140.8
1,140.8
2,140.8
2,140.8
3,140.8
3,140.8
4,137.85000000000002
4,137.85000000000002
5,134.9
5,134.9
6,134.9
6,134.9
0,134.9
0,134.9
1,134.9
1,134.9
2,134.9
2,134.9
3,134.9
3,134.9
4,134.9
4,134.9
5,134.9
5,134.9
6,134.9
6,134.9
0,134.9
0,134.9
1,134.9
1,134.9
2,134.9
2,157.9
3,157.9
3,157.9
4,157.9
4,157.9
5,157.9
5,157.9
6,157.9
6,157.9
0,157.9
0,157.9
1,157.9
1,157.9
2,157.9
2,157.9
3,157.9
3,157.9
4,157.9
4,154.9
5,154.9
5,154.9
6,154.9
6,154.9
0,154.9
0,154.9
1,154.9
1,154.9
2,154.9
2,154.9
3,154.9
3,154.9
4,154.9
4,154.9
5,154.9
5,154.9
6,154.9
6,154.9
0,154.9
0,154.9
1,150.9
1,150.9
2,150.9
2,150.9
3,150.9
3,150.9
4,150.9
4,150.9
5,150.9
5,150.9
6,150.9
6,150.9
0,150.9
0,150.9
1,150.9
1,150.9
2,150.9
2,150.9
3,150.9
3,150.9
4,150.9
4,150.9
5,150.9
5,150.9
6,150.9
6,150.9
0,150.9
0,150.9
1,150.9
1,150.9
2,150.9
2,150.9
3,142.9
3,142.9
4,142.9
4,142.9
5,142.9
5,142.9
6,142.9
6,142.9
0,142.9
0,142.9
1,142.9
1,142.9
2,142.9
2,142.9
3,142.9
3,142.9
4,142.9
4,142.9
5,142.9
5,142.9
6,142.9
6,142.9
0,142.9
0,142.9
1,142.9
1,142.9
2,142.9
2,142.9
3,142.9
3,142.9
4,142.9
4,142.9
5,142.9
5,142.9
6,142.9
6,142.9
0,142.9
0,142.9
1,142.9
1,142.9
2,142.9
2,142.9
3,142.9
3,142.9
4,142.9
4,142.9
5,142.9
5,142.9
6,142.9
6,142.9
0,142.9
0,142.9
1,142.9
1,142.9
2,142.9
2,142.9
3,142.9
3,142.9
4,142.9
4,142.9
5,142.9
5,142.9
6,142.9
6,142.9
0,142.9
0,142.9
1,142.9
1,142.9
2,142.9
2,142.9
3,142.9
3,142.9
4,167.9
4,167.9
5,167.9
5,167.9
6,167.9
6,167.9
0,167.9
0,167.9
1,167.9
1,167.9
2,167.9
2,167.9
3,167.9
3,167.9
4,167.9
4,167.9
5,167.9
5,167.9
6,167.9
6,167.9
0,167.9
0,167.9
1,167.9
1,167.9
2,167.9
2,167.9
3,167.9
3,167.9
4,167.9
4,167.9
5,167.9
5,167.9
6,167.9
6,167.9
0,167.9
0,167.9
1,167.9
1,167.9
2,167.9
2,167.9
3,167.9
3,167.9
4,162.7
4,162.7
5,162.7
5,162.7
6,162.7
6,161.7
0,161.7
0,161.7
1,161.7
1,161.7
2,161.7
2,161.7
3,161.7
3,161.7
4,161.7
4,161.7
5,161.7
5,161.7
6,161.7
6,161.7
0,161.7
0,161.7
1,161.7
1,161.7
2,161.7
2,161.7
3,161.7
3,161.7
4,161.7
4,161.7
5,161.7
5,161.7
6,161.7
6,161.7
0,161.7
0,161.7
1,161.7
1,161.7
2,161.7
2,161.7
3,161.7
3,161.7
4,161.7
4,161.7
5,161.7
5,161.7
6,161.7
6,161.7
0,161.7
0,161.7
1,161.7
1,161.7
2,161.7
2,161.7
3,173.4
3,173.4
4,173.4
4,173.4
5,173.4
5,173.4
6,173.4
6,173.4
0,173.4
0,173.4
1,173.4
1,173.4
2,173.4
2,173.4
3,173.4
3,173.4
4,173.4
4,173.4
5,173.4
5,173.4
6,173.4
6,173.4
0,173.4
0,173.4
1,173.4
1,173.4
2,173.4
2,173.4
3,173.4
3,173.4
4,173.4
4,173.4
5,173.4
5,173.4
6,173.4
6,173.4
0,173.4
0,173.4
1,173.4
1,173.4
2,173.4
2,173.4
3,173.4
3,173.4
4,173.4
4,173.4
5,173.4
5,173.4
6,173.4
6,173.4
0,173.4
0,173.4
1,173.4
1,173.4
2,173.4
2,173.4
3,173.4
3,173.4
4,173.4
4,173.4
5,173.4
5,173.4
6,173.4
6,173.4
0,173.4
0,173.4
1,173.4
1,173.4
2,173.4
2,173.4
3,173.4
3,173.4
4,173.4
4,173.4
5,173.4
5,173.4
6,173.4
6,173.4
0,173.4
0,173.4
1,173.4
1,173.4
2,173.4
2,173.4
3,173.4
3,173.4
4,173.4
4,173.4
5,173.4
5,173.4
6,173.4
6,173.4
0,173.4
0,173.4
1,173.4
1,173.4
2,173.4
2,173.4
3,173.4
3,173.4
4,173.4
4,173.4
5,173.4
5,173.4
6,173.4
6,173.4
0,173.4
0,173.4
1,173.4
1,173.4
2,173.4
2,173.4
3,173.4
3,173.4
4,173.4
4,173.4
5,173.4
5,173.4
6,173.4
6,173.4
0,173.4
0,173.4
1,173.4
1,173.4
2,173.4
2,173.4
3,173.4
3,173.4
4,173.4
4,173.4
5,173.4
5,173.4
6,173.4
6,173.4
0,173.4
0,173.4
1,173.4
1,173.4
2,173.4
2,173.4
3,173.4
3,173.4
4,173.4
4,173.4
5,173.4
5,173.4
6,173.4
6,173.4
0,173.4
0,173.4
1,173.4
1,173.4
2,173.4
2,173.4
3,173.4
3,173.4
4,173.4
4,173.4
5,173.4
5,173.4
6,173.4
6,173.4
0,173.4
0,173.4
1,173.4
1,173.4
2,173.4
2,173.4
3,173.4
3,164.9
4,164.9
4,164.9
5,164.9
5,164.9
6,164.9
6,164.9
0,164.9
0,164.9
1,164.9
1,164.9
2,164.9
2,164.9
3,164.9
3,164.9
4,164.9
4,164.9
5,164.9
5,164.9
6,164.9
6,164.9
0,164.9
0,164.9
1,164.9
1,164.9
2,164.9
2,164.9
3,164.9
3,164.9
4,164.9
4,164.9
5,164.9
5,164.9
6,164.9
6,164.9
0,164.9
0,164.9
1,164.9
1,164.9
2,164.9
2,164.9
3,164.9
3,164.9
4,164.9
4,164.9
5,164.9
5,164.9
6,164.9
6,164.9
0,164.9
0,164.9
1,164.9
1,164.9
2,164.9
2,164.9
3,164.9
3,164.9
4,164.9
4,164.9
5,164.9
5,164.9
6,164.9
6,164.9
0,164.9
0,164.9
1,164.9
1,164.9
2,164.9
2,164.9
3,164.9
3,164.9
4,164.9
4,164.9
5,164.9
5,164.9
6,164.9
6,164.9
0,164.9
0,174.9
1,174.9
1,174.9
2,174.9
2,174.9
3,174.9
3,174.9
4,174.9
4,174.9
5,174.9
5,174.9
6,174.9
6,174.9
0,174.9
0,174.9
1,174.9
1,174.9
2,174.9
2,174.9
3,174.9
3,174.9
4,174.9
4,174.9
5,174.9
5,174.9
6,174.9
6,174.9
0,174.9
0,174.9
1,174.9
1,174.9
2,174.9
2,174.9
3,174.9
3,174.9
4,174.9
4,174.9
5,174.9
5,174.9
6,174.9
6,174.9
