0,0
0,0
1,0
1,0
2,138.7
2,134.5
3,133.2
3,132.5
4,132.5
4,132.5
5,132.5
5,132.5
6,132.5
6,132.5
0,129.7
0,129.0
1,128.9
1,127.5
2,127.7
2,127.7
3,126.5
3,125.7
4,125.4
4,124.5
5,124.4
5,123.5
6,123.10000000000001
6,122.4
0,122.10000000000001
0,121.5
1,120.66666666666667
1,120.2
2,119.5
2,117.7
3,118.5
3,117.5
4,117.1
4,117.1
5,117.1
5,117.1
6,117.1
6,117.1
0,116.4
0,116.4
1,116.4
1,116.4
2,116.4
2,116.4
3,116.4
3,116.4
4,116.4
4,116.4
5,116.4
5,116.4
6,116.4
6,116.4
0,116.4
0,116.4
1,116.4
1,116.4
2,116.4
2,116.4
3,116.4
3,116.4
4,116.4
4,116.4
5,116.4
5,116.4
6,116.4
6,116.4
0,116.4
0,144.35
1,144.35
1,142.9
2,142.9
2,142.9
3,141.9
3,141.9
4,141.9
4,141.9
5,141.9
5,141.9
6,141.9
6,141.9
0,139.9
0,139.9
1,139.9
1,137.9
2,137.9
2,137.9
3,137.9
3,135.9
4,134.9
4,134.9
5,134.9
5,134.9
6,134.9
6,133.8
0,133.8
0,132.5
1,132.5
1,131.9
2,127.6
2,127.6
3,127.6
3,123.5
4,126.60000000000001
4,126.1
5,126.1
5,126.60000000000001
6,126.60000000000001
6,126.1
0,126.1
0,124.73333333333335
1,124.73333333333335
1,124.75
2,124.75
2,124.75
3,124.75
3,124.75
4,124.75
4,124.75
5,124.75
5,124.75
6,124.75
6,124.75
0,124.75
0,124.75
1,124.75
1,124.75
2,124.75
2,124.75
3,124.75
3,124.75
4,124.75
4,124.75
5,124.75
5,124.75
6,124.75
6,124.75
0,124.75
0,124.75
1,124.75
1,124.75
2,124.75
2,124.75
3,124.75
3,124.75
4,124.75
4,124.75
5,124.75
5,124.75
6,124.75
6,124.75
0,124.75
0,124.75
1,124.75
1,124.75
2,124.75
2,124.75
3,124.75
3,124.75
4,124.75
4,124.75
5,124.75
5,124.75
6,124.75
6,124.75
0,124.75
0,124.75
1,124.75
1,124.75
2,124.75
2,124.75
3,124.75
3,124.75
4,124.75
4,124.75
5,124.75
5,124.75
6,124.75
6,124.75
0,124.75
0,124.75
1,124.75
1,124.75
2,124.75
2,124.75
3,124.75
3,124.75
4,124.75
4,124.75
5,124.75
5,124.75
6,124.75
6,124.75
0,124.75
0,124.75
1,124.75
1,124.75
2,124.75
2,124.75
3,124.75
3,124.75
4,124.75
4,124.75
5,124.75
5,124.75
6,124.75
6,124.75
0,124.75
0,124.75
1,124.75
1,124.75
2,124.75
2,124.75
3,124.75
3,124.75
4,124.75
4,124.75
5,124.75
5,124.75
6,124.75
6,124.75
0,124.75
0,124.75
1,124.75
1,124.75
2,124.75
2,124.75
3,124.75
3,124.75
4,124.75
4,124.75
5,124.75
5,124.75
6,124.75
6,124.75
0,124.75
0,124.75
1,124.75
1,124.75
2,124.75
2,124.75
3,124.75
3,124.75
4,124.75
4,124.75
5,124.75
5,124.75
6,124.75
6,124.75
0,124.75
0,124.75
1,124.75
1,124.75
2,124.75
2,124.75
3,124.75
3,124.75
4,124.75
4,124.75
5,124.75
5,124.75
6,124.75
6,124.75
0,124.75
0,157.9
1,157.9
1,157.9
2,157.9
2,157.9
3,157.9
3,157.9
4,157.9
4,157.9
5,157.9
5,157.9
6,157.9
6,157.9
0,157.9
0,157.9
1,157.9
1,157.9
2,157.9
2,157.9
3,157.9
3,157.9
4,157.9
4,157.9
5,157.9
5,157.9
6,157.9
6,157.9
0,157.9
0,157.9
1,157.9
1,157.9
2,157.9
2,157.9
3,157.9
3,157.9
4,157.9
4,157.9
5,157.9
5,157.9
6,157.9
6,157.9
0,157.9
0,157.9
1,157.9
1,157.9
2,157.9
2,157.9
3,157.9
3,157.9
4,157.9
4,157.9
5,157.9
5,157.9
6,157.9
6,157.9
0,157.9
0,157.9
1,157.9
1,157.9
2,157.9
2,157.9
3,157.9
3,157.9
4,157.9
4,157.9
5,157.9
5,157.9
6,157.9
6,157.9
0,155.7
0,155.7
1,155.7
1,155.7
2,155.7
2,155.7
3,155.7
3,155.7
4,155.7
4,165.9
5,165.9
5,165.9
6,165.9
6,165.9
0,165.9
0,165.9
1,165.9
1,165.9
2,165.9
2,165.9
3,165.9
3,165.9
4,165.9
4,165.9
5,165.9
5,165.9
6,165.9
6,165.9
0,162.9
0,162.9
1,162.9
1,162.9
2,162.9
2,162.9
3,162.9
3,162.9
4,162.9
4,162.9
5,161.9
5,161.9
6,161.9
6,161.9
0,161.9
0,161.9
1,161.9
1,161.9
2,161.9
2,161.9
3,161.9
3,161.9
4,161.9
4,161.9
5,161.9
5,161.9
6,161.9
6,161.9
0,161.9
0,161.9
1,161.9
1,161.9
2,161.9
2,161.7
3,161.7
3,161.7
4,159.7
4,159.7
5,159.7
5,159.7
6,159.7
6,159.7
0,159.7
0,159.7
1,159.7
1,159.7
2,156.7
2,156.7
3,153.8
3,152.5
4,152.5
4,152.5
5,152.5
5,152.5
6,152.5
6,152.5
0,152.5
0,152.5
1,151.5
1,151.5
2,152.9
2,152.9
3,152.9
3,152.9
4,152.9
4,152.9
5,152.9
5,152.9
6,152.9
6,152.9
0,150.5
0,150.5
1,150.5
1,150.5
2,150.5
2,150.5
3,150.5
3,150.5
4,150.5
4,150.5
5,150.5
5,162.9
6,162.9
6,162.9
0,162.9
0,162.9
1,162.9
1,162.9
2,162.9
2,162.9
3,162.9
3,162.9
4,162.9
4,162.9
5,162.9
5,162.9
6,162.9
6,162.9
0,162.9
0,162.9
1,162.9
1,162.9
2,162.9
2,162.9
3,162.3
3,161.9
4,161.9
4,161.9
5,161.9
5,161.9
6,161.7
6,161.7
0,161.7
0,161.5
1,161.5
1,161.5
2,161.5
2,161.5
3,161.5
3,161.5
4,158.8
4,158.8
5,157.7
5,157.7
6,157.7
6,157.7
0,157.3
0,157.3
1,157.9
1,157.9
2,156.5
2,156.5
3,158.9
3,158.9
4,158.9
4,154.9
5,156.9
5,156.9
6,154.7
6,154.7
0,154.7
0,154.5
1,154.5
1,154.5
2,154.5
2,154.5
3,154.5
3,154.5
4,154.5
4,154.5
5,154.5
5,154.5
6,154.5
6,154.5
0,154.5
0,154.5
1,153.9
1,152.9
2,152.9
2,152.9
3,152.9
3,152.9
4,152.9
4,152.9
5,152.9
5,152.9
6,152.9
6,152.9
0,156.9
0,156.9
1,156.9
1,156.9
2,156.9
2,156.9
3,162.9
3,162.9
4,162.9
4,162.9
5,162.9
5,162.9
6,162.9
6,162.9
0,162.9
0,162.9
1,162.9
1,162.9
2,162.9
2,162.9
3,161.9
3,161.9
4,161.9
4,161.9
5,159.5
5,159.5
6,159.5
6,159.5
0,159.5
0,159.5
1,161.3
1,159.7
2,157.3
2,157.3
3,155.3
3,154.9
4,154.9
4,154.9
5,154.9
5,154.9
6,154.9
6,154.9
0,154.9
0,154.9
1,152.9
1,154.9
2,152.4
2,152.4
3,152.4
3,151.9
4,151.9
4,151.9
5,151.9
5,151.9
6,150.9
6,150.9
0,150.9
0,150.9
1,150.9
1,150.9
2,150.9
2,150.9
3,150.9
3,150.9
4,150.9
4,150.9
5,150.9
5,150.9
6,150.9
6,150.9
0,150.9
0,150.9
1,150.9
1,150.9
2,150.9
2,150.9
3,150.9
3,150.9
4,150.9
4,150.9
5,150.9
5,150.9
6,150.9
6,150.9
0,143.7
0,143.7
1,143.7
1,143.7
2,143.7
2,143.7
3,143.7
3,164.9
4,164.9
4,164.9
5,164.9
5,164.9
6,164.9
6,164.9
0,164.9
0,164.9
1,164.9
1,164.9
2,164.9
2,164.9
3,164.9
3,164.9
4,162.9
4,162.9
5,162.9
5,162.9
6,162.9
6,162.9
0,162.9
0,162.9
1,162.9
1,162.9
2,162.9
2,162.9
3,151.9
3,151.9
4,151.9
4,149.9
5,149.9
5,149.9
6,149.9
6,149.9
0,149.9
0,149.9
1,149.9
1,149.9
2,149.9
2,149.9
3,149.9
3,149.9
4,149.9
4,141.7
5,141.7
5,141.7
6,141.7
6,141.7
0,141.7
0,141.7
1,141.7
1,141.7
2,141.7
2,141.7
3,141.7
3,141.7
4,141.7
4,141.7
5,141.7
5,141.7
6,141.7
6,141.7
0,141.7
0,141.7
1,141.7
1,141.7
2,138.4
2,138.4
3,138.4
3,138.4
4,135.8
4,135.8
5,135.8
5,135.8
6,135.8
6,135.8
0,135.8
0,135.8
1,135.8
1,135.8
2,155.9
2,155.9
3,155.9
3,155.9
4,155.9
4,155.9
5,155.9
5,155.9
6,155.9
6,155.9
0,155.9
0,155.9
1,155.9
1,155.9
2,155.4
2,155.4
3,154.9
3,154.9
4,154.9
4,153.9
5,154.4
5,154.4
6,154.4
6,154.4
0,154.4
0,154.4
1,154.23333333333335
1,154.23333333333335
2,153.9
2,153.9
3,153.4
3,153.4
4,151.5666666666667
4,148.4
5,148.23333333333335
5,148.23333333333335
6,147.9
6,147.9
0,147.9
0,147.9
1,145.9
1,145.9
2,145.9
2,145.9
3,142.9
3,140.8
4,140.8
4,140.8
5,140.8
5,140.8
6,140.8
6,140.8
0,139.75
0,138.5
1,137.9
1,137.9
2,137.9
2,137.9
3,137.23333333333335
3,135.9
4,135.9
4,135.9
5,135.9
5,135.9
6,135.9
6,135.9
0,135.9
0,135.9
1,162.9
1,162.9
2,162.9
2,162.9
3,162.9
3,162.9
4,162.9
4,162.9
5,162.9
5,161.9
6,161.9
6,161.9
0,161.9
0,161.9
1,161.9
1,161.9
2,161.9
2,161.9
3,158.9
3,158.9
4,158.9
4,157.9
5,157.9
5,155.9
6,155.7
6,155.7
0,155.7
0,155.7
1,155.4333333333333
1,155.4333333333333
2,154.7
2,154.7
3,154.7
3,154.7
4,154.7
4,154.7
5,153.7
5,153.7
6,139.7
6,139.7
0,139.7
0,139.7
1,139.7
1,139.7
2,139.7
2,139.7
3,139.7
3,139.7
4,139.7
4,139.7
5,139.7
5,139.7
6,139.7
6,139.7
0,139.7
0,139.7
1,139.7
1,139.7
2,139.7
2,139.7
3,139.7
3,139.7
4,139.7
4,139.7
5,139.7
5,139.7
6,165.9
6,165.9
0,165.9
0,165.9
1,165.9
1,165.9
2,165.9
2,165.9
3,162.9
3,162.9
4,160.5
4,160.5
5,160.5
5,160.5
6,160.5
6,160.5
0,160.5
0,160.5
1,160.5
1,160.5
2,160.5
2,160.5
3,160.5
3,159.9
4,159.9
4,159.9
5,159.9
5,159.9
6,160.3
6,160.3
0,160.3
0,160.3
1,158.5
1,158.5
2,154.9
2,154.9
3,154.9
3,154.9
4,154.9
4,154.9
5,154.9
5,154.9
6,154.9
6,154.9
0,154.9
0,154.9
1,154.9
1,154.3
2,154.3
2,154.3
3,154.3
3,154.3
4,154.3
4,154.3
5,154.3
5,154.3
6,165.9
6,165.9
0,165.9
0,165.9
1,165.9
1,165.9
2,165.9
2,165.9
3,165.9
3,165.9
4,165.9
4,165.9
5,165.9
5,165.9
6,165.9
6,165.9
0,165.9
0,165.9
1,165.9
1,165.9
2,165.9
2,164.6
3,164.6
3,163.5
4,163.5
4,162.9
5,162.9
5,162.9
6,162.9
6,162.9
0,162.9
0,162.9
1,162.9
1,162.9
2,162.9
2,162.9
3,162.9
3,162.9
4,162.9
4,162.9
5,162.9
5,162.9
6,162.9
6,172.9
0,172.9
0,172.9
1,172.9
1,172.9
2,172.9
2,172.9
3,172.9
3,172.9
4,172.9
4,172.9
5,172.9
5,172.9
6,172.9
6,172.9
0,172.9
0,172.9
1,172.9
1,172.9
2,172.9
2,172.9
3,172.9
3,172.9
4,172.9
4,172.9
5,172.9
5,172.9
6,172.9
6,172.9
0,172.9
0,172.9
1,172.9
1,172.9
2,172.9
2,172.9
3,172.9
3,172.9
4,172.9
4,172.9
5,172.9
5,172.9
6,172.9
6,172.9
0,172.9
0,172.9
1,171.9
1,170.7
2,170.9
2,170.9
3,170.9
3,169.7
4,172.9
4,172.9
5,172.9
5,172.9
6,172.9
6,172.9
0,172.9
0,172.9
1,172.9
1,172.9
2,172.9
2,172.9
3,172.9
3,172.9
4,172.9
4,172.9
5,172.9
5,172.9
6,172.9
6,172.9
0,172.9
0,172.9
1,172.9
1,172.9
2,172.9
2,172.9
3,172.9
3,172.9
4,172.9
4,172.9
5,172.9
5,172.9
6,172.9
6,172.9
0,172.9
0,172.9
1,172.9
1,172.9
2,172.9
2,172.9
3,172.9
3,172.9
4,172.9
4,172.7
5,172.7
5,172.7
6,172.7
6,172.5
0,172.5
0,172.5
1,172.5
1,172.4
2,171.4
2,171.4
3,171.4
3,170.9
4,170.9
4,170.9
5,170.7
5,170.7
6,170.7
6,170.7
0,169.9
0,169.7
1,169.5
1,169.5
2,169.5
2,169.5
3,169.5
3,169.5
4,169.5
4,169.5
5,169.5
5,169.5
6,169.5
6,169.5
0,169.5
0,169.5
1,169.5
1,169.5
2,169.5
2,169.5
3,169.5
3,172.9
4,172.9
4,172.9
5,172.9
5,172.9
6,172.9
6,172.9
0,172.9
0,172.9
1,172.9
1,172.9
2,172.9
2,172.9
3,172.9
3,172.9
4,172.9
4,172.9
5,172.9
5,172.9
6,172.9
6,172.9
0,172.9
0,172.9
1,172.9
1,172.9
2,172.9
2,172.9
3,171.2
3,170.9
4,170.9
4,170.9
5,170.7
5,168.7
6,168.7
6,168.7
0,168.7
0,166.5
1,166.5
1,166.5
2,166.5
2,166.5
3,166.5
3,166.5
4,166.5
4,166.5
5,162.5
5,162.5
6,162.5
6,162.5
0,162.5
0,162.5
1,162.5
1,162.5
2,162.5
2,162.5
3,160.9
3,160.9
4,160.9
4,160.9
5,160.9
5,160.9
6,174.9
6,174.9
0,174.9
0,172.9
1,172.9
1,172.9
2,172.9
2,172.9
3,172.9
3,172.9
4,172.9
4,172.9
5,172.9
5,172.9
6,172.9
6,172.9
0,172.9
0,172.9
1,172.9
1,172.9
2,172.9
2,172.9
3,172.9
3,156.9
4,156.9
4,162.9
5,162.9
5,162.9
6,162.9
6,162.9
0,162.9
0,162.9
1,162.9
1,162.9
2,154.9
2,154.9
3,154.9
3,154.9
4,154.9
4,154.9
5,154.9
5,154.9
6,154.9
6,154.9
0,154.9
0,154.9
1,154.9
1,154.9
2,154.9
2,154.9
3,154.9
3,154.9
4,154.9
4,154.7
5,154.7
5,154.7
6,154.7
6,154.7
0,154.7
0,154.7
1,154.7
1,154.7
2,154.7
2,154.7
3,154.7
3,154.7
4,154.7
4,172.9
5,172.9
5,172.9
6,172.9
6,172.9
0,172.9
0,172.9
1,172.9
1,172.9
2,172.9
2,172.9
3,172.9
3,172.9
4,172.9
4,172.9
5,172.9
5,172.9
6,172.9
6,172.9
0,172.9
0,172.9
1,171.9
1,171.9
2,171.9
2,171.9
3,171.9
3,171.9
4,169.9
4,169.9
5,166.9
5,166.9
6,166.9
6,166.9
0,166.9
0,166.9
1,166.9
1,166.9
2,166.9
2,166.9
3,166.9
3,166.9
4,166.9
4,166.9
5,166.9
5,166.9
6,166.9
6,166.9
0,166.9
0,158.9
1,158.9
1,158.9
2,158.9
2,158.9
3,158.9
3,158.9
4,158.9
4,158.9
5,179.9
5,179.9
6,179.9
6,179.9
0,179.9
0,179.9
1,179.9
1,179.9
2,179.9
2,179.9
3,179.9
3,179.9
4,179.9
4,179.9
5,179.9
5,179.9
6,179.9
6,179.9
