0,0
0,0
1,0
1,0
2,0
2,0
3,0
3,0
4,0
4,0
5,0
5,0
6,0
6,0
0,0
0,0
1,0
1,0
2,0
2,0
3,0
3,0
4,0
4,0
5,0
5,0
6,0
6,0
0,0
0,0
1,135.9
1,135.9
2,135.9
2,135.9
3,135.9
3,135.9
4,135.9
4,135.9
5,135.9
5,135.9
6,135.9
6,135.9
0,135.9
0,135.9
1,135.9
1,135.9
2,135.9
2,135.9
3,135.9
3,135.9
4,135.9
4,135.9
5,135.9
5,135.9
6,135.9
6,135.9
0,135.9
0,135.9
1,135.9
1,135.9
2,135.9
2,135.9
3,135.9
3,135.9
4,135.9
4,135.9
5,135.9
5,135.9
6,135.9
6,135.9
0,135.9
0,135.9
1,135.9
1,135.9
2,135.9
2,135.9
3,135.9
3,135.9
4,135.9
4,135.9
5,135.9
5,135.9
6,135.9
6,135.9
0,135.9
0,135.9
1,135.9
1,135.9
2,135.9
2,135.9
3,135.9
3,135.9
4,135.9
4,135.9
5,135.9
5,135.9
6,135.9
6,135.9
0,135.9
0,135.9
1,135.9
1,135.9
2,135.9
2,135.9
3,135.9
3,135.9
4,135.9
4,135.9
5,135.9
5,135.9
6,135.9
6,135.9
0,135.9
0,135.9
1,135.9
1,135.9
2,135.9
2,135.9
3,135.9
3,135.9
4,135.9
4,135.9
5,135.9
5,135.9
6,135.9
6,135.9
0,135.9
0,135.9
1,135.9
1,135.9
2,135.9
2,135.9
3,135.9
3,135.9
4,135.9
4,135.9
5,135.9
5,135.9
6,135.9
6,135.9
0,135.9
0,135.9
1,135.9
1,135.9
2,135.9
2,135.9
3,135.9
3,135.9
4,135.9
4,135.9
5,135.9
5,135.9
6,135.9
6,135.9
0,135.9
0,135.9
1,135.9
1,135.9
2,135.9
2,135.9
3,135.9
3,135.9
4,135.9
4,135.9
5,135.9
5,135.9
6,135.9
6,135.9
0,135.9
0,135.9
1,135.9
1,135.9
2,135.9
2,135.9
3,135.9
3,135.9
4,135.9
4,135.9
5,135.9
5,135.9
6,135.9
6,135.9
0,135.9
0,135.9
1,135.9
1,135.9
2,135.9
2,135.9
3,135.9
3,135.9
4,135.9
4,135.9
5,135.9
5,135.9
6,135.9
6,135.9
0,135.9
0,135.9
1,135.9
1,135.9
2,135.9
2,135.9
3,135.9
3,135.9
4,135.9
4,135.9
5,135.9
5,135.9
6,135.9
6,135.9
0,135.9
0,135.9
1,135.9
1,135.9
2,135.9
2,135.9
3,135.9
3,135.9
4,135.9
4,135.9
5,135.9
5,135.9
6,135.9
6,135.9
0,135.9
0,135.9
1,135.9
1,135.9
2,135.9
2,135.9
3,135.9
3,135.9
4,135.9
4,135.9
5,135.9
5,135.9
6,135.9
6,135.9
0,135.9
0,135.9
1,135.9
1,135.9
2,135.9
2,135.9
3,135.9
3,135.9
4,135.9
4,135.9
5,135.9
5,135.9
6,135.9
6,135.9
0,135.9
0,135.9
1,135.9
1,135.9
2,135.9
2,135.9
3,135.9
3,135.9
4,135.9
4,135.9
5,135.9
5,135.9
6,135.9
6,135.9
0,135.9
0,135.9
1,135.9
1,135.9
2,135.9
2,135.9
3,135.9
3,135.9
4,135.9
4,135.9
5,135.9
5,135.9
6,135.9
6,135.9
0,135.9
0,135.9
1,135.9
1,135.9
2,135.9
2,135.9
3,135.9
3,135.9
4,135.9
4,135.9
5,135.9
5,135.9
6,135.9
6,135.9
0,135.9
0,135.9
1,135.9
1,135.9
2,135.9
2,135.9
3,135.9
3,135.9
4,135.9
4,135.9
5,135.9
5,135.9
6,135.9
6,135.9
0,135.9
0,135.9
1,135.9
1,135.9
2,135.9
2,135.9
3,135.9
3,135.9
4,135.9
4,135.9
5,166.9
5,166.9
6,166.9
6,166.9
0,166.9
0,166.9
1,166.9
1,166.9
2,166.9
2,166.9
3,166.9
3,166.9
4,166.9
4,166.9
5,166.9
5,166.9
6,166.9
6,166.9
0,166.9
0,166.9
1,166.9
1,166.9
2,166.9
2,166.9
3,166.9
3,166.9
4,166.9
4,166.9
5,166.9
5,166.9
6,166.9
6,166.9
0,166.9
0,166.9
1,166.9
1,166.9
2,166.9
2,164.9
3,164.9
3,164.9
4,164.9
4,164.9
5,164.9
5,164.9
6,164.9
6,164.9
0,164.9
0,164.9
1,164.9
1,164.9
2,164.9
2,164.9
3,164.9
3,164.9
4,164.9
4,164.9
5,164.9
5,164.9
6,164.9
6,164.9
0,164.9
0,164.9
1,164.9
1,164.9
2,164.9
2,164.9
3,164.9
3,164.9
4,164.9
4,164.9
5,164.9
5,164.9
6,164.9
6,164.9
0,164.9
0,164.9
1,164.9
1,164.9
2,164.9
2,164.9
3,164.9
3,164.9
4,164.9
4,164.9
5,164.9
5,164.9
6,164.9
6,164.9
0,164.9
0,164.9
1,164.9
1,164.9
2,164.9
2,164.9
3,164.9
3,164.9
4,164.9
4,164.9
5,164.9
5,164.9
6,164.9
6,162.9
0,162.9
0,162.9
1,162.9
1,162.9
2,162.9
2,162.9
3,162.9
3,162.9
4,162.9
4,162.9
5,162.9
5,162.9
6,162.9
6,162.9
0,162.9
0,162.9
1,162.9
1,162.9
2,162.9
2,162.9
3,162.9
3,162.9
4,162.9
4,162.9
5,162.9
5,162.9
6,162.9
6,162.9
0,162.9
0,162.9
1,162.9
1,162.9
2,162.9
2,162.9
3,162.9
3,159.9
4,159.9
4,159.9
5,159.9
5,159.9
6,159.9
6,159.9
0,159.9
0,159.9
1,159.9
1,159.9
2,159.9
2,159.9
3,159.9
3,159.9
4,159.9
4,159.9
5,159.9
5,159.9
6,158.9
6,158.9
0,158.9
0,158.9
1,158.9
1,158.9
2,158.9
2,158.9
3,158.9
3,158.9
4,158.9
4,158.9
5,158.9
5,158.9
6,158.9
6,158.9
0,158.9
0,158.9
1,158.9
1,158.9
2,158.9
2,158.9
3,158.9
3,158.9
4,158.9
4,158.9
5,158.9
5,158.9
6,158.9
6,158.9
0,158.9
0,158.9
1,158.9
1,158.9
2,158.9
2,158.9
3,158.9
3,158.9
4,158.9
4,158.9
5,158.9
5,158.9
6,158.9
6,158.9
0,158.9
0,158.9
1,158.9
1,158.9
2,158.9
2,158.9
3,158.9
3,158.9
4,158.9
4,158.9
5,158.9
5,158.9
6,158.9
6,158.9
0,158.9
0,158.9
1,158.9
1,158.9
2,158.9
2,158.9
3,158.9
3,158.9
4,158.9
4,158.9
5,158.9
5,158.9
6,158.9
6,158.9
0,158.9
0,158.9
1,158.9
1,158.9
2,158.9
2,158.9
3,158.9
3,158.9
4,158.9
4,158.9
5,158.9
5,158.9
6,158.9
6,158.9
0,158.9
0,158.9
1,158.9
1,158.9
2,158.9
2,158.9
3,158.9
3,158.9
4,158.9
4,158.9
5,158.9
5,158.9
6,158.9
6,158.9
0,158.9
0,158.9
1,158.9
1,158.9
2,158.9
2,158.9
3,158.9
3,158.9
4,158.9
4,158.9
5,158.9
5,158.9
6,158.9
6,158.9
0,158.9
0,158.9
1,158.9
1,158.9
2,158.9
2,158.9
3,158.9
3,158.9
4,158.9
4,158.9
5,158.9
5,158.9
6,158.9
6,158.9
0,158.9
0,158.9
1,158.9
1,158.9
2,158.9
2,158.9
3,158.9
3,158.9
4,158.9
4,158.9
5,158.9
5,158.9
6,158.9
6,158.9
0,158.9
0,158.9
1,158.9
1,158.9
2,158.9
2,158.9
3,158.9
3,158.9
4,158.9
4,158.9
5,158.9
5,158.9
6,158.9
6,158.9
0,158.9
0,158.9
1,158.9
1,158.9
2,158.9
2,158.9
3,158.9
3,158.9
4,158.9
4,158.9
5,158.9
5,158.9
6,158.9
6,158.9
0,158.9
0,158.9
1,158.9
1,158.9
2,158.9
2,158.9
3,158.9
3,158.9
4,158.9
4,158.9
5,158.9
5,158.9
6,158.9
6,158.9
0,158.9
0,158.9
1,158.9
1,158.9
2,158.9
2,158.9
3,158.9
3,158.9
4,158.9
4,158.9
5,158.9
5,158.9
6,158.9
6,158.9
0,158.9
0,158.9
1,158.9
1,158.9
2,158.9
2,158.9
3,158.9
3,158.9
4,158.9
4,158.9
5,158.9
5,158.9
6,158.9
6,158.9
0,158.9
0,158.9
1,158.9
1,158.9
2,158.9
2,158.9
3,158.9
3,158.9
4,158.9
4,158.9
5,158.9
5,158.9
6,158.9
6,158.9
0,158.9
0,158.9
1,158.9
1,158.9
2,158.9
2,158.9
3,158.9
3,158.9
4,158.9
4,158.9
5,158.9
5,158.9
6,158.9
6,156.9
0,156.9
0,156.9
1,156.9
1,156.9
2,156.9
2,156.9
3,156.9
3,156.9
4,156.9
4,156.9
5,156.9
5,156.9
6,156.9
6,156.9
0,156.9
0,156.9
1,156.9
1,156.9
2,156.9
2,156.9
3,156.9
3,156.9
4,156.9
4,156.9
5,156.9
5,156.9
6,156.9
6,156.9
0,156.9
0,156.9
1,156.9
1,156.9
2,156.9
2,156.9
3,156.9
3,156.9
4,156.9
4,156.9
5,156.9
5,156.9
6,156.9
6,156.9
0,156.9
0,156.9
1,156.9
1,156.9
2,156.9
2,156.9
3,156.9
3,156.9
4,156.9
4,156.9
5,156.9
5,156.9
6,156.9
6,156.9
0,156.9
0,156.9
1,156.9
1,156.9
2,156.9
2,156.9
3,156.9
3,156.9
4,156.9
4,156.9
5,156.9
5,156.9
6,156.9
6,156.9
0,156.9
0,156.9
1,156.9
1,156.9
2,156.9
2,156.9
3,156.9
3,156.9
4,156.9
4,156.9
5,156.9
5,152.9
6,152.9
6,152.9
0,152.9
0,152.9
1,152.9
1,152.9
2,152.9
2,152.9
3,152.9
3,152.9
4,152.9
4,152.9
5,152.9
5,152.9
6,152.9
6,152.9
0,152.9
0,152.9
1,152.9
1,152.9
2,152.9
2,152.9
3,152.9
3,152.9
4,152.9
4,152.9
5,152.9
5,152.9
6,152.9
6,152.9
0,152.9
0,152.9
1,152.9
1,152.9
2,152.9
2,152.9
3,152.9
3,152.9
4,152.9
4,152.9
5,152.9
5,152.9
6,152.9
6,152.9
0,152.9
0,152.9
1,152.9
1,152.9
2,152.9
2,152.9
3,152.9
3,152.9
4,152.9
4,152.9
5,152.9
5,152.9
6,152.9
6,152.9
0,152.9
0,152.9
1,152.9
1,152.9
2,152.9
2,152.9
3,152.9
3,152.9
4,152.9
4,152.9
5,152.9
5,152.9
6,152.9
6,152.9
0,152.9
0,152.9
1,152.9
1,152.9
2,152.9
2,152.9
3,152.9
3,152.9
4,152.9
4,152.9
5,152.9
5,152.9
6,152.9
6,152.9
0,152.9
0,152.9
1,152.9
1,152.9
2,152.9
2,152.9
3,152.9
3,152.9
4,152.9
4,152.9
5,152.9
5,152.9
6,152.9
6,152.9
0,152.9
0,162.9
1,162.9
1,162.9
2,162.9
2,162.9
3,162.9
3,162.9
4,162.9
4,162.9
5,162.9
5,162.9
6,162.9
6,162.9
0,162.9
0,162.9
1,162.9
1,162.9
2,162.9
2,162.9
3,162.9
3,162.9
4,162.9
4,162.9
5,162.9
5,162.9
6,162.9
6,162.9
0,162.9
0,162.9
1,162.9
1,162.9
2,162.9
2,162.9
3,162.9
3,162.9
4,162.9
4,162.9
5,162.9
5,162.9
6,162.9
6,162.9
0,162.9
0,162.9
1,162.9
1,162.9
2,162.9
2,162.9
3,162.9
3,162.9
4,162.9
4,162.9
5,162.9
5,162.9
6,162.9
6,162.9
0,162.9
0,162.9
1,162.9
1,162.9
2,162.9
2,162.9
3,162.9
3,162.9
4,162.9
4,162.9
5,162.9
5,162.9
6,162.9
6,162.9
0,162.9
0,162.9
1,162.9
1,162.9
2,162.9
2,162.9
3,162.9
3,162.9
4,162.9
4,162.9
5,162.9
5,162.9
6,162.9
6,162.9
0,162.9
0,162.9
1,162.9
1,162.9
2,162.9
2,164.9
3,164.9
3,164.9
4,164.9
4,164.9
5,164.9
5,164.9
6,164.9
6,164.9
0,164.9
0,164.9
1,164.9
1,164.9
2,164.9
2,164.9
3,164.9
3,164.9
4,164.9
4,164.9
5,164.9
5,164.9
6,164.9
6,164.9
0,164.9
0,164.9
1,164.9
1,164.9
2,164.9
2,164.9
3,164.9
3,164.9
4,164.9
4,164.9
5,164.9
5,164.9
6,164.9
6,164.9
0,164.9
0,164.9
1,164.9
1,164.9
2,164.9
2,164.9
3,164.9
3,164.9
4,164.9
4,164.9
5,164.9
5,164.9
6,164.9
6,164.9
0,164.9
0,164.9
1,164.9
1,164.9
2,164.9
2,164.9
3,164.9
3,164.9
4,164.9
4,164.9
5,164.9
5,164.9
6,164.9
6,164.9
0,164.9
0,164.9
1,164.9
1,164.9
2,164.9
2,164.9
3,164.9
3,164.9
4,164.9
4,164.9
5,164.9
5,164.9
6,164.9
6,164.9
0,164.9
0,164.9
1,164.9
1,164.9
2,164.9
2,164.9
3,164.9
3,164.9
4,164.9
4,164.9
5,164.9
5,164.9
6,164.9
6,164.9
0,164.9
0,164.9
1,164.9
1,164.9
2,164.9
2,164.9
3,164.9
3,164.9
4,164.9
4,164.9
5,164.9
5,164.9
6,164.9
6,164.9
0,164.9
0,164.9
1,164.9
1,164.9
2,164.9
2,164.9
3,164.9
3,164.9
4,164.9
4,164.9
5,164.9
5,164.9
6,164.9
6,164.9
0,164.9
0,164.9
1,164.9
1,164.9
2,164.9
2,164.9
3,164.9
3,164.9
4,164.9
4,164.9
5,164.9
5,164.9
6,164.9
6,164.9
0,164.9
0,164.9
1,164.9
1,164.9
2,164.9
2,164.9
3,164.9
3,164.9
4,164.9
4,164.9
5,164.9
5,164.9
6,164.9
6,164.9
0,164.9
0,164.9
1,164.9
1,164.9
2,164.9
2,164.9
3,164.9
3,164.9
4,164.9
4,164.9
5,164.9
5,164.9
6,164.9
6,164.9
0,164.9
0,164.9
1,164.9
1,164.9
2,164.9
2,164.9
3,164.9
3,164.9
4,164.9
4,164.9
5,164.9
5,164.9
6,164.9
6,164.9
0,164.9
0,164.9
1,164.9
1,164.9
2,164.9
2,164.9
3,164.9
3,164.9
4,164.9
4,164.9
5,164.9
5,164.9
6,164.9
6,164.9
0,164.9
0,164.9
1,164.9
1,164.9
2,164.9
2,164.9
3,164.9
3,164.9
4,164.9
4,164.9
5,164.9
5,164.9
6,164.9
6,164.9
0,164.9
0,164.9
1,164.9
1,164.9
2,164.9
2,164.9
3,164.9
3,164.9
4,164.9
4,164.9
5,164.9
5,164.9
6,164.9
6,164.9
0,164.9
0,164.9
1,164.9
1,164.9
2,164.9
2,164.9
3,164.9
3,164.9
4,164.9
4,164.9
5,164.9
5,164.9
6,164.9
6,164.9
0,164.9
0,164.9
1,164.9
1,164.9
2,164.9
2,164.9
3,164.9
3,164.9
4,164.9
4,164.9
5,164.9
5,164.9
6,164.9
6,164.9
0,164.9
0,164.9
1,164.9
1,172.9
2,172.9
2,172.9
3,172.9
3,172.9
4,172.9
4,172.9
5,172.9
5,172.9
6,172.9
6,172.9
0,172.9
0,172.9
1,172.9
1,172.9
2,172.9
2,172.9
3,172.9
3,172.9
4,172.9
4,172.9
5,172.9
5,172.9
6,172.9
6,172.9
0,172.9
0,172.9
1,172.9
1,172.9
2,172.9
2,172.9
3,172.9
3,172.9
4,172.9
4,172.9
5,172.9
5,172.9
6,172.9
6,172.9
