0,0
0,0
1,0
1,0
2,0
2,0
3,0
3,0
4,0
4,0
5,0
5,0
6,0
6,0
0,0
0,0
1,0
1,0
2,0
2,0
3,142.3
3,142.3
4,142.3
4,142.3
5,142.3
5,142.3
6,142.3
6,142.3
0,142.3
0,142.3
1,142.3
1,142.3
2,142.3
2,142.3
3,142.3
3,142.3
4,132.7
4,132.7
5,132.7
5,132.7
6,132.7
6,132.7
0,134.5
0,134.5
1,134.5
1,134.5
2,134.5
2,134.5
3,134.5
3,134.5
4,134.5
4,134.5
5,134.5
5,134.5
6,134.5
6,134.5
0,132.9
0,132.9
1,132.9
1,132.9
2,132.9
2,132.9
3,132.9
3,132.9
4,131.2
4,131.2
5,131.2
5,131.2
6,131.2
6,131.2
0,131.2
0,131.2
1,131.2
1,131.2
2,131.2
2,131.2
3,131.2
3,131.2
4,131.2
4,131.2
5,131.2
5,131.2
6,131.2
6,131.2
0,131.2
0,131.2
1,131.2
1,131.2
2,131.2
2,131.2
3,131.2
3,131.2
4,131.2
4,131.2
5,131.2
5,131.2
6,131.2
6,131.2
0,131.2
0,131.2
1,131.2
1,131.2
2,131.2
2,131.2
3,131.2
3,131.2
4,131.2
4,131.2
5,131.2
5,131.2
6,131.2
6,131.2
0,131.2
0,131.2
1,131.2
1,131.2
2,131.2
2,131.2
3,131.2
3,131.2
4,131.2
4,131.2
5,131.2
5,131.2
6,131.2
6,131.2
0,131.2
0,131.2
1,131.2
1,131.2
2,131.2
2,131.2
3,131.2
3,131.2
4,131.2
4,131.2
5,131.2
5,131.2
6,131.2
6,131.2
0,131.2
0,131.2
1,131.2
1,131.2
2,131.2
2,131.2
3,131.2
3,131.2
4,131.2
4,131.2
5,131.2
5,131.2
6,131.2
6,131.2
0,131.2
0,131.2
1,131.2
1,131.2
2,131.2
2,131.2
3,131.2
3,131.2
4,131.2
4,131.2
5,131.2
5,131.2
6,131.2
6,131.2
0,131.2
0,131.2
1,131.2
1,131.2
2,131.2
2,131.2
3,131.2
3,131.2
4,131.2
4,131.2
5,131.2
5,131.2
6,131.2
6,131.2
0,131.2
0,131.2
1,131.2
1,131.2
2,131.2
2,131.2
3,131.2
3,131.2
4,131.2
4,131.2
5,131.2
5,131.2
6,131.2
6,131.2
0,131.2
0,131.2
1,131.2
1,131.2
2,131.2
2,131.2
3,131.2
3,131.2
4,131.2
4,131.2
5,131.2
5,131.2
6,131.2
6,131.2
0,131.2
0,131.2
1,131.2
1,131.2
2,131.2
2,131.2
3,131.2
3,131.2
4,131.2
4,131.2
5,131.2
5,131.2
6,131.2
6,131.2
0,131.2
0,131.2
1,131.2
1,131.2
2,131.2
2,131.2
3,131.2
3,131.2
4,131.2
4,131.2
5,131.2
5,131.2
6,131.2
6,131.2
0,131.2
0,131.2
1,131.2
1,131.2
2,131.2
2,131.2
3,131.2
3,131.2
4,131.2
4,131.2
5,131.2
5,131.2
6,131.2
6,131.2
0,131.2
0,131.2
1,131.2
1,131.2
2,131.2
2,131.2
3,131.2
3,131.2
4,131.2
4,131.2
5,131.2
5,131.2
6,131.2
6,131.2
0,131.2
0,131.2
1,131.2
1,131.2
2,131.2
2,131.2
3,131.2
3,131.2
4,131.2
4,131.2
5,131.2
5,131.2
6,131.2
6,131.2
0,131.2
0,131.2
1,131.2
1,131.2
2,131.2
2,131.2
3,131.2
3,131.2
4,131.2
4,131.2
5,131.2
5,131.2
6,131.2
6,131.2
0,131.2
0,131.2
1,131.2
1,131.2
2,131.2
2,131.2
3,131.2
3,131.2
4,131.2
4,131.2
5,131.2
5,131.2
6,131.2
6,131.2
0,131.2
0,131.2
1,131.2
1,131.2
2,131.2
2,131.2
3,131.2
3,131.2
4,131.2
4,131.2
5,167.9
5,167.9
6,167.9
6,167.9
0,167.9
0,167.9
1,167.9
1,167.9
2,167.9
2,167.9
3,167.9
3,167.9
4,167.9
4,167.9
5,167.9
5,167.9
6,167.9
6,167.9
0,167.9
0,167.9
1,167.9
1,167.9
2,167.9
2,167.9
3,167.9
3,167.9
4,167.9
4,167.9
5,167.9
5,167.9
6,167.9
6,167.9
0,167.9
0,167.9
1,167.9
1,167.9
2,167.9
2,167.4
3,167.4
3,167.4
4,167.4
4,167.4
5,167.4
5,167.4
6,167.4
6,167.4
0,167.4
0,167.4
1,167.4
1,165.9
2,165.9
2,165.9
3,165.9
3,165.9
4,165.9
4,164.9
5,164.9
5,164.9
6,164.9
6,164.9
0,164.9
0,164.9
1,164.9
1,164.9
2,164.9
2,164.9
3,164.9
3,164.9
4,164.9
4,164.9
5,164.9
5,164.9
6,164.9
6,164.9
0,164.9
0,164.9
1,164.9
1,164.9
2,164.9
2,164.9
3,164.9
3,164.9
4,164.9
4,164.9
5,164.9
5,164.9
6,164.9
6,164.9
0,164.9
0,164.9
1,164.9
1,164.9
2,164.9
2,164.9
3,164.9
3,164.9
4,164.9
4,164.9
5,164.9
5,164.9
6,164.9
6,162.9
0,162.9
0,162.9
1,162.9
1,162.9
2,162.9
2,162.9
3,162.9
3,162.9
4,162.9
4,162.9
5,162.9
5,162.9
6,162.9
6,162.9
0,162.9
0,162.9
1,162.9
1,162.9
2,162.9
2,162.9
3,162.9
3,162.9
4,162.9
4,162.9
5,162.9
5,162.9
6,162.9
6,162.9
0,162.9
0,162.9
1,162.9
1,162.9
2,162.9
2,162.9
3,162.9
3,162.9
4,162.9
4,162.9
5,162.9
5,162.9
6,162.9
6,162.9
0,162.9
0,162.9
1,162.9
1,159.4
2,159.9
2,158.9
3,158.9
3,158.9
4,158.9
4,158.9
5,158.9
5,158.9
6,157.9
6,157.9
0,157.9
0,157.9
1,158.4
1,158.4
2,158.4
2,158.4
3,158.4
3,158.4
4,158.4
4,158.4
5,158.4
5,158.4
6,158.4
6,158.4
0,158.4
0,158.4
1,158.4
1,158.4
2,158.4
2,158.4
3,158.4
3,158.4
4,158.4
4,158.4
5,158.4
5,158.4
6,158.4
6,158.4
0,158.4
0,158.4
1,158.4
1,158.4
2,158.4
2,158.4
3,158.4
3,158.4
4,157.9
4,157.9
5,157.9
5,157.9
6,157.9
6,157.9
0,157.9
0,157.9
1,157.9
1,157.9
2,157.9
2,157.9
3,157.9
3,157.9
4,157.9
4,157.9
5,157.9
5,157.9
6,157.9
6,157.9
0,157.9
0,157.9
1,157.9
1,157.9
2,157.9
2,157.9
3,157.9
3,157.9
4,157.9
4,157.9
5,157.9
5,157.9
6,157.9
6,157.9
0,157.9
0,157.9
1,157.9
1,157.9
2,157.9
2,157.9
3,157.9
3,157.9
4,157.9
4,157.9
5,157.9
5,157.9
6,157.9
6,157.9
0,157.9
0,157.9
1,157.9
1,157.9
2,157.9
2,157.9
3,157.9
3,157.9
4,157.9
4,157.9
5,157.9
5,157.9
6,157.9
6,157.9
0,157.9
0,157.9
1,157.9
1,157.9
2,157.9
2,157.9
3,157.9
3,157.9
4,157.9
4,157.9
5,157.9
5,157.9
6,157.9
6,157.9
0,157.9
0,157.9
1,157.9
1,157.9
2,157.9
2,157.9
3,157.9
3,157.9
4,157.9
4,157.9
5,157.9
5,157.9
6,157.9
6,157.9
0,157.9
0,157.9
1,157.9
1,157.9
2,157.9
2,157.9
3,157.9
3,157.9
4,157.9
4,157.9
5,157.9
5,157.9
6,157.9
6,157.9
0,157.9
0,157.9
1,157.9
1,157.9
2,157.9
2,157.9
3,157.9
3,157.9
4,157.9
4,157.9
5,157.9
5,157.9
6,157.9
6,157.9
0,157.9
0,157.9
1,157.9
1,157.9
2,157.9
2,157.9
3,157.9
3,157.9
4,157.9
4,157.9
5,157.9
5,157.9
6,157.9
6,157.9
0,157.9
0,157.9
1,157.9
1,157.9
2,157.9
2,157.9
3,157.9
3,157.9
4,157.9
4,157.9
5,157.9
5,157.9
6,157.9
6,157.9
0,157.9
0,157.9
1,157.9
1,157.9
2,157.9
2,157.9
3,157.9
3,157.9
4,157.9
4,157.9
5,157.9
5,157.9
6,157.9
6,157.9
0,157.9
0,157.9
1,157.9
1,157.9
2,157.9
2,157.9
3,157.9
3,157.9
4,157.9
4,157.9
5,157.9
5,157.9
6,157.9
6,157.9
0,157.9
0,157.9
1,157.9
1,157.9
2,157.9
2,157.9
3,157.9
3,157.9
4,157.9
4,157.9
5,157.9
5,157.9
6,157.9
6,157.9
0,157.9
0,157.9
1,157.9
1,157.9
2,157.9
2,157.9
3,157.9
3,157.9
4,157.9
4,157.9
5,157.9
5,157.9
6,157.9
6,154.65
0,154.65
0,154.65
1,154.65
1,154.65
2,154.65
2,154.65
3,154.65
3,154.65
4,154.65
4,154.65
5,154.65
5,154.65
6,154.65
6,154.65
0,154.65
0,154.65
1,154.65
1,154.65
2,154.65
2,154.65
3,154.65
3,154.65
4,154.65
4,154.65
5,154.65
5,154.65
6,154.65
6,154.65
0,154.65
0,154.65
1,154.65
1,154.65
2,154.65
2,154.65
3,154.65
3,154.65
4,154.65
4,154.65
5,154.65
5,154.65
6,154.65
6,154.65
0,154.65
0,154.65
1,154.65
1,154.65
2,154.65
2,154.65
3,154.65
3,154.65
4,154.65
4,154.65
5,154.65
5,154.65
6,154.65
6,154.65
0,154.65
0,154.65
1,154.65
1,154.65
2,154.65
2,154.65
3,154.65
3,154.65
4,154.65
4,154.65
5,154.65
5,154.65
6,154.65
6,154.65
0,154.65
0,154.65
1,154.65
1,154.65
2,154.65
2,154.65
3,154.65
3,154.65
4,154.65
4,154.65
5,154.65
5,150.9
6,150.9
6,150.9
0,150.9
0,150.9
1,150.9
1,150.9
2,150.9
2,150.9
3,150.9
3,150.9
4,150.9
4,150.9
5,150.9
5,150.9
6,150.9
6,150.9
0,150.9
0,150.9
1,150.9
1,150.9
2,150.9
2,150.9
3,150.9
3,150.9
4,150.9
4,150.9
5,150.9
5,150.9
6,150.9
6,150.9
0,150.9
0,150.9
1,150.9
1,154.4
2,154.4
2,154.4
3,154.4
3,154.4
4,154.4
4,154.4
5,154.4
5,154.4
6,154.4
6,154.4
0,154.4
0,154.4
1,154.4
1,154.4
2,154.4
2,154.4
3,154.4
3,154.4
4,154.4
4,154.4
5,154.4
5,154.4
6,154.4
6,154.4
0,154.4
0,154.4
1,154.4
1,154.4
2,150.5
2,150.5
3,150.5
3,150.5
4,150.5
4,150.5
5,150.5
5,150.5
6,150.5
6,150.5
0,150.5
0,150.5
1,150.5
1,150.9
2,150.9
2,150.9
3,150.9
3,150.9
4,150.9
4,150.9
5,150.9
5,150.9
6,150.9
6,150.9
0,150.9
0,150.5
1,150.9
1,150.9
2,150.9
2,150.9
3,150.9
3,150.9
4,150.9
4,150.9
5,150.9
5,150.9
6,150.9
6,150.9
0,150.9
0,163.9
1,163.9
1,163.9
2,163.9
2,163.9
3,163.9
3,163.9
4,163.9
4,163.9
5,163.9
5,163.9
6,163.9
6,163.9
0,163.9
0,163.9
1,163.9
1,163.9
2,163.9
2,163.9
3,163.9
3,163.9
4,163.9
4,163.9
5,163.9
5,163.9
6,163.9
6,163.9
0,163.9
0,163.9
1,163.9
1,163.9
2,163.9
2,163.9
3,162.9
3,162.9
4,162.9
4,162.9
5,162.9
5,162.9
6,162.9
6,162.9
0,162.9
0,162.9
1,162.9
1,162.9
2,162.9
2,162.9
3,162.9
3,162.9
4,162.9
4,162.9
5,162.9
5,162.9
6,162.9
6,162.9
0,162.9
0,162.9
1,162.9
1,162.9
2,162.9
2,162.9
3,162.9
3,162.9
4,162.9
4,162.9
5,162.9
5,162.9
6,162.9
6,162.9
0,162.9
0,162.9
1,162.9
1,162.9
2,162.9
2,162.9
3,162.9
3,162.9
4,162.9
4,162.9
5,162.9
5,162.9
6,162.9
6,162.9
0,162.9
0,162.9
1,162.9
1,162.9
2,162.9
2,164.9
3,164.9
3,164.9
4,164.9
4,164.9
5,164.9
5,164.9
6,164.9
6,164.9
0,164.9
0,164.9
1,164.9
1,164.9
2,164.9
2,164.9
3,164.9
3,164.9
4,164.9
4,164.9
5,164.9
5,164.9
6,164.9
6,164.9
0,164.9
0,164.9
1,164.9
1,164.9
2,164.9
2,164.9
3,164.9
3,164.9
4,164.9
4,164.9
5,164.9
5,164.9
6,164.9
6,164.9
0,164.9
0,164.9
1,164.9
1,164.9
2,164.9
2,164.9
3,164.9
3,164.9
4,164.9
4,164.9
5,164.9
5,164.9
6,164.9
6,164.9
0,164.9
0,164.9
1,164.9
1,164.9
2,164.9
2,164.9
3,164.9
3,164.9
4,164.9
4,164.9
5,164.9
5,164.9
6,164.9
6,164.9
0,164.9
0,164.9
1,164.9
1,164.9
2,164.9
2,164.9
3,164.9
3,164.9
4,164.9
4,164.9
5,164.9
5,164.9
6,164.9
6,164.9
0,164.9
0,164.9
1,164.9
1,164.9
2,164.9
2,164.9
3,164.9
3,164.9
4,164.9
4,164.9
5,164.9
5,164.9
6,164.9
6,164.9
0,164.9
0,164.9
1,164.9
1,164.9
2,164.9
2,164.9
3,164.9
3,164.9
4,164.9
4,164.9
5,164.9
5,164.9
6,164.9
6,164.9
0,164.9
0,164.9
1,164.9
1,164.9
2,164.9
2,164.9
3,164.9
3,164.9
4,164.9
4,164.9
5,164.9
5,164.9
6,164.9
6,164.9
0,164.9
0,164.9
1,164.9
1,164.9
2,164.9
2,164.9
3,164.9
3,164.9
4,164.9
4,164.9
5,164.9
5,164.9
6,164.9
6,164.9
0,164.9
0,164.9
1,164.9
1,164.9
2,164.9
2,164.9
3,164.9
3,164.9
4,164.9
4,164.9
5,164.9
5,164.9
6,164.9
6,164.9
0,164.9
0,164.9
1,164.9
1,164.9
2,164.9
2,164.9
3,164.9
3,164.9
4,164.9
4,164.9
5,164.9
5,164.9
6,164.9
6,164.9
0,164.9
0,164.9
1,164.9
1,164.9
2,164.9
2,164.9
3,164.9
3,164.9
4,164.9
4,164.9
5,164.9
5,164.9
6,164.9
6,164.9
0,164.9
0,164.9
1,164.9
1,164.9
2,164.9
2,164.9
3,164.9
3,164.9
4,164.9
4,164.9
5,164.9
5,164.9
6,164.9
6,164.9
0,164.9
0,164.9
1,164.9
1,164.9
2,164.9
2,164.9
3,164.9
3,164.9
4,164.9
4,164.9
5,164.9
5,164.9
6,164.9
6,164.9
0,164.9
0,164.9
1,164.9
1,164.9
2,164.9
2,164.9
3,164.9
3,164.9
4,164.9
4,164.9
5,164.9
5,164.9
6,164.9
6,164.9
0,164.9
0,164.9
1,164.9
1,164.9
2,164.9
2,164.9
3,164.9
3,164.9
4,164.9
4,164.9
5,164.9
5,164.9
6,164.9
6,164.9
0,164.9
0,164.9
1,164.9
1,164.9
2,164.9
2,164.9
3,164.9
3,164.9
4,164.9
4,164.9
5,164.9
5,164.9
6,164.9
6,164.9
0,164.9
0,164.9
1,164.9
1,173.9
2,173.9
2,173.9
3,173.9
3,173.9
4,173.9
4,173.9
5,173.9
5,173.9
6,173.9
6,173.9
0,173.9
0,173.9
1,173.9
1,173.9
2,173.9
2,173.9
3,173.9
3,173.9
4,173.9
4,173.9
5,173.9
5,173.9
6,173.9
6,173.9
0,173.9
0,173.9
1,173.9
1,173.9
2,173.9
2,173.9
3,173.9
3,173.9
4,173.9
4,173.9
5,173.9
5,173.9
6,173.9
6,173.9
