0,0
0,127.9
1,127.9
1,127.9
2,127.9
2,126.9
3,126.9
3,126.9
4,126.9
4,126.9
5,126.9
5,126.9
6,126.9
6,126.9
0,126.9
0,126.9
1,126.9
1,126.9
2,126.9
2,126.9
3,126.9
3,120.9
4,120.9
4,120.9
5,120.9
5,120.9
6,120.9
6,120.9
0,120.9
0,120.9
1,148.9
1,148.9
2,148.9
2,148.9
3,148.9
3,148.9
4,148.9
4,148.9
5,148.9
5,148.9
6,148.9
6,148.9
0,148.9
0,148.9
1,145.9
1,145.9
2,145.9
2,144.9
3,142.9
3,142.9
4,142.9
4,142.9
5,139.4
5,139.4
6,139.4
6,139.4
0,133.4
0,133.4
1,133.4
1,133.4
2,133.4
2,133.4
3,129.9
3,126.9
4,126.9
4,124.9
5,124.9
5,124.9
6,124.9
6,124.9
0,124.9
0,124.9
1,124.9
1,124.9
2,150.9
2,150.9
3,150.9
3,150.9
4,149.9
4,149.9
5,149.9
5,149.9
6,149.9
6,147.9
0,147.9
0,144.9
1,142.9
1,142.9
2,142.9
2,142.9
3,141.9
3,139.9
4,139.9
4,139.9
5,139.9
5,139.9
6,139.4
6,137.9
0,137.9
0,134.9
1,134.9
1,134.9
2,134.9
2,128.9
3,128.9
3,128.9
4,152.9
4,152.9
5,152.9
5,152.9
6,152.9
6,152.9
0,152.9
0,152.9
1,152.9
1,152.9
2,148.4
2,148.4
3,148.4
3,148.4
4,148.4
4,148.4
5,148.4
5,148.4
6,148.4
6,148.4
0,148.4
0,148.4
1,148.4
1,148.4
2,148.4
2,148.4
3,148.4
3,148.4
4,148.4
4,148.4
5,148.4
5,148.4
6,148.4
6,148.4
0,148.4
0,148.4
1,148.4
1,148.4
2,148.4
2,148.4
3,148.4
3,148.4
4,148.4
4,148.4
5,148.4
5,148.4
6,148.4
6,148.4
0,148.4
0,148.4
1,148.4
1,148.4
2,148.4
2,148.4
3,148.4
3,148.4
4,148.4
4,148.4
5,148.4
5,148.4
6,148.4
6,148.4
0,148.4
0,148.4
1,148.4
1,148.4
2,148.4
2,148.4
3,148.4
3,148.4
4,148.4
4,148.4
5,148.4
5,148.4
6,148.4
6,148.4
0,148.4
0,148.4
1,148.4
1,148.4
2,148.4
2,148.4
3,148.4
3,148.4
4,148.4
4,148.4
5,148.4
5,148.4
6,148.4
6,148.4
0,148.4
0,148.4
1,148.4
1,148.4
2,148.4
2,148.4
3,148.4
3,148.4
4,148.4
4,148.4
5,148.4
5,148.4
6,148.4
6,148.4
0,148.4
0,148.4
1,148.4
1,148.4
2,148.4
2,148.4
3,148.4
3,148.4
4,148.4
4,148.4
5,148.4
5,148.4
6,148.4
6,148.4
0,148.4
0,148.4
1,148.4
1,148.4
2,148.4
2,148.4
3,148.4
3,148.4
4,148.4
4,148.4
5,148.4
5,148.4
6,148.4
6,148.4
0,148.4
0,148.4
1,148.4
1,148.4
2,148.4
2,148.4
3,148.4
3,148.4
4,148.4
4,148.4
5,148.4
5,155.9
6,155.9
6,155.9
0,155.9
0,155.9
1,155.9
1,155.9
2,155.9
2,155.9
3,155.9
3,155.9
4,155.9
4,155.9
5,155.9
5,155.9
6,155.9
6,155.9
0,155.9
0,155.9
1,153.9
1,153.9
2,153.9
2,153.9
3,153.9
3,153.9
4,153.9
4,153.9
5,153.9
5,153.9
6,153.9
6,153.9
0,153.9
0,153.9
1,153.9
1,153.9
2,151.9
2,151.9
3,151.9
3,151.9
4,150.9
4,150.9
5,150.9
5,150.9
6,150.9
6,150.9
0,150.9
0,148.4
1,148.4
1,148.4
2,148.4
2,148.4
3,148.4
3,148.4
4,148.4
4,148.4
5,148.4
5,148.4
6,148.4
6,148.4
0,148.4
0,148.4
1,148.4
1,148.4
2,148.4
2,148.4
3,166.9
3,166.9
4,166.9
4,166.9
5,166.9
5,166.9
6,166.9
6,166.9
0,166.9
0,166.9
1,166.9
1,166.9
2,166.9
2,166.9
3,166.9
3,166.9
4,166.9
4,166.9
5,166.9
5,166.9
6,166.9
6,166.9
0,166.9
0,166.9
1,166.9
1,166.9
2,166.9
2,166.9
3,165.4
3,163.9
4,163.9
4,163.9
5,163.9
5,163.9
6,163.9
6,163.9
0,163.9
0,163.9
1,157.4
1,157.4
2,155.4
2,155.4
3,155.4
3,155.4
4,155.4
4,155.4
5,150.4
5,150.2
6,150.2
6,150.2
0,149.9
0,149.9
1,149.9
1,149.9
2,149.9
2,149.9
3,149.9
3,149.9
4,149.9
4,146.9
5,146.9
5,146.9
6,146.9
6,146.9
0,146.9
0,146.9
1,144.6
1,144.6
2,144.6
2,144.6
3,144.6
3,144.6
4,144.6
4,144.6
5,144.6
5,144.6
6,144.6
6,144.6
0,144.6
0,144.6
1,144.6
1,144.6
2,144.6
2,144.6
3,144.6
3,167.9
4,167.9
4,167.9
5,167.9
5,167.9
6,167.9
6,167.9
0,167.9
0,167.9
1,167.9
1,167.9
2,166.9
2,166.9
3,166.9
3,166.9
4,166.9
4,166.9
5,166.9
5,166.9
6,166.9
6,166.9
0,166.9
0,166.9
1,163.2
1,163.2
2,163.2
2,163.2
3,163.2
3,163.2
4,163.2
4,163.2
5,163.2
5,163.2
6,163.2
6,163.2
0,163.2
0,163.2
1,155.9
1,155.9
2,155.9
2,155.9
3,154.9
3,154.9
4,154.9
4,153.4
5,153.4
5,153.4
6,149.9
6,149.9
0,149.9
0,149.9
1,149.9
1,149.9
2,149.9
2,149.9
3,149.9
3,149.9
4,149.9
4,149.9
5,149.9
5,149.9
6,148.9
6,147.9
0,147.9
0,146.5
1,144.4
1,144.4
2,144.4
2,144.4
3,144.4
3,144.4
4,144.4
4,144.4
5,143.9
5,143.9
6,142.9
6,142.9
0,142.9
0,142.9
1,142.9
1,142.9
2,142.9
2,140.9
3,140.9
3,139.9
4,139.9
4,138.5
5,138.5
5,138.5
6,137.9
6,136.4
0,136.4
0,136.4
1,135.4
1,135.4
2,135.4
2,135.4
3,135.4
3,135.4
4,135.4
4,135.4
5,135.4
5,159.4
6,159.4
6,159.4
0,159.4
0,159.4
1,159.4
1,159.4
2,159.4
2,159.4
3,159.4
3,159.4
4,159.4
4,159.4
5,159.4
5,159.4
6,156.9
6,156.9
0,156.9
0,156.9
1,156.9
1,156.9
2,156.9
2,156.9
3,156.9
3,156.9
4,156.9
4,156.9
5,156.9
5,156.9
6,156.9
6,156.9
0,156.9
0,152.9
1,152.9
1,152.9
2,152.9
2,152.9
3,152.9
3,152.9
4,152.9
4,152.9
5,150.2
5,150.2
6,150.2
6,150.2
0,150.2
0,150.2
1,150.2
1,150.2
2,150.2
2,150.2
3,150.2
3,150.2
4,150.2
4,150.2
5,150.2
5,150.2
6,150.2
6,150.2
0,150.2
0,162.9
1,162.9
1,162.9
2,162.9
2,162.9
3,162.9
3,162.9
4,162.9
4,149.9
5,149.9
5,149.9
6,149.9
6,147.9
0,147.9
0,147.9
1,145.4
1,144.9
2,144.9
2,144.9
3,144.9
3,144.9
4,143.9
4,142.0
5,142.0
5,142.0
6,142.0
6,142.0
0,140.9
0,140.9
1,140.9
1,140.9
2,140.9
2,140.9
3,140.9
3,140.9
4,140.9
4,140.9
5,140.9
5,164.9
6,164.9
6,164.9
0,164.9
0,164.9
1,164.9
1,164.9
2,164.9
2,164.9
3,164.9
3,164.9
4,164.9
4,164.9
5,164.9
5,164.9
6,164.9
6,164.9
0,164.9
0,164.9
1,160.9
1,157.9
2,157.9
2,157.9
3,153.9
3,153.9
4,152.9
4,152.9
5,152.9
5,152.9
6,151.9
6,151.9
0,151.9
0,151.9
1,149.9
1,148.9
2,148.9
2,148.9
3,148.9
3,148.9
4,148.9
4,148.9
5,148.9
5,148.9
6,148.9
6,148.9
0,148.9
0,148.9
1,148.9
1,148.9
2,139.9
2,139.9
3,138.9
3,137.9
4,137.9
4,137.9
5,137.9
5,137.9
6,137.9
6,135.9
0,135.9
0,135.9
1,135.9
1,135.9
2,135.9
2,134.9
3,134.9
3,134.9
4,134.9
4,134.9
5,134.9
5,133.9
6,133.9
6,133.9
0,133.9
0,132.9
1,132.9
1,132.9
2,154.9
2,154.9
3,154.9
3,154.9
4,154.9
4,154.9
5,154.9
5,154.9
6,154.9
6,154.9
0,154.9
0,154.9
1,154.9
1,154.9
2,154.9
2,154.9
3,154.9
3,154.9
4,154.9
4,154.9
5,154.9
5,154.9
6,154.9
6,154.9
0,143.5
0,143.5
1,137.9
1,137.9
2,137.9
2,137.9
3,137.9
3,137.9
4,137.9
4,137.9
5,136.9
5,136.9
6,136.9
6,136.9
0,136.9
0,136.9
1,136.9
1,136.9
2,135.9
2,135.9
3,134.9
3,133.9
4,133.9
4,133.9
5,133.9
5,133.9
6,133.9
6,133.9
0,133.9
0,133.9
1,133.4
1,133.4
2,132.9
2,132.9
3,132.9
3,132.9
4,132.9
4,132.9
5,132.9
5,132.9
6,132.9
6,132.9
0,132.9
0,132.9
1,145.4
1,145.4
2,145.4
2,145.4
3,156.4
3,156.4
4,152.9
4,152.9
5,152.9
5,152.9
6,152.9
6,152.9
0,152.9
0,152.9
1,150.9
1,150.9
2,150.9
2,150.9
3,150.9
3,143.9
4,143.9
4,142.9
5,142.9
5,142.9
6,142.9
6,142.9
0,142.9
0,142.9
1,142.9
1,142.9
2,142.9
2,139.9
3,139.9
3,139.9
4,139.9
4,139.9
5,139.9
5,139.9
6,137.9
6,137.9
0,137.9
0,137.9
1,135.9
1,135.9
2,135.9
2,136.9
3,136.9
3,136.9
4,136.9
4,136.9
5,136.9
5,136.9
6,136.9
6,136.9
0,151.4
0,151.4
1,165.9
1,165.9
2,165.9
2,161.9
3,161.9
3,161.9
4,161.9
4,161.9
5,161.9
5,161.9
6,161.9
6,161.9
0,161.9
0,161.9
1,161.9
1,153.9
2,153.9
2,153.9
3,153.9
3,153.9
4,148.9
4,148.9
5,148.9
5,148.9
6,148.9
6,148.9
0,148.9
0,148.9
1,148.9
1,148.9
2,147.9
2,147.9
3,147.9
3,147.9
4,147.9
4,147.9
5,147.9
5,147.9
6,137.9
6,137.9
0,137.9
0,137.9
1,137.9
1,137.9
2,137.9
2,137.9
3,137.9
3,137.9
4,137.9
4,137.9
5,137.9
5,137.9
6,137.9
6,137.9
0,137.9
0,137.9
1,137.9
1,137.9
2,137.9
2,137.9
3,137.9
3,137.9
4,137.9
4,137.9
5,137.9
5,137.9
6,137.9
6,137.9
0,137.9
0,137.9
1,137.9
1,137.9
2,137.9
2,137.9
3,137.9
3,137.9
4,137.9
4,137.9
5,137.9
5,137.9
6,137.9
6,137.9
0,137.9
0,137.9
1,137.9
1,137.9
2,137.9
2,137.9
3,137.9
3,137.9
4,137.9
4,137.9
5,137.9
5,137.9
6,137.9
6,137.9
0,137.9
0,167.9
1,167.9
1,167.9
2,167.9
2,167.9
3,167.9
3,167.9
4,167.9
4,167.9
5,167.9
5,167.9
6,167.9
6,167.9
0,167.9
0,167.9
1,167.9
1,167.9
2,167.9
2,167.9
3,167.9
3,167.9
4,167.9
4,167.9
5,167.9
5,167.9
6,167.9
6,167.9
0,167.9
0,167.9
1,167.9
1,167.9
2,167.9
2,167.9
3,167.9
3,167.9
4,152.9
4,152.9
5,152.9
5,152.9
6,152.9
6,151.9
0,151.9
0,151.9
1,151.9
1,151.9
2,151.9
2,151.9
3,151.9
3,151.9
4,151.9
4,151.9
5,151.9
5,151.9
6,151.9
6,151.9
0,151.9
0,151.9
1,151.9
1,151.9
2,151.9
2,151.9
3,151.9
3,151.9
4,151.9
4,151.9
5,151.9
5,151.9
6,151.9
6,151.9
0,151.9
0,151.9
1,151.9
1,151.9
2,151.9
2,151.9
3,151.9
3,151.9
4,151.9
4,151.9
5,151.9
5,151.9
6,151.9
6,151.9
0,151.9
0,151.9
1,151.9
1,151.9
2,151.9
2,151.9
3,173.4
3,173.4
4,173.4
4,173.4
5,173.4
5,173.4
6,173.4
6,173.4
0,173.4
0,173.4
1,173.4
1,173.4
2,173.4
2,173.4
3,173.4
3,173.4
4,173.4
4,173.4
5,173.4
5,173.4
6,173.4
6,173.4
0,173.4
0,173.4
1,173.4
1,173.4
2,173.4
2,173.4
3,173.4
3,173.4
4,173.4
4,173.4
5,173.4
5,173.4
6,173.4
6,173.4
0,173.4
0,173.4
1,173.4
1,173.4
2,173.4
2,173.4
3,173.4
3,173.4
4,173.4
4,173.4
5,173.4
5,173.4
6,173.4
6,173.4
0,173.4
0,173.4
1,173.4
1,173.4
2,173.4
2,173.4
3,173.4
3,173.4
4,173.4
4,173.4
5,173.4
5,173.4
6,173.4
6,173.4
0,173.4
0,173.4
1,173.4
1,173.4
2,173.4
2,173.4
3,173.4
3,173.4
4,173.4
4,173.4
5,173.4
5,173.4
6,173.4
6,173.4
0,173.4
0,173.4
1,173.4
1,173.4
2,173.4
2,173.4
3,173.4
3,173.4
4,173.4
4,173.4
5,173.4
5,173.4
6,173.4
6,173.4
0,173.4
0,173.4
1,173.4
1,173.4
2,173.4
2,173.4
3,173.4
3,173.4
4,173.4
4,173.4
5,173.4
5,173.4
6,173.4
6,173.4
0,173.4
0,173.4
1,173.4
1,173.4
2,173.4
2,173.4
3,173.4
3,173.4
4,173.4
4,173.4
5,173.4
5,173.4
6,173.4
6,173.4
0,173.4
0,173.4
1,173.4
1,173.4
2,173.4
2,173.4
3,173.4
3,173.4
4,173.4
4,173.4
5,173.4
5,173.4
6,173.4
6,173.4
0,173.4
0,173.4
1,173.4
1,173.4
2,173.4
2,173.4
3,173.4
3,173.4
4,173.4
4,173.4
5,173.4
5,173.4
6,173.4
6,173.4
0,173.4
0,173.4
1,173.4
1,173.4
2,173.4
2,173.4
3,173.4
3,173.4
4,173.4
4,173.4
5,173.4
5,173.4
6,173.4
6,173.4
0,173.4
0,173.4
1,173.4
1,173.4
2,173.4
2,173.4
3,173.4
3,164.9
4,164.9
4,164.9
5,164.9
5,164.9
6,164.9
6,164.9
0,164.9
0,164.9
1,164.9
1,164.9
2,164.9
2,164.9
3,164.9
3,164.9
4,164.9
4,164.9
5,164.9
5,164.9
6,164.9
6,164.9
0,164.9
0,164.9
1,164.9
1,164.9
2,164.9
2,164.9
3,164.9
3,164.9
4,164.9
4,164.9
5,164.9
5,164.9
6,164.9
6,164.9
0,164.9
0,164.9
1,164.9
1,164.9
2,164.9
2,164.9
3,164.9
3,164.9
4,164.9
4,164.9
5,164.9
5,164.9
6,164.9
6,164.9
0,164.9
0,164.9
1,164.9
1,164.9
2,164.9
2,164.9
3,164.9
3,164.9
4,164.9
4,164.9
5,164.9
5,164.9
6,164.9
6,164.9
0,164.9
0,164.9
1,164.9
1,164.9
2,164.9
2,164.9
3,164.9
3,164.9
4,164.9
4,164.9
5,164.9
5,164.9
6,164.9
6,164.9
0,164.9
0,174.9
1,174.9
1,174.9
2,174.9
2,174.9
3,174.9
3,174.9
4,174.9
4,174.9
5,174.9
5,174.9
6,174.9
6,174.9
0,174.9
0,174.9
1,174.9
1,174.9
2,174.9
2,174.9
3,174.9
3,174.9
4,174.9
4,174.9
5,174.9
5,174.9
6,174.9
6,174.9
0,174.9
0,174.9
1,174.9
1,174.9
2,174.9
2,174.9
3,174.9
3,174.9
4,174.9
4,174.9
5,174.9
5,174.9
6,174.9
6,174.9
