0,118.9
0,118.9
1,118.9
1,118.9
2,117.9
2,117.9
3,117.9
3,117.9
4,117.9
4,116.9
5,116.9
5,116.9
6,116.9
6,116.9
0,116.9
0,114.9
1,114.9
1,113.9
2,113.9
2,113.9
3,113.9
3,113.9
4,113.9
4,113.9
5,113.9
5,113.9
6,113.9
6,113.9
0,112.9
0,112.9
1,130.65
1,130.65
2,130.65
2,130.65
3,130.65
3,130.65
4,130.65
4,130.65
5,130.65
5,130.65
6,130.65
6,130.65
0,130.65
0,146.9
1,146.9
1,146.9
2,146.9
2,138.9
3,138.9
3,138.4
4,136.9
4,136.9
5,136.9
5,136.9
6,136.9
6,135.9
0,132.9
0,132.9
1,129.9
1,129.9
2,129.9
2,129.9
3,129.9
3,129.9
4,129.9
4,129.9
5,129.9
5,129.9
6,129.9
6,129.9
0,129.9
0,120.9
1,120.9
1,120.9
2,150.9
2,150.9
3,150.9
3,148.9
4,148.9
4,148.9
5,148.9
5,147.9
6,147.9
6,142.9
0,142.9
0,142.9
1,142.9
1,142.9
2,142.9
2,140.9
3,140.9
3,138.9
4,138.9
4,138.9
5,138.9
5,138.9
6,138.9
6,136.9
0,136.9
0,130.9
1,130.9
1,122.9
2,122.9
2,122.9
3,122.9
3,122.9
4,152.9
4,152.9
5,152.9
5,152.9
6,152.9
6,152.9
0,152.9
0,152.9
1,152.9
1,146.9
2,146.9
2,146.9
3,146.9
3,146.9
4,146.9
4,146.9
5,146.9
5,146.9
6,146.9
6,146.9
0,146.9
0,146.9
1,146.9
1,146.9
2,146.9
2,146.9
3,146.9
3,146.9
4,146.9
4,146.9
5,146.9
5,146.9
6,146.9
6,146.9
0,146.9
0,146.9
1,146.9
1,146.9
2,146.9
2,146.9
3,146.9
3,146.9
4,146.9
4,146.9
5,146.9
5,146.9
6,146.9
6,146.9
0,146.9
0,146.9
1,146.9
1,146.9
2,146.9
2,146.9
3,146.9
3,146.9
4,146.9
4,146.9
5,146.9
5,146.9
6,146.9
6,146.9
0,146.9
0,146.9
1,146.9
1,146.9
2,146.9
2,146.9
3,146.9
3,146.9
4,146.9
4,146.9
5,146.9
5,146.9
6,146.9
6,146.9
0,146.9
0,146.9
1,146.9
1,146.9
2,146.9
2,146.9
3,146.9
3,146.9
4,146.9
4,146.9
5,146.9
5,146.9
6,146.9
6,146.9
0,146.9
0,146.9
1,146.9
1,146.9
2,146.9
2,146.9
3,146.9
3,146.9
4,146.9
4,146.9
5,146.9
5,146.9
6,146.9
6,146.9
0,146.9
0,146.9
1,146.9
1,146.9
2,146.9
2,146.9
3,146.9
3,146.9
4,146.9
4,146.9
5,146.9
5,146.9
6,146.9
6,146.9
0,146.9
0,146.9
1,146.9
1,146.9
2,146.9
2,146.9
3,146.9
3,146.9
4,146.9
4,146.9
5,146.9
5,146.9
6,146.9
6,146.9
0,146.9
0,146.9
1,146.9
1,146.9
2,146.9
2,146.9
3,146.9
3,146.9
4,146.9
4,146.9
5,146.9
5,155.9
6,155.9
6,155.9
0,155.9
0,155.9
1,155.9
1,155.9
2,155.9
2,155.9
3,155.9
3,155.9
4,155.9
4,155.9
5,155.9
5,155.9
6,155.9
6,155.9
0,155.9
0,155.9
1,153.9
1,153.9
2,153.9
2,153.9
3,153.9
3,153.9
4,153.9
4,153.9
5,153.9
5,153.9
6,153.9
6,153.9
0,153.9
0,153.9
1,153.9
1,153.9
2,151.9
2,151.9
3,151.9
3,151.9
4,150.9
4,150.9
5,150.9
5,150.9
6,150.9
6,150.9
0,148.9
0,148.9
1,148.9
1,148.9
2,148.9
2,148.9
3,148.9
3,148.9
4,148.9
4,148.9
5,148.9
5,148.9
6,148.9
6,148.9
0,148.9
0,148.9
1,148.9
1,148.9
2,148.9
2,148.9
3,166.9
3,166.9
4,166.9
4,166.9
5,166.9
5,166.9
6,166.9
6,166.9
0,166.9
0,166.9
1,166.9
1,166.9
2,166.9
2,166.9
3,166.9
3,166.9
4,166.9
4,166.9
5,166.9
5,166.9
6,166.9
6,166.9
0,166.9
0,166.9
1,166.9
1,166.9
2,156.9
2,156.9
3,155.9
3,154.9
4,154.9
4,154.9
5,154.9
5,154.9
6,154.9
6,154.9
0,154.9
0,154.9
1,149.9
1,149.9
2,147.9
2,147.9
3,147.9
3,147.9
4,141.9
4,141.9
5,141.9
5,141.9
6,141.9
6,141.9
0,141.9
0,141.9
1,141.9
1,141.9
2,141.9
2,141.9
3,141.9
3,141.9
4,141.9
4,141.9
5,141.9
5,141.9
6,141.9
6,141.9
0,141.9
0,141.9
1,141.9
1,141.9
2,141.9
2,141.9
3,141.9
3,141.9
4,141.9
4,141.9
5,141.9
5,141.9
6,141.9
6,141.9
0,141.9
0,141.9
1,141.9
1,141.9
2,141.9
2,141.9
3,141.9
3,141.9
4,141.9
4,167.9
5,167.9
5,167.9
6,167.9
6,167.9
0,167.9
0,167.9
1,167.9
1,150.4
2,166.9
2,166.9
3,164.9
3,164.9
4,164.9
4,164.9
5,164.9
5,164.9
6,164.9
6,164.9
0,164.9
0,164.9
1,154.9
1,154.9
2,154.9
2,154.9
3,154.9
3,154.9
4,154.9
4,154.9
5,154.9
5,154.9
6,154.9
6,154.9
0,154.9
0,154.9
1,153.9
1,153.9
2,151.9
2,151.9
3,150.9
3,150.9
4,150.9
4,150.7
5,150.7
5,150.7
6,148.9
6,148.9
0,148.9
0,148.9
1,148.9
1,148.9
2,148.9
2,148.9
3,148.9
3,148.9
4,148.9
4,148.9
5,148.9
5,148.9
6,146.9
6,146.9
0,146.9
0,145.9
1,144.9
1,143.5
2,143.5
2,143.5
3,143.5
3,143.5
4,143.5
4,143.5
5,142.9
5,142.9
6,141.4
6,141.4
0,140.9
0,140.9
1,139.9
1,139.9
2,139.9
2,139.9
3,139.9
3,135.9
4,135.9
4,135.9
5,135.9
5,135.9
6,135.9
6,134.9
0,134.9
0,134.9
1,133.9
1,133.9
2,133.9
2,133.9
3,133.9
3,133.9
4,133.9
4,133.9
5,133.9
5,162.9
6,162.9
6,162.9
0,162.9
0,162.9
1,162.9
1,162.9
2,162.9
2,162.9
3,162.9
3,162.9
4,159.9
4,159.9
5,159.9
5,159.9
6,153.9
6,153.9
0,153.9
0,153.9
1,153.9
1,153.9
2,153.9
2,153.9
3,153.9
3,153.9
4,153.9
4,153.9
5,153.9
5,153.9
6,153.9
6,153.9
0,151.9
0,150.9
1,150.9
1,150.9
2,150.9
2,150.9
3,150.9
3,150.9
4,150.9
4,150.9
5,150.9
5,150.9
6,150.9
6,150.9
0,162.9
0,162.9
1,162.9
1,162.9
2,162.9
2,162.9
3,162.9
3,162.9
4,162.9
4,162.9
5,162.9
5,162.9
6,162.9
6,162.9
0,162.9
0,162.9
1,162.9
1,162.9
2,162.9
2,162.9
3,151.9
3,151.9
4,151.9
4,151.9
5,151.9
5,151.9
6,151.9
6,151.9
0,151.9
0,147.9
1,144.9
1,144.9
2,144.9
2,144.9
3,144.9
3,144.9
4,140.9
4,140.9
5,140.9
5,140.9
6,140.9
6,140.9
0,140.9
0,140.9
1,140.9
1,140.9
2,140.9
2,140.9
3,140.9
3,140.9
4,140.9
4,140.9
5,140.9
5,164.9
6,164.9
6,164.9
0,164.9
0,164.9
1,164.9
1,164.9
2,164.9
2,164.9
3,164.9
3,164.9
4,164.9
4,164.9
5,164.9
5,164.9
6,164.9
6,164.9
0,164.9
0,164.9
1,164.9
1,163.9
2,160.4
2,159.9
3,155.9
3,155.9
4,154.7
4,153.9
5,151.7
5,151.5
6,151.5
6,151.5
0,151.5
0,151.5
1,150.7
1,150.7
2,149.9
2,147.7
3,147.7
3,147.7
4,147.7
4,147.7
5,147.7
5,147.7
6,147.7
6,147.7
0,141.9
0,140.9
1,140.9
1,140.9
2,139.9
2,139.9
3,139.15
3,139.15
4,139.15
4,139.15
5,137.9
5,137.9
6,137.9
6,137.9
0,135.9
0,135.9
1,135.9
1,135.9
2,135.9
2,133.9
3,133.4
3,132.9
4,132.9
4,132.4
5,132.4
5,130.9
6,130.9
6,130.9
0,130.9
0,130.9
1,130.9
1,130.9
2,130.9
2,154.9
3,154.9
3,154.9
4,154.9
4,154.9
5,154.9
5,154.9
6,154.9
6,154.9
0,154.9
0,154.9
1,154.9
1,154.9
2,154.9
2,154.9
3,154.9
3,154.9
4,150.9
4,148.4
5,148.4
5,148.4
6,148.4
6,148.4
0,143.9
0,141.7
1,139.7
1,139.7
2,137.9
2,137.9
3,137.9
3,137.9
4,137.9
4,137.9
5,136.9
5,136.9
6,136.4
6,136.4
0,135.4
0,135.4
1,134.9
1,134.9
2,134.4
2,134.4
3,133.9
3,132.9
4,132.9
4,132.9
5,132.9
5,132.9
6,132.9
6,132.9
0,132.4
0,132.4
1,131.4
1,131.4
2,130.9
2,130.9
3,130.9
3,130.9
4,130.9
4,130.9
5,130.9
5,130.9
6,130.9
6,130.9
0,130.9
0,130.9
1,144.4
1,144.4
2,144.4
2,144.4
3,157.9
3,154.9
4,154.9
4,152.4
5,152.4
5,152.4
6,150.9
6,150.9
0,150.8
0,150.8
1,150.8
1,148.9
2,148.9
2,148.9
3,148.9
3,144.9
4,144.9
4,143.4
5,142.9
5,142.9
6,139.9
6,139.9
0,138.9
0,138.9
1,138.9
1,138.9
2,138.9
2,135.9
3,135.9
3,135.9
4,135.9
4,135.9
5,135.9
5,135.9
6,135.9
6,135.9
0,131.9
0,131.9
1,131.9
1,131.9
2,131.9
2,131.9
3,131.9
3,131.9
4,131.9
4,131.9
5,131.9
5,131.9
6,131.9
6,131.9
0,165.9
0,165.9
1,165.9
1,165.9
2,164.9
2,161.4
3,160.9
3,158.9
4,158.9
4,158.9
5,158.9
5,158.9
6,151.9
6,151.9
0,150.9
0,150.9
1,150.4
1,147.9
2,146.9
2,144.9
3,144.4
3,144.4
4,142.9
4,142.9
5,142.4
5,142.4
6,142.4
6,142.4
0,141.9
0,141.9
1,141.4
1,141.4
2,141.4
2,141.4
3,141.4
3,141.4
4,137.5
4,137.5
5,137.5
5,137.5
6,137.5
6,136.9
0,136.9
0,136.9
1,135.9
1,135.9
2,135.9
2,135.9
3,135.9
3,135.9
4,165.9
4,165.9
5,165.9
5,165.9
6,165.9
6,165.9
0,165.9
0,165.9
1,165.9
1,165.9
2,164.9
2,164.9
3,164.9
3,156.9
4,155.9
4,155.9
5,155.9
5,155.9
6,155.9
6,155.9
0,155.9
0,155.9
1,152.9
1,149.9
2,147.9
2,147.9
3,147.9
3,147.9
4,147.9
4,145.9
5,145.9
5,145.9
6,145.9
6,144.9
0,144.9
0,144.9
1,144.9
1,144.9
2,144.9
2,144.9
3,144.9
3,144.9
4,167.9
4,167.9
5,167.9
5,167.9
6,167.9
6,167.9
0,167.9
0,167.9
1,167.9
1,164.9
2,164.9
2,164.9
3,164.9
3,164.9
4,164.9
4,164.9
5,164.9
5,164.9
6,164.9
6,164.9
0,164.9
0,164.9
1,164.9
1,163.9
2,163.9
2,162.9
3,160.9
3,160.9
4,160.9
4,160.9
5,160.9
5,159.9
6,159.9
6,159.9
0,159.9
0,159.9
1,159.9
1,159.9
2,159.9
2,148.9
3,148.9
3,148.9
4,148.9
4,148.9
5,172.9
5,172.9
6,172.9
6,172.9
0,172.9
0,172.9
1,172.9
1,172.9
2,172.9
2,172.9
3,172.9
3,172.9
4,172.9
4,172.9
5,172.9
5,172.9
6,172.9
6,172.9
0,172.9
0,172.9
1,172.9
1,172.9
2,172.9
2,172.9
3,171.9
3,171.9
4,171.9
4,171.9
5,171.9
5,171.9
6,171.9
6,171.9
0,171.9
0,171.9
1,171.9
1,171.9
2,159.5
2,159.5
3,159.5
3,159.5
4,159.5
4,159.5
5,158.9
5,157.9
6,156.9
6,156.9
0,156.9
0,153.9
1,151.9
1,151.9
2,151.9
2,151.9
3,173.4
3,173.4
4,173.4
4,173.4
5,173.4
5,173.4
6,173.4
6,173.4
0,173.4
0,173.4
1,173.4
1,173.4
2,173.4
2,173.4
3,173.4
3,173.4
4,173.4
4,173.4
5,173.4
5,173.4
6,173.4
6,173.4
0,173.4
0,173.4
1,171.9
1,170.9
2,170.9
2,165.9
3,164.9
3,162.9
4,162.9
4,162.9
5,158.9
5,157.9
6,156.9
6,155.9
0,155.9
0,155.9
1,155.9
1,155.9
2,152.9
2,152.9
3,152.9
3,152.9
4,152.9
4,152.9
5,152.9
5,152.9
6,152.9
6,152.9
0,152.9
0,152.9
1,152.9
1,152.9
2,152.9
2,152.9
3,152.9
3,152.9
4,152.9
4,173.4
5,173.4
5,173.4
6,173.4
6,173.4
0,173.4
0,173.4
1,173.4
1,173.4
2,173.4
2,173.4
3,173.4
3,173.4
4,169.15
4,169.15
5,169.15
5,169.15
6,169.15
6,169.15
0,169.15
0,169.15
1,169.15
1,169.15
2,169.15
2,169.15
3,169.15
3,169.15
4,167.9
4,167.9
5,167.9
5,167.9
6,167.9
6,167.9
0,167.9
0,167.9
1,167.9
1,158.9
2,158.9
2,158.9
3,158.9
3,158.9
4,158.9
4,158.9
5,158.9
5,158.9
6,158.9
6,154.9
0,154.9
0,154.9
1,154.9
1,154.9
2,154.9
2,154.9
3,154.9
3,154.9
4,154.9
4,154.9
5,146.9
5,146.9
6,146.9
6,146.9
0,146.9
0,146.9
1,146.9
1,146.9
2,146.9
2,146.9
3,146.9
3,146.9
4,146.9
4,146.9
5,146.9
5,146.9
6,146.9
6,146.9
0,146.9
0,146.9
1,146.9
1,174.9
2,174.9
2,174.9
3,174.9
3,174.9
4,174.9
4,174.9
5,174.9
5,174.9
6,174.9
6,174.9
0,174.9
0,174.9
1,174.9
1,174.9
2,174.9
2,174.9
3,169.9
3,169.9
4,169.9
4,169.9
5,169.9
5,169.9
6,169.9
6,167.9
0,167.9
0,166.9
1,162.5
1,162.5
2,157.9
2,156.9
3,156.9
3,153.9
4,152.9
4,152.9
5,152.9
5,152.9
6,148.9
6,147.9
0,147.9
0,147.9
1,147.9
1,147.9
2,147.9
2,147.9
3,147.9
3,147.9
4,147.9
4,147.9
5,147.9
5,147.9
6,147.9
6,172.9
0,172.9
0,172.9
1,172.9
1,172.9
2,172.9
2,172.9
3,172.9
3,172.9
4,172.9
4,172.9
5,166.9
5,166.9
6,166.9
6,166.9
0,166.9
0,166.9
1,166.9
1,166.9
2,166.9
2,166.9
3,156.9
3,156.9
4,156.9
4,156.9
5,156.9
5,156.9
6,156.9
6,156.9
0,156.9
0,156.9
1,156.9
1,156.9
2,146.9
2,146.9
3,146.9
3,146.9
4,146.9
4,146.9
5,146.9
5,146.9
6,146.9
6,146.9
0,146.9
0,146.9
1,146.9
1,146.9
2,146.9
2,146.9
3,176.4
3,176.4
4,176.4
4,176.4
5,176.4
5,176.4
6,176.4
6,176.4
0,176.4
0,176.4
1,176.4
1,176.4
2,176.4
2,176.4
3,176.4
3,176.4
4,172.9
4,172.9
5,172.9
5,172.9
6,172.9
6,172.9
0,172.9
0,172.9
1,172.9
1,172.9
2,169.9
2,169.9
3,162.9
3,162.9
4,162.9
4,162.9
5,159.9
5,159.9
6,159.9
6,159.9
0,159.9
0,159.9
1,159.9
1,159.9
2,159.9
2,159.9
3,179.9
3,179.9
4,179.9
4,179.9
5,179.9
5,179.9
6,179.9
6,179.9
