0,0
0,129.4
1,129.4
1,128.4
2,127.4
2,126.9
3,126.9
3,125.9
4,125.9
4,125.9
5,125.9
5,124.9
6,124.9
6,124.9
0,124.9
0,124.9
1,124.9
1,124.9
2,120.5
2,120.5
3,120.5
3,119.0
4,119.0
4,119.0
5,119.0
5,119.0
6,118.9
6,118.9
0,118.9
0,118.9
1,148.9
1,148.9
2,148.9
2,148.9
3,148.9
3,148.9
4,148.9
4,148.9
5,148.9
5,148.9
6,148.9
6,148.9
0,148.9
0,146.9
1,142.9
1,142.9
2,142.9
2,142.4
3,141.4
3,138.9
4,136.9
4,136.9
5,136.9
5,136.9
6,136.9
6,136.9
0,135.7
0,135.7
1,135.7
1,135.7
2,135.7
2,135.7
3,127.7
3,127.7
4,126.9
4,124.9
5,124.9
5,124.9
6,124.9
6,124.9
0,124.9
0,124.9
1,122.9
1,122.9
2,150.9
2,150.9
3,150.9
3,148.9
4,148.9
4,148.9
5,148.9
5,146.9
6,146.9
6,146.5
0,146.5
0,143.9
1,143.9
1,143.9
2,143.9
2,140.9
3,140.9
3,138.9
4,138.9
4,138.9
5,138.9
5,136.5
6,136.5
6,133.7
0,133.7
0,131.7
1,131.7
1,131.7
2,131.7
2,127.9
3,127.9
3,127.9
4,152.9
4,152.9
5,152.9
5,152.9
6,152.9
6,152.9
0,152.9
0,152.9
1,152.9
1,146.9
2,146.9
2,146.9
3,146.9
3,146.9
4,146.9
4,146.9
5,146.9
5,146.9
6,146.9
6,146.9
0,146.9
0,146.9
1,146.9
1,146.9
2,146.9
2,146.9
3,146.9
3,146.9
4,146.9
4,146.9
5,146.9
5,146.9
6,146.9
6,146.9
0,146.9
0,146.9
1,146.9
1,146.9
2,146.9
2,146.9
3,146.9
3,146.9
4,146.9
4,146.9
5,146.9
5,146.9
6,146.9
6,146.9
0,146.9
0,146.9
1,146.9
1,146.9
2,146.9
2,146.9
3,146.9
3,146.9
4,146.9
4,146.9
5,146.9
5,146.9
6,146.9
6,146.9
0,146.9
0,146.9
1,146.9
1,146.9
2,146.9
2,146.9
3,146.9
3,146.9
4,146.9
4,146.9
5,146.9
5,146.9
6,146.9
6,146.9
0,146.9
0,146.9
1,146.9
1,146.9
2,146.9
2,146.9
3,146.9
3,146.9
4,146.9
4,146.9
5,146.9
5,146.9
6,146.9
6,146.9
0,146.9
0,146.9
1,146.9
1,146.9
2,146.9
2,146.9
3,146.9
3,146.9
4,146.9
4,146.9
5,146.9
5,146.9
6,146.9
6,146.9
0,146.9
0,146.9
1,146.9
1,146.9
2,146.9
2,146.9
3,146.9
3,146.9
4,146.9
4,146.9
5,146.9
5,146.9
6,146.9
6,146.9
0,146.9
0,146.9
1,146.9
1,146.9
2,146.9
2,146.9
3,146.9
3,146.9
4,146.9
4,146.9
5,146.9
5,146.9
6,146.9
6,146.9
0,146.9
0,146.9
1,146.9
1,146.9
2,146.9
2,146.9
3,146.9
3,146.9
4,146.9
4,146.9
5,146.9
5,155.9
6,155.9
6,155.9
0,155.9
0,155.9
1,155.9
1,155.9
2,155.9
2,155.9
3,155.9
3,155.9
4,155.9
4,155.9
5,155.9
5,155.9
6,155.9
6,155.9
0,155.9
0,155.9
1,153.9
1,153.9
2,153.9
2,153.9
3,153.9
3,153.9
4,153.9
4,153.9
5,153.9
5,153.9
6,153.9
6,153.9
0,153.9
0,153.9
1,153.9
1,153.9
2,151.9
2,151.9
3,151.9
3,151.9
4,150.9
4,150.9
5,150.9
5,150.9
6,150.9
6,150.9
0,146.4
0,146.4
1,146.4
1,146.4
2,146.4
2,146.4
3,146.4
3,146.4
4,146.4
4,146.4
5,146.4
5,146.4
6,146.4
6,146.4
0,146.4
0,146.4
1,146.4
1,146.4
2,166.9
2,166.9
3,166.9
3,166.9
4,166.9
4,166.9
5,166.9
5,166.9
6,166.9
6,166.9
0,166.9
0,166.9
1,166.9
1,166.9
2,166.9
2,166.9
3,166.9
3,166.9
4,166.9
4,166.9
5,166.9
5,166.9
6,166.9
6,166.9
0,166.9
0,166.9
1,166.9
1,166.9
2,164.9
2,159.9
3,158.9
3,157.9
4,157.9
4,157.9
5,157.9
5,157.9
6,157.9
6,157.9
0,157.9
0,153.9
1,153.9
1,153.9
2,151.9
2,151.9
3,151.9
3,151.9
4,150.9
4,150.9
5,148.9
5,148.9
6,148.9
6,148.9
0,146.9
0,146.9
1,146.9
1,146.9
2,146.9
2,146.9
3,146.9
3,146.9
4,143.9
4,143.9
5,143.9
5,143.9
6,143.4
6,143.4
0,143.4
0,143.4
1,143.4
1,143.4
2,143.4
2,143.4
3,143.4
3,143.4
4,143.4
4,143.4
5,143.4
5,143.4
6,143.4
6,143.4
0,143.4
0,143.4
1,143.4
1,143.4
2,143.4
2,143.4
3,143.4
3,143.4
4,143.4
4,167.9
5,167.9
5,167.9
6,167.9
6,167.9
0,167.9
0,167.9
1,167.9
1,167.9
2,166.9
2,166.9
3,164.9
3,164.9
4,164.9
4,164.9
5,164.9
5,154.7
6,154.7
6,154.7
0,154.7
0,154.7
1,153.7
1,153.7
2,153.7
2,153.7
3,153.7
3,153.7
4,153.7
4,153.7
5,153.7
5,153.7
6,153.7
6,153.7
0,153.7
0,153.7
1,153.7
1,153.7
2,148.9
2,148.9
3,148.9
3,148.9
4,148.9
4,148.9
5,148.9
5,148.9
6,148.9
6,148.9
0,148.9
0,148.9
1,148.9
1,148.9
2,148.9
2,148.9
3,148.9
3,148.9
4,148.9
4,148.9
5,148.9
5,148.9
6,144.9
6,144.9
0,144.9
0,143.9
1,142.9
1,142.9
2,142.9
2,142.9
3,142.9
3,142.9
4,142.9
4,142.9
5,142.9
5,142.9
6,141.9
6,141.9
0,141.9
0,141.9
1,140.9
1,140.9
2,140.9
2,140.9
3,140.9
3,137.9
4,137.9
4,137.9
5,137.9
5,137.9
6,137.9
6,136.9
0,136.9
0,136.9
1,136.9
1,135.4
2,135.4
2,135.4
3,135.4
3,135.4
4,135.4
4,135.4
5,135.4
5,162.9
6,162.9
6,162.9
0,162.9
0,162.9
1,162.9
1,162.9
2,162.9
2,162.9
3,162.9
3,162.9
4,159.9
4,159.9
5,159.9
5,159.9
6,152.5
6,152.5
0,152.5
0,152.5
1,152.5
1,152.5
2,152.5
2,152.5
3,152.5
3,152.5
4,152.5
4,152.5
5,152.5
5,152.5
6,152.5
6,152.5
0,152.5
0,151.9
1,151.9
1,151.9
2,151.9
2,151.9
3,151.9
3,151.9
4,151.9
4,151.9
5,151.9
5,151.9
6,151.9
6,151.9
0,151.9
0,151.9
1,151.9
1,151.9
2,151.9
2,151.9
3,151.9
3,151.9
4,151.9
4,151.9
5,151.9
5,151.9
6,151.9
6,151.9
0,151.9
0,151.9
1,151.9
1,151.9
2,151.9
2,151.9
3,151.9
3,151.9
4,145.9
4,145.9
5,145.9
5,145.9
6,145.9
6,145.9
0,144.3
0,144.3
1,144.3
1,144.3
2,144.3
2,144.3
3,144.3
3,144.3
4,144.3
4,144.3
5,143.9
5,143.9
6,143.9
6,143.9
0,143.9
0,143.9
1,143.9
1,143.9
2,143.9
2,143.9
3,143.9
3,143.9
4,143.9
4,143.9
5,143.9
5,143.9
6,143.9
6,143.9
0,143.9
0,143.9
1,143.9
1,143.9
2,143.9
2,164.9
3,164.9
3,164.9
4,164.9
4,164.9
5,164.9
5,164.9
6,164.9
6,164.9
0,164.9
0,164.9
1,164.9
1,155.9
2,155.9
2,155.9
3,153.9
3,153.9
4,151.9
4,151.9
5,151.9
5,151.9
6,147.9
6,146.9
0,146.9
0,146.9
1,146.9
1,146.9
2,146.9
2,146.9
3,146.9
3,146.9
4,146.9
4,146.9
5,146.9
5,146.9
6,146.9
6,146.9
0,146.9
0,146.9
1,146.9
1,146.9
2,146.9
2,146.9
3,134.9
3,134.9
4,134.9
4,134.9
5,134.9
5,134.9
6,134.9
6,134.9
0,132.9
0,132.9
1,132.9
1,132.9
2,132.9
2,131.9
3,131.9
3,131.9
4,131.9
4,131.9
5,131.9
5,131.9
6,131.9
6,131.9
0,130.9
0,129.9
1,129.9
1,129.9
2,129.9
2,129.9
3,154.9
3,154.9
4,154.9
4,154.9
5,154.9
5,154.9
6,154.9
6,154.9
0,154.9
0,154.9
1,154.9
1,154.9
2,154.9
2,154.9
3,154.9
3,154.9
4,154.9
4,152.4
5,152.4
5,152.4
6,152.4
6,152.4
0,152.4
0,150.9
1,141.9
1,141.9
2,141.9
2,141.9
3,141.9
3,141.9
4,141.9
4,141.9
5,136.9
5,136.9
6,135.8
6,135.8
0,134.7
0,134.7
1,133.7
1,133.7
2,132.7
2,132.7
3,132.7
3,132.7
4,132.7
4,132.7
5,132.7
5,132.7
6,132.7
6,132.7
0,132.7
0,130.9
1,130.4
1,130.4
2,129.9
2,129.9
3,129.65
3,129.65
4,129.4
4,129.4
5,129.4
5,129.4
6,129.4
6,129.4
0,129.4
0,129.4
1,143.65
1,143.65
2,143.65
2,143.65
3,155.9
3,155.9
4,155.9
4,155.9
5,155.9
5,155.9
6,153.9
6,153.9
0,153.9
0,153.9
1,152.9
1,152.9
2,152.9
2,152.9
3,152.9
3,150.4
4,150.4
4,149.9
5,149.9
5,149.9
6,145.9
6,145.9
0,145.9
0,145.9
1,145.9
1,144.9
2,144.9
2,140.9
3,139.4
3,135.7
4,135.7
4,135.7
5,135.7
5,135.7
6,134.9
6,134.9
0,134.9
0,134.7
1,134.7
1,134.7
2,134.7
2,134.7
3,134.7
3,134.7
4,131.7
4,131.7
5,131.7
5,131.7
6,131.7
6,131.7
0,148.8
0,148.8
1,165.9
1,165.9
2,165.9
2,163.9
3,163.9
3,161.9
4,161.9
4,161.9
5,159.9
5,159.9
6,159.9
6,159.9
0,159.9
0,159.9
1,159.9
1,152.9
2,150.9
2,148.9
3,148.9
3,148.9
4,146.9
4,146.9
5,146.9
5,146.9
6,146.9
6,146.9
0,146.9
0,146.9
1,144.65
1,141.9
2,140.9
2,140.9
3,140.9
3,140.9
4,139.2
4,139.2
5,138.4
5,138.4
6,138.4
6,137.9
0,137.9
0,135.7
1,135.7
1,135.7
2,135.4
2,135.4
3,135.4
3,135.4
4,135.4
4,135.4
5,135.4
5,135.4
6,135.4
6,135.4
0,135.4
0,135.4
1,164.9
1,164.9
2,164.9
2,164.9
3,154.9
3,152.9
4,152.9
4,152.9
5,152.9
5,152.9
6,149.9
6,149.9
0,149.9
0,149.9
1,146.9
1,146.9
2,146.9
2,146.7
3,146.7
3,146.7
4,146.7
4,146.7
5,146.7
5,144.7
6,144.7
6,144.7
0,144.45
0,144.45
1,144.45
1,144.45
2,144.45
2,144.45
3,144.45
3,144.45
4,144.45
4,167.9
5,167.9
5,167.9
6,167.9
6,167.9
0,167.9
0,167.9
1,167.9
1,164.9
2,164.9
2,164.9
3,164.9
3,164.9
4,164.9
4,164.9
5,164.9
5,164.9
6,164.9
6,164.9
0,164.9
0,164.9
1,164.9
1,164.9
2,164.9
2,164.9
3,161.9
3,161.9
4,161.9
4,161.9
5,161.9
5,160.9
6,160.9
6,160.9
0,160.9
0,158.9
1,158.9
1,158.9
2,158.9
2,146.9
3,146.9
3,146.9
4,146.9
4,146.9
5,146.9
5,146.9
6,172.9
6,172.9
0,172.9
0,172.9
1,172.9
1,172.9
2,172.9
2,172.9
3,172.9
3,172.9
4,172.9
4,172.9
5,172.9
5,172.9
6,172.9
6,172.9
0,172.9
0,172.9
1,172.9
1,172.9
2,170.9
2,170.9
3,164.9
3,164.9
4,164.9
4,164.9
5,164.9
5,164.9
6,164.9
6,164.9
0,164.9
0,164.9
1,164.9
1,164.9
2,154.9
2,154.9
3,154.9
3,154.9
4,154.9
4,154.9
5,152.9
5,152.9
6,152.9
6,151.9
0,151.9
0,151.9
1,148.9
1,148.9
2,148.9
2,148.9
3,173.4
3,173.4
4,173.4
4,173.4
5,173.4
5,173.4
6,173.4
6,173.4
0,173.4
0,173.4
1,173.4
1,173.4
2,173.4
2,173.4
3,173.4
3,173.4
4,173.4
4,173.4
5,173.4
5,173.4
6,173.4
6,173.4
0,173.4
0,173.4
1,160.9
1,160.9
2,158.7
2,158.7
3,158.7
3,158.7
4,158.7
4,158.7
5,158.7
5,158.7
6,158.7
6,155.7
0,155.7
0,155.7
1,155.7
1,155.7
2,154.7
2,154.7
3,153.9
3,153.9
4,153.9
4,153.9
5,153.9
5,153.9
6,153.9
6,153.9
0,153.9
0,153.9
1,153.9
1,153.9
2,153.9
2,153.9
3,153.9
3,153.9
4,173.4
4,173.4
5,173.4
5,173.4
6,173.4
6,173.4
0,173.4
0,173.4
1,173.4
1,173.4
2,173.4
2,173.4
3,173.4
3,173.4
4,173.4
4,173.4
5,173.4
5,173.4
6,173.4
6,173.4
0,173.4
0,173.4
1,173.4
1,173.4
2,173.4
2,173.4
3,173.4
3,173.4
4,167.9
4,167.9
5,167.9
5,167.9
6,167.9
6,167.9
0,167.9
0,167.9
1,167.9
1,156.9
2,156.9
2,156.9
3,156.9
3,156.9
4,156.9
4,156.9
5,156.9
5,156.9
6,156.9
6,156.9
0,156.9
0,156.9
1,156.9
1,156.9
2,156.9
2,156.9
3,155.7
3,155.7
4,155.7
4,155.7
5,146.9
5,146.9
6,146.9
6,146.9
0,146.9
0,146.9
1,146.9
1,146.9
2,146.9
2,146.9
3,146.9
3,146.9
4,146.9
4,146.9
5,146.9
5,146.9
6,146.9
6,146.9
0,146.9
0,174.9
1,174.9
1,174.9
2,174.9
2,174.9
3,174.9
3,174.9
4,174.9
4,174.9
5,174.9
5,174.9
6,174.9
6,174.9
0,174.9
0,174.9
1,174.9
1,174.9
2,174.9
2,174.9
3,169.9
3,169.9
4,169.9
4,164.9
5,154.9
5,164.9
6,164.9
6,164.9
0,153.7
0,153.7
1,153.7
1,153.7
2,152.7
2,152.7
3,152.7
3,152.7
4,152.7
4,152.7
5,152.7
5,152.7
6,148.9
6,148.9
0,148.7
0,148.7
1,148.7
1,148.7
2,148.7
2,148.7
3,148.7
3,148.7
4,148.7
4,148.7
5,148.7
5,148.7
6,148.7
6,172.9
0,172.9
0,172.9
1,172.9
1,172.9
2,172.9
2,172.9
3,172.9
3,172.9
4,172.9
4,172.9
5,165.9
5,165.9
6,165.9
6,165.9
0,165.9
0,165.9
1,165.9
1,165.9
2,165.9
2,165.9
3,165.9
3,165.9
4,165.9
4,165.9
5,165.9
5,165.9
6,165.9
6,165.9
0,165.9
0,165.9
1,165.9
1,165.9
2,148.8
2,148.8
3,148.8
3,148.8
4,148.8
4,148.8
5,148.8
5,148.8
6,148.8
6,148.8
0,148.8
0,148.8
1,148.8
1,148.8
2,148.8
2,148.8
3,148.8
3,148.8
4,176.4
4,176.4
5,176.4
5,176.4
6,176.4
6,176.4
0,176.4
0,176.4
1,176.4
1,176.4
2,176.4
2,176.4
3,176.4
3,176.4
4,172.9
4,172.9
5,172.9
5,172.9
6,172.9
6,172.9
0,172.9
0,172.9
1,172.9
1,172.9
2,172.9
2,169.9
3,169.9
3,169.9
4,169.9
4,169.9
5,168.9
5,168.9
6,168.9
6,168.9
0,168.9
0,168.9
1,168.9
1,168.9
2,168.9
2,168.9
3,179.9
3,179.9
4,179.9
4,179.9
5,179.9
5,179.9
6,179.9
6,179.9
