0,131.8
0,131.8
1,131.8
1,131.8
2,131.8
2,131.8
3,130.9
3,128.9
4,127.9
4,127.9
5,127.9
5,125.9
6,125.9
6,125.9
0,124.9
0,124.9
1,124.55000000000001
1,122.9
2,122.9
2,122.9
3,122.4
3,122.4
4,121.15
4,121.15
5,121.15
5,119.9
6,119.4
6,119.4
0,118.9
0,118.9
1,133.65
1,133.65
2,133.65
2,133.65
3,133.65
3,133.65
4,133.65
4,133.65
5,133.65
5,133.65
6,148.4
6,148.4
0,148.4
0,148.4
1,148.4
1,148.4
2,148.4
2,145.9
3,141.95
3,140.9
4,137.9
4,137.9
5,136.65
5,136.65
6,136.65
6,135.9
0,135.15
0,135.15
1,135.15
1,135.15
2,135.15
2,135.15
3,130.4
3,129.9
4,129.9
4,124.9
5,124.9
5,124.9
6,124.9
6,124.9
0,124.9
0,124.4
1,124.4
1,123.9
2,150.9
2,150.9
3,150.9
3,148.9
4,148.9
4,148.4
5,148.4
5,148.4
6,148.4
6,147.9
0,147.9
0,147.4
1,144.9
1,142.9
2,142.9
2,142.4
3,142.4
3,140.9
4,140.9
4,140.9
5,140.9
5,138.9
6,138.9
6,138.9
0,137.6
0,135.7
1,135.7
1,135.7
2,135.7
2,130.2
3,130.2
3,130.2
4,152.9
4,152.9
5,152.9
5,152.9
6,152.9
6,152.9
0,152.9
0,152.9
1,152.9
1,152.9
2,152.9
2,152.9
3,152.9
3,152.9
4,152.9
4,152.9
5,152.9
5,152.9
6,152.9
6,152.9
0,152.9
0,152.9
1,152.9
1,152.9
2,152.9
2,152.9
3,152.9
3,152.9
4,152.9
4,152.9
5,152.9
5,152.9
6,152.9
6,152.9
0,152.9
0,152.9
1,152.9
1,152.9
2,152.9
2,152.9
3,152.9
3,152.9
4,152.9
4,152.9
5,152.9
5,152.9
6,152.9
6,152.9
0,152.9
0,152.9
1,152.9
1,152.9
2,152.9
2,152.9
3,152.9
3,152.9
4,152.9
4,152.9
5,152.9
5,152.9
6,152.9
6,152.9
0,152.9
0,152.9
1,152.9
1,152.9
2,152.9
2,152.9
3,152.9
3,152.9
4,152.9
4,152.9
5,152.9
5,152.9
6,152.9
6,152.9
0,152.9
0,152.9
1,152.9
1,152.9
2,152.9
2,152.9
3,152.9
3,152.9
4,152.9
4,152.9
5,152.9
5,152.9
6,152.9
6,152.9
0,152.9
0,152.9
1,152.9
1,152.9
2,152.9
2,152.9
3,152.9
3,152.9
4,152.9
4,152.9
5,152.9
5,152.9
6,152.9
6,152.9
0,152.9
0,152.9
1,152.9
1,152.9
2,152.9
2,152.9
3,152.9
3,152.9
4,152.9
4,152.9
5,152.9
5,152.9
6,152.9
6,152.9
0,152.9
0,152.9
1,152.9
1,152.9
2,152.9
2,152.9
3,152.9
3,152.9
4,152.9
4,152.9
5,152.9
5,152.9
6,152.9
6,152.9
0,152.9
0,152.9
1,152.9
1,152.9
2,152.9
2,152.9
3,152.9
3,152.9
4,152.9
4,152.9
5,152.9
5,155.9
6,155.9
6,155.9
0,155.9
0,155.9
1,155.9
1,155.9
2,155.9
2,155.9
3,155.9
3,155.9
4,155.9
4,155.9
5,155.9
5,155.9
6,155.9
6,155.9
0,155.9
0,155.9
1,153.9
1,153.9
2,153.9
2,153.9
3,153.9
3,153.9
4,153.9
4,153.9
5,153.9
5,153.9
6,153.9
6,153.9
0,153.9
0,153.9
1,153.9
1,153.9
2,151.9
2,151.9
3,151.9
3,151.9
4,150.9
4,150.9
5,150.9
5,150.9
6,150.9
6,150.9
0,150.9
0,148.4
1,148.4
1,148.4
2,148.4
2,148.4
3,148.4
3,148.4
4,148.4
4,148.4
5,148.4
5,148.4
6,148.4
6,148.4
0,148.4
0,148.4
1,148.4
1,148.4
2,166.9
2,166.9
3,166.9
3,166.9
4,166.9
4,166.9
5,166.9
5,166.9
6,166.9
6,166.9
0,166.9
0,166.9
1,166.9
1,166.9
2,166.9
2,166.9
3,166.9
3,166.9
4,166.9
4,166.9
5,166.9
5,166.9
6,166.9
6,166.9
0,166.9
0,166.9
1,166.9
1,166.9
2,166.9
2,166.9
3,164.15
3,161.9
4,161.9
4,161.9
5,161.9
5,161.9
6,161.9
6,161.9
0,154.9
0,154.9
1,154.9
1,154.4
2,152.4
2,152.4
3,152.4
3,152.4
4,147.9
4,147.9
5,147.9
5,147.9
6,147.9
6,147.9
0,147.9
0,147.9
1,147.9
1,147.9
2,147.9
2,147.9
3,147.9
3,147.9
4,146.9
4,146.9
5,145.9
5,145.9
6,145.9
6,145.9
0,145.9
0,145.9
1,142.4
1,142.4
2,142.4
2,142.4
3,142.4
3,142.4
4,142.4
4,142.4
5,142.4
5,142.4
6,142.4
6,142.4
0,142.4
0,142.4
1,142.4
1,142.4
2,142.4
2,142.4
3,142.4
3,142.4
4,167.9
4,167.9
5,167.9
5,167.9
6,167.9
6,167.9
0,167.9
0,167.9
1,167.9
1,167.9
2,166.9
2,166.9
3,166.9
3,166.9
4,166.9
4,166.9
5,166.9
5,163.9
6,163.9
6,163.9
0,163.9
0,163.9
1,162.9
1,160.4
2,160.4
2,160.4
3,160.4
3,160.4
4,160.4
4,160.4
5,160.4
5,160.4
6,160.4
6,160.4
0,160.4
0,160.4
1,156.4
1,156.4
2,154.3
2,154.3
3,153.9
3,153.9
4,153.9
4,152.9
5,152.9
5,152.9
6,152.9
6,152.9
0,152.9
0,152.9
1,152.9
1,152.9
2,152.9
2,152.9
3,152.9
3,152.9
4,152.9
4,152.9
5,152.9
5,152.9
6,150.9
6,150.9
0,150.9
0,149.5
1,146.8
1,146.8
2,142.9
2,142.9
3,142.9
3,142.9
4,142.9
4,142.9
5,142.9
5,142.9
6,142.4
6,142.4
0,141.5
0,141.5
1,141.5
1,141.5
2,141.5
2,140.9
3,140.9
3,139.9
4,139.9
4,139.23333333333335
5,139.23333333333335
5,139.23333333333335
6,139.23333333333335
6,137.9
0,137.9
0,137.9
1,136.9
1,136.9
2,136.9
2,136.9
3,136.9
3,136.9
4,162.9
4,162.9
5,162.9
5,162.9
6,162.9
6,162.9
0,162.9
0,162.9
1,162.9
1,162.9
2,162.9
2,162.9
3,162.9
3,162.9
4,162.9
4,162.9
5,162.9
5,162.9
6,161.9
6,157.9
0,157.9
0,157.9
1,157.9
1,157.9
2,157.9
2,157.9
3,157.9
3,157.9
4,157.9
4,157.9
5,157.9
5,157.9
6,157.9
6,157.9
0,157.9
0,156.9
1,156.9
1,156.9
2,156.9
2,156.9
3,156.9
3,156.9
4,156.9
4,156.9
5,155.9
5,155.9
6,155.9
6,155.9
0,155.9
0,155.9
1,155.9
1,155.9
2,155.9
2,155.9
3,162.9
3,162.9
4,162.9
4,162.9
5,162.9
5,162.9
6,162.9
6,162.9
0,162.9
0,162.9
1,162.9
1,162.9
2,162.9
2,162.9
3,160.9
3,160.9
4,160.9
4,160.9
5,154.9
5,154.9
6,154.9
6,154.9
0,147.5
0,146.2
1,144.9
1,144.9
2,144.9
2,144.9
3,144.9
3,144.9
4,144.9
4,142.5
5,141.9
5,141.9
6,141.9
6,141.9
0,141.9
0,141.9
1,141.9
1,141.9
2,141.9
2,141.9
3,141.9
3,141.9
4,141.9
4,141.9
5,141.9
5,141.9
6,141.9
6,141.9
0,141.9
0,141.9
1,141.9
1,141.9
2,141.9
2,164.9
3,164.9
3,164.9
4,164.9
4,164.9
5,164.9
5,164.9
6,164.9
6,164.9
0,164.9
0,164.9
1,163.9
1,163.9
2,160.9
2,160.9
3,155.9
3,155.9
4,155.9
4,155.9
5,155.9
5,155.9
6,155.9
6,155.9
0,155.9
0,155.9
1,155.9
1,155.9
2,154.9
2,154.9
3,152.4
3,152.4
4,151.4
4,151.4
5,151.4
5,151.4
6,151.4
6,151.4
0,148.9
0,148.4
1,147.9
1,147.9
2,147.4
2,147.4
3,142.4
3,142.4
4,142.4
4,142.9
5,142.9
5,142.9
6,142.9
6,141.2
0,140.5
0,140.5
1,140.5
1,140.5
2,140.5
2,139.9
3,138.4
3,136.4
4,136.4
4,135.9
5,135.9
5,135.9
6,135.9
6,135.9
0,133.9
0,131.9
1,131.9
1,131.9
2,131.9
2,131.9
3,154.9
3,154.9
4,154.9
4,154.9
5,154.9
5,154.9
6,154.9
6,154.9
0,154.9
0,154.9
1,154.9
1,154.9
2,154.9
2,154.9
3,154.9
3,154.9
4,154.9
4,154.9
5,154.9
5,154.9
6,154.9
6,154.9
0,154.9
0,153.9
1,152.9
1,151.9
2,151.9
2,151.9
3,151.9
3,151.9
4,151.9
4,151.9
5,151.9
5,151.9
6,150.9
6,150.9
0,148.9
0,146.9
1,146.4
1,146.4
2,144.73333333333335
2,144.73333333333335
3,143.4
3,142.4
4,142.4
4,142.4
5,142.15
5,142.15
6,141.9
6,141.9
0,140.9
0,140.9
1,138.9
1,136.4
2,136.4
2,134.9
3,134.9
3,134.9
4,134.9
4,134.9
5,134.9
5,134.9
6,134.9
6,134.9
0,134.9
0,134.9
1,146.4
1,146.4
2,146.4
2,146.4
3,156.9
3,154.4
4,154.4
4,154.4
5,154.4
5,154.4
6,154.4
6,154.4
0,154.4
0,154.4
1,154.4
1,154.4
2,154.4
2,154.4
3,154.4
3,153.9
4,153.9
4,152.9
5,152.15
5,152.15
6,152.15
6,152.15
0,150.4
0,148.4
1,146.9
1,145.9
2,145.9
2,142.65
3,141.15
3,141.15
4,141.15
4,141.15
5,141.15
5,141.15
6,139.4
6,139.4
0,139.4
0,138.9
1,138.9
1,138.9
2,138.4
2,137.9
3,137.9
3,137.9
4,137.65
4,137.65
5,137.65
5,137.65
6,137.65
6,137.65
0,151.65
0,151.65
1,165.9
1,165.9
2,163.9
2,163.9
3,163.9
3,163.9
4,163.9
4,162.9
5,161.9
5,161.9
6,161.9
6,161.9
0,159.9
0,156.9
1,156.9
1,156.9
2,155.4
2,155.4
3,155.4
3,152.65
4,152.65
4,149.9
5,148.65
5,148.65
6,147.9
6,146.9
0,146.9
0,146.9
1,146.9
1,146.9
2,144.9
2,142.4
3,142.4
3,141.9
4,141.4
4,141.4
5,140.9
5,140.9
6,140.9
6,139.9
0,139.9
0,139.9
1,139.9
1,139.9
2,139.9
2,139.9
3,139.9
3,139.9
4,139.9
4,139.9
5,139.9
5,139.9
6,139.9
6,139.9
0,139.9
0,139.9
1,164.9
1,164.9
2,164.9
2,164.9
3,164.9
3,161.4
4,161.4
4,160.9
5,160.9
5,160.9
6,160.9
6,159.9
0,158.9
0,156.4
1,156.4
1,154.9
2,154.9
2,154.9
3,154.9
3,153.9
4,151.9
4,149.9
5,148.4
5,148.4
6,148.4
6,148.4
0,148.4
0,148.4
1,148.4
1,148.4
2,148.4
2,148.4
3,148.4
3,167.9
4,167.9
4,167.9
5,167.9
5,167.9
6,167.9
6,167.9
0,167.9
0,167.9
1,167.9
1,164.9
2,164.9
2,164.9
3,164.9
3,164.9
4,164.9
4,164.9
5,164.9
5,164.9
6,164.9
6,164.9
0,164.9
0,164.9
1,164.9
1,163.9
2,163.9
2,161.9
3,161.9
3,161.9
4,161.9
4,161.9
5,161.9
5,159.9
6,159.9
6,159.9
0,159.9
0,159.9
1,159.9
1,159.9
2,159.9
2,150.9
3,150.9
3,150.9
4,150.9
4,172.9
5,172.9
5,172.9
6,172.9
6,172.9
0,172.9
0,172.9
1,172.9
1,172.9
2,172.9
2,172.9
3,172.9
3,172.9
4,172.9
4,172.9
5,172.9
5,172.9
6,172.9
6,172.9
0,172.9
0,172.9
1,172.9
1,172.9
2,172.9
2,172.9
3,172.9
3,172.9
4,172.9
4,172.9
5,172.9
5,172.9
6,172.9
6,172.9
0,172.9
0,172.9
1,172.9
1,172.9
2,163.8
2,163.8
3,163.8
3,163.8
4,163.8
4,163.8
5,157.5
5,157.5
6,157.5
6,157.5
0,157.5
0,155.6
1,153.6
1,153.6
2,153.6
2,173.4
3,173.4
3,173.4
4,173.4
4,173.4
5,173.4
5,173.4
6,173.4
6,173.4
0,173.4
0,173.4
1,173.4
1,173.4
2,173.4
2,173.4
3,173.4
3,173.4
4,173.4
4,173.4
5,173.4
5,173.4
6,173.4
6,173.4
0,173.4
0,173.4
1,172.9
1,170.9
2,170.9
2,169.9
3,169.9
3,169.9
4,169.8
4,169.8
5,169.7
5,168.7
6,168.7
6,167.9
0,167.9
0,166.9
1,166.9
1,166.9
2,158.4
2,158.4
3,158.4
3,158.4
4,158.4
4,158.4
5,158.4
5,158.4
6,158.4
6,158.4
0,158.4
0,158.4
1,158.4
1,158.4
2,158.4
2,158.4
3,158.4
3,158.4
4,173.4
4,173.4
5,173.4
5,173.4
6,173.4
6,173.4
0,173.4
0,173.4
1,173.4
1,173.4
2,173.4
2,173.4
3,173.4
3,173.4
4,173.4
4,173.4
5,173.4
5,173.4
6,173.4
6,173.4
0,173.4
0,173.4
1,173.4
1,173.4
2,173.4
2,173.4
3,173.4
3,173.4
4,167.9
4,167.9
5,167.9
5,167.9
6,167.9
6,167.9
0,167.9
0,167.9
1,167.9
1,166.9
2,166.9
2,166.9
3,166.9
3,166.9
4,166.9
4,166.9
5,166.9
5,166.9
6,166.9
6,165.9
0,165.9
0,158.9
1,158.9
1,158.9
2,158.9
2,158.9
3,158.9
3,158.9
4,158.9
4,158.9
5,158.9
5,158.9
6,158.9
6,158.9
0,158.9
0,158.9
1,158.9
1,155.9
2,151.8
2,151.8
3,151.8
3,151.8
4,151.8
4,151.8
5,151.8
5,151.8
6,151.8
6,151.8
0,151.8
0,151.8
1,151.8
1,174.9
2,174.9
2,174.9
3,174.9
3,174.9
4,174.9
4,174.9
5,174.9
5,174.9
6,174.9
6,174.9
0,174.9
0,174.9
1,174.9
1,174.9
2,174.9
2,174.9
3,173.9
3,173.9
4,173.9
4,173.9
5,169.9
5,169.9
6,169.9
6,167.9
0,167.9
0,162.4
1,162.4
1,162.4
2,161.4
2,159.9
3,159.9
3,158.9
4,158.9
4,158.9
5,158.9
5,158.9
6,158.9
6,158.9
0,155.9
0,155.9
1,155.9
1,155.9
2,155.9
2,155.9
3,155.9
3,155.9
4,155.9
4,155.9
5,155.9
5,172.9
6,172.9
6,172.9
0,172.9
0,172.9
1,172.9
1,172.9
2,172.9
2,172.9
3,170.9
3,170.9
4,170.9
4,170.9
5,170.9
5,170.9
6,170.9
6,170.9
0,170.9
0,170.9
1,170.9
1,170.9
2,170.9
2,170.9
3,168.9
3,168.9
4,168.9
4,168.9
5,168.9
5,168.9
6,168.9
6,168.9
0,168.9
0,168.9
1,168.9
1,168.9
2,157.9
2,157.9
3,157.9
3,157.9
4,157.9
4,157.9
5,157.9
5,157.9
6,157.9
6,157.9
0,157.9
0,157.9
1,157.9
1,157.9
2,157.9
2,157.9
3,157.9
3,157.9
4,176.4
4,176.4
5,176.4
5,176.4
6,176.4
6,176.4
0,176.4
0,176.4
1,176.4
1,176.4
2,176.4
2,176.4
3,176.4
3,176.4
4,172.9
4,172.9
5,172.9
5,172.9
6,172.9
6,172.9
0,172.9
0,172.9
1,172.9
1,172.9
2,171.9
2,171.9
3,171.9
3,171.9
4,171.9
4,171.9
5,166.4
5,166.4
6,166.4
6,166.4
0,166.4
0,166.4
1,166.4
1,166.4
2,166.4
2,166.4
3,179.9
3,179.9
4,179.9
4,179.9
5,179.9
5,179.9
6,179.9
6,179.9
