0,0
0,0
1,0
1,0
2,0
2,0
3,0
3,0
4,0
4,0
5,0
5,0
6,0
6,0
0,0
0,0
1,119.8
1,119.8
2,118.8
2,118.8
3,118.8
3,118.8
4,118.8
4,118.8
5,118.8
5,118.8
6,118.8
6,118.8
0,118.8
0,118.8
1,118.8
1,118.8
2,118.8
2,118.8
3,116.8
3,121.8
4,121.8
4,121.8
5,121.8
5,121.8
6,121.8
6,139.8
0,139.8
0,139.8
1,139.8
1,139.8
2,139.8
2,138.8
3,137.8
3,137.8
4,136.8
4,134.8
5,134.8
5,134.8
6,134.8
6,134.8
0,133.8
0,131.8
1,131.8
1,131.8
2,131.8
2,131.8
3,131.8
3,131.8
4,131.8
4,131.8
5,131.8
5,131.8
6,131.8
6,131.8
0,131.8
0,131.8
1,131.8
1,131.8
2,131.8
2,131.8
3,131.8
3,131.8
4,131.8
4,131.8
5,131.8
5,131.8
6,131.8
6,131.8
0,131.8
0,131.8
1,131.8
1,131.8
2,131.8
2,131.8
3,131.8
3,131.8
4,131.8
4,131.8
5,131.8
5,131.8
6,131.8
6,131.8
0,131.8
0,131.8
1,131.8
1,131.8
2,131.8
2,131.8
3,131.8
3,131.8
4,131.8
4,131.8
5,131.8
5,131.8
6,131.8
6,131.8
0,131.8
0,131.8
1,131.8
1,131.8
2,131.8
2,131.8
3,131.8
3,131.8
4,131.8
4,131.8
5,131.8
5,131.8
6,131.8
6,131.8
0,131.8
0,131.8
1,131.8
1,131.8
2,131.8
2,131.8
3,131.8
3,131.8
4,131.8
4,131.8
5,131.8
5,131.8
6,131.8
6,131.8
0,131.8
0,131.8
1,131.8
1,131.8
2,131.8
2,131.8
3,131.8
3,131.8
4,131.8
4,131.8
5,131.8
5,131.8
6,131.8
6,131.8
0,131.8
0,131.8
1,131.8
1,131.8
2,131.8
2,131.8
3,131.8
3,131.8
4,131.8
4,131.8
5,131.8
5,131.8
6,131.8
6,131.8
0,131.8
0,131.8
1,131.8
1,131.8
2,131.8
2,131.8
3,131.8
3,131.8
4,131.8
4,131.8
5,131.8
5,131.8
6,131.8
6,131.8
0,131.8
0,131.8
1,131.8
1,131.8
2,131.8
2,131.8
3,131.8
3,131.8
4,131.8
4,131.8
5,131.8
5,131.8
6,131.8
6,131.8
0,131.8
0,131.8
1,131.8
1,131.8
2,131.8
2,131.8
3,131.8
3,131.8
4,131.8
4,131.8
5,131.8
5,131.8
6,131.8
6,131.8
0,131.8
0,131.8
1,131.8
1,131.8
2,131.8
2,131.8
3,131.8
3,131.8
4,131.8
4,131.8
5,131.8
5,131.8
6,131.8
6,131.8
0,131.8
0,131.8
1,131.8
1,131.8
2,131.8
2,131.8
3,131.8
3,131.8
4,131.8
4,131.8
5,131.8
5,131.8
6,131.8
6,131.8
0,131.8
0,131.8
1,131.8
1,131.8
2,131.8
2,131.8
3,131.8
3,131.8
4,131.8
4,131.8
5,131.8
5,131.8
6,131.8
6,131.8
0,131.8
0,131.8
1,131.8
1,131.8
2,131.8
2,131.8
3,131.8
3,131.8
4,131.8
4,131.8
5,131.8
5,131.8
6,131.8
6,131.8
0,131.8
0,131.8
1,131.8
1,131.8
2,131.8
2,131.8
3,131.8
3,131.8
4,131.8
4,131.8
5,131.8
5,131.8
6,131.8
6,131.8
0,131.8
0,131.8
1,131.8
1,131.8
2,131.8
2,131.8
3,131.8
3,131.8
4,131.8
4,131.8
5,131.8
5,131.8
6,131.8
6,131.8
0,131.8
0,131.8
1,131.8
1,131.8
2,131.8
2,131.8
3,131.8
3,131.8
4,131.8
4,131.8
5,131.8
5,131.8
6,131.8
6,131.8
0,131.8
0,131.8
1,131.8
1,131.8
2,131.8
2,131.8
3,131.8
3,131.8
4,131.8
4,131.8
5,131.8
5,131.8
6,131.8
6,131.8
0,131.8
0,131.8
1,131.8
1,131.8
2,131.8
2,131.8
3,131.8
3,131.8
4,131.8
4,131.8
5,131.8
5,131.8
6,131.8
6,131.8
0,131.8
0,131.8
1,131.8
1,131.8
2,131.8
2,131.8
3,131.8
3,131.8
4,131.8
4,131.8
5,131.8
5,131.8
6,131.8
6,131.8
0,131.8
0,131.8
1,131.8
1,131.8
2,131.8
2,131.8
3,131.8
3,131.8
4,131.8
4,131.8
5,131.8
5,131.8
6,131.8
6,131.8
0,131.8
0,131.8
1,131.8
1,131.8
2,131.8
2,131.8
3,131.8
3,131.8
4,131.8
4,131.8
5,131.8
5,131.8
6,131.8
6,131.8
0,131.8
0,131.8
1,131.8
1,131.8
2,131.8
2,131.8
3,131.8
3,131.8
4,131.8
4,131.8
5,131.8
5,131.8
6,131.8
6,131.8
0,131.8
0,131.8
1,131.8
1,131.8
2,131.8
2,131.8
3,131.8
3,131.8
4,131.8
4,131.8
5,131.8
5,131.8
6,131.8
6,131.8
0,131.8
0,131.8
1,131.8
1,131.8
2,131.8
2,131.8
3,131.8
3,131.8
4,131.8
4,131.8
5,131.8
5,131.8
6,131.8
6,131.8
0,131.8
0,131.8
1,131.8
1,131.8
2,131.8
2,131.8
3,131.8
3,131.8
4,131.8
4,131.8
5,131.8
5,131.8
6,131.8
6,131.8
0,131.8
0,131.8
1,131.8
1,131.8
2,131.8
2,131.8
3,131.8
3,131.8
4,131.8
4,131.8
5,131.8
5,131.8
6,131.8
6,131.8
0,131.8
0,131.8
1,131.8
1,131.8
2,131.8
2,131.8
3,131.8
3,131.8
4,131.8
4,131.8
5,131.8
5,131.8
6,131.8
6,131.8
0,131.8
0,131.8
1,131.8
1,131.8
2,131.8
2,131.8
3,131.8
3,131.8
4,131.8
4,131.8
5,131.8
5,131.8
6,131.8
6,131.8
0,131.8
0,131.8
1,131.8
1,131.8
2,131.8
2,131.8
3,131.8
3,131.8
4,131.8
4,131.8
5,131.8
5,131.8
6,131.8
6,131.8
0,131.8
0,131.8
1,131.8
1,131.8
2,131.8
2,131.8
3,131.8
3,131.8
4,131.8
4,131.8
5,131.8
5,131.8
6,131.8
6,131.8
0,131.8
0,131.8
1,131.8
1,131.8
2,131.8
2,131.8
3,131.8
3,131.8
4,131.8
4,131.8
5,131.8
5,131.8
6,131.8
6,131.8
0,131.8
0,131.8
1,131.8
1,131.8
2,131.8
2,131.8
3,131.8
3,131.8
4,131.8
4,131.8
5,131.8
5,131.8
6,131.8
6,131.8
0,131.8
0,131.8
1,131.8
1,131.8
2,131.8
2,131.8
3,131.8
3,131.8
4,131.8
4,131.8
5,131.8
5,131.8
6,131.8
6,131.8
0,131.8
0,131.8
1,131.8
1,131.8
2,131.8
2,131.8
3,131.8
3,131.8
4,131.8
4,131.8
5,131.8
5,131.8
6,131.8
6,131.8
0,131.8
0,131.8
1,131.8
1,131.8
2,131.8
2,131.8
3,131.8
3,131.8
4,131.8
4,131.8
5,131.8
5,131.8
6,131.8
6,131.8
0,131.8
0,131.8
1,131.8
1,131.8
2,131.8
2,131.8
3,131.8
3,131.8
4,131.8
4,131.8
5,131.8
5,131.8
6,131.8
6,131.8
0,131.8
0,131.8
1,131.8
1,131.8
2,131.8
2,131.8
3,131.8
3,131.8
4,131.8
4,131.8
5,131.8
5,131.8
6,131.8
6,131.8
0,131.8
0,131.8
1,131.8
1,131.8
2,131.8
2,131.8
3,131.8
3,131.8
4,131.8
4,131.8
5,131.8
5,131.8
6,131.8
6,131.8
0,131.8
0,131.8
1,131.8
1,131.8
2,131.8
2,131.8
3,131.8
3,131.8
4,131.8
4,131.8
5,131.8
5,131.8
6,131.8
6,131.8
0,131.8
0,131.8
1,131.8
1,131.8
2,131.8
2,131.8
3,131.8
3,131.8
4,131.8
4,131.8
5,131.8
5,131.8
6,131.8
6,131.8
0,131.8
0,131.8
1,131.8
1,131.8
2,131.8
2,131.8
3,131.8
3,131.8
4,131.8
4,131.8
5,131.8
5,131.8
6,131.8
6,131.8
0,131.8
0,131.8
1,131.8
1,131.8
2,131.8
2,131.8
3,131.8
3,131.8
4,131.8
4,131.8
5,131.8
5,131.8
6,131.8
6,131.8
0,131.8
0,131.8
1,131.8
1,131.8
2,131.8
2,131.8
3,131.8
3,131.8
4,131.8
4,131.8
5,131.8
5,131.8
6,131.8
6,131.8
0,131.8
0,131.8
1,131.8
1,131.8
2,131.8
2,131.8
3,131.8
3,131.8
4,131.8
4,131.8
5,131.8
5,131.8
6,131.8
6,131.8
0,131.8
0,131.8
1,131.8
1,131.8
2,131.8
2,131.8
3,131.8
3,131.8
4,131.8
4,131.8
5,131.8
5,131.8
6,131.8
6,131.8
0,131.8
0,131.8
1,131.8
1,131.8
2,131.8
2,131.8
3,131.8
3,131.8
4,131.8
4,131.8
5,131.8
5,131.8
6,131.8
6,131.8
0,131.8
0,131.8
1,131.8
1,131.8
2,131.8
2,131.8
3,131.8
3,131.8
4,131.8
4,131.8
5,131.8
5,131.8
6,131.8
6,131.8
0,131.8
0,131.8
1,131.8
1,131.8
2,131.8
2,131.8
3,131.8
3,131.8
4,131.8
4,131.8
5,131.8
5,131.8
6,131.8
6,131.8
0,131.8
0,131.8
1,131.8
1,131.8
2,131.8
2,131.8
3,131.8
3,131.8
4,131.8
4,131.8
5,131.8
5,131.8
6,131.8
6,131.8
0,131.8
0,131.8
1,131.8
1,131.8
2,131.8
2,131.8
3,131.8
3,131.8
4,131.8
4,131.8
5,131.8
5,131.8
6,131.8
6,131.8
0,131.8
0,131.8
1,131.8
1,131.8
2,131.8
2,131.8
3,131.8
3,131.8
4,131.8
4,131.8
5,131.8
5,131.8
6,131.8
6,131.8
0,131.8
0,131.8
1,131.8
1,131.8
2,131.8
2,131.8
3,131.8
3,131.8
4,131.8
4,131.8
5,131.8
5,131.8
6,131.8
6,131.8
0,131.8
0,131.8
1,131.8
1,131.8
2,131.8
2,131.8
3,131.8
3,131.8
4,131.8
4,131.8
5,131.8
5,131.8
6,131.8
6,131.8
0,131.8
0,131.8
1,131.8
1,131.8
2,131.8
2,131.8
3,131.8
3,131.8
4,131.8
4,131.8
5,131.8
5,131.8
6,131.8
6,131.8
0,131.8
0,131.8
1,131.8
1,131.8
2,131.8
2,131.8
3,131.8
3,131.8
4,131.8
4,131.8
5,131.8
5,131.8
6,131.8
6,131.8
0,131.8
0,131.8
1,131.8
1,131.8
2,131.8
2,131.8
3,131.8
3,131.8
4,131.8
4,131.8
5,131.8
5,131.8
6,131.8
6,131.8
0,131.8
0,131.8
1,131.8
1,131.8
2,131.8
2,131.8
3,131.8
3,131.8
4,131.8
4,131.8
5,131.8
5,131.8
6,131.8
6,131.8
0,131.8
0,131.8
1,131.8
1,131.8
2,131.8
2,131.8
3,131.8
3,131.8
4,131.8
4,131.8
5,131.8
5,131.8
6,131.8
6,131.8
0,131.8
0,131.8
1,131.8
1,131.8
2,131.8
2,131.8
3,131.8
3,131.8
4,131.8
4,131.8
5,131.8
5,131.8
6,131.8
6,131.8
0,131.8
0,131.8
1,131.8
1,131.8
2,131.8
2,131.8
3,131.8
3,131.8
4,131.8
4,131.8
5,131.8
5,131.8
6,131.8
6,131.8
0,131.8
0,131.8
1,131.8
1,131.8
2,131.8
2,131.8
3,131.8
3,131.8
4,131.8
4,131.8
5,131.8
5,131.8
6,131.8
6,131.8
0,131.8
0,131.8
1,131.8
1,131.8
2,131.8
2,131.8
3,131.8
3,131.8
4,131.8
4,131.8
5,131.8
5,131.8
6,131.8
6,131.8
0,131.8
0,131.8
1,131.8
1,131.8
2,131.8
2,131.8
3,131.8
3,131.8
4,131.8
4,131.8
5,131.8
5,131.8
6,131.8
6,131.8
0,131.8
0,131.8
1,131.8
1,131.8
2,131.8
2,131.8
3,131.8
3,131.8
4,131.8
4,131.8
5,131.8
5,131.8
6,131.8
6,131.8
0,131.8
0,131.8
1,131.8
1,131.8
2,131.8
2,131.8
3,131.8
3,131.8
4,131.8
4,131.8
5,131.8
5,131.8
6,131.8
6,131.8
0,131.8
0,131.8
1,131.8
1,131.8
2,131.8
2,131.8
3,131.8
3,131.8
4,131.8
4,131.8
5,131.8
5,131.8
6,131.8
6,131.8
0,131.8
0,131.8
1,131.8
1,131.8
2,131.8
2,131.8
3,131.8
3,131.8
4,131.8
4,131.8
5,131.8
5,131.8
6,131.8
6,131.8
0,131.8
0,131.8
1,131.8
1,131.8
2,131.8
2,131.8
3,131.8
3,131.8
4,131.8
4,131.8
5,131.8
5,131.8
6,131.8
6,131.8
0,131.8
0,131.8
1,131.8
1,131.8
2,131.8
2,131.8
3,131.8
3,131.8
4,131.8
4,131.8
5,131.8
5,131.8
6,131.8
6,131.8
0,131.8
0,131.8
1,131.8
1,131.8
2,131.8
2,131.8
3,131.8
3,131.8
4,131.8
4,131.8
5,131.8
5,131.8
6,131.8
6,131.8
0,131.8
0,131.8
1,131.8
1,131.8
2,131.8
2,131.8
3,131.8
3,131.8
4,131.8
4,131.8
5,131.8
5,131.8
6,131.8
6,131.8
0,131.8
0,131.8
1,131.8
1,131.8
2,131.8
2,131.8
3,131.8
3,131.8
4,131.8
4,131.8
5,131.8
5,131.8
6,131.8
6,131.8
0,131.8
0,131.8
1,131.8
1,131.8
2,131.8
2,131.8
3,131.8
3,131.8
4,131.8
4,131.8
5,131.8
5,131.8
6,131.8
6,131.8
0,131.8
0,131.8
1,131.8
1,131.8
2,131.8
2,131.8
3,131.8
3,131.8
4,131.8
4,131.8
5,131.8
5,131.8
6,131.8
6,131.8
0,131.8
0,131.8
1,131.8
1,131.8
2,131.8
2,131.8
3,131.8
3,131.8
4,131.8
4,131.8
5,131.8
5,131.8
6,131.8
6,131.8
0,131.8
0,131.8
1,131.8
1,131.8
2,131.8
2,131.8
3,131.8
3,131.8
4,131.8
4,131.8
5,131.8
5,131.8
6,131.8
6,131.8
0,131.8
0,131.8
1,131.8
1,131.8
2,131.8
2,131.8
3,131.8
3,131.8
4,131.8
4,131.8
5,131.8
5,131.8
6,131.8
6,131.8
0,131.8
0,131.8
1,131.8
1,131.8
2,131.8
2,131.8
3,131.8
3,131.8
4,131.8
4,131.8
5,131.8
5,131.8
6,131.8
6,131.8
0,131.8
0,131.8
1,131.8
1,131.8
2,131.8
2,131.8
3,131.8
3,131.8
4,131.8
4,131.8
5,131.8
5,131.8
6,131.8
6,131.8
0,131.8
0,131.8
1,131.8
1,131.8
2,131.8
2,131.8
3,131.8
3,131.8
4,131.8
4,131.8
5,131.8
5,131.8
6,131.8
6,131.8
0,131.8
0,131.8
1,131.8
1,131.8
2,131.8
2,131.8
3,131.8
3,131.8
4,131.8
4,131.8
5,131.8
5,131.8
6,131.8
6,131.8
0,131.8
0,131.8
1,131.8
1,131.8
2,131.8
2,131.8
3,131.8
3,131.8
4,131.8
4,131.8
5,131.8
5,131.8
6,131.8
6,131.8
0,131.8
0,131.8
1,131.8
1,131.8
2,131.8
2,131.8
3,131.8
3,131.8
4,131.8
4,131.8
5,131.8
5,131.8
6,131.8
6,131.8
0,131.8
0,131.8
1,131.8
1,131.8
2,131.8
2,131.8
3,131.8
3,131.8
4,131.8
4,131.8
5,131.8
5,131.8
6,131.8
6,131.8
0,131.8
0,131.8
1,131.8
1,131.8
2,131.8
2,131.8
3,131.8
3,131.8
4,131.8
4,131.8
5,131.8
5,131.8
6,131.8
6,131.8
