0,0
0,0
1,0
1,0
2,0
2,0
3,0
3,0
4,0
4,0
5,0
5,0
6,0
6,0
0,0
0,0
1,0
1,119.9
2,119.9
2,119.9
3,119.9
3,119.9
4,119.9
4,119.9
5,119.9
5,119.9
6,119.9
6,119.9
0,119.9
0,119.9
1,117.9
1,117.9
2,117.9
2,117.9
3,117.9
3,117.9
4,117.9
4,117.9
5,117.9
5,117.9
6,117.9
6,117.9
0,117.9
0,117.9
1,141.9
1,141.9
2,141.9
2,141.9
3,141.9
3,141.9
4,137.7
4,137.7
5,137.7
5,137.7
6,137.7
6,137.7
0,136.9
0,136.9
1,136.9
1,136.9
2,136.9
2,136.9
3,129.9
3,129.9
4,125.9
4,125.9
5,125.9
5,125.9
6,125.9
6,122.9
0,122.9
0,122.9
1,122.9
1,122.9
2,122.9
2,122.9
3,122.9
3,121.9
4,121.9
4,143.9
5,143.9
5,143.9
6,143.9
6,143.9
0,143.9
0,143.9
1,141.9
1,141.9
2,141.9
2,141.9
3,136.9
3,136.9
4,136.9
4,133.9
5,133.9
5,133.9
6,133.9
6,133.9
0,132.9
0,131.9
1,131.9
1,131.9
2,125.9
2,125.9
3,125.9
3,125.9
4,125.9
4,145.9
5,145.9
5,145.9
6,145.9
6,145.9
0,145.9
0,145.9
1,145.9
1,145.9
2,142.9
2,142.9
3,142.9
3,142.9
4,141.9
4,141.9
5,141.9
5,141.9
6,141.9
6,141.9
0,141.9
0,141.9
1,141.9
1,141.9
2,141.9
2,141.9
3,141.9
3,141.9
4,141.9
4,141.9
5,141.9
5,141.9
6,141.9
6,141.9
0,141.9
0,141.9
1,141.9
1,141.9
2,141.9
2,141.9
3,141.9
3,141.9
4,141.9
4,141.9
5,141.9
5,141.9
6,141.9
6,141.9
0,141.9
0,141.9
1,141.9
1,141.9
2,141.9
2,141.9
3,141.9
3,141.9
4,141.9
4,141.9
5,141.9
5,141.9
6,141.9
6,141.9
0,141.9
0,141.9
1,141.9
1,141.9
2,141.9
2,141.9
3,141.9
3,141.9
4,141.9
4,141.9
5,141.9
5,141.9
6,141.9
6,141.9
0,141.9
0,141.9
1,141.9
1,141.9
2,141.9
2,141.9
3,141.9
3,141.9
4,141.9
4,141.9
5,141.9
5,141.9
6,141.9
6,141.9
0,141.9
0,141.9
1,141.9
1,141.9
2,141.9
2,141.9
3,141.9
3,141.9
4,141.9
4,141.9
5,141.9
5,141.9
6,141.9
6,141.9
0,141.9
0,141.9
1,141.9
1,141.9
2,141.9
2,141.9
3,141.9
3,141.9
4,141.9
4,141.9
5,141.9
5,141.9
6,141.9
6,141.9
0,141.9
0,141.9
1,141.9
1,141.9
2,141.9
2,141.9
3,141.9
3,141.9
4,141.9
4,141.9
5,141.9
5,141.9
6,141.9
6,141.9
0,141.9
0,141.9
1,141.9
1,141.9
2,141.9
2,141.9
3,141.9
3,141.9
4,141.9
4,126.7
5,147.7
5,147.7
6,147.7
6,147.7
0,144.7
0,144.7
1,144.7
1,144.7
2,144.7
2,144.7
3,144.7
3,144.7
4,144.7
4,144.7
5,144.7
5,144.7
6,144.7
6,144.7
0,144.7
0,144.7
1,144.7
1,144.7
2,144.7
2,144.7
3,144.7
3,144.7
4,144.7
4,144.7
5,144.7
5,144.7
6,144.7
6,144.7
0,144.7
0,144.7
1,144.7
1,144.7
2,144.7
2,144.7
3,144.7
3,144.7
4,144.7
4,144.7
5,144.7
5,144.7
6,144.7
6,144.7
0,144.7
0,144.7
1,144.7
1,144.7
2,143.7
2,143.7
3,143.7
3,143.7
4,143.7
4,143.7
5,140.7
5,140.7
6,140.7
6,140.7
0,140.7
0,140.7
1,140.7
1,140.7
2,140.7
2,140.7
3,155.7
3,155.7
4,155.7
4,155.7
5,155.7
5,155.7
6,155.7
6,155.7
0,155.7
0,155.7
1,155.7
1,155.7
2,155.7
2,155.7
3,155.7
3,155.7
4,155.7
4,155.7
5,154.7
5,154.7
6,154.7
6,154.7
0,154.7
0,154.7
1,154.7
1,154.7
2,154.7
2,151.7
3,151.7
3,151.7
4,151.7
4,149.7
5,149.7
5,147.2
6,147.2
6,144.7
0,144.7
0,144.7
1,144.7
1,144.7
2,144.7
2,144.7
3,144.7
3,141.7
4,141.7
4,141.7
5,141.7
5,141.7
6,141.7
6,141.7
0,141.7
0,141.7
1,141.7
1,140.7
2,140.7
2,134.7
3,134.7
3,134.7
4,134.7
4,134.7
5,134.7
5,134.7
6,134.7
6,134.7
0,134.7
0,134.7
1,134.7
1,134.7
2,134.7
2,134.7
3,134.7
3,134.7
4,134.7
4,134.7
5,134.7
5,134.7
6,134.7
6,134.7
0,134.7
0,134.7
1,134.7
1,134.7
2,134.7
2,134.7
3,134.7
3,158.7
4,158.7
4,158.7
5,156.7
5,156.7
6,156.7
6,156.7
0,156.7
0,156.7
1,156.7
1,156.7
2,156.7
2,156.7
3,156.7
3,156.7
4,156.7
4,156.7
5,156.7
5,153.7
6,154.70000000000002
6,154.70000000000002
0,154.70000000000002
0,154.70000000000002
1,154.70000000000002
1,154.70000000000002
2,152.7
2,152.7
3,152.7
3,147.6
4,147.6
4,147.6
5,141.6
5,141.6
6,141.6
6,141.6
0,141.6
0,141.6
1,138.6
1,135.6
2,135.6
2,135.6
3,135.6
3,135.6
4,135.6
4,135.6
5,135.6
5,135.6
6,135.6
6,135.6
0,135.6
0,134.6
1,134.6
1,134.6
2,134.6
2,134.6
3,134.6
3,134.6
4,134.6
4,134.6
5,134.6
5,134.6
6,134.6
6,134.6
0,134.6
0,134.6
1,134.6
1,132.6
2,132.6
2,132.6
3,132.6
3,132.6
4,132.6
4,132.6
5,132.6
5,132.6
6,132.6
6,131.6
0,131.6
0,131.6
1,130.7
1,130.7
2,130.7
2,130.7
3,130.7
3,130.7
4,130.7
4,130.7
5,130.7
5,130.7
6,130.7
6,130.7
0,128.7
0,128.7
1,128.7
1,128.7
2,128.7
2,128.7
3,128.7
3,128.7
4,128.7
4,128.7
5,128.7
5,151.7
6,151.7
6,151.7
0,151.7
0,151.7
1,151.7
1,151.7
2,151.7
2,151.7
3,151.7
3,148.7
4,148.7
4,148.7
5,147.7
5,147.7
6,147.7
6,147.7
0,147.7
0,147.7
1,147.7
1,147.7
2,147.7
2,147.7
3,147.7
3,147.7
4,147.7
4,147.7
5,147.7
5,147.7
6,147.7
6,147.7
0,147.7
0,147.7
1,143.7
1,143.7
2,143.7
2,143.7
3,143.7
3,143.7
4,143.7
4,143.7
5,141.7
5,141.7
6,141.7
6,139.7
0,139.7
0,139.7
1,138.7
1,138.7
2,137.2
2,137.2
3,137.2
3,137.2
4,133.7
4,133.7
5,133.7
5,133.7
6,133.7
6,133.7
0,133.7
0,133.7
1,133.7
1,133.7
2,133.7
2,133.7
3,133.7
3,133.7
4,133.7
4,133.7
5,133.7
5,133.7
6,133.7
6,133.7
0,133.7
0,133.7
1,133.7
1,133.7
2,133.7
2,133.7
3,133.7
3,133.7
4,133.7
4,133.7
5,133.7
5,133.7
6,133.7
6,133.7
0,133.7
0,133.7
1,133.7
1,133.7
2,132.7
2,132.7
3,132.7
3,132.7
4,132.7
4,132.7
5,132.7
5,132.7
6,132.7
6,132.7
0,132.7
0,132.7
1,132.7
1,132.7
2,132.7
2,132.7
3,153.7
3,153.7
4,153.7
4,153.7
5,153.7
5,153.7
6,153.7
6,153.7
0,153.7
0,153.7
1,153.7
1,153.7
2,151.7
2,151.7
3,149.03333333333333
3,149.03333333333333
4,146.7
4,146.7
5,146.7
5,146.7
6,146.7
6,146.7
0,146.7
0,146.7
1,143.7
1,143.7
2,143.7
2,143.7
3,139.7
3,139.7
4,139.7
4,139.7
5,139.7
5,139.7
6,139.7
6,139.7
0,136.7
0,136.7
1,132.7
1,132.7
2,132.7
2,132.7
3,132.7
3,132.7
4,132.7
4,132.7
5,127.7
5,127.7
6,127.7
6,127.7
0,127.7
0,127.7
1,127.7
1,127.7
2,127.7
2,126.7
3,126.7
3,126.7
4,126.7
4,126.7
5,126.7
5,123.7
6,123.7
6,123.7
0,123.7
0,123.7
1,123.7
1,123.7
2,123.7
2,123.7
3,123.7
3,126.7
4,135.2
4,135.2
5,143.7
5,143.7
6,143.7
6,143.7
0,143.7
0,143.7
1,143.7
1,143.7
2,143.7
2,143.7
3,143.7
3,143.7
4,143.7
4,143.7
5,143.7
5,143.7
6,143.7
6,143.7
0,143.7
0,143.7
1,140.7
1,138.7
2,138.7
2,136.7
3,136.7
3,136.7
4,136.7
4,136.7
5,135.7
5,135.7
6,135.7
6,135.7
0,135.7
0,133.7
1,130.7
1,130.7
2,128.7
2,128.7
3,128.7
3,128.7
4,128.7
4,128.7
5,127.7
5,127.7
6,127.7
6,127.7
0,127.7
0,127.7
1,127.7
1,126.7
2,126.7
2,126.7
3,126.7
3,126.7
4,126.7
4,124.7
5,124.7
5,124.7
6,124.7
6,124.7
0,124.7
0,124.7
1,124.7
1,124.7
2,124.7
2,131.7
3,147.7
3,147.7
4,147.7
4,147.7
5,147.7
5,147.7
6,147.7
6,147.7
0,147.7
0,147.7
1,141.7
1,140.7
2,140.7
2,140.7
3,140.7
3,140.7
4,140.7
4,140.7
5,140.7
5,140.7
6,139.7
6,139.7
0,139.7
0,139.7
1,139.7
1,139.7
2,139.7
2,139.7
3,136.7
3,136.7
4,136.7
4,136.7
5,136.7
5,136.7
6,133.7
6,133.7
0,133.7
0,133.7
1,133.7
1,133.7
2,133.7
2,133.7
3,133.7
3,129.7
4,129.7
4,129.7
5,129.7
5,129.7
6,129.7
6,129.7
0,129.7
0,129.7
1,129.7
1,129.7
2,152.7
2,152.7
3,152.7
3,152.7
4,152.7
4,152.7
5,152.7
5,152.7
6,152.7
6,152.7
0,148.7
0,148.7
1,144.7
1,144.7
2,144.7
2,144.7
3,144.7
3,144.7
4,144.7
4,144.7
5,144.7
5,144.7
6,136.7
6,136.7
0,136.7
0,136.7
1,136.7
1,136.7
2,136.7
2,136.7
3,136.7
3,132.7
4,132.7
4,132.7
5,132.7
5,132.7
6,132.7
6,132.7
0,132.7
0,132.7
1,132.7
1,132.7
2,132.7
2,132.7
3,132.7
3,132.7
4,132.7
4,132.7
5,132.7
5,132.7
6,132.7
6,132.7
0,156.7
0,156.7
1,156.7
1,156.7
2,156.7
2,156.7
3,156.7
3,145.7
4,145.7
4,145.7
5,145.7
5,145.7
6,145.7
6,145.7
0,145.7
0,145.7
1,145.7
1,145.7
2,145.7
2,145.7
3,141.7
3,141.7
4,141.7
4,137.7
5,137.7
5,137.7
6,137.7
6,135.7
0,135.7
0,135.7
1,135.7
1,135.7
2,135.7
2,135.7
3,133.7
3,133.7
4,133.7
4,133.7
5,133.7
5,133.7
6,155.7
6,155.7
0,155.7
0,155.7
1,155.7
1,147.7
2,147.7
2,147.7
3,147.7
3,147.7
4,147.7
4,147.7
5,147.7
5,147.7
6,147.7
6,147.7
0,147.7
0,147.7
1,147.7
1,147.7
2,147.7
2,147.7
3,147.7
3,147.7
4,147.7
4,147.7
5,147.7
5,147.7
6,147.7
6,147.7
0,147.7
0,147.7
1,147.7
1,145.7
2,145.7
2,145.7
3,145.7
3,140.7
4,140.7
4,140.7
5,140.7
5,140.7
6,140.7
6,140.7
0,140.7
0,140.7
1,154.7
1,154.7
2,154.7
2,154.7
3,154.7
3,154.7
4,154.7
4,154.7
5,154.7
5,154.7
6,154.7
6,156.7
0,156.7
0,156.7
1,156.7
1,156.7
2,156.7
2,156.7
3,156.7
3,156.7
4,156.7
4,156.7
5,156.7
5,156.7
6,156.7
6,156.7
0,156.7
0,156.7
1,156.7
1,154.7
2,154.7
2,154.7
3,151.7
3,151.7
4,151.7
4,151.7
5,147.7
5,147.7
6,147.7
6,147.7
0,147.7
0,147.7
1,147.7
1,147.7
2,147.7
2,147.7
3,147.7
3,147.7
4,147.7
4,145.7
5,145.7
5,145.7
6,145.7
6,145.7
0,162.7
0,162.7
1,162.7
1,162.7
2,162.7
2,162.7
3,162.7
3,162.7
4,162.7
4,162.7
5,162.7
5,162.7
6,162.7
6,162.7
0,162.7
0,162.7
1,162.7
1,162.7
2,162.7
2,162.7
3,162.7
3,162.7
4,153.7
4,153.7
5,153.7
5,153.7
6,153.7
6,153.7
0,153.7
0,153.7
1,153.7
1,153.7
2,153.7
2,153.7
3,153.7
3,153.7
4,153.7
4,153.7
5,152.7
5,152.7
6,152.7
6,152.7
0,152.7
0,152.7
1,151.7
1,151.7
2,151.7
2,151.7
3,151.7
3,151.7
4,151.7
4,151.7
5,151.7
5,151.7
6,151.7
6,151.7
0,151.7
0,151.7
1,151.7
1,151.7
2,162.7
2,162.7
3,162.7
3,162.7
4,162.7
4,162.7
5,158.7
5,158.7
6,158.7
6,158.7
0,158.7
0,158.7
1,157.7
1,157.7
2,157.7
2,157.7
3,157.7
3,157.7
4,155.7
4,155.7
5,154.7
5,154.7
6,154.7
6,154.7
0,154.7
0,154.7
1,154.7
1,154.7
2,150.7
2,150.7
3,150.7
3,148.7
4,148.7
4,148.7
5,148.7
5,148.7
6,148.7
6,148.7
0,148.7
0,148.7
1,148.7
1,148.7
2,148.7
2,148.7
3,148.7
3,148.7
4,148.7
4,148.7
5,148.7
5,148.7
6,148.7
6,148.7
0,148.7
0,148.7
1,148.7
1,138.7
2,138.7
2,138.7
3,138.7
3,138.7
4,138.7
4,138.7
5,138.7
5,138.7
6,138.7
6,138.7
0,138.7
0,138.7
1,138.7
1,138.7
2,138.7
2,138.7
3,138.7
3,138.7
4,162.7
4,162.7
5,162.7
5,162.7
6,162.7
6,162.7
0,162.7
0,162.7
1,162.7
1,162.7
2,155.7
2,155.7
3,155.7
3,149.7
4,149.7
4,149.7
5,149.7
5,149.7
6,149.7
6,149.7
0,149.7
0,149.7
1,146.4
1,146.4
2,143.7
2,143.7
3,143.7
3,143.7
4,143.7
4,141.7
5,141.7
5,141.7
6,141.7
6,141.7
0,141.7
0,141.7
1,141.7
1,141.7
2,141.7
2,141.7
3,141.7
3,141.7
4,141.7
4,141.7
5,141.7
5,141.7
6,141.7
6,143.7
0,144.75
0,144.75
1,162.7
1,162.7
2,162.7
2,162.7
3,162.7
3,158.7
4,158.7
4,158.7
5,158.7
5,153.7
6,153.7
6,149.7
0,148.7
0,148.7
1,148.7
1,148.7
2,146.7
2,146.7
3,146.7
3,144.7
4,144.7
4,144.7
5,144.7
5,144.7
6,144.7
6,144.7
0,144.7
0,144.7
1,144.7
1,144.7
2,144.7
2,141.7
3,140.7
3,140.7
4,140.7
4,140.7
5,140.7
5,140.7
6,140.7
6,140.7
0,140.7
0,140.7
1,140.7
1,140.7
2,140.7
2,140.7
3,140.7
3,140.7
4,140.7
4,140.7
5,147.7
5,166.7
6,166.7
6,166.7
0,166.7
0,166.7
1,166.7
1,164.7
2,163.7
2,161.7
3,161.7
3,161.7
4,158.7
4,158.7
5,158.7
5,158.7
6,158.7
6,158.7
0,158.7
0,158.7
1,158.7
1,158.7
2,158.7
2,158.7
3,158.7
3,158.7
4,158.7
4,156.7
5,156.7
5,156.7
6,156.7
6,156.7
0,153.7
0,152.7
1,152.7
1,152.7
2,152.7
2,152.7
3,152.7
3,152.7
4,168.7
4,168.7
5,168.7
5,168.7
6,168.7
6,168.7
