0,128.4
0,124.9
1,124.9
1,124.9
2,124.4
2,124.4
3,123.7
3,122.9
4,122.9
4,122.4
5,122.4
5,122.4
6,122.4
6,121.9
0,119.9
0,119.9
1,119.9
1,119.9
2,116.4
2,116.4
3,116.4
3,116.4
4,114.4
4,114.4
5,114.4
5,114.4
6,114.4
6,114.4
0,114.4
0,114.4
1,114.4
1,114.4
2,114.4
2,114.4
3,145.9
3,145.9
4,145.9
4,145.9
5,145.9
5,145.9
6,145.9
6,145.9
0,145.9
0,143.9
1,142.4
1,142.4
2,142.4
2,139.9
3,139.9
3,139.9
4,137.4
4,137.4
5,134.9
5,134.9
6,134.9
6,130.9
0,130.4
0,130.4
1,127.45
1,126.9
2,126.9
2,126.9
3,123.65
3,121.9
4,121.9
4,121.9
5,121.9
5,121.9
6,121.9
6,121.9
0,121.9
0,119.9
1,119.9
1,118.9
2,147.9
2,145.9
3,145.9
3,145.9
4,145.9
4,145.9
5,145.9
5,144.9
6,144.9
6,141.9
0,141.9
0,141.9
1,139.65
1,139.65
2,139.65
2,137.9
3,137.9
3,135.9
4,135.9
4,135.9
5,135.9
5,135.9
6,133.4
6,132.7
0,131.9
0,126.9
1,126.15
1,126.15
2,126.15
2,124.3
3,131.20000000000002
3,131.20000000000002
4,131.20000000000002
4,131.20000000000002
5,131.20000000000002
5,131.20000000000002
6,131.20000000000002
6,131.20000000000002
0,131.20000000000002
0,131.20000000000002
1,131.20000000000002
1,143.4
2,143.4
2,143.4
3,143.4
3,143.4
4,143.4
4,143.4
5,143.4
5,143.4
6,143.4
6,143.4
0,143.4
0,143.4
1,143.4
1,143.4
2,143.4
2,143.4
3,143.4
3,143.4
4,143.4
4,143.4
5,143.4
5,143.4
6,143.4
6,143.4
0,143.4
0,143.4
1,143.4
1,143.4
2,143.4
2,143.4
3,143.4
3,143.4
4,143.4
4,143.4
5,143.4
5,143.4
6,143.4
6,143.4
0,143.4
0,143.4
1,143.4
1,143.4
2,143.4
2,143.4
3,143.4
3,143.4
4,143.4
4,143.4
5,143.4
5,143.4
6,143.4
6,143.4
0,143.4
0,143.4
1,143.4
1,143.4
2,143.4
2,143.4
3,143.4
3,143.4
4,143.4
4,143.4
5,143.4
5,143.4
6,143.4
6,143.4
0,143.4
0,143.4
1,143.4
1,143.4
2,143.4
2,143.4
3,143.4
3,143.4
4,143.4
4,143.4
5,143.4
5,143.4
6,143.4
6,143.4
0,143.4
0,143.4
1,143.4
1,143.4
2,143.4
2,143.4
3,143.4
3,143.4
4,143.4
4,143.4
5,143.4
5,143.4
6,143.4
6,143.4
0,143.4
0,143.4
1,143.4
1,143.4
2,143.4
2,143.4
3,143.4
3,143.4
4,143.4
4,143.4
5,143.4
5,143.4
6,143.4
6,143.4
0,143.4
0,143.4
1,143.4
1,143.4
2,143.4
2,143.4
3,143.4
3,143.4
4,143.4
4,143.4
5,143.4
5,143.4
6,143.4
6,143.4
0,143.4
0,143.4
1,143.4
1,143.4
2,143.4
2,143.4
3,143.4
3,143.4
4,143.4
4,143.4
5,143.4
5,139.3
6,139.3
6,139.3
0,139.3
0,139.3
1,139.3
1,139.3
2,139.3
2,149.9
3,149.9
3,149.9
4,149.9
4,149.9
5,149.9
5,149.9
6,149.9
6,149.9
0,149.9
0,149.9
1,149.9
1,149.9
2,149.9
2,149.9
3,147.9
3,147.9
4,147.9
4,147.9
5,147.9
5,147.9
6,147.9
6,147.9
0,147.9
0,147.9
1,147.9
1,147.9
2,147.9
2,147.9
3,147.9
3,147.9
4,146.9
4,146.9
5,146.9
5,146.9
6,145.9
6,145.9
0,140.65
0,140.65
1,140.65
1,140.65
2,140.65
2,140.65
3,140.65
3,140.65
4,140.65
4,140.65
5,140.65
5,140.65
6,140.65
6,140.65
0,140.65
0,140.65
1,140.65
1,138.60000000000002
2,138.60000000000002
2,162.9
3,162.9
3,162.9
4,162.9
4,162.4
5,162.4
5,162.4
6,162.4
6,162.4
0,162.4
0,162.4
1,162.4
1,162.4
2,162.4
2,161.9
3,161.9
3,161.9
4,160.9
4,160.9
5,160.9
5,159.9
6,159.9
6,159.9
0,159.9
0,159.9
1,159.9
1,158.9
2,158.7
2,156.0666666666667
3,154.9
3,153.975
4,153.975
4,153.975
5,153.975
5,153.975
6,153.975
6,153.975
0,150.7
0,148.9
1,147.4
1,147.4
2,146.65
2,145.9
3,145.9
3,145.9
4,142.9
4,142.4
5,141.9
5,141.9
6,140.9
6,140.9
0,139.9
0,138.9
1,137.9
1,136.9
2,136.9
2,136.9
3,135.9
3,135.9
4,135.9
4,135.9
5,135.9
5,135.9
6,135.9
6,135.9
0,135.9
0,135.9
1,135.9
1,135.9
2,135.9
2,135.9
3,135.9
3,162.9
4,162.9
4,160.9
5,160.9
5,136.9
6,134.9
6,134.9
0,134.9
0,162.9
1,162.9
1,135.9
2,135.9
2,135.9
3,135.9
3,159.9
4,159.9
4,159.9
5,159.9
5,159.9
6,159.9
6,159.9
0,159.9
0,159.9
1,159.9
1,159.9
2,159.9
2,159.9
3,158.9
3,158.4
4,158.4
4,158.4
5,158.4
5,153.9
6,153.9
6,153.9
0,153.9
0,152.9
1,152.9
1,152.9
2,152.9
2,152.9
3,152.9
3,152.9
4,152.9
4,152.9
5,152.9
5,152.9
6,152.9
6,152.9
0,147.4
0,147.4
1,147.4
1,147.4
2,144.9
2,144.4
3,142.9
3,142.4
4,142.4
4,142.4
5,142.4
5,142.4
6,139.9
6,138.9
0,138.9
0,138.9
1,136.9
1,136.9
2,136.9
2,136.9
3,136.9
3,136.9
4,136.9
4,136.9
5,136.9
5,136.9
6,136.9
6,136.5
0,136.5
0,135.65
1,135.65
1,134.9
2,133.9
2,133.9
3,133.9
3,133.9
4,133.9
4,133.9
5,133.9
5,133.9
6,133.9
6,133.9
0,133.9
0,132.9
1,132.9
1,132.4
2,132.4
2,132.4
3,132.4
3,130.9
4,130.5
4,130.5
5,129.9
5,129.4
6,129.4
6,128.65
0,128.65
0,128.65
1,128.65
1,128.65
2,128.65
2,128.65
3,128.65
3,128.65
4,157.9
4,157.9
5,157.9
5,157.9
6,157.9
6,157.9
0,157.9
0,155.4
1,155.4
1,155.4
2,155.4
2,155.4
3,155.4
3,155.4
4,155.4
4,153.9
5,153.9
5,152.65
6,151.9
6,151.15
0,150.4
0,150.4
1,149.9
1,149.9
2,147.9
2,147.9
3,146.9
3,146.9
4,145.9
4,145.9
5,145.9
5,145.9
6,144.9
6,143.9
0,143.9
0,142.9
1,142.9
1,142.9
2,142.9
2,142.9
3,142.9
3,141.9
4,141.9
4,141.9
5,141.9
5,140.9
6,140.9
6,140.9
0,140.4
0,148.9
1,148.9
1,148.9
2,148.9
2,148.9
3,148.9
3,148.9
4,148.9
4,148.9
5,148.9
5,148.9
6,148.9
6,148.9
0,157.4
0,155.9
1,155.9
1,155.9
2,155.9
2,153.9
3,153.9
3,150.9
4,150.9
4,150.9
5,150.9
5,146.9
6,146.4
6,145.9
0,142.23333333333335
0,140.4
1,139.9
1,139.4
2,139.4
2,139.4
3,139.4
3,139.4
4,137.9
4,137.9
5,137.9
5,137.9
6,135.9
6,135.9
0,135.9
0,135.4
1,135.4
1,135.4
2,135.4
2,134.9
3,134.9
3,134.5
4,134.5
4,134.5
5,134.5
5,134.5
6,134.5
6,159.9
0,159.9
0,159.9
1,159.9
1,159.9
2,159.9
2,159.4
3,159.4
3,159.4
4,157.9
4,157.9
5,157.9
5,156.9
6,156.9
6,156.9
0,156.9
0,156.9
1,154.9
1,154.9
2,154.9
2,154.9
3,154.9
3,154.9
4,152.4
4,152.4
5,148.9
5,148.9
6,148.9
6,147.9
0,147.9
0,147.9
1,147.9
1,147.9
2,145.9
2,145.9
3,145.9
3,145.9
4,145.9
4,143.9
5,143.9
5,143.9
6,141.9
6,141.9
0,141.9
0,139.9
1,139.9
1,137.9
2,135.9
2,133.9
3,132.9
3,131.9
4,131.9
4,130.9
5,130.9
5,129.9
6,129.9
6,129.9
0,128.9
0,128.4
1,128.4
1,127.9
2,127.9
2,127.4
3,127.4
3,126.9
4,126.9
4,126.4
5,125.9
5,125.9
6,125.9
6,125.4
0,125.4
0,124.9
1,124.9
1,124.9
2,149.9
2,149.9
3,149.9
3,149.9
4,149.9
4,149.9
5,149.9
5,148.9
6,148.9
6,148.9
0,148.9
0,148.9
1,148.9
1,148.9
2,148.9
2,147.9
3,147.9
3,147.9
4,147.9
4,147.9
5,146.9
5,146.9
6,146.9
6,146.9
0,146.9
0,145.9
1,144.9
1,144.9
2,142.9
2,142.9
3,141.9
3,141.9
4,141.9
4,141.9
5,135.3
5,134.8
6,134.8
6,134.8
0,134.8
0,133.9
1,133.9
1,132.9
2,132.9
2,131.9
3,131.9
3,131.9
4,131.9
4,131.4
5,131.4
5,131.4
6,131.4
6,131.4
0,131.4
0,130.9
1,130.9
1,129.9
2,129.65
2,129.65
3,128.73333333333335
3,128.73333333333335
4,136.0666666666667
4,136.0666666666667
5,152.9
5,152.9
6,152.9
6,152.9
0,152.9
0,152.9
1,152.9
1,152.9
2,152.9
2,152.9
3,152.9
3,152.9
4,152.9
4,152.9
5,151.9
5,149.9
6,149.9
6,149.9
0,149.9
0,149.9
1,149.4
1,149.4
2,148.9
2,148.9
3,148.4
3,146.9
4,146.9
4,146.9
5,146.4
5,146.4
6,145.4
6,145.4
0,144.9
0,144.4
1,144.15
1,143.15
2,142.4
2,141.4
3,139.73333333333335
3,137.4
4,137.4
4,136.9
5,136.9
5,136.4
6,136.4
6,131.8
0,131.8
0,131.8
1,131.8
1,131.8
2,131.8
2,131.3
3,131.3
3,130.8
4,130.8
4,160.9
5,160.9
5,160.9
6,160.4
6,160.4
0,159.9
0,159.9
1,159.9
1,159.9
2,159.8
2,159.8
3,158.8
3,158.8
4,155.9
4,155.9
5,155.9
5,154.9
6,154.9
6,154.9
0,153.4
0,153.4
1,151.9
1,150.4
2,149.9
2,149.9
3,148.9
3,147.9
4,147.9
4,146.9
5,146.9
5,146.7
6,146.7
6,145.7
0,145.3
0,143.9
1,140.9
1,137.9
2,137.9
2,137.9
3,137.9
3,135.9
4,135.9
4,134.9
5,134.9
5,134.9
6,132.3
6,131.8
0,131.8
0,131.8
1,131.8
1,131.8
2,131.8
2,160.9
3,160.9
3,160.9
4,160.9
4,160.9
5,159.9
5,159.9
6,159.9
6,159.9
0,159.9
0,159.9
1,158.9
1,158.9
2,157.9
2,157.9
3,157.9
3,157.9
4,156.8
4,156.8
5,156.8
5,154.4
6,154.4
6,152.9
0,151.9
0,151.9
1,149.9
1,149.9
2,149.9
2,148.4
3,146.9
3,143.9
4,143.9
4,139.9
5,138.9
5,137.9
6,137.9
6,137.9
0,137.9
0,136.9
1,136.9
1,135.9
2,135.9
2,162.9
3,162.9
3,162.9
4,162.9
4,162.9
5,162.9
5,162.9
6,162.9
6,162.9
0,162.9
0,160.4
1,160.4
1,160.4
2,160.4
2,160.4
3,160.4
3,160.4
4,160.4
4,160.4
5,158.9
5,157.9
6,157.9
6,157.9
0,157.9
0,157.9
1,157.9
1,156.9
2,156.9
2,156.9
3,154.9
3,153.9
4,152.9
4,152.9
5,151.9
5,150.9
6,150.9
6,150.9
0,150.9
0,148.9
1,147.9
1,147.9
2,147.9
2,147.4
3,147.4
3,142.9
4,140.9
4,167.9
5,167.9
5,167.9
6,165.9
6,165.9
0,165.9
0,165.9
1,165.9
1,165.9
2,165.9
2,165.9
3,165.9
3,165.9
4,165.9
4,165.9
5,165.9
5,164.9
6,164.9
6,164.9
0,164.9
0,164.9
1,164.9
1,164.9
2,164.9
2,164.9
3,164.9
3,164.9
4,164.9
4,163.55
5,163.55
5,162.9
6,162.9
6,162.9
0,160.2
0,160.2
1,158.2
1,158.2
2,157.2
2,156.2
3,156.2
3,153.76666666666665
4,152.9
4,151.4333333333333
5,151.4333333333333
5,150.2
6,150.2
6,149.9
0,148.3
0,148.3
1,148.3
1,167.9
2,167.9
2,167.9
3,167.9
3,168.15
4,168.15
4,166.9
5,166.9
5,166.9
6,166.9
6,166.9
0,166.9
0,166.9
1,166.9
1,166.9
2,166.9
2,166.9
3,166.9
3,166.9
4,166.9
4,166.2
5,166.2
5,166.2
6,166.2
6,166.2
0,166.2
0,166.2
1,165.3
1,161.9
2,160.2
2,159.2
3,158.2
3,158.2
4,158.2
4,158.2
5,158.2
5,157.9
6,156.2
6,156.2
0,156.2
0,156.2
1,156.2
1,156.2
2,154.76666666666668
2,153.9
3,153.9
3,153.9
4,152.2
4,152.2
5,152.2
5,152.2
6,151.05
6,151.05
0,151.05
0,151.05
1,151.05
1,151.05
2,151.05
2,168.9
3,168.9
3,168.9
4,168.9
4,168.9
5,168.9
5,168.9
6,168.9
6,168.9
0,168.7
0,168.7
1,168.7
1,167.3
2,167.3
2,167.3
3,167.3
3,167.3
4,167.3
4,163.76666666666668
5,162.9
5,161.9
6,161.9
6,160.7
0,159.9
0,159.9
1,159.9
1,159.9
2,159.9
2,158.2
3,156.2
3,155.9
4,155.9
4,155.9
5,155.9
5,155.9
6,155.9
6,155.9
0,155.9
0,153.9
1,153.9
1,153.9
2,153.9
2,153.9
3,152.2
3,151.9
4,151.9
4,151.9
5,150.9
5,150.9
6,150.9
6,150.7
0,150.7
0,150.7
1,149.4
1,149.4
2,149.4
2,147.45
3,147.45
3,147.45
4,147.45
4,146.9
5,146.9
5,146.9
6,146.9
6,146.9
0,144.9
0,144.7
1,143.9
1,142.9
2,142.9
2,142.9
3,142.9
3,142.9
4,142.9
4,142.9
5,142.9
5,142.9
6,142.9
6,142.9
0,142.9
0,142.9
1,170.9
1,170.9
2,168.9
2,168.9
3,168.9
3,168.9
4,167.9
4,166.9
5,166.9
5,166.9
6,166.9
6,166.9
0,166.9
0,166.9
1,165.9
1,165.9
2,165.9
2,163.9
3,162.4
3,160.9
4,160.9
4,158.9
5,158.9
5,158.9
6,158.9
6,158.9
0,158.9
0,156.9
1,155.9
1,154.9
2,154.9
2,154.9
3,152.4
3,152.4
4,150.9
4,149.9
5,149.9
5,149.9
6,149.9
6,149.9
0,146.9
0,146.9
1,143.9
1,143.9
2,143.9
2,143.9
3,170.9
3,168.9
4,168.9
4,168.9
5,168.9
5,168.9
6,168.9
6,166.9
0,166.9
0,166.9
1,166.9
1,166.9
2,166.9
2,166.9
3,166.9
3,166.9
4,166.9
4,164.9
5,164.9
5,164.9
6,160.9
6,158.9
0,155.9
0,155.9
1,152.9
1,152.9
2,150.7
2,150.7
3,150.7
3,150.7
4,149.7
4,149.2
5,149.2
5,149.2
6,148.5
6,148.5
0,147.5
0,147.5
1,147.5
1,147.5
2,147.5
2,147.5
3,147.5
3,146.9
4,146.9
4,146.9
5,146.9
5,146.9
6,146.9
6,146.9
0,146.9
0,146.9
1,146.9
1,171.9
2,171.9
2,171.9
3,171.9
3,171.9
4,171.9
4,171.9
5,171.9
5,171.9
6,170.9
6,170.9
0,170.9
0,170.9
1,170.9
1,168.9
2,167.9
2,164.4
3,164.4
3,164.4
4,164.4
4,164.4
5,164.4
5,164.4
6,164.4
6,164.4
0,164.4
0,164.4
1,164.4
1,164.4
2,164.4
2,164.4
3,155.4
3,155.4
4,155.4
4,155.4
5,154.7
5,154.7
6,154.7
6,154.7
0,154.7
0,154.7
1,153.7
1,175.9
2,175.9
2,175.9
3,175.9
3,174.9
4,174.9
4,174.9
5,174.9
5,174.9
6,174.9
6,174.9
