0,0
0,0
1,0
1,0
2,0
2,0
3,0
3,0
4,0
4,0
5,0
5,0
6,0
6,0
0,0
0,0
1,131.8
1,131.8
2,131.9
2,131.9
3,131.9
3,131.9
4,130.9
4,130.9
5,130.9
5,130.9
6,130.9
6,130.9
0,130.9
0,130.9
1,130.75
1,130.75
2,130.75
2,130.75
3,130.5
3,130.5
4,129.5
4,129.5
5,129.5
5,129.5
6,129.5
6,129.5
0,129.5
0,129.5
1,129.5
1,129.5
2,129.5
2,129.5
3,129.5
3,129.5
4,129.5
4,129.5
5,129.5
5,129.5
6,129.5
6,129.5
0,129.5
0,128.5
1,128.5
1,128.5
2,128.5
2,128.5
3,127.7
3,127.7
4,127.7
4,127.7
5,127.7
5,127.7
6,127.7
6,127.7
0,127.7
0,127.3
1,127.3
1,127.3
2,127.3
2,127.3
3,127.3
3,127.3
4,127.3
4,127.3
5,127.3
5,127.3
6,127.3
6,127.3
0,127.3
0,127.3
1,127.3
1,127.3
2,127.3
2,127.3
3,127.3
3,127.3
4,127.3
4,127.3
5,127.3
5,127.3
6,127.3
6,127.3
0,127.3
0,127.3
1,127.3
1,127.3
2,127.3
2,127.3
3,127.3
3,127.3
4,127.3
4,127.3
5,127.3
5,127.3
6,127.3
6,127.3
0,127.3
0,127.3
1,127.3
1,127.3
2,127.3
2,127.3
3,127.3
3,127.3
4,127.3
4,127.3
5,127.3
5,127.3
6,127.3
6,127.3
0,127.3
0,127.3
1,127.3
1,127.3
2,127.3
2,127.3
3,127.3
3,127.3
4,127.3
4,127.3
5,127.3
5,127.3
6,127.3
6,127.3
0,127.3
0,127.3
1,127.3
1,127.3
2,127.3
2,127.3
3,127.3
3,127.3
4,127.3
4,127.3
5,127.3
5,127.3
6,127.3
6,127.3
0,127.3
0,127.3
1,127.3
1,127.3
2,127.3
2,127.3
3,127.3
3,127.3
4,127.3
4,127.3
5,127.3
5,127.3
6,127.3
6,127.3
0,127.3
0,127.3
1,127.3
1,127.3
2,127.3
2,127.3
3,127.3
3,127.3
4,127.3
4,127.3
5,127.3
5,127.3
6,127.3
6,127.3
0,127.3
0,127.3
1,127.3
1,127.3
2,127.3
2,127.3
3,127.3
3,127.3
4,127.3
4,127.3
5,127.3
5,127.3
6,127.3
6,127.3
0,127.3
0,127.3
1,127.3
1,127.3
2,127.3
2,127.3
3,127.3
3,127.3
4,127.3
4,127.3
5,127.3
5,127.3
6,127.3
6,127.3
0,127.3
0,127.3
1,127.3
1,127.3
2,127.3
2,127.3
3,127.3
3,127.3
4,127.3
4,127.3
5,127.3
5,127.3
6,127.3
6,127.3
0,127.3
0,127.3
1,127.3
1,127.3
2,127.3
2,127.3
3,127.3
3,127.3
4,127.3
4,127.3
5,127.3
5,127.3
6,127.3
6,127.3
0,127.3
0,127.3
1,127.3
1,127.3
2,127.3
2,127.3
3,127.3
3,127.3
4,127.3
4,127.3
5,127.3
5,127.3
6,127.3
6,127.3
0,127.3
0,127.3
1,127.3
1,127.3
2,127.3
2,127.3
3,127.3
3,127.3
4,127.3
4,127.3
5,127.3
5,127.3
6,127.3
6,127.3
0,127.3
0,127.3
1,144.9
1,149.9
2,149.9
2,149.9
3,149.9
3,144.9
4,144.9
4,144.9
5,144.9
5,144.9
6,144.9
6,144.9
0,144.9
0,144.9
1,144.9
1,144.9
2,144.9
2,144.9
3,144.9
3,144.9
4,144.9
4,144.9
5,144.9
5,144.9
6,144.9
6,144.9
0,144.9
0,144.9
1,144.9
1,144.9
2,144.9
2,144.9
3,144.9
3,144.9
4,144.9
4,144.9
5,144.9
5,144.9
6,144.9
6,144.9
0,144.9
0,144.9
1,144.9
1,144.9
2,144.9
2,144.9
3,144.9
3,144.9
4,144.9
4,144.9
5,144.9
5,144.9
6,144.9
6,144.9
0,144.9
0,144.9
1,162.9
1,162.9
2,144.9
2,144.9
3,144.9
3,144.9
4,144.9
4,144.9
5,144.9
5,144.9
6,144.9
6,144.9
0,144.9
0,144.9
1,144.9
1,144.9
2,144.9
2,144.9
3,144.9
3,144.9
4,144.9
4,144.9
5,144.9
5,144.9
6,144.9
6,144.9
0,144.9
0,144.9
1,144.9
1,144.9
2,144.9
2,144.9
3,144.9
3,144.9
4,144.9
4,144.9
5,144.9
5,144.9
6,144.9
6,144.9
0,144.9
0,144.9
1,144.35000000000002
1,144.35000000000002
2,144.35000000000002
2,144.35000000000002
3,142.9
3,142.9
4,142.9
4,142.9
5,142.9
5,142.9
6,142.9
6,142.9
0,142.9
0,142.9
1,142.9
1,142.9
2,142.9
2,142.9
3,142.9
3,142.9
4,142.9
4,142.9
5,142.9
5,142.9
6,142.9
6,142.9
0,142.9
0,142.9
1,142.9
1,142.9
2,142.9
2,142.9
3,142.9
3,142.9
4,142.9
4,143.5
5,143.5
5,143.5
6,143.5
6,143.5
0,143.5
0,143.3
1,143.3
1,143.3
2,143.3
2,143.3
3,143.3
3,143.3
4,143.3
4,143.3
5,143.3
5,143.3
6,143.3
6,143.3
0,143.3
0,143.3
1,143.3
1,143.3
2,143.3
2,143.3
3,143.3
3,143.3
4,143.3
4,143.3
5,143.3
5,143.3
6,143.3
6,143.3
0,143.3
0,143.3
1,143.3
1,143.3
2,142.3
2,142.3
3,142.3
3,142.3
4,142.3
4,142.3
5,142.3
5,142.3
6,142.3
6,142.3
0,142.3
0,142.3
1,142.3
1,142.3
2,142.3
2,142.3
3,142.3
3,142.3
4,142.3
4,142.3
5,142.3
5,142.3
6,142.3
6,142.3
0,142.3
0,142.3
1,142.3
1,142.3
2,142.3
2,142.3
3,142.3
3,142.3
4,142.3
4,142.3
5,142.3
5,142.3
6,142.3
6,141.9
0,141.9
0,141.9
1,141.9
1,141.9
2,141.9
2,140.7
3,139.7
3,138.7
4,138.7
4,138.7
5,137.9
5,137.9
6,137.9
6,137.9
0,137.9
0,137.9
1,137.9
1,137.9
2,137.9
2,137.9
3,136.7
3,136.7
4,136.7
4,136.7
5,136.7
5,136.7
6,136.7
6,136.7
0,136.7
0,136.7
1,136.7
1,136.7
2,136.5
2,136.5
3,136.5
3,136.5
4,136.5
4,136.5
5,136.5
5,136.5
6,136.5
6,136.5
0,136.5
0,136.5
1,136.5
1,136.5
2,136.5
2,136.5
3,136.5
3,136.5
4,136.5
4,136.5
5,136.5
5,136.5
6,136.5
6,136.5
0,136.4
0,136.4
1,136.4
1,136.4
2,136.4
2,136.4
3,136.4
3,136.4
4,136.4
4,136.4
5,136.4
5,136.4
6,136.4
6,136.4
0,136.4
0,136.4
1,136.4
1,136.4
2,136.4
2,136.4
3,136.4
3,136.4
4,136.4
4,136.4
5,136.4
5,136.4
6,136.4
6,136.4
0,136.4
0,136.4
1,136.4
1,136.4
2,136.4
2,136.4
3,136.4
3,136.4
4,147.9
4,147.9
5,147.9
5,147.9
6,147.9
6,147.9
0,147.9
0,137.9
1,137.9
1,137.9
2,137.9
2,137.9
3,137.9
3,137.9
4,137.9
4,137.9
5,137.9
5,137.9
6,137.9
6,137.9
0,137.9
0,137.9
1,137.9
1,137.9
2,137.9
2,137.9
3,137.9
3,137.9
4,137.9
4,137.9
5,137.9
5,137.9
6,137.9
6,137.9
0,137.9
0,137.9
1,137.9
1,137.9
2,137.9
2,137.9
3,137.9
3,137.9
4,137.9
4,137.9
5,137.9
5,135.9
6,135.9
6,135.9
0,135.9
0,135.9
1,135.9
1,135.9
2,135.9
2,135.9
3,135.9
3,135.9
4,135.9
4,135.9
5,135.9
5,135.9
6,135.9
6,135.9
0,135.9
0,135.9
1,135.9
1,135.9
2,135.9
2,135.9
3,135.9
3,135.9
4,135.9
4,135.9
5,135.9
5,135.9
6,135.9
6,135.9
0,135.9
0,135.9
1,135.9
1,135.9
2,135.9
2,135.9
3,135.8
3,135.8
4,135.8
4,135.8
5,135.8
5,135.8
6,135.8
6,135.8
0,135.8
0,135.7
1,135.7
1,135.7
2,135.7
2,135.7
3,135.7
3,135.7
4,135.7
4,135.7
5,135.7
5,135.7
6,135.7
6,135.7
0,135.7
0,135.7
1,135.7
1,135.7
2,135.7
2,135.7
3,135.7
3,135.7
4,135.7
4,135.7
5,135.7
5,135.7
6,135.7
6,135.7
0,135.7
0,135.7
1,135.7
1,133.7
2,133.7
2,133.7
3,133.7
3,133.7
4,133.7
4,133.7
5,133.7
5,133.7
6,133.7
6,133.7
0,133.7
0,133.7
1,133.7
1,133.7
2,133.7
2,133.7
3,133.7
3,133.7
4,133.7
4,133.7
5,133.7
5,133.7
6,133.7
6,133.7
0,133.7
0,133.7
1,133.7
1,133.7
2,133.7
2,133.7
3,133.7
3,133.7
4,133.7
4,133.7
5,133.7
5,133.7
6,133.7
6,133.7
0,133.7
0,133.7
1,133.6
1,133.6
2,133.5
2,133.5
3,133.5
3,133.5
4,133.5
4,133.5
5,133.5
5,133.5
6,133.5
6,133.5
0,133.5
0,133.5
1,133.5
1,133.5
2,133.5
2,133.5
3,133.5
3,133.5
4,133.5
4,133.5
5,133.5
5,133.5
6,133.5
6,133.5
0,133.5
0,133.5
1,133.5
1,133.5
2,133.5
2,133.5
3,133.5
3,133.5
4,133.5
4,133.5
5,133.5
5,133.5
6,133.5
6,133.5
0,133.5
0,133.5
1,133.5
1,147.9
2,147.9
2,147.9
3,147.9
3,146.9
4,146.9
4,137.9
5,137.9
5,137.9
6,137.9
6,137.9
0,137.9
0,137.9
1,137.9
1,137.9
2,137.9
2,137.9
3,137.9
3,137.9
4,137.9
4,137.9
5,137.9
5,137.9
6,137.9
6,137.9
0,137.9
0,137.9
1,137.9
1,137.9
2,137.9
2,137.9
3,137.9
3,137.9
4,137.9
4,137.9
5,137.9
5,137.9
6,137.9
6,137.9
0,137.9
0,137.9
1,135.7
1,135.7
2,135.7
2,135.7
3,135.7
3,135.7
4,135.7
4,135.7
5,135.7
5,135.7
6,135.7
6,135.7
0,135.7
0,135.7
1,135.7
1,135.7
2,135.7
2,135.7
3,135.7
3,135.7
4,135.7
4,135.7
5,135.7
5,135.7
6,135.7
6,135.7
0,135.7
0,135.7
1,135.7
1,135.7
2,135.7
2,135.7
3,135.7
3,135.7
4,135.7
4,135.7
5,135.7
5,135.7
6,135.7
6,135.7
0,135.7
0,135.7
1,135.7
1,135.7
2,135.7
2,135.7
3,135.7
3,135.7
4,135.7
4,135.7
5,135.7
5,135.7
6,135.7
6,135.7
0,135.7
0,135.7
1,135.7
1,135.7
2,135.7
2,135.7
3,135.7
3,135.7
4,135.7
4,135.7
5,135.7
5,135.7
6,135.7
6,135.7
0,135.7
0,135.7
1,135.7
1,135.7
2,135.7
2,135.7
3,135.7
3,135.7
4,135.7
4,135.7
5,135.7
5,135.7
6,135.7
6,135.7
0,135.7
0,135.7
1,157.9
1,157.9
2,157.9
2,157.9
3,157.9
3,157.9
4,157.9
4,157.9
5,157.9
5,157.9
6,157.9
6,157.9
0,157.9
0,157.9
1,157.9
1,156.9
2,156.9
2,156.9
3,156.9
3,156.9
4,156.9
4,156.9
5,156.9
5,156.9
6,156.9
6,156.7
0,156.7
0,156.7
1,156.7
1,156.7
2,156.7
2,156.7
3,156.7
3,156.7
4,156.7
4,156.7
5,156.7
5,156.7
6,156.7
6,156.7
0,156.7
0,156.7
1,156.7
1,156.7
2,156.7
2,156.7
3,156.7
3,156.7
4,156.7
4,156.7
5,156.7
5,156.7
6,156.7
6,156.7
0,156.7
0,156.7
1,156.7
1,156.7
2,156.7
2,156.7
3,156.7
3,156.7
4,156.7
4,154.5
5,154.5
5,154.5
6,154.5
6,154.5
0,154.5
0,154.5
1,154.5
1,154.5
2,154.5
2,154.5
3,154.5
3,154.5
4,154.5
4,154.5
5,154.5
5,154.5
6,154.5
6,154.5
0,154.5
0,154.5
1,154.5
1,154.5
2,154.5
2,154.5
3,154.5
3,154.5
4,154.5
4,154.5
5,154.5
5,154.5
6,154.5
6,154.5
0,154.5
0,159.9
1,159.9
1,159.9
2,159.9
2,159.9
3,159.9
3,159.9
4,159.9
4,159.9
5,159.9
5,159.9
6,159.9
6,159.9
0,159.9
0,159.9
1,159.9
1,159.9
2,159.9
2,159.9
3,159.9
3,159.9
4,159.9
4,159.9
5,159.9
5,159.9
6,159.9
6,159.9
0,159.9
0,159.9
1,159.9
1,159.9
2,159.9
2,160.9
3,160.9
3,160.9
4,160.9
4,160.9
5,160.9
5,160.9
6,160.9
6,160.9
0,160.9
0,160.9
1,160.9
1,160.9
2,160.9
2,160.9
3,160.9
3,160.9
4,160.9
4,160.9
5,160.9
5,160.9
6,160.9
6,160.9
0,158.9
0,158.9
1,158.9
1,158.9
2,158.9
2,158.9
3,158.9
3,158.9
4,158.9
4,158.9
5,158.9
5,158.9
6,158.9
6,158.9
0,158.9
0,158.9
1,158.9
1,158.9
2,158.9
2,158.9
3,158.9
3,158.9
4,158.9
4,158.9
5,158.9
5,158.9
6,158.9
6,158.9
0,158.9
0,158.9
1,158.9
1,158.9
2,158.9
2,158.9
3,158.9
3,158.9
4,158.9
4,158.9
5,158.9
5,158.9
6,158.9
6,158.9
0,158.9
0,158.9
1,158.9
1,158.9
2,158.9
2,158.9
3,158.9
3,158.9
4,158.9
4,158.9
5,158.9
5,158.9
6,158.9
6,158.9
0,158.9
0,158.9
1,158.9
1,158.9
2,158.9
2,158.9
3,158.9
3,158.9
4,158.9
4,158.9
5,158.9
5,158.9
6,158.9
6,158.9
0,158.9
0,158.9
1,158.9
1,158.9
2,158.9
2,158.9
3,158.9
3,160.9
4,160.9
4,160.9
5,160.9
5,160.9
6,160.9
6,160.9
0,160.9
0,160.9
1,160.9
1,160.9
2,160.9
2,160.9
3,160.9
3,160.9
4,160.9
4,160.9
5,160.9
5,160.9
6,160.9
6,160.9
0,158.9
0,158.9
1,158.9
1,158.9
2,158.9
2,158.9
3,158.9
3,158.9
4,158.9
4,158.9
5,158.9
5,158.9
6,158.9
6,158.9
0,158.9
0,158.9
1,158.9
1,158.9
2,158.9
2,158.9
3,158.9
3,158.9
4,158.9
4,158.9
5,158.9
5,158.9
6,158.9
6,158.9
0,158.9
0,158.9
1,154.9
1,154.9
2,154.9
2,154.9
3,154.9
3,154.9
4,154.9
4,154.9
5,154.9
5,154.9
6,154.9
6,154.9
0,154.9
0,154.9
1,154.9
1,154.9
2,154.9
2,154.9
3,154.9
3,154.9
4,154.9
4,154.9
5,154.9
5,154.9
6,154.9
6,154.9
0,154.9
0,154.9
1,154.9
1,154.9
2,154.9
2,154.9
3,154.9
3,154.9
4,154.9
4,154.9
5,154.9
5,154.9
6,154.9
6,154.9
0,154.9
0,154.9
1,154.9
1,158.9
2,158.9
2,158.9
3,158.9
3,158.9
4,158.9
4,158.9
5,158.9
5,158.9
6,160.9
6,160.9
0,160.9
0,160.9
1,160.9
1,160.9
2,168.9
2,168.9
3,168.9
3,168.9
4,168.9
4,168.9
5,168.9
5,168.9
6,168.9
6,168.9
0,168.9
0,168.9
1,168.9
1,168.9
2,168.9
2,168.9
3,168.9
3,168.9
4,168.9
4,168.9
5,168.9
5,168.9
6,168.9
6,168.9
0,168.9
0,168.9
1,168.9
1,168.9
2,168.9
2,168.9
3,168.9
3,168.9
4,168.9
4,168.9
5,168.9
5,168.9
6,168.9
6,168.9
