0,140.35000000000002
0,140.35000000000002
1,140.35000000000002
1,140.35000000000002
2,140.35000000000002
2,140.35000000000002
3,140.35000000000002
3,140.35000000000002
4,139.9
4,139.9
5,139.9
5,139.7
6,139.7
6,139.7
0,139.7
0,139.7
1,139.7
1,139.7
2,139.7
2,139.7
3,139.7
3,139.7
4,139.7
4,139.7
5,139.7
5,139.7
6,139.7
6,139.7
0,139.7
0,139.7
1,139.7
1,133.8
2,129.7
2,129.7
3,129.7
3,129.7
4,129.7
4,129.7
5,129.7
5,129.7
6,129.7
6,129.7
0,129.7
0,129.7
1,129.7
1,129.7
2,129.7
2,129.7
3,129.7
3,129.7
4,129.7
4,129.7
5,129.7
5,129.7
6,129.7
6,129.7
0,129.7
0,129.7
1,129.7
1,129.7
2,129.7
2,129.7
3,129.7
3,129.7
4,129.7
4,129.7
5,129.7
5,129.7
6,129.7
6,129.7
0,129.7
0,129.7
1,129.7
1,129.7
2,129.7
2,129.7
3,129.7
3,129.7
4,129.7
4,129.7
5,129.7
5,129.7
6,129.7
6,129.7
0,129.7
0,129.7
1,129.5
1,129.5
2,129.5
2,129.5
3,129.5
3,129.5
4,129.3
4,129.3
5,129.3
5,129.3
6,129.3
6,129.3
0,129.3
0,129.3
1,129.3
1,129.3
2,128.9
2,128.9
3,128.9
3,128.8
4,128.7
4,128.7
5,128.7
5,128.7
6,128.7
6,128.7
0,128.7
0,128.7
1,128.7
1,128.7
2,128.7
2,128.7
3,128.7
3,128.7
4,128.7
4,128.7
5,128.7
5,128.7
6,128.7
6,128.7
0,128.7
0,128.7
1,128.7
1,128.7
2,128.7
2,128.7
3,128.7
3,128.7
4,128.7
4,128.7
5,128.7
5,128.7
6,128.7
6,128.7
0,128.7
0,128.7
1,128.7
1,128.7
2,128.7
2,128.7
3,128.7
3,128.7
4,128.7
4,128.7
5,128.7
5,128.7
6,128.7
6,128.7
0,128.7
0,128.7
1,128.7
1,128.7
2,128.7
2,128.7
3,128.7
3,128.7
4,128.7
4,128.7
5,128.7
5,128.7
6,128.7
6,128.7
0,128.7
0,128.7
1,128.7
1,128.7
2,128.7
2,128.7
3,128.7
3,128.7
4,128.7
4,128.7
5,128.7
5,128.7
6,128.7
6,128.7
0,128.7
0,128.7
1,128.7
1,128.7
2,128.7
2,128.7
3,128.7
3,128.7
4,128.7
4,128.7
5,128.7
5,128.7
6,128.7
6,128.7
0,128.7
0,128.7
1,128.7
1,128.7
2,128.7
2,128.7
3,128.7
3,128.7
4,128.7
4,128.7
5,128.7
5,128.7
6,128.7
6,128.7
0,128.7
0,128.7
1,128.7
1,128.7
2,128.7
2,128.7
3,128.7
3,128.7
4,128.7
4,128.7
5,128.7
5,128.7
6,128.7
6,128.7
0,128.7
0,128.7
1,128.7
1,128.7
2,128.7
2,128.7
3,128.7
3,128.7
4,128.7
4,128.7
5,128.7
5,128.7
6,128.7
6,128.7
0,128.7
0,128.7
1,128.7
1,128.7
2,128.7
2,128.7
3,144.9
3,144.9
4,144.7
4,144.7
5,144.7
5,144.7
6,144.7
6,144.7
0,144.7
0,144.7
1,144.6
1,144.5
2,144.5
2,144.5
3,144.5
3,144.4
4,144.4
4,143.9
5,143.9
5,143.9
6,143.9
6,143.9
0,143.7
0,143.55
1,143.55
1,143.55
2,143.55
2,143.55
3,143.55
3,143.55
4,143.55
4,143.4
5,143.4
5,143.4
6,143.4
6,143.4
0,143.4
0,143.4
1,143.3
1,143.05
2,143.05
2,143.05
3,142.3
3,142.3
4,142.3
4,142.3
5,142.3
5,142.3
6,142.3
6,142.3
0,142.3
0,141.9
1,141.9
1,141.9
2,141.9
2,141.9
3,141.6
3,141.6
4,141.6
4,141.6
5,141.6
5,141.6
6,141.6
6,141.6
0,141.6
0,141.6
1,141.6
1,141.3
2,141.3
2,141.3
3,141.3
3,140.26666666666665
4,140.26666666666665
4,140.26666666666665
5,140.26666666666665
5,140.26666666666665
6,140.26666666666665
6,140.26666666666665
0,140.26666666666665
0,164.9
1,164.9
1,164.9
2,163.9
2,163.9
3,163.9
3,163.9
4,163.75
4,163.75
5,163.75
5,163.75
6,163.75
6,163.75
0,163.75
0,163.75
1,163.75
1,163.75
2,163.75
2,163.75
3,163.5
3,163.5
4,163.5
4,163.5
5,163.5
5,163.5
6,163.5
6,163.5
0,163.5
0,159.4
1,159.4
1,158.9
2,158.6
2,158.7
3,158.5
3,158.5
4,158.5
4,158.5
5,158.5
5,158.5
6,158.5
6,158.5
0,158.5
0,158.5
1,158.5
1,158.5
2,158.5
2,158.5
3,158.5
3,158.5
4,158.5
4,158.3
5,158.3
5,158.3
6,158.3
6,158.3
0,158.3
0,158.3
1,158.3
1,158.3
2,158.3
2,158.3
3,158.3
3,158.3
4,158.3
4,158.3
5,158.3
5,158.3
6,158.3
6,158.3
0,158.3
0,158.3
1,158.3
1,158.3
2,158.3
2,158.3
3,158.3
3,158.3
4,158.3
4,158.3
5,158.3
5,158.3
6,158.3
6,158.3
0,158.3
0,158.3
1,158.3
1,158.3
2,158.3
2,158.3
3,158.3
3,158.3
4,158.3
4,158.3
5,158.3
5,158.3
6,158.3
6,158.3
0,158.3
0,158.3
1,158.3
1,158.3
2,158.3
2,158.3
3,158.3
3,158.3
4,158.3
4,158.0
5,158.0
5,158.0
6,158.0
6,158.0
0,158.0
0,158.0
1,158.0
1,158.0
2,158.0
2,158.0
3,158.0
3,158.0
4,158.0
4,155.9
5,155.9
5,155.9
6,155.9
6,155.9
0,155.9
0,155.9
1,155.9
1,155.0
2,155.0
2,155.0
3,154.1
3,153.9
4,153.9
4,153.9
5,153.9
5,153.9
6,153.9
6,153.9
0,153.9
0,146.9
1,146.9
1,146.9
2,146.9
2,146.9
3,146.9
3,146.9
4,146.9
4,146.9
5,146.9
5,146.9
6,146.9
6,146.9
0,144.9
0,144.0
1,142.70000000000002
1,141.9
2,141.9
2,141.9
3,141.9
3,141.9
4,141.9
4,141.9
5,141.9
5,141.9
6,141.9
6,141.9
0,141.9
0,141.9
1,141.9
1,141.9
2,141.9
2,141.9
3,141.9
3,141.9
4,141.9
4,141.9
5,141.9
5,141.9
6,141.9
6,141.9
0,141.9
0,141.9
1,141.9
1,141.9
2,141.9
2,141.9
3,141.9
3,141.9
4,141.9
4,141.9
5,141.9
5,141.9
6,141.9
6,141.9
0,141.9
0,141.9
1,141.9
1,141.9
2,141.9
2,141.9
3,141.9
3,141.9
4,141.9
4,141.9
5,141.9
5,141.9
6,141.9
6,141.9
0,141.9
0,149.9
1,149.9
1,149.9
2,149.9
2,141.9
3,141.9
3,142.4
4,142.4
4,142.4
5,142.4
5,142.4
6,142.4
6,142.4
0,142.4
0,142.4
1,142.4
1,142.4
2,142.4
2,142.4
3,142.4
3,142.4
4,142.4
4,142.4
5,142.4
5,142.4
6,142.4
6,142.4
0,142.4
0,142.4
1,142.4
1,142.4
2,142.4
2,142.4
3,142.4
3,142.4
4,142.4
4,142.4
5,142.4
5,142.4
6,142.4
6,142.4
0,142.4
0,142.4
1,142.4
1,142.4
2,142.4
2,142.4
3,142.4
3,142.4
4,142.4
4,142.4
5,142.4
5,142.4
6,142.4
6,142.4
0,142.4
0,142.4
1,142.4
1,142.4
2,142.4
2,142.4
3,142.4
3,142.4
4,142.4
4,142.4
5,142.4
5,142.4
6,142.4
6,142.4
0,142.4
0,142.4
1,142.4
1,142.4
2,142.4
2,142.4
3,142.4
3,142.4
4,142.4
4,142.4
5,142.4
5,142.4
6,142.4
6,142.4
0,142.4
0,142.4
1,142.4
1,142.4
2,142.4
2,142.4
3,142.4
3,142.4
4,142.4
4,142.4
5,142.4
5,142.4
6,142.4
6,142.4
0,142.4
0,142.4
1,142.4
1,142.4
2,142.4
2,142.4
3,142.4
3,142.4
4,142.4
4,142.4
5,142.4
5,142.4
6,142.4
6,142.4
0,142.4
0,142.4
1,142.4
1,142.4
2,142.4
2,142.4
3,142.4
3,142.4
4,142.4
4,142.4
5,142.4
5,142.4
6,142.4
6,142.4
0,142.4
0,142.4
1,142.4
1,142.4
2,142.4
2,142.4
3,142.4
3,142.4
4,142.4
4,142.4
5,142.4
5,142.4
6,142.4
6,142.4
0,142.4
0,142.4
1,142.4
1,142.4
2,142.4
2,142.4
3,142.4
3,142.4
4,142.4
4,142.4
5,142.4
5,142.4
6,142.4
6,142.4
0,142.4
0,142.4
1,142.4
1,142.4
2,142.4
2,142.4
3,142.4
3,142.4
4,142.4
4,142.4
5,142.4
5,142.4
6,142.4
6,142.4
0,142.4
0,142.4
1,142.4
1,142.4
2,142.4
2,142.4
3,142.4
3,142.4
4,142.4
4,142.4
5,142.4
5,141.9
6,141.9
6,141.9
0,141.9
0,141.9
1,141.9
1,141.9
2,141.9
2,141.9
3,141.9
3,141.9
4,141.9
4,141.9
5,141.9
5,141.9
6,141.9
6,141.9
0,141.9
0,141.9
1,141.9
1,141.9
2,141.9
2,141.9
3,141.9
3,141.9
4,141.9
4,141.9
5,141.9
5,141.9
6,141.9
6,141.9
0,141.9
0,141.9
1,141.9
1,141.9
2,141.9
2,141.9
3,141.9
3,141.9
4,141.9
4,141.9
5,141.9
5,141.9
6,141.9
6,141.9
0,141.9
0,141.9
1,141.9
1,141.9
2,141.9
2,141.9
3,141.9
3,141.9
4,141.9
4,141.9
5,141.9
5,141.9
6,141.9
6,141.9
0,141.9
0,141.9
1,141.9
1,141.9
2,141.9
2,141.9
3,141.9
3,141.9
4,141.9
4,141.9
5,141.9
5,141.9
6,141.9
6,141.9
0,141.9
0,141.9
1,141.9
1,141.9
2,141.9
2,141.9
3,141.9
3,141.9
4,141.9
4,141.9
5,141.9
5,141.9
6,141.9
6,141.9
0,141.9
0,141.9
1,141.9
1,149.9
2,149.9
2,149.9
3,149.9
3,143.9
4,143.9
4,143.9
5,143.9
5,143.9
6,143.9
6,143.9
0,143.9
0,143.9
1,143.9
1,143.9
2,143.9
2,143.9
3,143.9
3,143.9
4,143.9
4,143.9
5,143.9
5,143.9
6,143.9
6,143.9
0,143.9
0,143.9
1,143.9
1,143.9
2,143.9
2,151.9
3,151.9
3,147.9
4,147.9
4,143.9
5,143.9
5,143.9
6,143.9
6,143.9
0,143.9
0,143.9
1,143.9
1,143.9
2,143.9
2,143.9
3,143.9
3,143.9
4,143.9
4,143.9
5,143.9
5,143.9
6,143.9
6,143.9
0,143.9
0,143.9
1,143.9
1,143.9
2,143.9
2,143.9
3,143.9
3,143.5
4,143.5
4,143.5
5,143.5
5,143.5
6,143.5
6,143.5
0,143.5
0,143.5
1,143.5
1,143.5
2,143.5
2,143.5
3,143.5
3,143.5
4,143.5
4,143.4
5,143.4
5,143.4
6,143.4
6,143.4
0,143.4
0,143.4
1,143.4
1,143.4
2,143.4
2,143.4
3,143.4
3,143.4
4,143.4
4,143.4
5,143.4
5,143.4
6,143.4
6,143.4
0,143.4
0,157.9
1,157.9
1,157.9
2,157.9
2,157.9
3,157.9
3,157.9
4,157.9
4,157.9
5,157.9
5,157.9
6,157.9
6,157.9
0,157.9
0,157.9
1,157.9
1,156.4
2,156.4
2,156.4
3,156.4
3,156.4
4,156.4
4,156.4
5,156.4
5,156.4
6,156.4
6,157.15
0,157.15
0,157.15
1,157.15
1,157.15
2,157.15
2,157.15
3,157.15
3,157.15
4,157.15
4,157.15
5,157.15
5,157.15
6,157.15
6,157.15
0,157.15
0,157.15
1,157.15
1,157.15
2,157.15
2,157.15
3,157.15
3,157.15
4,157.15
4,157.15
5,157.15
5,157.15
6,157.15
6,157.15
0,157.15
0,157.15
1,157.15
1,157.15
2,157.15
2,157.15
3,157.15
3,157.15
4,157.15
4,157.15
5,157.15
5,157.15
6,157.15
6,157.15
0,157.15
0,157.15
1,157.15
1,156.1
2,156.1
2,155.9
3,155.9
3,155.9
4,155.9
4,155.9
5,155.9
5,155.9
6,155.9
6,155.9
0,155.9
0,155.9
1,155.9
1,155.9
2,155.9
2,155.9
3,155.9
3,155.9
4,155.9
4,155.9
5,155.9
5,155.9
6,155.9
6,155.9
0,155.9
0,155.9
1,155.9
1,155.9
2,155.9
2,155.9
3,155.9
3,155.9
4,155.9
4,155.9
5,155.9
5,155.9
6,155.9
6,155.9
0,155.9
0,155.9
1,155.9
1,155.9
2,155.9
2,156.9
3,156.9
3,156.9
4,156.9
4,156.9
5,156.9
5,156.9
6,156.9
6,156.9
0,156.9
0,156.9
1,156.9
1,156.9
2,156.9
2,157.9
3,157.9
3,158.9
4,158.9
4,158.9
5,158.9
5,158.9
6,158.9
6,158.9
0,158.9
0,158.9
1,158.9
1,158.9
2,158.9
2,158.9
3,158.9
3,158.9
4,158.9
4,158.9
5,158.9
5,158.9
6,158.9
6,158.9
0,158.9
0,158.9
1,158.9
1,158.9
2,158.9
2,160.9
3,160.9
3,160.9
4,160.9
4,160.9
5,160.9
5,160.9
6,160.9
6,160.9
0,158.9
0,158.9
1,158.9
1,158.9
2,158.9
2,158.9
3,158.9
3,158.9
4,158.9
4,158.9
5,158.9
5,158.9
6,158.9
6,158.9
0,158.9
0,158.9
1,158.9
1,158.9
2,158.9
2,158.9
3,158.9
3,158.9
4,158.9
4,158.9
5,158.9
5,158.9
6,158.9
6,158.9
0,158.9
0,158.9
1,158.9
1,158.9
2,158.9
2,158.9
3,158.9
3,158.9
4,158.9
4,158.9
5,158.9
5,158.9
6,158.9
6,158.9
0,158.9
0,158.9
1,158.9
1,158.9
2,158.9
2,158.9
3,158.9
3,158.9
4,158.9
4,158.9
5,158.9
5,158.9
6,158.9
6,158.9
0,158.9
0,158.9
1,158.9
1,158.9
2,158.9
2,158.9
3,158.9
3,160.9
4,160.9
4,160.9
5,160.9
5,160.9
6,160.9
6,160.9
0,158.9
0,158.9
1,158.9
1,158.9
2,158.9
2,158.9
3,158.9
3,158.9
4,158.9
4,158.9
5,158.9
5,158.9
6,158.9
6,158.9
0,158.9
0,158.9
1,158.9
1,158.9
2,158.9
2,158.9
3,158.9
3,158.9
4,158.9
4,158.9
5,158.9
5,158.9
6,158.9
6,158.9
0,158.9
0,158.9
1,158.9
1,158.9
2,158.9
2,158.9
3,158.9
3,158.9
4,158.9
4,158.9
5,158.9
5,158.9
6,158.9
6,158.9
0,158.9
0,158.9
1,158.9
1,158.9
2,158.9
2,160.9
3,160.9
3,160.9
4,160.9
4,158.9
5,158.9
5,158.9
6,158.9
6,158.9
0,156.9
0,156.9
1,156.9
1,156.9
2,156.9
2,156.9
3,156.9
3,156.9
4,156.9
4,156.9
5,156.9
5,156.9
6,156.9
6,156.9
0,156.9
0,156.9
1,156.9
1,156.9
2,154.7
2,154.7
3,154.7
3,153.2
4,153.2
4,151.7
5,150.7
5,150.7
6,150.7
6,150.7
0,150.7
0,150.7
1,150.7
1,150.7
2,150.7
2,150.7
3,150.7
3,160.9
4,160.9
4,160.9
5,160.9
5,160.9
6,160.9
6,160.9
0,160.9
0,160.9
1,160.9
1,160.9
2,170.9
2,168.9
3,168.9
3,168.9
4,168.9
4,168.9
5,168.9
5,168.9
6,168.9
6,168.9
0,168.9
0,168.9
1,168.9
1,168.9
2,168.9
2,168.9
3,168.9
3,168.9
4,168.9
4,168.9
5,168.9
5,168.9
6,168.9
6,168.9
0,168.9
0,168.9
1,168.9
1,168.9
2,168.9
2,168.9
3,168.9
3,168.9
4,168.9
4,168.9
5,168.9
5,168.9
6,168.9
6,168.9
