0,128.9
0,128.9
1,127.9
1,127.9
2,124.9
2,124.9
3,121.9
3,121.9
4,121.9
4,121.9
5,118.9
5,118.9
6,118.9
6,118.9
0,118.9
0,118.9
1,118.9
1,118.9
2,118.9
2,118.9
3,118.9
3,116.4
4,115.9
4,115.9
5,115.9
5,115.9
6,115.9
6,115.9
0,114.9
0,114.4
1,114.4
1,145.9
2,129.9
2,129.9
3,129.9
3,129.9
4,144.9
4,144.9
5,144.9
5,144.9
6,144.9
6,144.9
0,143.9
0,143.9
1,143.4
1,142.9
2,140.9
2,140.9
3,139.4
3,138.9
4,133.4
4,133.4
5,133.4
5,133.4
6,133.4
6,132.9
0,131.15
0,129.4
1,128.9
1,127.9
2,127.9
2,127.9
3,124.9
3,121.9
4,121.9
4,121.9
5,121.9
5,121.9
6,121.9
6,121.9
0,119.4
0,119.4
1,119.4
1,119.4
2,147.9
2,147.9
3,147.9
3,147.9
4,146.9
4,146.9
5,145.4
5,145.4
6,145.4
6,143.9
0,142.9
0,142.9
1,141.0666666666667
1,141.0666666666667
2,139.9
2,139.9
3,137.9
3,135.9
4,134.9
4,134.9
5,134.9
5,134.9
6,133.7
6,133.7
0,131.9
0,129.9
1,129.9
1,125.9
2,124.4
2,124.4
3,149.9
3,149.9
4,149.9
4,149.9
5,149.9
5,149.9
6,149.9
6,149.9
0,147.9
0,147.9
1,147.9
1,147.9
2,147.9
2,147.9
3,147.9
3,147.9
4,147.9
4,147.9
5,147.9
5,147.9
6,147.9
6,147.9
0,147.9
0,147.9
1,147.9
1,147.9
2,147.9
2,147.9
3,147.9
3,147.9
4,147.9
4,147.9
5,147.9
5,147.9
6,147.9
6,147.9
0,147.9
0,147.9
1,147.9
1,147.9
2,147.9
2,147.9
3,147.9
3,147.9
4,147.9
4,147.9
5,147.9
5,147.9
6,147.9
6,147.9
0,147.9
0,147.9
1,147.9
1,147.9
2,147.9
2,147.9
3,147.9
3,147.9
4,147.9
4,147.9
5,147.9
5,147.9
6,147.9
6,147.9
0,147.9
0,147.9
1,147.9
1,147.9
2,147.9
2,147.9
3,147.9
3,147.9
4,147.9
4,147.9
5,147.9
5,147.9
6,147.9
6,147.9
0,147.9
0,147.9
1,147.9
1,147.9
2,147.9
2,147.9
3,147.9
3,147.9
4,147.9
4,147.9
5,147.9
5,147.9
6,147.9
6,147.9
0,147.9
0,147.9
1,147.9
1,147.9
2,147.9
2,147.9
3,147.9
3,147.9
4,147.9
4,147.9
5,147.9
5,147.9
6,147.9
6,147.9
0,147.9
0,147.9
1,147.9
1,147.9
2,147.9
2,147.9
3,147.9
3,147.9
4,147.9
4,147.9
5,147.9
5,147.9
6,147.9
6,147.9
0,147.9
0,147.9
1,147.9
1,147.9
2,147.9
2,147.9
3,147.9
3,147.9
4,147.9
4,147.9
5,147.9
5,147.9
6,147.9
6,147.9
0,147.9
0,147.9
1,147.9
1,147.9
2,147.9
2,147.9
3,147.9
3,147.9
4,147.9
4,151.9
5,151.9
5,151.9
6,151.9
6,151.9
0,151.9
0,151.9
1,151.9
1,151.9
2,151.9
2,151.9
3,151.9
3,151.9
4,151.9
4,151.9
5,151.9
5,151.9
6,151.9
6,151.9
0,151.9
0,151.9
1,149.9
1,149.9
2,149.9
2,149.9
3,149.9
3,149.9
4,148.9
4,148.9
5,148.9
5,148.9
6,148.9
6,148.9
0,148.9
0,148.9
1,148.9
1,148.9
2,148.9
2,148.9
3,148.9
3,148.9
4,146.9
4,144.9
5,144.9
5,142.9
6,142.9
6,141.4
0,141.4
0,141.4
1,141.4
1,137.9
2,137.4
2,137.4
3,137.4
3,137.4
4,137.4
4,136.9
5,136.9
5,136.9
6,135.9
6,135.9
0,135.9
0,135.9
1,135.9
1,135.9
2,162.9
2,162.9
3,162.9
3,162.9
4,162.9
4,162.9
5,162.9
5,162.9
6,162.9
6,162.9
0,162.9
0,162.9
1,162.9
1,162.9
2,162.9
2,162.9
3,162.9
3,161.9
4,161.9
4,161.9
5,161.9
5,161.9
6,160.9
6,160.9
0,159.9
0,159.9
1,159.9
1,159.9
2,159.9
2,157.16666666666666
3,154.9
3,149.9
4,147.9
4,147.9
5,147.9
5,147.9
6,147.9
6,146.9
0,146.9
0,145.05
1,142.9
1,141.9
2,141.9
2,140.9
3,139.9
3,139.9
4,139.9
4,139.9
5,139.9
5,139.9
6,136.4
6,136.4
0,136.4
0,135.9
1,135.9
1,134.9
2,134.9
2,134.9
3,133.9
3,133.9
4,133.9
4,133.9
5,133.9
5,133.9
6,133.9
6,133.9
0,133.9
0,133.9
1,133.9
1,162.9
2,162.9
2,162.9
3,162.9
3,147.9
4,147.9
4,147.9
5,147.9
5,132.9
6,132.9
6,132.9
0,132.9
0,162.9
1,162.9
1,133.5
2,133.5
2,162.9
3,162.9
3,162.9
4,162.9
4,162.9
5,162.9
5,162.9
6,162.9
6,162.9
0,162.9
0,162.9
1,162.9
1,162.9
2,162.9
2,162.9
3,162.9
3,161.9
4,161.9
4,158.8
5,158.8
5,158.8
6,155.9
6,154.9
0,154.9
0,154.9
1,154.9
1,152.9
2,152.9
2,150.9
3,146.4
3,146.4
4,146.4
4,146.4
5,146.4
5,146.4
6,146.4
6,146.4
0,146.4
0,146.4
1,146.4
1,145.4
2,145.4
2,143.4
3,143.4
3,143.4
4,143.4
4,142.65
5,142.65
5,142.65
6,142.65
6,141.4
0,141.4
0,141.4
1,141.4
1,141.4
2,141.4
2,141.4
3,141.4
3,141.4
4,141.4
4,141.4
5,141.4
5,140.9
6,140.9
6,140.4
0,140.4
0,138.4
1,138.4
1,138.4
2,137.4
2,136.4
3,135.9
3,135.9
4,135.9
4,135.9
5,135.9
5,135.9
6,135.9
6,135.9
0,135.9
0,133.9
1,133.9
1,133.4
2,133.4
2,133.4
3,133.4
3,131.4
4,131.4
4,131.4
5,130.9
5,130.9
6,130.9
6,130.9
0,129.9
0,129.9
1,155.9
1,155.9
2,129.9
2,129.9
3,129.9
3,157.9
4,157.9
4,157.9
5,157.9
5,157.9
6,157.9
6,157.9
0,157.9
0,157.9
1,157.9
1,155.9
2,155.9
2,155.9
3,155.9
3,155.9
4,155.9
4,154.4
5,154.4
5,154.4
6,154.4
6,154.4
0,151.4
0,150.65
1,150.65
1,148.65
2,148.65
2,148.65
3,148.65
3,148.65
4,148.65
4,148.65
5,148.65
5,148.65
6,148.65
6,148.65
0,143.9
0,143.9
1,143.9
1,143.9
2,143.9
2,143.9
3,143.9
3,143.9
4,143.9
4,143.9
5,143.9
5,143.4
6,143.4
6,143.4
0,142.4
0,149.9
1,149.9
1,149.9
2,149.9
2,149.9
3,149.9
3,149.9
4,149.9
4,149.9
5,149.9
5,149.9
6,149.9
6,149.9
0,149.9
0,149.9
1,149.9
1,149.9
2,149.9
2,155.9
3,153.9
3,153.9
4,153.9
4,153.9
5,153.9
5,153.9
6,153.9
6,153.9
0,142.9
0,138.9
1,138.9
1,137.15
2,137.15
2,137.15
3,137.15
3,137.15
4,137.15
4,135.4
5,135.4
5,134.9
6,134.9
6,134.9
0,134.9
0,132.9
1,131.9
1,131.9
2,131.9
2,131.9
3,131.9
3,131.9
4,130.9
4,130.9
5,130.9
5,130.9
6,130.9
6,159.9
0,159.9
0,159.9
1,159.9
1,159.9
2,159.9
2,159.9
3,159.9
3,159.9
4,159.9
4,159.9
5,159.9
5,159.9
6,159.9
6,159.9
0,159.9
0,157.9
1,157.9
1,155.4
2,155.4
2,155.4
3,153.4
3,150.4
4,149.65
4,149.65
5,149.65
5,148.9
6,147.7
6,147.7
0,147.7
0,147.7
1,146.9
1,144.65
2,142.4
2,142.4
3,142.4
3,141.9
4,141.9
4,141.9
5,141.9
5,141.9
6,141.9
6,140.9
0,140.9
0,140.4
1,138.65
1,137.4
2,137.4
2,137.4
3,134.65
3,132.15
4,130.4
4,130.4
5,130.4
5,129.9
6,129.9
6,129.9
0,129.9
0,129.9
1,128.4
1,127.9
2,127.9
2,127.4
3,127.4
3,126.4
4,126.4
4,125.4
5,125.4
5,125.4
6,125.4
6,124.65
0,124.65
0,123.9
1,123.9
1,123.9
2,149.9
2,149.9
3,149.9
3,149.9
4,149.9
4,149.9
5,149.9
5,149.9
6,149.9
6,149.9
0,149.9
0,147.9
1,147.9
1,147.9
2,147.9
2,147.9
3,147.9
3,147.9
4,147.9
4,145.9
5,143.4
5,143.4
6,138.4
6,138.4
0,138.4
0,137.9
1,137.9
1,137.9
2,137.9
2,137.9
3,136.9
3,136.9
4,136.9
4,135.9
5,135.9
5,135.4
6,135.4
6,135.4
0,134.65
0,134.65
1,133.4
1,132.4
2,132.4
2,130.9
3,130.9
3,130.9
4,130.4
4,129.4
5,129.4
5,128.9
6,128.9
6,138.9
0,127.9
0,127.15
1,126.9
1,126.9
2,126.9
2,125.9
3,125.9
3,152.9
4,151.4
4,151.4
5,152.9
5,152.9
6,152.9
6,152.9
0,152.9
0,149.9
1,152.9
1,152.9
2,152.9
2,152.9
3,152.9
3,149.9
4,149.9
4,149.9
5,149.9
5,149.9
6,149.4
6,149.4
0,148.4
0,148.4
1,147.9
1,145.9
2,145.9
2,145.9
3,144.9
3,142.9
4,142.9
4,138.9
5,138.9
5,136.9
6,136.4
6,136.4
0,135.9
0,134.9
1,134.9
1,134.9
2,134.9
2,134.9
3,134.9
3,133.9
4,133.9
4,132.525
5,132.525
5,132.525
6,132.525
6,132.525
0,132.525
0,131.4
1,131.15
1,128.7
2,128.7
2,128.7
3,128.7
3,128.7
4,128.7
4,160.9
5,160.9
5,160.9
6,160.9
6,160.9
0,160.9
0,160.9
1,160.4
1,155.9
2,155.8
2,155.8
3,155.7
3,155.7
4,155.7
4,155.7
5,155.7
5,153.9
6,153.9
6,153.9
0,151.9
0,151.9
1,149.9
1,148.4
2,147.9
2,147.9
3,146.9
3,146.9
4,145.9
4,145.9
5,145.9
5,140.9
6,139.4
6,139.4
0,137.0666666666667
0,137.0666666666667
1,137.0666666666667
1,135.9
2,135.9
2,135.9
3,135.9
3,134.9
4,134.9
4,133.9
5,133.9
5,133.9
6,133.9
6,133.3
0,133.3
0,132.9
1,132.9
1,132.9
2,132.9
2,160.9
3,160.9
3,160.9
4,158.9
4,160.9
5,160.9
5,160.9
6,160.9
6,160.9
0,159.9
0,159.9
1,159.9
1,157.9
2,155.9
2,155.9
3,155.9
3,155.9
4,153.9
4,151.4
5,149.4
5,149.4
6,149.4
6,149.4
0,148.4
0,148.4
1,148.4
1,147.4
2,147.4
2,147.4
3,147.4
3,147.4
4,147.4
4,142.9
5,142.9
5,142.9
6,142.9
6,140.9
0,140.9
0,138.9
1,138.9
1,138.9
2,138.9
2,162.9
3,162.9
3,162.9
4,162.9
4,162.9
5,162.9
5,162.9
6,162.9
6,162.9
0,162.9
0,162.9
1,162.9
1,162.9
2,162.9
2,157.9
3,157.9
3,157.9
4,157.9
4,157.9
5,157.9
5,155.9
6,155.9
6,155.9
0,155.9
0,155.9
1,155.9
1,153.9
2,152.9
2,150.9
3,150.9
3,149.9
4,149.9
4,149.9
5,148.9
5,148.9
6,147.9
6,147.9
0,147.9
0,144.4
1,144.4
1,141.9
2,141.9
2,141.9
3,141.9
3,141.9
4,141.9
4,141.9
5,167.9
5,167.9
6,167.9
6,167.9
0,167.9
0,167.9
1,165.9
1,165.9
2,165.9
2,162.9
3,162.9
3,162.9
4,162.9
4,162.9
5,160.9
5,158.9
6,158.9
6,158.9
0,158.9
0,158.9
1,158.9
1,157.9
2,157.9
2,156.9
3,155.9
3,154.9
4,154.9
4,154.9
5,154.9
5,154.9
6,154.9
6,154.9
0,154.9
0,154.9
1,152.3
1,152.3
2,152.3
2,150.3
3,149.3
3,148.9
4,147.9
4,145.9
5,144.9
5,144.9
6,144.9
6,143.9
0,143.9
0,142.83333333333334
1,142.83333333333334
1,167.9
2,167.9
2,167.9
3,167.9
3,167.9
4,167.9
4,168.9
5,168.9
5,168.9
6,168.9
6,168.9
0,167.9
0,166.9
1,166.9
1,166.9
2,166.9
2,166.9
3,166.9
3,164.4
4,164.4
4,162.9
5,161.9
5,161.9
6,161.9
6,161.9
0,161.9
0,159.9
1,159.9
1,156.9
2,154.9
2,152.9
3,152.9
3,152.9
4,150.9
4,150.9
5,150.9
5,148.9
6,148.9
6,148.9
0,148.9
0,148.9
1,148.9
1,148.9
2,148.9
2,148.9
3,146.9
3,146.9
4,146.9
4,146.9
5,146.9
5,146.9
6,146.9
6,146.9
0,146.9
0,146.9
1,146.9
1,144.9
2,144.9
2,168.9
3,168.9
3,168.9
4,168.9
4,168.9
5,168.9
5,165.9
6,165.9
6,165.9
0,165.9
0,165.9
1,165.9
1,165.9
2,163.9
2,163.9
3,163.9
3,162.9
4,160.9
4,160.9
5,160.9
5,160.9
6,160.9
6,160.9
0,160.9
0,159.2
1,155.9
1,155.9
2,155.9
2,155.9
3,155.9
3,155.9
4,153.9
4,153.9
5,153.9
5,151.9
6,151.9
6,151.9
0,151.9
0,151.9
1,151.9
1,151.9
2,151.9
2,151.9
3,149.9
3,149.9
4,149.9
4,149.9
5,149.9
5,146.9
6,146.9
6,146.9
0,143.9
0,143.9
1,143.9
1,143.9
2,143.9
2,143.9
3,142.7
3,142.7
4,142.3
4,142.3
5,142.3
5,142.3
6,142.3
6,142.3
0,141.9
0,141.9
1,141.7
1,141.7
2,141.7
2,141.7
3,141.7
3,168.9
4,168.9
4,168.9
5,168.9
5,168.9
6,168.9
6,168.9
0,140.9
0,140.9
1,140.9
1,140.9
2,140.9
2,168.9
3,168.9
3,165.9
4,168.5
4,165.9
5,165.9
5,165.9
6,165.9
6,165.9
0,164.9
0,163.9
1,163.9
1,161.9
2,161.9
2,161.9
3,161.9
3,159.9
4,159.9
4,159.9
5,159.9
5,159.9
6,159.9
6,159.9
0,156.9
0,156.9
1,152.9
1,152.9
2,151.9
2,151.9
3,149.3
3,149.3
4,146.9
4,144.9
5,144.9
5,142.9
6,142.9
6,142.9
0,140.9
0,140.9
1,141.9
1,141.9
2,141.9
2,141.9
3,141.9
3,141.9
4,141.9
4,140.9
5,140.9
5,168.9
6,168.9
6,168.9
0,168.4
0,166.9
1,166.9
1,166.9
2,166.9
2,166.9
3,163.9
3,163.9
4,163.9
4,160.9
5,160.9
5,160.9
6,160.9
6,159.60000000000002
0,155.9
0,155.9
1,152.9
1,152.9
2,152.9
2,150.9
3,150.9
3,148.9
4,146.9
4,146.9
5,146.9
5,146.9
6,146.9
6,146.9
0,144.9
0,145.9
1,145.9
1,145.9
2,145.9
2,145.9
3,145.9
3,145.9
4,145.9
4,145.9
5,145.9
5,145.9
6,145.9
6,145.9
0,145.9
0,145.9
1,145.9
1,171.9
2,171.9
2,171.9
3,171.9
3,171.9
4,171.9
4,171.9
5,169.9
5,169.9
6,169.9
6,169.9
0,169.9
0,167.9
1,165.9
1,165.9
2,161.9
2,161.9
3,169.9
3,167.9
4,167.9
4,167.9
5,167.9
5,165.9
6,161.9
6,161.9
0,161.9
0,161.9
1,159.9
1,157.9
2,155.9
2,154.9
3,154.9
3,154.9
4,154.9
4,154.9
5,154.9
5,154.9
6,154.9
6,153.9
0,153.9
0,175.9
1,175.9
1,175.9
2,175.9
2,175.9
3,175.9
3,175.9
4,175.9
4,175.9
5,175.9
5,173.9
6,173.9
6,175.9
