0,0
0,0
1,129.4
1,129.4
2,125.9
2,124.9
3,124.9
3,124.9
4,123.9
4,123.9
5,123.9
5,123.9
6,122.5
6,122.5
0,122.5
0,122.5
1,122.5
1,122.4
2,122.4
2,122.4
3,116.7
3,115.9
4,115.5
4,115.5
5,115.5
5,115.5
6,115.5
6,115.5
0,115.5
0,115.5
1,115.5
1,115.4
2,145.9
2,145.4
3,145.4
3,145.4
4,145.4
4,145.4
5,145.4
5,145.4
6,145.4
6,145.4
0,145.4
0,145.4
1,144.9
1,144.9
2,144.9
2,142.9
3,140.56666666666666
3,138.9
4,138.4
4,138.4
5,138.4
5,138.4
6,138.4
6,138.3
0,138.3
0,138.3
1,135.9
1,135.4
2,135.4
2,135.4
3,124.9
3,115.9
4,115.9
4,115.9
5,115.9
5,115.9
6,115.9
6,115.9
0,115.9
0,115.9
1,115.8
1,115.8
2,147.9
2,147.9
3,146.9
3,146.9
4,146.65
4,146.65
5,145.4
5,144.65
6,144.65
6,144.65
0,143.65
0,143.65
1,142.9
1,142.4
2,139.9
2,137.9
3,137.4
3,135.65
4,134.4
4,134.4
5,133.9
5,130.9
6,130.75
6,130.75
0,130.75
0,126.9
1,126.4
1,126.4
2,125.9
2,119.9
3,119.9
3,119.9
4,149.9
4,149.9
5,149.4
5,149.4
6,149.4
6,149.4
0,149.4
0,149.4
1,149.4
1,143.9
2,143.9
2,143.9
3,143.9
3,143.4
4,143.4
4,143.4
5,143.4
5,143.4
6,143.4
6,143.4
0,143.4
0,143.4
1,143.4
1,143.4
2,143.4
2,143.4
3,143.4
3,143.4
4,143.4
4,143.4
5,143.4
5,143.4
6,143.4
6,143.4
0,143.4
0,143.4
1,143.4
1,143.4
2,143.4
2,143.4
3,143.4
3,143.4
4,143.4
4,143.4
5,143.4
5,143.4
6,143.4
6,143.4
0,143.4
0,143.4
1,143.4
1,143.4
2,143.4
2,143.4
3,143.4
3,143.4
4,143.4
4,143.4
5,143.4
5,143.4
6,143.4
6,143.4
0,143.4
0,143.4
1,143.4
1,143.4
2,143.4
2,143.4
3,143.4
3,143.4
4,143.4
4,143.4
5,143.4
5,143.4
6,143.4
6,143.4
0,143.4
0,143.4
1,143.4
1,143.4
2,143.4
2,143.4
3,143.4
3,143.4
4,143.4
4,143.4
5,143.4
5,143.4
6,143.4
6,143.4
0,143.4
0,143.4
1,143.4
1,143.4
2,143.4
2,143.4
3,143.4
3,143.4
4,143.4
4,143.4
5,143.4
5,143.4
6,143.4
6,143.4
0,143.4
0,143.4
1,143.4
1,143.4
2,143.4
2,143.4
3,143.4
3,143.4
4,143.4
4,143.4
5,143.4
5,143.4
6,143.4
6,143.4
0,143.4
0,143.4
1,143.4
1,143.4
2,143.4
2,143.4
3,143.4
3,143.4
4,143.4
4,143.4
5,143.4
5,143.4
6,143.4
6,143.4
0,143.4
0,143.4
1,143.4
1,143.4
2,143.4
2,143.4
3,143.4
3,143.4
4,151.9
4,151.9
5,151.9
5,151.9
6,151.9
6,151.9
0,151.9
0,151.9
1,151.9
1,151.9
2,151.9
2,151.9
3,151.9
3,151.9
4,151.9
4,151.9
5,151.4
5,151.4
6,151.4
6,151.4
0,151.4
0,150.9
1,149.9
1,149.4
2,149.4
2,149.4
3,149.4
3,149.4
4,149.3
4,149.3
5,149.3
5,148.9
6,148.9
6,148.9
0,148.9
0,148.9
1,148.9
1,148.9
2,148.9
2,147.9
3,147.4
3,147.4
4,146.9
4,146.4
5,146.3
5,146.3
6,146.3
6,145.9
0,141.4
0,141.4
1,140.4
1,140.4
2,140.4
2,140.4
3,140.4
3,140.4
4,140.4
4,140.4
5,140.4
5,140.4
6,140.4
6,140.4
0,140.4
0,140.4
1,140.4
1,140.4
2,140.4
2,140.4
3,162.9
3,162.9
4,162.9
4,162.9
5,162.9
5,162.4
6,162.4
6,162.4
0,162.4
0,162.4
1,162.4
1,160.9
2,160.9
2,160.9
3,159.7
3,158.9
4,158.9
4,158.9
5,158.9
5,158.9
6,158.9
6,158.9
0,158.9
0,158.9
1,157.9
1,156.6
2,155.65
2,154.9
3,151.9
3,151.15
4,150.4
4,149.9
5,149.9
5,149.9
6,148.9
6,148.9
0,148.9
0,147.15
1,147.15
1,146.4
2,144.65
2,144.65
3,144.65
3,144.65
4,141.26666666666665
4,140.7
5,139.9
5,139.9
6,139.9
6,139.9
0,139.9
0,138.9
1,137.9
1,136.9
2,135.9
2,135.9
3,134.9
3,134.9
4,134.9
4,134.15
5,134.15
5,134.15
6,134.15
6,134.15
0,132.9
0,132.4
1,132.4
1,132.4
2,131.4
2,131.4
3,131.4
3,131.4
4,131.4
4,130.9
5,130.9
5,130.9
6,130.9
6,130.9
0,130.9
0,130.5
1,129.9
1,140.9
2,140.9
2,140.9
3,140.9
3,162.9
4,162.9
4,162.9
5,162.9
5,162.9
6,162.9
6,162.9
0,162.9
0,162.9
1,162.9
1,162.9
2,161.9
2,161.4
3,159.9
3,159.9
4,159.9
4,159.9
5,159.9
5,159.9
6,159.9
6,159.9
0,159.20888888888868
0,159.20888888888868
1,154.9
1,154.4
2,154.4
2,154.4
3,152.4
3,148.4
4,148.4
4,148.4
5,148.4
5,148.4
6,148.4
6,148.4
0,148.4
0,148.4
1,148.4
1,145.3
2,145.3
2,145.3
3,143.65
3,140.7
4,140.7
4,139.9
5,139.9
5,137.3
6,137.3
6,137.3
0,137.3
0,137.3
1,134.7
1,134.7
2,134.7
2,134.7
3,134.7
3,134.7
4,134.7
4,134.7
5,134.7
5,134.7
6,134.7
6,134.7
0,134.7
0,133.9
1,133.9
1,133.9
2,133.9
2,133.9
3,133.9
3,133.9
4,133.9
4,132.9
5,132.9
5,132.9
6,132.3
6,132.3
0,132.3
0,130.9
1,130.9
1,130.4
2,129.9
2,129.9
3,129.9
3,129.9
4,129.9
4,129.9
5,129.9
5,129.9
6,129.7
6,128.5
0,128.5
0,128.5
1,128.5
1,128.5
2,128.5
2,128.5
3,128.5
3,128.5
4,128.5
4,157.9
5,126.9
5,157.9
6,157.9
6,157.4
0,157.4
0,157.4
1,157.4
1,157.4
2,154.9
2,154.9
3,154.9
3,154.9
4,150.9
4,150.4
5,150.4
5,150.4
6,150.4
6,150.4
0,150.4
0,148.93333333333334
1,147.9
1,147.9
2,147.9
2,147.9
3,147.9
3,147.9
4,147.9
4,147.9
5,147.9
5,147.9
6,147.9
6,147.9
0,145.4
0,145.4
1,145.4
1,145.4
2,145.4
2,145.4
3,145.4
3,145.4
4,145.4
4,145.4
5,145.4
5,143.9
6,143.9
6,143.9
0,142.3
0,140.4
1,139.4
1,138.9
2,138.4
2,137.9
3,137.0
3,146.9
4,146.9
4,150.4
5,150.4
5,150.4
6,150.4
6,150.4
0,150.4
0,150.4
1,150.4
1,150.4
2,150.4
2,155.9
3,154.9
3,154.9
4,154.9
4,152.9
5,147.4
5,147.4
6,147.4
6,143.9
0,143.35000000000002
0,138.7
1,138.7
1,138.7
2,138.7
2,136.5
3,136.5
3,136.5
4,134.3
4,134.3
5,134.3
5,134.3
6,134.3
6,134.3
0,134.3
0,133.9
1,133.9
1,133.9
2,133.9
2,133.9
3,133.9
3,133.9
4,132.5
4,132.3
5,132.3
5,132.3
6,132.3
6,132.3
0,132.3
0,159.9
1,132.3
1,132.3
2,159.9
2,159.9
3,159.9
3,159.9
4,159.4
4,159.4
5,159.4
5,159.4
6,159.4
6,159.4
0,159.4
0,159.4
1,158.9
1,158.9
2,158.9
2,158.9
3,155.9
3,155.9
4,155.9
4,155.9
5,154.9
5,154.9
6,154.9
6,154.9
0,153.4
0,153.4
1,153.4
1,153.4
2,153.4
2,147.9
3,147.9
3,147.9
4,147.9
4,147.4
5,146.9
5,146.9
6,145.9
6,145.9
0,145.4
0,145.4
1,145.4
1,144.9
2,144.9
2,139.9
3,135.0
3,135.0
4,132.9
4,132.9
5,131.9
5,131.9
6,131.9
6,130.65
0,130.65
0,128.9
1,127.35
1,126.9
2,126.9
2,126.35
3,126.35
3,125.75
4,125.75
4,124.9
5,124.9
5,124.9
6,124.9
6,124.4
0,124.4
0,124.1
1,124.1
1,122.9
2,122.7
2,122.7
3,149.9
3,149.9
4,149.4
4,149.4
5,149.4
5,149.4
6,149.4
6,149.4
0,149.4
0,149.4
1,149.4
1,149.4
2,149.4
2,148.9
3,148.9
3,148.9
4,148.9
4,148.9
5,148.9
5,148.9
6,146.9
6,146.9
0,144.9
0,144.9
1,144.7
1,144.7
2,139.5
2,139.5
3,139.5
3,139.5
4,139.5
4,139.5
5,139.5
5,139.15
6,138.9
6,138.9
0,137.4
0,133.9
1,132.9
1,131.4
2,130.45
2,128.9
3,128.9
3,128.9
4,128.9
4,128.4
5,128.4
5,128.4
6,128.4
6,128.4
0,127.23333333333335
0,127.23333333333335
1,126.4
1,126.4
2,126.4
2,126.4
3,125.90000000000002
3,125.90000000000002
4,125.4
4,125.4
5,125.4
5,125.4
6,125.4
6,125.4
0,125.15
0,125.15
1,124.9
1,152.9
2,152.65
2,152.65
3,152.15
3,152.15
4,151.9
4,151.9
5,151.9
5,149.9
6,148.9
6,148.9
0,147.9
0,143.9
1,143.4
1,143.4
2,142.9
2,142.9
3,142.9
3,142.9
4,142.9
4,142.9
5,142.9
5,142.9
6,142.9
6,142.9
0,142.9
0,142.4
1,142.4
1,141.8
2,141.7
2,141.05
3,140.9
3,140.4
4,139.9
4,138.05
5,134.7
5,134.5
6,134.5
6,134.5
0,134.5
0,134.5
1,134.5
1,133.3
2,132.2
2,131.05
3,130.9
3,130.4
4,130.4
4,129.9
5,129.9
5,160.9
6,160.9
6,160.9
0,160.4
0,160.4
1,159.9
1,159.9
2,159.4
2,159.4
3,158.4
3,158.4
4,157.9
4,155.9
5,155.9
5,153.9
6,153.9
6,153.9
0,153.4
0,149.9
1,149.9
1,149.9
2,148.9
2,145.9
3,145.9
3,145.9
4,144.9
4,144.9
5,143.4
5,141.9
6,141.9
6,141.9
0,141.9
0,140.9
1,140.9
1,140.9
2,138.9
2,138.9
3,138.9
3,138.9
4,135.9
4,135.9
5,132.9
5,132.9
6,132.9
6,132.7
0,132.7
0,131.9
1,131.9
1,131.9
2,131.9
2,131.9
3,131.9
3,160.9
4,132.4
4,160.9
5,132.4
5,132.4
6,132.4
6,160.9
0,131.9
0,131.9
1,160.9
1,160.9
2,159.9
2,159.9
3,159.9
3,158.7
4,157.2
4,157.2
5,155.9
5,155.9
6,155.9
6,154.7
0,154.7
0,152.7
1,150.9
1,150.9
2,150.9
2,150.9
3,145.9
3,142.9
4,140.9
4,138.9
5,137.9
5,137.5
6,137.5
6,137.5
0,137.5
0,137.5
1,137.5
1,136.9
2,135.5
2,162.9
3,135.5
3,162.9
4,162.9
4,162.9
5,162.9
5,162.4
6,162.4
6,162.4
0,162.4
0,162.4
1,162.4
1,160.9
2,159.4
2,159.4
3,159.4
3,158.9
4,158.9
4,158.9
5,158.9
5,158.9
6,158.9
6,158.9
0,158.9
0,158.9
1,158.9
1,158.9
2,158.9
2,158.9
3,158.9
3,158.9
4,158.9
4,158.9
5,158.9
5,158.9
6,158.9
6,158.9
0,158.9
0,156.9
1,156.4
1,155.4
2,155.4
2,155.4
3,155.4
3,154.0666666666667
4,152.65
4,151.9
5,150.05
5,167.9
6,167.9
6,167.9
0,167.9
0,167.9
1,167.9
1,167.9
2,167.9
2,167.9
3,167.9
3,167.9
4,167.9
4,167.9
5,167.9
5,167.9
6,163.2
6,163.2
0,163.2
0,163.2
1,163.2
1,162.8
2,162.8
2,162.8
3,162.8
3,162.2
4,162.2
4,162.2
5,162.2
5,162.2
6,162.2
6,162.2
0,162.2
0,162.2
1,162.2
1,160.4
2,160.4
2,159.8
3,159.8
3,157.9
4,157.9
4,156.55
5,156.55
5,156.55
6,156.55
6,156.55
0,153.2
0,149.9
1,149.9
1,149.9
2,149.9
2,168.9
3,168.9
3,168.9
4,168.9
4,168.9
5,168.9
5,168.9
6,168.9
6,168.9
0,168.9
0,167.9
1,167.9
1,167.9
2,167.9
2,167.8
3,167.8
3,167.8
4,167.8
4,167.2
5,167.2
5,167.2
6,167.2
6,167.2
0,166.8
0,166.6
1,166.6
1,166.2
2,165.8
2,165.0
3,164.6
3,163.8
4,163.8
4,162.8
5,162.8
5,162.8
6,162.8
6,162.8
0,162.8
0,162.8
1,161.2
1,159.2
2,159.2
2,159.2
3,159.2
3,158.2
4,158.2
4,158.2
5,158.2
5,158.2
6,158.2
6,158.2
0,158.2
0,158.2
1,154.9
1,153.9
2,153.9
2,153.8
3,153.8
3,152.9
4,168.9
4,168.9
5,168.9
5,168.9
6,168.9
6,168.9
0,168.8
0,168.8
1,168.6
1,167.85000000000002
2,167.85000000000002
2,167.85000000000002
3,167.2
3,164.35000000000002
4,164.35000000000002
4,162.9
5,162.9
5,161.9
6,161.9
6,161.9
0,161.9
0,161.8
1,161.8
1,161.8
2,161.8
2,161.8
3,161.6
3,161.2
4,160.9
4,160.9
5,160.9
5,160.9
6,160.9
6,160.9
0,160.9
0,158.4
1,158.4
1,155.4333333333333
2,155.4333333333333
2,151.9
3,150.9
3,150.5
4,150.5
4,150.5
5,149.8
5,149.8
6,149.8
6,149.8
0,149.8
0,149.8
1,149.39999999999998
1,148.7
2,148.2
2,147.7
3,147.5
3,147.2
4,146.9
4,146.9
5,146.9
5,146.7
6,146.7
6,144.9
0,140.6
0,140.6
1,140.6
1,140.6
2,140.6
2,140.6
3,140.6
3,140.6
4,140.6
4,140.6
5,140.6
5,140.6
6,140.6
6,140.6
0,140.6
0,140.3
1,140.3
1,140.3
2,140.3
2,168.9
3,168.9
3,168.9
4,168.9
4,165.8
5,165.8
5,165.8
6,162.5
6,162.5
0,162.5
0,162.5
1,162.5
1,162.5
2,162.5
2,162.5
3,160.5
3,160.5
4,160.5
4,160.5
5,160.5
5,160.5
6,160.5
6,160.5
0,160.5
0,160.5
1,160.5
1,160.5
2,158.9
2,157.4
3,157.4
3,155.4
4,150.9
4,148.9
5,148.9
5,148.9
6,147.9
6,147.9
0,144.0
0,144.0
1,144.0
1,144.0
2,144.0
2,144.0
3,144.0
3,141.9
4,141.9
4,141.9
5,169.9
5,169.9
6,168.4
6,168.65
0,168.65
0,168.65
1,168.65
1,168.65
2,164.9
2,164.9
3,162.7
3,160.9
4,159.7
4,154.4
5,152.7
5,150.7
6,150.7
6,148.7
0,145.7
0,145.7
1,143.7
1,143.7
2,143.7
2,143.7
3,143.7
3,143.7
4,143.7
4,143.7
5,143.7
5,143.7
6,143.7
6,143.7
0,143.7
0,143.7
1,143.7
1,143.7
2,143.7
2,142.9
3,142.9
3,142.9
4,142.9
4,142.9
5,142.9
5,142.9
6,142.9
6,142.9
0,142.9
0,142.9
1,142.9
1,142.9
2,142.9
2,142.9
3,142.9
3,142.9
4,171.9
4,171.9
5,170.9
5,170.9
6,170.9
6,170.9
0,170.9
0,168.9
1,166.9
1,164.9
2,164.9
2,162.9
3,162.9
3,162.9
4,161.9
4,161.9
5,161.9
5,161.9
6,160.9
6,160.9
0,160.9
0,160.9
1,160.9
1,160.9
2,160.9
2,160.9
3,160.9
3,159.9
4,159.9
4,159.9
5,159.9
5,159.9
6,159.9
6,159.9
0,159.9
0,159.9
1,155.9
1,175.9
2,175.9
2,175.9
3,175.9
3,175.9
4,175.9
4,175.9
5,175.4
5,175.4
6,175.4
6,175.4
