0,124.9
0,124.9
1,122.9
1,122.9
2,121.9
2,119.9
3,119.9
3,118.9
4,118.9
4,118.9
5,117.9
5,117.9
6,117.9
6,117.9
0,117.9
0,117.9
1,117.9
1,116.9
2,129.9
2,129.9
3,115.9
3,114.9
4,114.9
4,114.9
5,114.9
5,114.9
6,114.9
6,114.9
0,114.9
0,114.4
1,114.4
1,114.4
2,129.9
2,145.4
3,145.4
3,145.4
4,145.4
4,145.4
5,143.9
5,143.9
6,143.9
6,143.9
0,142.9
0,142.9
1,140.9
1,140.9
2,140.9
2,140.9
3,140.9
3,136.9
4,136.9
4,136.9
5,134.4
5,134.4
6,132.4
6,130.9
0,130.5
0,130.5
1,127.7
1,126.9
2,125.7
2,125.7
3,122.36666666666667
3,122.36666666666667
4,122.36666666666667
4,122.36666666666667
5,122.36666666666667
5,122.36666666666667
6,122.36666666666667
6,122.36666666666667
0,119.9
0,119.9
1,119.9
1,118.9
2,147.9
2,147.9
3,147.9
3,145.65
4,145.65
4,145.65
5,144.9
5,144.9
6,144.2
6,144.2
0,141.9
0,140.9
1,137.9
1,137.9
2,137.9
2,137.9
3,133.9
3,133.9
4,133.9
4,133.9
5,133.9
5,133.9
6,133.4
6,132.9
0,130.9
0,126.9
1,126.7
1,125.96666666666665
2,124.56666666666666
2,124.1
3,123.60000000000001
3,122.3
4,149.9
4,149.4
5,149.4
5,149.4
6,147.9
6,147.9
0,147.9
0,147.9
1,147.9
1,147.9
2,147.9
2,147.9
3,147.9
3,147.9
4,147.9
4,143.9
5,143.9
5,143.9
6,143.9
6,143.9
0,143.9
0,143.9
1,143.9
1,143.9
2,143.9
2,143.9
3,143.9
3,143.9
4,143.9
4,143.9
5,143.9
5,143.9
6,143.9
6,143.9
0,143.9
0,143.9
1,143.9
1,143.9
2,143.9
2,143.9
3,143.9
3,143.9
4,143.9
4,143.9
5,143.9
5,143.9
6,143.9
6,143.9
0,143.9
0,143.9
1,143.9
1,143.9
2,143.9
2,143.9
3,143.9
3,143.9
4,143.9
4,143.9
5,143.9
5,143.9
6,143.9
6,143.9
0,143.9
0,143.9
1,143.9
1,143.9
2,143.9
2,143.9
3,143.9
3,143.9
4,143.9
4,143.9
5,143.9
5,143.9
6,143.9
6,143.9
0,143.9
0,143.9
1,143.9
1,143.9
2,143.9
2,143.9
3,143.9
3,143.9
4,143.9
4,143.9
5,143.9
5,143.9
6,143.9
6,143.9
0,143.9
0,143.9
1,143.9
1,143.9
2,143.9
2,143.9
3,143.9
3,143.9
4,143.9
4,143.9
5,143.9
5,143.9
6,143.9
6,143.9
0,143.9
0,143.9
1,143.9
1,143.9
2,143.9
2,143.9
3,143.9
3,143.9
4,143.9
4,143.9
5,143.9
5,143.9
6,143.9
6,143.9
0,143.9
0,143.9
1,143.9
1,143.9
2,143.9
2,143.9
3,143.9
3,143.9
4,143.9
4,143.9
5,143.9
5,143.9
6,143.9
6,143.9
0,143.9
0,143.9
1,143.9
1,143.9
2,143.9
2,143.9
3,143.9
3,143.9
4,151.9
4,151.9
5,151.9
5,151.9
6,151.9
6,151.9
0,151.9
0,151.9
1,151.9
1,151.9
2,151.9
2,151.9
3,151.9
3,151.9
4,151.9
4,151.9
5,151.9
5,151.9
6,151.9
6,151.9
0,149.4
0,149.4
1,149.4
1,148.9
2,148.9
2,147.9
3,147.9
3,147.9
4,145.4
4,145.4
5,145.4
5,143.9
6,143.9
6,143.9
0,143.9
0,143.9
1,143.9
1,143.9
2,143.9
2,143.9
3,143.9
3,142.9
4,142.9
4,142.9
5,142.9
5,142.9
6,142.9
6,140.9
0,140.9
0,139.9
1,139.9
1,139.9
2,139.9
2,139.9
3,139.9
3,139.9
4,139.9
4,139.9
5,139.9
5,139.9
6,139.9
6,139.9
0,139.9
0,139.9
1,136.9
1,136.9
2,162.9
2,162.9
3,162.9
3,162.9
4,162.9
4,162.9
5,162.9
5,162.9
6,162.4
6,162.4
0,160.9
0,160.4
1,160.4
1,160.4
2,160.4
2,160.4
3,160.4
3,160.4
4,160.9
4,160.9
5,160.9
5,160.9
6,158.9
6,158.9
0,157.9
0,155.9
1,155.9
1,155.9
2,155.7
2,152.9
3,149.9
3,149.9
4,149.9
4,149.9
5,149.9
5,149.9
6,149.9
6,149.9
0,149.9
0,146.9
1,143.9
1,143.9
2,143.9
2,141.9
3,139.9
3,139.9
4,139.9
4,138.4
5,138.4
5,138.4
6,136.9
6,136.9
0,136.9
0,135.9
1,135.9
1,133.4
2,133.4
2,133.4
3,133.4
3,133.4
4,133.4
4,132.4
5,132.4
5,132.4
6,132.4
6,132.4
0,132.4
0,131.9
1,131.9
1,131.9
2,131.9
2,131.9
3,131.9
3,162.9
4,162.9
4,162.9
5,162.9
5,130.9
6,130.9
6,130.9
0,130.9
0,130.9
1,130.9
1,129.9
2,129.9
2,129.9
3,129.9
3,162.9
4,162.9
4,162.9
5,162.9
5,162.9
6,162.9
6,162.9
0,160.4
0,160.4
1,156.9
1,156.9
2,156.9
2,154.9
3,154.9
3,154.9
4,154.9
4,154.9
5,154.9
5,154.9
6,154.9
6,154.9
0,149.9
0,149.9
1,149.9
1,147.9
2,147.9
2,147.9
3,147.9
3,145.4
4,145.4
4,145.4
5,145.4
5,145.4
6,145.4
6,145.4
0,145.4
0,142.9
1,142.9
1,139.9
2,139.9
2,138.9
3,135.9
3,135.9
4,135.9
4,135.9
5,134.9
5,134.9
6,134.9
6,134.9
0,134.9
0,134.9
1,134.9
1,134.9
2,134.9
2,134.9
3,134.9
3,134.9
4,132.9
4,131.9
5,131.9
5,130.9
6,130.9
6,130.9
0,130.9
0,130.9
1,130.9
1,130.9
2,130.9
2,130.9
3,129.9
3,129.9
4,129.9
4,129.5
5,129.5
5,128.4
6,128.4
6,128.4
0,128.4
0,128.4
1,128.4
1,128.4
2,128.4
2,128.4
3,128.4
3,128.4
4,128.4
4,126.9
5,126.9
5,126.9
6,126.9
6,126.9
0,126.9
0,126.9
1,126.9
1,126.9
2,126.9
2,126.9
3,125.7
3,157.9
4,157.9
4,155.9
5,156.4
5,156.4
6,156.4
6,156.4
0,155.9
0,155.9
1,155.9
1,155.9
2,152.9
2,152.9
3,152.9
3,152.9
4,152.7
4,150.9
5,150.9
5,150.9
6,148.4
6,148.4
0,148.4
0,148.4
1,148.4
1,148.4
2,146.9
2,146.9
3,144.9
3,144.9
4,144.9
4,143.9
5,143.9
5,143.9
6,142.9
6,142.9
0,142.9
0,139.9
1,139.9
1,137.9
2,137.9
2,136.9
3,135.9
3,133.9
4,132.9
4,132.7
5,132.7
5,132.7
6,132.7
6,132.7
0,132.4
0,131.9
1,131.9
1,157.9
2,131.9
2,131.9
3,131.9
3,144.4
4,144.4
4,129.9
5,129.9
5,157.9
6,157.9
6,157.9
0,157.4
0,155.9
1,155.9
1,155.9
2,155.9
2,155.9
3,153.4
3,153.4
4,149.9
4,149.9
5,148.9
5,147.9
6,145.4
6,143.9
0,139.9
0,139.9
1,139.9
1,137.9
2,137.9
2,135.9
3,132.9
3,130.9
4,130.9
4,130.9
5,130.9
5,130.9
6,130.9
6,130.9
0,130.9
0,130.9
1,130.9
1,130.9
2,130.9
2,129.9
3,129.7
3,129.7
4,129.7
4,129.7
5,129.7
5,159.9
6,159.9
6,159.9
0,159.9
0,159.9
1,128.5
1,128.5
2,159.9
2,159.9
3,159.9
3,159.9
4,159.9
4,158.65
5,158.65
5,158.65
6,155.9
6,155.9
0,153.4
0,153.4
1,149.9
1,149.9
2,149.9
2,147.9
3,147.9
3,146.9
4,145.9
4,145.9
5,145.9
5,145.9
6,145.9
6,145.9
0,145.9
0,144.9
1,142.9
1,140.9
2,140.9
2,140.9
3,140.9
3,140.9
4,140.9
4,138.9
5,134.9
5,134.9
6,134.9
6,134.9
0,131.9
0,131.9
1,131.0
1,129.9
2,129.9
2,129.15
3,126.9
3,126.5
4,126.15
4,125.7
5,125.7
5,125.7
6,125.7
6,125.7
0,125.7
0,124.7
1,123.9
1,123.9
2,122.5
2,122.5
3,121.9
3,121.9
4,121.9
4,121.9
5,121.9
5,121.9
6,121.9
6,121.9
0,121.9
0,121.9
1,121.9
1,121.9
2,149.9
2,149.9
3,149.9
3,149.9
4,149.4
4,148.9
5,148.9
5,148.9
6,148.9
6,148.9
0,148.9
0,148.9
1,147.9
1,145.9
2,145.9
2,144.9
3,144.9
3,142.9
4,142.9
4,141.9
5,141.9
5,141.9
6,141.9
6,139.9
0,139.9
0,139.9
1,136.9
1,136.9
2,133.9
2,133.9
3,137.9
3,137.9
4,136.65
4,136.65
5,136.65
5,135.4
6,134.15
6,134.15
0,132.9
0,132.9
1,132.9
1,128.9
2,127.4
2,124.9
3,124.9
3,124.7
4,124.7
4,124.7
5,124.30000000000001
5,124.30000000000001
6,123.9
6,123.9
0,123.9
0,123.9
1,123.9
1,123.9
2,123.9
2,123.9
3,123.9
3,123.9
4,123.9
4,152.9
5,152.9
5,152.9
6,152.9
6,152.9
0,152.9
0,152.9
1,152.9
1,152.9
2,152.65
2,152.65
3,151.15
3,151.15
4,149.4
4,148.4
5,147.0666666666667
5,147.0666666666667
6,144.9
6,144.9
0,144.9
0,144.9
1,142.9
1,142.9
2,141.9
2,141.9
3,141.9
3,139.9
4,139.9
4,138.9
5,138.4
5,138.4
6,136.4
6,136.4
0,135.15
0,132.9
1,132.9
1,130.7
2,130.7
2,130.7
3,130.7
3,129.9
4,129.9
4,129.9
5,129.7
5,129.7
6,127.9
6,127.9
0,127.9
0,127.9
1,127.9
1,127.9
2,127.9
2,127.9
3,127.9
3,126.9
4,126.9
4,126.9
5,126.9
5,160.9
6,160.9
6,160.9
0,159.9
0,159.9
1,159.9
1,157.9
2,157.9
2,155.9
3,155.4
3,155.4
4,153.9
4,153.9
5,152.9
5,152.9
6,151.9
6,149.9
0,149.9
0,149.9
1,149.4
1,145.9
2,145.4
2,143.9
3,142.9
3,142.9
4,141.9
4,139.9
5,139.9
5,139.9
6,139.9
6,139.9
0,135.9
0,135.9
1,133.9
1,132.7
2,132.7
2,132.7
3,132.7
3,131.9
4,131.9
4,131.9
5,130.9
5,130.2
6,130.2
6,130.2
0,130.2
0,130.2
1,130.2
1,129.5
2,129.5
2,160.9
3,160.9
3,160.9
4,160.9
4,160.9
5,160.9
5,160.9
6,160.9
6,160.9
0,159.9
0,159.9
1,157.9
1,157.9
2,157.9
2,157.9
3,156.9
3,155.9
4,152.9
4,149.9
5,149.9
5,149.9
6,148.9
6,147.9
0,145.4
0,145.4
1,145.4
1,141.4
2,141.4
2,137.8
3,137.8
3,136.4
4,136.4
4,134.4
5,134.4
5,134.4
6,134.4
6,134.4
0,134.4
0,134.4
1,130.9
1,130.9
2,130.9
2,130.9
3,162.9
3,162.9
4,162.9
4,162.9
5,159.9
5,159.9
6,159.9
6,159.9
0,159.9
0,159.9
1,159.9
1,159.9
2,159.9
2,157.9
3,157.9
3,157.9
4,157.9
4,157.9
5,157.9
5,156.9
6,156.9
6,156.9
0,155.9
0,155.9
1,155.9
1,155.9
2,155.9
2,154.9
3,149.9
3,149.9
4,149.9
4,147.9
5,147.9
5,147.9
6,147.9
6,147.9
0,146.9
0,146.9
1,146.9
1,146.9
2,145.9
2,145.9
3,145.4
3,144.9
4,143.15
4,143.15
5,143.15
5,167.9
6,167.9
6,167.9
0,167.9
0,167.9
1,165.9
1,165.9
2,165.9
2,165.9
3,164.4
3,164.4
4,164.4
4,161.9
5,161.9
5,161.9
6,161.9
6,161.9
0,161.9
0,161.9
1,161.9
1,161.9
2,161.9
2,161.9
3,161.9
3,158.9
4,155.9
4,153.9
5,153.9
5,153.9
6,149.9
6,147.2
0,145.8
0,145.2
1,145.2
1,144.1
2,144.1
2,144.1
3,144.1
3,142.9
4,142.9
4,142.9
5,140.2
5,140.2
6,140.2
6,140.2
0,140.2
0,140.2
1,139.9
1,138.9
2,138.9
2,138.9
3,138.9
3,168.9
4,168.9
4,168.9
5,168.9
5,168.9
6,168.9
6,168.9
0,166.9
0,166.9
1,166.9
1,166.9
2,166.9
2,166.9
3,163.9
3,163.9
4,163.9
4,160.9
5,160.9
5,160.9
6,160.9
6,160.9
0,158.9
0,158.9
1,158.9
1,158.9
2,156.3
2,155.9
3,155.9
3,154.7
4,154.7
4,154.7
5,154.7
5,152.7
6,152.7
6,152.7
0,149.9
0,149.9
1,149.9
1,149.9
2,145.9
2,145.9
3,145.9
3,145.9
4,145.9
4,144.9
5,144.9
5,143.9
6,143.9
6,143.9
0,143.9
0,143.9
1,143.9
1,143.9
2,143.2
2,143.2
3,143.2
3,143.2
4,143.2
4,168.9
5,168.9
5,168.9
6,168.9
6,168.9
0,168.9
0,167.9
1,167.9
1,167.9
2,167.9
2,166.9
3,166.9
3,166.9
4,166.9
4,166.9
5,166.9
5,164.5
6,164.5
6,164.5
0,164.5
0,164.5
1,164.5
1,164.5
2,162.3
2,157.2
3,156.9
3,155.2
4,155.2
4,153.05
5,153.05
5,153.05
6,153.05
6,153.05
0,153.05
0,153.05
1,153.05
1,153.05
2,153.05
2,153.05
3,147.9
3,147.9
4,147.9
4,147.9
5,147.9
5,147.9
6,147.9
6,147.2
0,147.2
0,147.2
1,145.9
1,145.9
2,145.7
2,144.65
3,142.9
3,141.2
4,141.2
4,141.2
5,141.2
5,141.2
6,141.2
6,141.2
0,141.2
0,141.2
1,141.2
1,141.2
2,141.2
2,140.25
3,140.25
3,140.25
4,140.25
4,139.7
5,139.7
5,139.7
6,139.7
6,139.7
0,139.7
0,139.7
1,139.7
1,139.7
2,139.7
2,168.9
3,168.9
3,168.9
4,168.9
4,166.9
5,166.9
5,166.9
6,166.9
6,166.9
0,166.9
0,165.9
1,165.9
1,165.9
2,163.23333333333335
2,163.23333333333335
3,158.9
3,158.9
4,158.9
4,158.9
5,158.9
5,155.9
6,155.9
6,155.9
0,151.9
0,150.4
1,147.9
1,147.9
2,145.9
2,142.9
3,142.9
3,140.9
4,140.9
4,140.9
5,140.9
5,140.7
6,140.7
6,140.7
0,140.7
0,139.9
1,139.9
1,139.7
2,139.7
2,139.5
3,139.5
3,138.7
4,138.7
4,138.7
5,138.7
5,138.7
6,138.7
6,138.7
0,138.7
0,168.9
1,168.9
1,166.9
2,166.9
2,166.9
3,160.9
3,156.9
4,156.9
4,156.7
5,155.7
5,155.7
6,154.7
6,154.7
0,151.8
0,151.8
1,148.7
1,148.7
2,148.7
2,147.2
3,147.2
3,147.2
4,145.7
4,144.7
5,144.7
5,143.9
6,143.9
6,143.9
0,142.7
0,142.7
1,142.7
1,142.7
2,140.7
2,140.9
3,140.9
3,140.9
4,140.9
4,140.9
5,140.9
5,140.9
6,140.9
6,140.9
0,140.9
0,140.9
1,140.9
1,140.9
2,140.9
2,140.9
3,171.9
3,171.9
4,171.9
4,170.9
5,170.9
5,170.9
6,170.9
6,168.9
0,168.9
0,166.9
1,166.9
1,166.9
2,166.9
2,161.9
3,158.2
3,158.2
4,158.2
4,162.16666666666666
5,162.16666666666666
5,162.16666666666666
6,162.16666666666666
6,162.16666666666666
0,162.16666666666666
0,160.9
1,160.9
1,160.9
2,160.9
2,158.9
3,158.9
3,158.9
4,158.9
4,157.9
5,157.9
5,154.9
6,154.9
6,154.9
0,154.9
0,154.9
1,154.9
1,175.9
2,175.9
2,175.9
3,175.9
3,175.9
4,175.9
4,175.9
5,173.9
5,173.9
6,170.9
6,170.9
