0,143.9
0,143.9
1,143.9
1,143.9
2,143.9
2,143.9
3,143.9
3,143.9
4,143.9
4,143.9
5,143.9
5,143.9
6,143.9
6,143.9
0,143.9
0,143.9
1,143.9
1,143.9
2,143.9
2,143.9
3,143.9
3,143.9
4,143.9
4,143.9
5,143.9
5,143.9
6,143.9
6,143.9
0,143.9
0,142.9
1,142.9
1,142.9
2,141.26666666666665
2,141.26666666666665
3,141.26666666666665
3,141.26666666666665
4,141.26666666666665
4,141.26666666666665
5,141.26666666666665
5,141.26666666666665
6,141.26666666666665
6,141.26666666666665
0,141.26666666666665
0,141.26666666666665
1,141.26666666666665
1,141.26666666666665
2,141.26666666666665
2,141.26666666666665
3,141.26666666666665
3,141.26666666666665
4,141.26666666666665
4,141.26666666666665
5,141.26666666666665
5,141.26666666666665
6,141.26666666666665
6,141.26666666666665
0,141.26666666666665
0,141.26666666666665
1,141.26666666666665
1,141.26666666666665
2,141.26666666666665
2,141.26666666666665
3,141.26666666666665
3,141.26666666666665
4,141.26666666666665
4,141.26666666666665
5,141.26666666666665
5,141.26666666666665
6,141.26666666666665
6,141.26666666666665
0,141.26666666666665
0,141.26666666666665
1,141.26666666666665
1,141.26666666666665
2,141.26666666666665
2,141.26666666666665
3,141.26666666666665
3,141.26666666666665
4,141.26666666666665
4,141.26666666666665
5,141.26666666666665
5,141.26666666666665
6,141.26666666666665
6,141.26666666666665
0,141.26666666666665
0,141.26666666666665
1,141.26666666666665
1,141.26666666666665
2,141.26666666666665
2,141.26666666666665
3,141.26666666666665
3,141.26666666666665
4,141.26666666666665
4,141.26666666666665
5,141.26666666666665
5,141.26666666666665
6,141.26666666666665
6,141.26666666666665
0,141.26666666666665
0,141.26666666666665
1,141.26666666666665
1,141.26666666666665
2,141.26666666666665
2,141.26666666666665
3,141.26666666666665
3,141.26666666666665
4,141.26666666666665
4,141.26666666666665
5,141.26666666666665
5,141.26666666666665
6,141.26666666666665
6,141.26666666666665
0,141.26666666666665
0,141.26666666666665
1,141.26666666666665
1,141.26666666666665
2,141.26666666666665
2,141.26666666666665
3,141.26666666666665
3,141.26666666666665
4,141.26666666666665
4,141.26666666666665
5,141.26666666666665
5,141.26666666666665
6,141.26666666666665
6,141.26666666666665
0,141.26666666666665
0,141.26666666666665
1,141.26666666666665
1,141.26666666666665
2,141.26666666666665
2,141.26666666666665
3,141.26666666666665
3,141.26666666666665
4,141.26666666666665
4,141.26666666666665
5,141.26666666666665
5,141.26666666666665
6,141.26666666666665
6,141.26666666666665
0,141.26666666666665
0,141.26666666666665
1,141.26666666666665
1,141.26666666666665
2,141.26666666666665
2,141.26666666666665
3,141.26666666666665
3,141.26666666666665
4,141.26666666666665
4,141.26666666666665
5,141.26666666666665
5,141.26666666666665
6,141.26666666666665
6,141.26666666666665
0,141.26666666666665
0,141.26666666666665
1,141.26666666666665
1,141.26666666666665
2,141.26666666666665
2,141.26666666666665
3,141.26666666666665
3,141.26666666666665
4,141.26666666666665
4,141.26666666666665
5,141.26666666666665
5,141.26666666666665
6,141.26666666666665
6,141.26666666666665
0,141.26666666666665
0,141.26666666666665
1,141.26666666666665
1,141.26666666666665
2,141.26666666666665
2,141.26666666666665
3,141.26666666666665
3,141.26666666666665
4,141.26666666666665
4,141.26666666666665
5,141.26666666666665
5,141.26666666666665
6,141.26666666666665
6,141.26666666666665
0,141.26666666666665
0,141.26666666666665
1,141.26666666666665
1,141.26666666666665
2,141.26666666666665
2,141.26666666666665
3,141.26666666666665
3,141.26666666666665
4,141.26666666666665
4,141.26666666666665
5,141.26666666666665
5,141.26666666666665
6,141.26666666666665
6,141.26666666666665
0,141.26666666666665
0,141.26666666666665
1,141.26666666666665
1,141.26666666666665
2,141.26666666666665
2,141.26666666666665
3,141.26666666666665
3,141.26666666666665
4,141.26666666666665
4,141.26666666666665
5,141.26666666666665
5,141.26666666666665
6,141.26666666666665
6,141.26666666666665
0,141.26666666666665
0,141.26666666666665
1,141.26666666666665
1,141.26666666666665
2,141.26666666666665
2,141.26666666666665
3,141.26666666666665
3,141.26666666666665
4,141.26666666666665
4,141.26666666666665
5,141.26666666666665
5,141.26666666666665
6,141.26666666666665
6,141.26666666666665
0,141.26666666666665
0,141.26666666666665
1,141.26666666666665
1,141.26666666666665
2,141.26666666666665
2,141.26666666666665
3,141.26666666666665
3,141.26666666666665
4,141.26666666666665
4,141.26666666666665
5,141.26666666666665
5,141.26666666666665
6,141.26666666666665
6,141.26666666666665
0,141.26666666666665
0,141.26666666666665
1,141.26666666666665
1,141.26666666666665
2,141.26666666666665
2,141.26666666666665
3,141.26666666666665
3,141.26666666666665
4,141.26666666666665
4,141.26666666666665
5,141.26666666666665
5,141.26666666666665
6,141.26666666666665
6,141.26666666666665
0,141.26666666666665
0,141.26666666666665
1,141.26666666666665
1,141.26666666666665
2,141.26666666666665
2,141.26666666666665
3,141.26666666666665
3,141.26666666666665
4,141.26666666666665
4,141.26666666666665
5,141.26666666666665
5,141.26666666666665
6,141.26666666666665
6,141.26666666666665
0,141.26666666666665
0,141.26666666666665
1,141.26666666666665
1,141.26666666666665
2,141.26666666666665
2,141.26666666666665
3,141.26666666666665
3,141.26666666666665
4,141.26666666666665
4,141.26666666666665
5,141.26666666666665
5,141.26666666666665
6,141.26666666666665
6,141.26666666666665
0,141.26666666666665
0,141.26666666666665
1,141.26666666666665
1,141.26666666666665
2,141.26666666666665
2,141.26666666666665
3,141.26666666666665
3,141.26666666666665
4,141.26666666666665
4,141.26666666666665
5,141.26666666666665
5,141.26666666666665
6,141.26666666666665
6,141.26666666666665
0,141.26666666666665
0,141.26666666666665
1,141.26666666666665
1,141.26666666666665
2,141.26666666666665
2,141.26666666666665
3,141.26666666666665
3,141.26666666666665
4,141.26666666666665
4,141.26666666666665
5,141.26666666666665
5,141.26666666666665
6,141.26666666666665
6,141.26666666666665
0,141.26666666666665
0,141.26666666666665
1,141.26666666666665
1,141.26666666666665
2,141.26666666666665
2,141.26666666666665
3,141.26666666666665
3,141.26666666666665
4,141.26666666666665
4,141.26666666666665
5,141.26666666666665
5,164.9
6,164.9
6,164.9
0,164.9
0,164.9
1,164.9
1,164.9
2,164.9
2,164.9
3,164.9
3,164.9
4,164.9
4,164.9
5,164.9
5,164.9
6,164.9
6,164.9
0,164.9
0,164.9
1,164.9
1,164.9
2,164.9
2,164.9
3,164.9
3,164.9
4,164.9
4,164.9
5,164.9
5,164.9
6,164.9
6,164.9
0,164.9
0,164.9
1,164.9
1,164.9
2,164.9
2,164.9
3,164.9
3,164.9
4,164.9
4,164.9
5,164.9
5,164.9
6,164.9
6,164.9
0,164.9
0,164.9
1,164.9
1,164.9
2,164.9
2,164.9
3,164.9
3,164.9
4,164.9
4,164.9
5,164.9
5,164.9
6,164.9
6,164.9
0,164.9
0,164.9
1,164.9
1,164.9
2,164.9
2,164.9
3,164.9
3,164.9
4,164.9
4,164.9
5,164.9
5,164.9
6,164.9
6,164.9
0,164.9
0,164.9
1,164.9
1,164.9
2,164.9
2,164.9
3,164.9
3,164.9
4,164.9
4,164.9
5,164.9
5,164.9
6,164.9
6,164.9
0,164.9
0,164.9
1,164.9
1,164.9
2,164.9
2,164.9
3,164.9
3,164.9
4,164.9
4,164.9
5,164.9
5,164.9
6,164.9
6,164.9
0,164.9
0,164.9
1,164.9
1,164.9
2,164.9
2,164.9
3,158.7
3,158.7
4,158.7
4,158.7
5,158.7
5,158.7
6,158.7
6,158.7
0,158.7
0,158.5
1,158.5
1,158.5
2,158.5
2,158.5
3,158.5
3,158.5
4,158.5
4,158.5
5,158.5
5,158.5
6,158.5
6,158.5
0,158.5
0,158.5
1,158.5
1,158.5
2,158.5
2,158.5
3,158.5
3,158.5
4,158.5
4,156.7
5,156.7
5,156.7
6,156.7
6,155.7
0,155.7
0,155.7
1,155.7
1,155.7
2,155.7
2,155.7
3,155.7
3,154.7
4,154.7
4,154.7
5,154.7
5,154.7
6,154.7
6,154.7
0,154.7
0,154.8
1,154.8
1,154.8
2,154.8
2,154.8
3,154.8
3,154.8
4,154.8
4,154.8
5,154.8
5,154.8
6,154.8
6,154.8
0,154.8
0,154.8
1,154.8
1,154.8
2,154.8
2,154.8
3,154.8
3,154.8
4,154.8
4,154.8
5,154.8
5,154.8
6,154.8
6,154.8
0,154.8
0,154.8
1,154.8
1,154.8
2,154.8
2,154.8
3,154.8
3,154.8
4,154.8
4,154.8
5,154.8
5,154.8
6,154.8
6,154.8
0,154.8
0,154.8
1,154.8
1,154.8
2,154.8
2,154.8
3,154.8
3,154.8
4,154.8
4,154.8
5,154.8
5,154.8
6,154.8
6,154.8
0,154.8
0,154.8
1,154.8
1,154.8
2,154.8
2,154.8
3,154.8
3,154.8
4,154.8
4,154.8
5,154.8
5,154.8
6,154.8
6,154.8
0,154.8
0,154.8
1,154.8
1,148.9
2,148.1
2,148.1
3,148.1
3,148.1
4,148.1
4,148.1
5,148.1
5,148.1
6,148.1
6,148.1
0,148.1
0,148.1
1,148.1
1,148.1
2,148.1
2,148.1
3,148.1
3,148.1
4,148.1
4,148.1
5,148.1
5,148.1
6,148.1
6,148.1
0,148.1
0,148.1
1,148.1
1,148.1
2,148.1
2,148.1
3,148.1
3,148.1
4,148.1
4,148.1
5,148.1
5,148.1
6,148.1
6,148.1
0,148.1
0,148.1
1,148.1
1,148.1
2,148.1
2,148.1
3,148.1
3,148.1
4,148.1
4,148.1
5,148.1
5,148.1
6,148.1
6,148.1
0,148.1
0,148.1
1,148.1
1,148.1
2,148.1
2,148.1
3,148.1
3,148.1
4,148.1
4,148.1
5,148.1
5,148.1
6,148.1
6,148.1
0,148.1
0,148.1
1,148.1
1,148.1
2,148.1
2,148.1
3,148.1
3,148.1
4,148.1
4,148.1
5,148.1
5,148.1
6,148.1
6,148.1
0,148.1
0,148.1
1,148.1
1,148.1
2,148.1
2,148.1
3,148.1
3,148.1
4,148.1
4,148.1
5,148.1
5,148.1
6,148.1
6,148.1
0,148.1
0,148.1
1,148.1
1,148.1
2,148.1
2,148.1
3,148.1
3,148.1
4,148.1
4,148.1
5,147.1
5,147.1
6,147.1
6,147.1
0,147.1
0,147.1
1,147.1
1,147.1
2,147.1
2,147.1
3,147.1
3,146.9
4,146.9
4,146.9
5,146.9
5,146.9
6,146.9
6,146.9
0,146.9
0,146.9
1,146.9
1,146.9
2,146.9
2,146.9
3,146.9
3,146.7
4,146.7
4,146.7
5,146.7
5,146.7
6,146.7
6,146.7
0,146.7
0,146.7
1,146.7
1,146.7
2,146.7
2,146.7
3,146.7
3,146.7
4,146.7
4,146.7
5,146.7
5,146.7
6,146.7
6,146.7
0,146.7
0,146.7
1,146.7
1,146.7
2,146.7
2,146.7
3,146.7
3,146.7
4,146.7
4,146.7
5,146.7
5,146.7
6,146.7
6,146.7
0,146.7
0,146.7
1,146.7
1,146.7
2,146.7
2,146.7
3,146.7
3,146.7
4,146.7
4,146.7
5,146.7
5,146.7
6,146.7
6,146.7
0,146.7
0,146.7
1,146.7
1,146.7
2,146.7
2,146.7
3,146.7
3,146.7
4,146.7
4,146.7
5,146.7
5,146.7
6,146.7
6,146.7
0,146.7
0,146.7
1,146.7
1,146.7
2,146.7
2,146.7
3,146.7
3,146.7
4,146.7
4,146.7
5,146.7
5,146.7
6,146.7
6,146.7
0,146.7
0,146.7
1,146.7
1,146.7
2,146.7
2,146.7
3,146.7
3,146.7
4,146.7
4,146.7
5,146.7
5,146.7
6,146.7
6,146.7
0,146.7
0,146.7
1,146.7
1,146.7
2,146.7
2,146.7
3,146.7
3,146.7
4,146.7
4,146.7
5,146.7
5,146.7
6,146.7
6,146.7
0,146.7
0,146.7
1,146.7
1,146.7
2,146.7
2,146.7
3,146.7
3,146.7
4,146.7
4,146.7
5,146.7
5,146.7
6,146.7
6,146.7
0,146.7
0,146.7
1,146.7
1,147.7
2,147.7
2,147.7
3,147.7
3,147.7
4,147.7
4,147.7
5,147.7
5,147.7
6,147.7
6,147.7
0,147.7
0,147.7
1,147.7
1,147.7
2,147.7
2,147.7
3,147.7
3,147.7
4,147.7
4,147.7
5,147.7
5,147.7
6,147.7
6,147.7
0,147.7
0,147.7
1,147.7
1,147.7
2,147.7
2,147.7
3,147.7
3,147.7
4,147.7
4,147.7
5,147.7
5,147.7
6,147.7
6,147.7
0,147.7
0,147.7
1,147.7
1,147.7
2,147.7
2,147.7
3,147.7
3,147.7
4,147.7
4,147.7
5,147.7
5,147.7
6,147.7
6,147.7
0,147.7
0,147.7
1,147.7
1,147.7
2,147.7
2,147.7
3,147.7
3,147.7
4,147.7
4,147.7
5,147.7
5,147.7
6,147.7
6,147.7
0,147.7
0,147.7
1,147.7
1,147.7
2,147.7
2,147.7
3,147.7
3,147.7
4,147.7
4,147.7
5,147.7
5,147.7
6,147.7
6,147.7
0,147.7
0,147.7
1,147.7
1,147.7
2,147.7
2,147.7
3,147.7
3,147.7
4,147.7
4,162.9
5,162.9
5,162.9
6,162.9
6,162.9
0,162.9
0,162.9
1,162.9
1,162.9
2,162.9
2,162.9
3,162.9
3,162.9
4,162.9
4,162.9
5,162.9
5,162.9
6,162.9
6,162.9
0,162.9
0,162.9
1,162.9
1,162.9
2,162.9
2,162.9
3,162.9
3,162.9
4,162.9
4,162.9
5,162.9
5,162.9
6,162.9
6,162.9
0,162.9
0,162.9
1,162.9
1,162.9
2,162.9
2,162.9
3,162.9
3,162.9
4,162.9
4,162.9
5,162.9
5,162.9
6,162.9
6,162.9
0,162.9
0,162.9
1,162.9
1,162.9
2,162.9
2,162.9
3,162.9
3,162.9
4,162.9
4,162.9
5,162.9
5,162.9
6,162.9
6,162.9
0,162.9
0,162.9
1,162.9
1,162.9
2,162.9
2,162.9
3,162.9
3,162.9
4,162.9
4,162.9
5,162.9
5,162.9
6,162.9
6,162.9
0,162.9
0,162.9
1,162.9
1,162.9
2,162.9
2,162.9
3,162.7
3,162.7
4,162.7
4,162.7
5,162.7
5,162.7
6,162.7
6,162.7
0,162.7
0,162.7
1,162.7
1,162.7
2,162.7
2,162.7
3,162.7
3,167.9
4,167.9
4,167.9
5,167.9
5,167.9
6,167.9
6,167.9
0,167.9
0,167.9
1,167.9
1,167.9
2,167.9
2,167.9
3,167.9
3,167.9
4,167.9
4,165.9
5,165.9
5,165.9
6,165.9
6,165.9
0,165.9
0,165.9
1,165.9
1,165.9
2,165.9
2,165.9
3,165.9
3,165.9
4,165.9
4,165.9
5,165.9
5,165.9
6,165.9
6,165.9
0,165.9
0,165.9
1,165.9
1,165.9
2,165.9
2,166.9
3,166.9
3,166.9
4,166.9
4,166.9
5,166.9
5,166.9
6,166.9
6,166.9
0,166.9
0,166.9
1,166.9
1,166.9
2,166.9
2,166.9
3,166.9
3,166.9
4,166.9
4,166.9
5,166.9
5,166.9
6,166.9
6,166.9
0,166.9
0,166.9
1,166.9
1,166.9
2,166.9
2,166.9
3,166.9
3,168.9
4,168.9
4,168.9
5,168.9
5,168.9
6,168.9
6,168.9
0,168.9
0,168.9
1,168.9
1,168.9
2,168.9
2,168.9
3,168.9
3,168.9
4,168.9
4,168.9
5,168.9
5,168.9
6,168.9
6,168.9
0,168.9
0,168.9
1,168.9
1,166.9
2,166.9
2,166.9
3,166.9
3,166.9
4,166.9
4,166.9
5,166.9
5,166.9
6,166.9
6,166.9
0,166.9
0,166.9
1,166.9
1,166.9
2,166.9
2,166.9
3,166.9
3,166.9
4,166.9
4,166.9
5,166.9
5,166.9
6,166.9
6,166.9
0,166.9
0,166.9
1,166.9
1,166.9
2,166.9
2,166.9
3,166.9
3,166.9
4,166.9
4,166.9
5,166.9
5,166.9
6,166.9
6,166.9
0,166.9
0,159.9
1,159.9
1,159.9
2,159.9
2,159.9
3,159.9
3,160.9
4,160.9
4,160.9
5,160.9
5,160.9
6,160.9
6,160.9
0,160.9
0,160.9
1,160.9
1,160.9
2,160.9
2,160.9
3,160.9
3,160.9
4,160.9
4,160.9
5,160.9
5,160.9
6,160.9
6,160.9
0,160.9
0,160.9
1,160.9
1,160.9
2,160.9
2,160.9
3,160.9
3,160.9
4,160.9
4,160.9
5,160.9
5,160.9
6,160.9
6,160.9
0,160.9
0,160.9
1,160.9
1,160.9
2,160.9
2,160.9
3,160.9
3,160.9
4,160.9
4,160.9
5,160.9
5,160.9
6,160.9
6,160.9
0,160.9
0,160.9
1,160.9
1,160.9
2,160.9
2,163.9
3,163.9
3,163.9
4,163.9
4,163.9
5,163.9
5,163.9
6,163.9
6,160.9
0,160.9
0,160.9
1,160.9
1,160.9
2,160.9
2,160.9
3,160.9
3,160.9
4,160.9
4,160.9
5,160.9
5,160.9
6,160.9
6,160.9
0,160.9
0,160.9
1,160.9
1,160.9
2,160.9
2,160.9
3,160.9
3,160.9
4,160.9
4,160.9
5,160.9
5,160.9
6,160.9
6,160.9
0,160.9
0,160.9
1,160.9
1,160.9
2,160.9
2,160.9
3,160.9
3,160.9
4,160.9
4,160.9
5,160.9
5,160.9
6,160.9
6,160.9
0,160.9
0,163.9
1,170.9
1,170.9
2,170.9
2,170.9
3,170.9
3,168.9
4,168.9
4,168.9
5,168.9
5,168.9
6,168.9
6,168.9
0,168.9
0,168.9
1,168.9
1,168.9
2,168.9
2,168.9
3,168.9
3,168.9
4,168.9
4,168.9
5,168.9
5,168.9
6,168.9
6,168.9
0,168.9
0,168.9
1,168.9
1,168.9
2,168.9
2,168.9
3,168.9
3,168.9
4,168.9
4,168.9
5,168.9
5,168.9
6,168.9
6,168.9
