0,139.9
0,139.9
1,139.9
1,139.9
2,139.9
2,139.9
3,139.9
3,139.9
4,139.9
4,139.9
5,139.9
5,139.9
6,139.9
6,139.9
0,137.9
0,137.9
1,137.9
1,137.9
2,137.9
2,137.9
3,137.9
3,137.9
4,137.9
4,137.9
5,137.9
5,137.9
6,137.8
6,137.9
0,137.9
0,137.9
1,137.9
1,137.9
2,137.9
2,137.9
3,137.9
3,137.9
4,137.9
4,137.9
5,137.9
5,137.9
6,137.9
6,137.9
0,137.9
0,137.9
1,137.3
1,137.3
2,137.3
2,137.3
3,137.3
3,137.3
4,137.3
4,137.3
5,137.3
5,137.3
6,137.3
6,137.3
0,137.3
0,137.3
1,137.3
1,137.3
2,137.3
2,137.3
3,137.3
3,137.3
4,137.3
4,137.3
5,137.3
5,137.3
6,137.35000000000002
6,137.35000000000002
0,137.35000000000002
0,137.35000000000002
1,137.35000000000002
1,137.35000000000002
2,137.35000000000002
2,137.35000000000002
3,137.35000000000002
3,137.35000000000002
4,137.35000000000002
4,137.35000000000002
5,137.35000000000002
5,137.35000000000002
6,137.35000000000002
6,137.35000000000002
0,137.35000000000002
0,137.35000000000002
1,137.35000000000002
1,137.35000000000002
2,137.35000000000002
2,137.35000000000002
3,137.35000000000002
3,137.35000000000002
4,137.35000000000002
4,137.35000000000002
5,137.35000000000002
5,137.35000000000002
6,137.35000000000002
6,137.35000000000002
0,137.35000000000002
0,137.35000000000002
1,137.35000000000002
1,137.35000000000002
2,137.35000000000002
2,137.35000000000002
3,137.35000000000002
3,137.35000000000002
4,137.35000000000002
4,137.35000000000002
5,137.35000000000002
5,137.35000000000002
6,137.35000000000002
6,137.35000000000002
0,137.35000000000002
0,137.35000000000002
1,137.35000000000002
1,137.35000000000002
2,137.35000000000002
2,137.35000000000002
3,137.35000000000002
3,137.35000000000002
4,137.35000000000002
4,137.35000000000002
5,137.35000000000002
5,137.35000000000002
6,137.35000000000002
6,137.35000000000002
0,137.35000000000002
0,137.35000000000002
1,137.35000000000002
1,137.35000000000002
2,137.35000000000002
2,137.35000000000002
3,137.35000000000002
3,137.35000000000002
4,137.35000000000002
4,137.35000000000002
5,137.35000000000002
5,137.35000000000002
6,137.35000000000002
6,137.35000000000002
0,137.35000000000002
0,137.35000000000002
1,137.35000000000002
1,137.35000000000002
2,137.35000000000002
2,137.35000000000002
3,137.35000000000002
3,137.35000000000002
4,137.35000000000002
4,137.35000000000002
5,137.35000000000002
5,137.35000000000002
6,137.35000000000002
6,137.35000000000002
0,137.35000000000002
0,137.35000000000002
1,137.35000000000002
1,137.35000000000002
2,137.35000000000002
2,137.35000000000002
3,137.35000000000002
3,137.35000000000002
4,137.35000000000002
4,137.35000000000002
5,137.35000000000002
5,137.35000000000002
6,137.35000000000002
6,137.35000000000002
0,137.35000000000002
0,137.35000000000002
1,137.35000000000002
1,137.35000000000002
2,137.35000000000002
2,137.35000000000002
3,137.35000000000002
3,137.35000000000002
4,137.35000000000002
4,137.35000000000002
5,137.35000000000002
5,137.35000000000002
6,137.35000000000002
6,137.35000000000002
0,137.35000000000002
0,137.35000000000002
1,137.35000000000002
1,137.35000000000002
2,137.35000000000002
2,137.35000000000002
3,137.35000000000002
3,137.35000000000002
4,137.35000000000002
4,137.35000000000002
5,137.35000000000002
5,137.35000000000002
6,137.35000000000002
6,137.35000000000002
0,137.35000000000002
0,137.35000000000002
1,137.35000000000002
1,137.35000000000002
2,137.35000000000002
2,137.35000000000002
3,137.35000000000002
3,137.35000000000002
4,137.35000000000002
4,137.35000000000002
5,137.35000000000002
5,137.35000000000002
6,137.35000000000002
6,137.35000000000002
0,137.35000000000002
0,137.35000000000002
1,137.35000000000002
1,137.35000000000002
2,137.35000000000002
2,137.35000000000002
3,137.35000000000002
3,137.35000000000002
4,137.35000000000002
4,137.35000000000002
5,137.35000000000002
5,137.35000000000002
6,137.35000000000002
6,137.35000000000002
0,137.35000000000002
0,137.35000000000002
1,137.35000000000002
1,137.35000000000002
2,137.35000000000002
2,137.35000000000002
3,137.35000000000002
3,137.35000000000002
4,137.35000000000002
4,137.35000000000002
5,137.35000000000002
5,137.35000000000002
6,137.35000000000002
6,137.35000000000002
0,137.35000000000002
0,137.35000000000002
1,137.35000000000002
1,137.35000000000002
2,137.35000000000002
2,137.35000000000002
3,137.35000000000002
3,137.35000000000002
4,137.35000000000002
4,137.35000000000002
5,137.35000000000002
5,137.35000000000002
6,137.35000000000002
6,137.35000000000002
0,137.35000000000002
0,137.35000000000002
1,137.35000000000002
1,137.35000000000002
2,137.35000000000002
2,137.35000000000002
3,137.35000000000002
3,137.35000000000002
4,137.35000000000002
4,137.35000000000002
5,137.35000000000002
5,137.35000000000002
6,137.35000000000002
6,137.35000000000002
0,137.35000000000002
0,137.35000000000002
1,137.35000000000002
1,137.35000000000002
2,137.35000000000002
2,137.35000000000002
3,137.35000000000002
3,137.35000000000002
4,137.35000000000002
4,137.35000000000002
5,137.35000000000002
5,137.35000000000002
6,137.35000000000002
6,137.35000000000002
0,137.35000000000002
0,137.35000000000002
1,137.35000000000002
1,137.35000000000002
2,137.35000000000002
2,137.35000000000002
3,137.35000000000002
3,149.8
4,149.8
4,149.8
5,149.8
5,149.8
6,149.8
6,149.8
0,149.8
0,149.8
1,149.8
1,149.8
2,149.8
2,149.8
3,149.8
3,149.8
4,149.8
4,149.8
5,149.8
5,149.8
6,149.8
6,149.8
0,149.8
0,149.8
1,149.8
1,149.8
2,149.8
2,149.8
3,149.8
3,149.8
4,149.8
4,149.8
5,149.8
5,149.8
6,149.8
6,149.8
0,149.8
0,149.8
1,162.9
1,162.9
2,149.9
2,164.9
3,164.9
3,164.9
4,164.9
4,164.9
5,164.9
5,164.9
6,164.9
6,164.9
0,164.9
0,164.9
1,164.9
1,164.9
2,159.9
2,159.9
3,159.9
3,159.9
4,159.9
4,159.9
5,159.9
5,159.9
6,159.9
6,159.9
0,159.9
0,159.9
1,159.9
1,159.9
2,159.9
2,159.9
3,159.9
3,159.9
4,159.9
4,159.7
5,159.7
5,159.7
6,159.7
6,159.7
0,159.7
0,159.7
1,159.7
1,159.7
2,159.7
2,159.6
3,159.6
3,159.6
4,159.6
4,159.7
5,159.7
5,159.7
6,159.7
6,159.7
0,159.7
0,159.7
1,159.7
1,159.7
2,159.7
2,159.7
3,159.7
3,159.7
4,159.7
4,159.7
5,159.7
5,159.7
6,159.7
6,159.7
0,159.7
0,159.7
1,159.7
1,159.7
2,159.7
2,159.7
3,159.7
3,159.7
4,159.7
4,159.7
5,159.7
5,159.7
6,159.7
6,159.7
0,159.7
0,159.7
1,159.7
1,159.7
2,159.7
2,159.7
3,159.7
3,159.7
4,159.7
4,159.7
5,159.7
5,159.7
6,159.7
6,159.7
0,159.7
0,159.7
1,159.7
1,159.7
2,159.7
2,159.7
3,159.7
3,159.7
4,159.7
4,159.7
5,159.7
5,159.7
6,159.7
6,159.7
0,159.7
0,159.7
1,159.7
1,159.7
2,159.7
2,159.7
3,159.7
3,159.7
4,159.7
4,159.7
5,159.7
5,159.7
6,159.7
6,159.7
0,159.7
0,151.9
1,151.9
1,151.9
2,151.9
2,151.9
3,151.9
3,151.9
4,151.9
4,151.9
5,151.9
5,151.9
6,147.9
6,147.9
0,147.9
0,147.9
1,147.9
1,147.9
2,147.9
2,147.9
3,147.9
3,147.9
4,147.7
4,147.7
5,147.7
5,147.7
6,147.7
6,147.7
0,147.7
0,147.7
1,147.7
1,147.7
2,147.7
2,144.9
3,144.9
3,144.9
4,144.9
4,144.9
5,144.9
5,144.9
6,144.9
6,144.9
0,144.9
0,144.9
1,144.9
1,144.9
2,144.9
2,144.9
3,144.9
3,144.9
4,144.9
4,144.9
5,144.9
5,144.9
6,144.9
6,144.9
0,144.9
0,144.9
1,144.9
1,144.9
2,144.9
2,144.9
3,144.9
3,144.9
4,144.9
4,144.9
5,144.9
5,144.9
6,144.9
6,144.9
0,144.9
0,144.9
1,144.9
1,144.9
2,144.9
2,144.9
3,144.9
3,144.9
4,144.9
4,144.9
5,144.9
5,144.9
6,144.9
6,144.9
0,144.9
0,144.9
1,144.9
1,144.9
2,144.9
2,144.9
3,144.9
3,144.9
4,144.9
4,144.9
5,144.9
5,144.9
6,144.9
6,144.9
0,144.9
0,144.9
1,144.9
1,144.9
2,144.9
2,144.9
3,144.9
3,144.9
4,144.9
4,144.9
5,144.9
5,144.9
6,144.9
6,144.9
0,144.9
0,144.9
1,144.9
1,144.9
2,144.9
2,144.9
3,144.9
3,144.9
4,144.9
4,144.9
5,144.9
5,144.9
6,144.9
6,144.9
0,144.9
0,144.9
1,144.9
1,144.9
2,144.9
2,144.9
3,144.9
3,144.9
4,144.9
4,144.9
5,144.9
5,144.9
6,144.9
6,144.9
0,144.9
0,144.9
1,144.9
1,144.9
2,144.9
2,144.9
3,144.9
3,144.9
4,144.9
4,144.9
5,144.9
5,144.9
6,144.9
6,144.9
0,144.9
0,144.9
1,144.9
1,144.9
2,144.9
2,144.9
3,144.9
3,144.9
4,144.9
4,144.9
5,144.9
5,144.9
6,144.9
6,144.9
0,144.9
0,144.9
1,144.9
1,144.9
2,144.9
2,144.9
3,144.9
3,144.9
4,144.9
4,144.9
5,144.9
5,144.9
6,144.9
6,144.9
0,144.9
0,144.9
1,144.9
1,144.9
2,144.9
2,144.9
3,143.9
3,143.9
4,140.9
4,140.9
5,140.9
5,140.9
6,140.9
6,140.9
0,140.9
0,140.9
1,140.9
1,140.9
2,140.9
2,140.9
3,140.9
3,140.9
4,140.9
4,139.9
5,137.9
5,137.9
6,137.9
6,136.9
0,136.9
0,135.9
1,135.9
1,135.9
2,135.9
2,135.9
3,135.9
3,135.9
4,135.9
4,135.9
5,135.9
5,135.9
6,135.9
6,135.9
0,135.9
0,135.9
1,135.9
1,134.9
2,134.9
2,134.9
3,134.9
3,134.9
4,149.9
4,149.9
5,147.9
5,147.9
6,147.9
6,147.9
0,147.9
0,147.9
1,147.9
1,147.9
2,141.9
2,141.9
3,141.9
3,141.9
4,140.9
4,140.9
5,140.9
5,140.9
6,140.9
6,140.9
0,140.9
0,140.9
1,140.9
1,138.9
2,135.9
2,135.9
3,135.9
3,135.9
4,135.9
4,135.9
5,135.9
5,135.9
6,135.9
6,135.9
0,135.9
0,135.9
1,135.9
1,135.9
2,135.9
2,135.9
3,135.9
3,135.9
4,135.9
4,135.9
5,135.9
5,135.9
6,135.9
6,135.9
0,135.9
0,135.9
1,135.9
1,135.9
2,135.9
2,135.9
3,135.9
3,135.9
4,135.9
4,135.9
5,135.9
5,135.9
6,135.9
6,135.9
0,135.9
0,135.9
1,135.9
1,149.9
2,149.9
2,149.9
3,141.9
3,141.9
4,138.9
4,138.9
5,135.9
5,135.9
6,135.9
6,135.9
0,135.9
0,135.9
1,135.9
1,135.9
2,135.9
2,135.9
3,135.9
3,135.9
4,135.9
4,135.9
5,135.9
5,135.9
6,135.9
6,135.9
0,135.9
0,135.9
1,135.9
1,135.9
2,135.9
2,135.9
3,135.9
3,135.9
4,135.9
4,135.9
5,135.9
5,135.9
6,135.9
6,135.9
0,135.9
0,135.9
1,135.9
1,135.9
2,135.9
2,135.9
3,135.9
3,135.9
4,135.9
4,135.9
5,135.9
5,135.9
6,135.9
6,135.9
0,135.9
0,135.9
1,135.9
1,149.9
2,149.9
2,149.9
3,149.9
3,149.9
4,149.9
4,149.9
5,149.9
5,149.9
6,149.9
6,147.9
0,147.9
0,147.9
1,147.9
1,147.9
2,147.9
2,147.9
3,147.9
3,147.9
4,146.9
4,146.9
5,146.9
5,146.9
6,146.9
6,146.9
0,146.4
0,146.4
1,146.4
1,146.4
2,146.4
2,153.9
3,153.9
3,153.9
4,153.9
4,153.9
5,153.9
5,153.9
6,152.9
6,152.9
0,152.9
0,152.9
1,149.9
1,149.9
2,149.9
2,149.7
3,149.7
3,149.7
4,149.7
4,149.7
5,149.7
5,149.7
6,149.7
6,149.7
0,139.9
0,139.9
1,139.9
1,139.9
2,139.9
2,139.9
3,139.9
3,139.9
4,139.9
4,139.9
5,139.9
5,139.9
6,139.9
6,139.9
0,139.9
0,139.9
1,139.9
1,139.9
2,139.9
2,139.9
3,139.9
3,139.9
4,139.9
4,139.9
5,139.9
5,139.9
6,139.9
6,139.9
0,139.9
0,139.9
1,139.9
1,139.9
2,139.9
2,139.9
3,139.9
3,139.9
4,139.9
4,139.9
5,139.9
5,139.8
6,139.8
6,139.8
0,139.8
0,139.8
1,139.8
1,157.9
2,157.9
2,157.9
3,157.9
3,157.9
4,156.9
4,156.9
5,156.9
5,156.9
6,156.9
6,156.9
0,156.9
0,156.9
1,156.9
1,156.9
2,156.9
2,156.9
3,154.9
3,154.9
4,154.9
4,153.9
5,153.9
5,153.9
6,153.9
6,153.9
0,153.9
0,153.9
1,153.9
1,153.9
2,153.9
2,153.9
3,153.9
3,153.9
4,152.9
4,152.9
5,152.9
5,152.9
6,152.9
6,152.9
0,152.9
0,152.9
1,152.9
1,152.9
2,152.9
2,163.9
3,163.9
3,163.9
4,163.9
4,163.9
5,163.9
5,163.9
6,163.9
6,163.9
0,163.9
0,163.9
1,163.9
1,163.9
2,163.9
2,163.9
3,163.9
3,163.9
4,163.9
4,163.9
5,163.9
5,163.9
6,163.9
6,163.9
0,163.9
0,163.9
1,163.9
1,163.9
2,163.9
2,163.9
3,163.9
3,163.9
4,163.9
4,163.9
5,163.9
5,163.9
6,163.9
6,163.9
0,163.9
0,163.9
1,163.9
1,159.9
2,159.9
2,158.9
3,158.9
3,168.9
4,168.9
4,168.9
5,168.9
5,168.9
6,168.9
6,168.9
0,168.9
0,168.9
1,168.9
1,168.9
2,168.9
2,168.9
3,168.9
3,168.9
4,168.9
4,168.9
5,168.9
5,168.9
6,168.9
6,168.9
0,168.9
0,168.9
1,168.9
1,168.9
2,168.9
2,166.9
3,166.9
3,166.9
4,166.9
4,166.9
5,166.9
5,164.9
6,164.9
6,164.9
0,164.9
0,164.9
1,164.9
1,164.9
2,164.9
2,164.9
3,164.9
3,162.9
4,162.9
4,162.9
5,162.9
5,162.9
6,162.9
6,162.9
0,162.9
0,162.9
1,162.9
1,162.9
2,162.9
2,162.9
3,160.9
3,160.9
4,160.9
4,160.9
5,160.9
5,160.9
6,160.9
6,160.9
0,160.9
0,160.9
1,160.9
1,160.9
2,160.9
2,160.9
3,160.9
3,160.9
4,160.9
4,160.9
5,160.9
5,160.9
6,160.9
6,160.9
0,160.9
0,160.9
1,160.9
1,160.9
2,160.9
2,160.9
3,160.9
3,160.9
4,160.9
4,160.9
5,160.9
5,160.9
6,160.9
6,160.9
0,160.9
0,160.9
1,160.9
1,160.9
2,160.9
2,160.9
3,160.9
3,160.9
4,158.9
4,158.9
5,158.9
5,158.9
6,158.9
6,158.9
0,158.9
0,158.9
1,158.9
1,158.9
2,158.9
2,158.9
3,158.9
3,158.9
4,158.9
4,158.9
5,158.9
5,158.9
6,158.9
6,158.9
0,158.9
0,158.9
1,158.9
1,158.9
2,157.9
2,157.9
3,157.9
3,157.9
4,157.9
4,157.9
5,157.9
5,157.9
6,157.9
6,157.9
0,157.9
0,154.4
1,154.4
1,154.4
2,154.4
2,154.4
3,154.4
3,154.4
4,154.4
4,160.9
5,160.9
5,160.9
6,160.9
6,154.4
0,154.4
0,154.4
1,153.9
1,153.9
2,153.9
2,153.9
3,153.9
3,153.9
4,153.9
4,153.9
5,153.9
5,153.9
6,153.9
6,153.9
0,152.7
0,152.7
1,152.7
1,152.7
2,152.7
2,152.7
3,152.7
3,152.7
4,152.7
4,152.7
5,152.7
5,152.7
6,152.7
6,152.7
0,152.7
0,152.7
1,152.7
1,152.7
2,152.7
2,152.7
3,152.7
3,152.7
4,152.7
4,152.7
5,152.7
5,152.7
6,152.7
6,152.7
0,150.9
0,150.9
1,150.9
1,150.9
2,150.9
2,170.9
3,159.9
3,159.9
4,159.9
4,159.9
5,159.9
5,159.9
6,159.9
6,159.9
0,159.9
0,159.9
1,159.9
1,159.9
2,159.9
2,159.9
3,159.9
3,150.7
4,150.7
4,150.7
5,150.7
5,150.7
6,150.7
6,150.7
0,150.7
0,150.7
1,150.7
1,150.7
2,150.7
2,150.7
3,150.7
3,150.7
4,150.7
4,150.7
5,150.7
5,150.7
6,150.7
6,150.7
0,150.7
0,150.7
1,150.7
1,150.7
2,150.7
2,150.7
3,150.7
3,150.7
4,150.7
4,168.9
5,168.9
5,168.9
6,168.9
6,168.9
0,168.9
0,168.9
1,166.7
1,166.7
2,166.7
2,166.7
3,166.7
3,166.7
4,166.7
4,166.7
5,166.7
5,166.7
6,166.7
6,164.9
0,164.9
0,164.9
1,164.9
1,164.9
2,164.9
2,164.9
3,164.9
3,164.9
4,164.9
4,164.9
5,164.9
5,164.9
6,164.9
6,164.9
0,164.9
0,164.9
1,164.9
1,164.9
2,164.9
2,164.9
3,164.9
3,175.9
4,175.9
4,175.9
5,175.9
5,175.9
6,175.9
6,175.9
