0,123.4
0,123.4
1,122.9
1,122.9
2,120.4
2,120.4
3,120.4
3,120.4
4,119.15
4,119.15
5,119.15
5,119.15
6,119.15
6,117.9
0,117.9
0,117.9
1,116.7
1,116.7
2,115.9
2,115.9
3,114.9
3,114.9
4,114.9
4,114.9
5,114.9
5,114.9
6,114.9
6,114.9
0,114.9
0,114.9
1,114.4
1,114.4
2,145.9
2,145.9
3,145.9
3,145.9
4,144.9
4,144.9
5,144.9
5,144.9
6,144.9
6,143.9
0,143.9
0,143.9
1,143.9
1,143.9
2,143.15
2,143.15
3,140.525
3,134.4
4,133.9
4,133.9
5,132.9
5,132.4
6,131.9
6,130.9
0,130.15
0,128.9
1,127.9
1,127.9
2,127.9
2,127.9
3,121.6
3,121.6
4,121.6
4,121.6
5,121.6
5,121.6
6,121.6
6,121.6
0,120.9
0,120.9
1,120.03333333333335
1,118.9
2,147.9
2,147.9
3,147.9
3,145.9
4,145.9
4,145.4
5,145.4
5,144.9
6,143.9
6,142.9
0,141.9
0,141.9
1,138.9
1,134.9
2,134.9
2,134.9
3,133.9
3,133.9
4,132.9
4,132.9
5,132.9
5,132.9
6,131.9
6,131.9
0,128.76666666666668
0,127.4
1,126.9
1,125.3
2,124.9
2,124.5
3,124.5
3,124.5
4,149.9
4,149.9
5,149.4
5,149.4
6,148.8
6,148.8
0,148.8
0,148.8
1,148.5
1,148.5
2,145.9
2,145.9
3,145.9
3,145.9
4,141.9
4,141.4
5,141.4
5,141.4
6,141.4
6,141.4
0,141.4
0,141.4
1,141.4
1,141.4
2,141.4
2,141.4
3,141.4
3,141.4
4,141.4
4,141.4
5,141.4
5,141.4
6,141.4
6,141.4
0,141.4
0,141.4
1,141.4
1,141.4
2,141.4
2,141.4
3,141.4
3,141.4
4,141.4
4,141.4
5,141.4
5,141.4
6,141.4
6,141.4
0,141.4
0,141.4
1,141.4
1,141.4
2,141.4
2,141.4
3,141.4
3,141.4
4,141.4
4,141.4
5,141.4
5,141.4
6,141.4
6,141.4
0,141.4
0,141.4
1,141.4
1,141.4
2,141.4
2,141.4
3,141.4
3,141.4
4,141.4
4,141.4
5,141.4
5,141.4
6,141.4
6,141.4
0,141.4
0,141.4
1,141.4
1,141.4
2,141.4
2,141.4
3,141.4
3,141.4
4,141.4
4,141.4
5,141.4
5,141.4
6,141.4
6,141.4
0,141.4
0,141.4
1,141.4
1,141.4
2,141.4
2,141.4
3,141.4
3,141.4
4,141.4
4,141.4
5,141.4
5,141.4
6,141.4
6,141.4
0,141.4
0,141.4
1,141.4
1,141.4
2,141.4
2,141.4
3,141.4
3,141.4
4,141.4
4,141.4
5,141.4
5,141.4
6,141.4
6,141.4
0,141.4
0,141.4
1,141.4
1,141.4
2,141.4
2,141.4
3,141.4
3,141.4
4,141.4
4,141.4
5,141.4
5,141.4
6,141.4
6,141.4
0,141.4
0,141.4
1,141.4
1,141.4
2,141.4
2,141.4
3,141.4
3,141.4
4,141.4
4,137.4
5,125.5
5,151.9
6,151.9
6,151.9
0,151.9
0,151.9
1,151.9
1,151.9
2,151.9
2,151.9
3,151.9
3,151.9
4,151.9
4,151.9
5,151.9
5,151.9
6,151.9
6,151.9
0,151.4
0,151.4
1,149.9
1,149.9
2,149.4
2,149.4
3,149.4
3,149.4
4,149.4
4,149.4
5,149.4
5,149.4
6,149.4
6,149.4
0,149.4
0,149.4
1,149.4
1,149.4
2,149.4
2,147.9
3,144.9
3,145.9
4,145.9
4,145.9
5,143.9
5,143.9
6,143.9
6,143.9
0,140.4
0,140.4
1,140.4
1,140.4
2,139.4
2,139.4
3,139.4
3,139.4
4,139.4
4,139.4
5,139.4
5,139.4
6,139.4
6,139.4
0,139.4
0,139.4
1,139.4
1,139.4
2,139.4
2,139.4
3,162.9
3,162.9
4,162.9
4,162.85000000000002
5,162.85000000000002
5,162.85000000000002
6,162.85000000000002
6,162.85000000000002
0,162.85000000000002
0,162.85000000000002
1,162.85000000000002
1,162.85000000000002
2,162.85000000000002
2,162.85000000000002
3,162.85000000000002
3,162.85000000000002
4,162.85000000000002
4,162.85000000000002
5,162.85000000000002
5,162.85000000000002
6,162.85000000000002
6,162.85000000000002
0,162.85000000000002
0,162.85000000000002
1,162.85000000000002
1,162.85000000000002
2,151.9
2,151.15
3,149.9
3,148.9
4,148.4
4,148.4
5,148.4
5,148.4
6,148.4
6,148.4
0,148.4
0,143.9
1,143.9
1,143.9
2,142.5
2,142.5
3,142.5
3,142.5
4,140.9
4,140.9
5,137.9
5,137.9
6,137.9
6,137.9
0,137.9
0,136.4
1,134.9
1,133.9
2,133.0
2,132.9
3,132.9
3,132.9
4,132.9
4,132.4
5,132.4
5,131.95
6,131.95
6,131.95
0,131.95
0,131.4
1,131.4
1,131.4
2,131.4
2,131.4
3,131.4
3,131.4
4,131.4
4,131.4
5,131.4
5,131.4
6,130.9
6,130.9
0,130.9
0,130.5
1,130.5
1,130.5
2,130.5
2,130.5
3,130.5
3,162.9
4,162.9
4,162.9
5,162.9
5,162.9
6,162.9
6,162.9
0,162.9
0,159.9
1,159.9
1,159.9
2,159.9
2,159.9
3,159.9
3,159.9
4,159.9
4,159.9
5,159.9
5,159.9
6,159.9
6,158.9
0,158.9
0,155.9
1,154.9
1,153.9
2,153.9
2,153.4
3,147.9
3,147.9
4,147.9
4,145.9
5,145.9
5,145.9
6,145.9
6,145.9
0,145.9
0,144.9
1,142.7
1,142.7
2,142.7
2,140.7
3,137.9
3,137.9
4,137.9
4,136.9
5,136.9
5,136.9
6,136.9
6,136.9
0,136.9
0,136.9
1,136.9
1,134.9
2,133.9
2,133.7
3,133.7
3,132.9
4,132.9
4,132.9
5,132.9
5,132.9
6,132.9
6,132.9
0,132.9
0,131.9
1,131.9
1,130.5
2,130.5
2,130.5
3,130.5
3,129.9
4,129.9
4,128.7
5,128.7
5,127.9
6,127.9
6,127.9
0,127.9
0,127.9
1,127.9
1,127.9
2,127.9
2,127.9
3,127.9
3,127.9
4,127.9
4,127.9
5,127.9
5,127.9
6,127.9
6,127.9
0,127.9
0,127.9
1,126.9
1,126.9
2,126.9
2,125.9
3,125.9
3,125.9
4,125.9
4,125.9
5,125.9
5,157.9
6,157.9
6,157.9
0,157.9
0,154.9
1,154.9
1,153.9
2,153.9
2,152.9
3,152.9
3,152.9
4,151.9
4,151.9
5,151.9
5,151.9
6,148.9
6,148.4
0,148.4
0,147.9
1,147.9
1,147.9
2,146.5
2,144.2
3,141.5
3,141.5
4,141.5
4,140.9
5,140.9
5,140.9
6,139.9
6,137.9
0,137.9
0,137.9
1,137.9
1,137.9
2,137.9
2,137.9
3,137.9
3,134.9
4,134.9
4,134.9
5,134.9
5,134.9
6,134.9
6,133.9
0,133.4
0,132.9
1,132.15
1,132.15
2,132.15
2,132.15
3,132.15
3,132.15
4,131.4
4,157.9
5,157.9
5,157.9
6,157.9
6,157.9
0,157.9
0,157.9
1,155.9
1,155.9
2,155.9
2,155.9
3,154.9
3,153.9
4,153.9
4,147.9
5,147.4
5,145.9
6,144.4
6,144.4
0,144.4
0,142.4
1,139.9
1,138.4
2,137.4
2,137.4
3,136.9
3,135.9
4,134.4
4,132.9
5,132.9
5,132.9
6,132.9
6,132.9
0,132.9
0,132.5
1,132.5
1,131.9
2,131.9
2,131.9
3,131.9
3,131.9
4,131.9
4,131.9
5,131.9
5,131.9
6,131.9
6,131.9
0,131.9
0,131.9
1,131.9
1,131.9
2,159.9
2,159.9
3,159.9
3,159.9
4,159.9
4,159.9
5,157.9
5,157.9
6,157.9
6,157.9
0,157.9
0,154.9
1,152.9
1,151.9
2,149.9
2,147.9
3,146.9
3,146.9
4,146.9
4,145.9
5,145.9
5,145.9
6,144.9
6,144.9
0,142.9
0,142.9
1,142.4
1,140.9
2,139.9
2,139.9
3,139.9
3,139.9
4,139.9
4,139.9
5,132.9
5,132.9
6,132.9
6,132.9
0,131.5
0,130.9
1,129.9
1,128.5
2,127.9
2,127.9
3,127.4
3,126.9
4,126.9
4,126.4
5,126.4
5,125.9
6,125.9
6,125.9
0,125.9
0,125.2
1,125.2
1,125.2
2,125.2
2,124.4
3,124.4
3,123.96666666666665
4,123.96666666666665
4,123.96666666666665
5,123.96666666666665
5,122.9
6,122.9
6,122.9
0,122.9
0,122.9
1,122.9
1,122.9
2,122.9
2,122.9
3,149.9
3,149.9
4,149.9
4,149.9
5,149.9
5,149.9
6,149.9
6,149.9
0,149.9
0,149.9
1,149.9
1,147.9
2,147.9
2,145.4
3,145.4
3,142.5
4,142.5
4,139.9
5,139.9
5,139.9
6,139.9
6,139.9
0,139.9
0,136.9
1,134.9
1,134.9
2,134.9
2,134.9
3,134.9
3,134.9
4,134.9
4,134.9
5,134.9
5,134.9
6,134.9
6,134.9
0,131.7
0,131.7
1,128.5
1,125.9
2,125.80000000000001
2,125.80000000000001
3,125.7
3,125.7
4,125.2
4,125.2
5,124.7
5,124.7
6,124.7
6,124.7
0,124.7
0,124.7
1,124.7
1,124.7
2,124.7
2,124.7
3,124.7
3,124.7
4,124.7
4,124.7
5,124.7
5,124.7
6,124.7
6,124.7
0,124.7
0,124.7
1,138.8
1,138.8
2,152.9
2,152.9
3,152.4
3,150.9
4,150.4
4,147.9
5,147.9
5,147.9
6,147.9
6,145.9
0,144.9
0,144.9
1,143.9
1,143.9
2,143.9
2,143.9
3,143.9
3,143.9
4,141.4
4,137.9
5,137.4
5,137.4
6,136.4
6,134.9
0,134.4
0,134.4
1,133.9
1,133.9
2,133.9
2,131.9
3,131.9
3,129.9
4,129.9
4,129.9
5,129.9
5,128.9
6,128.9
6,128.9
0,128.9
0,128.7
1,128.5
1,128.5
2,128.5
2,127.9
3,127.9
3,127.9
4,127.9
4,127.9
5,127.9
5,127.9
6,127.9
6,127.9
0,144.4
0,144.4
1,160.4
1,160.4
2,158.4
2,158.4
3,156.4
3,153.9
4,153.4
4,153.4
5,152.9
5,152.9
6,152.9
6,152.9
0,151.9
0,151.9
1,150.4
1,145.4
2,145.15
2,143.9
3,143.4
3,143.4
4,141.9
4,141.9
5,140.3
5,138.9
6,138.4
6,136.9
0,136.9
0,136.9
1,136.9
1,135.9
2,135.9
2,135.9
3,135.9
3,134.9
4,134.9
4,132.4
5,132.4
5,132.4
6,132.4
6,132.4
0,132.4
0,130.9
1,130.9
1,130.9
2,129.9
2,129.9
3,129.9
3,129.9
4,129.9
4,129.9
5,129.9
5,129.9
6,129.9
6,161.4
0,144.65
0,144.65
1,159.9
1,157.9
2,157.9
2,156.9
3,156.9
3,154.9
4,153.9
4,151.4
5,151.4
5,149.9
6,149.9
6,148.7
0,148.7
0,146.9
1,146.9
1,146.9
2,142.9
2,141.9
3,137.9
3,137.9
4,136.9
4,136.9
5,136.9
5,136.9
6,136.4
6,136.4
0,136.4
0,135.9
1,135.2
1,135.2
2,135.2
2,133.5
3,133.5
3,133.5
4,147.2
4,147.2
5,147.2
5,147.2
6,147.2
6,147.2
0,147.2
0,147.2
1,147.2
1,159.9
2,157.9
2,157.9
3,157.9
3,157.9
4,157.9
4,157.9
5,157.9
5,157.9
6,157.9
6,157.9
0,157.9
0,156.9
1,156.9
1,155.9
2,155.9
2,155.9
3,155.9
3,147.9
4,147.9
4,147.9
5,147.9
5,147.9
6,147.9
6,147.9
0,147.9
0,142.9
1,139.9
1,139.9
2,139.9
2,139.9
3,138.5
3,137.5
4,137.5
4,167.9
5,167.9
5,167.9
6,167.9
6,167.9
0,167.9
0,167.9
1,167.9
1,167.9
2,167.9
2,167.9
3,166.9
3,165.9
4,164.9
4,163.9
5,163.9
5,163.9
6,163.9
6,163.9
0,163.9
0,162.8
1,161.7
1,159.9
2,158.9
2,158.9
3,158.9
3,158.9
4,158.9
4,158.9
5,158.9
5,158.9
6,158.9
6,158.9
0,154.7
0,154.7
1,154.7
1,154.7
2,149.1
2,147.7
3,147.1
3,145.9
4,145.9
4,143.9
5,143.9
5,143.9
6,143.9
6,143.9
0,143.9
0,143.9
1,143.8
1,144.8
2,144.8
2,144.8
3,168.9
3,168.9
4,168.9
4,168.9
5,168.9
5,168.9
6,168.9
6,168.9
0,168.9
0,168.9
1,168.9
1,168.9
2,168.9
2,167.2
3,166.2
3,165.7
4,164.4
4,163.2
5,163.2
5,163.2
6,163.2
6,163.2
0,163.2
0,163.2
1,162.2
1,159.2
2,159.2
2,159.2
3,155.2
3,155.2
4,153.75
4,153.75
5,151.2
5,151.2
6,151.2
6,150.2
0,150.2
0,150.2
1,150.2
1,150.2
2,150.2
2,150.2
3,150.2
3,150.2
4,150.2
4,150.2
5,150.2
5,150.2
6,150.2
6,150.2
0,150.2
0,150.2
1,150.2
1,150.2
2,150.2
2,150.2
3,150.2
3,150.2
4,150.2
4,169.15
5,169.15
5,169.15
6,169.15
6,169.15
0,169.15
0,169.15
1,169.15
1,169.15
2,169.15
2,166.2
3,166.2
3,166.2
4,163.9
4,163.9
5,163.9
5,163.9
6,163.9
6,163.9
0,163.9
0,162.9
1,162.9
1,159.5
2,159.5
2,159.5
3,159.5
3,159.5
4,159.5
4,159.5
5,159.5
5,159.5
6,159.5
6,159.5
0,155.9
0,153.9
1,153.9
1,153.9
2,153.9
2,153.9
3,153.9
3,153.9
4,153.9
4,153.9
5,149.9
5,149.9
6,149.9
6,149.9
0,149.9
0,149.9
1,149.9
1,149.9
2,149.9
2,146.2
3,146.2
3,146.2
4,146.2
4,146.2
5,146.2
5,146.2
6,146.2
6,146.2
0,146.2
0,145.2
1,143.9
1,143.9
2,143.9
2,142.4
3,140.9
3,140.9
4,140.9
4,140.9
5,140.9
5,140.9
6,140.9
6,140.9
0,140.9
0,140.9
1,140.9
1,140.9
2,169.9
2,169.9
3,169.9
3,169.9
4,167.9
4,166.9
5,166.9
5,166.9
6,166.9
6,166.9
0,166.9
0,166.9
1,166.9
1,166.9
2,166.9
2,166.9
3,162.2
3,160.9
4,160.9
4,160.4
5,154.7
5,154.7
6,154.7
6,154.7
0,153.9
0,151.9
1,150.0666666666667
1,150.0666666666667
2,145.9
2,145.9
3,145.9
3,143.7
4,143.7
4,140.7
5,140.7
5,140.7
6,140.7
6,140.7
0,140.7
0,140.7
1,139.9
1,139.9
2,139.9
2,139.9
3,139.9
3,139.9
4,139.9
4,139.9
5,139.9
5,168.9
6,168.9
6,168.9
0,168.9
0,168.9
1,168.9
1,168.9
2,168.9
2,168.9
3,168.9
3,167.9
4,167.9
4,167.9
5,160.7
5,160.7
6,160.7
6,160.7
0,157.7
0,157.7
1,155.9
1,154.7
2,154.7
2,154.7
3,153.9
3,150.7
4,148.3
4,148.3
5,148.3
5,148.3
6,148.3
6,148.3
0,148.3
0,148.3
1,148.3
1,146.8
2,144.65
2,142.9
3,142.7
3,142.7
4,142.7
4,142.7
5,142.7
5,142.7
6,142.7
6,142.7
0,142.7
0,142.7
1,142.7
1,142.7
2,142.7
2,142.7
3,142.7
3,142.7
4,171.9
4,171.9
5,171.9
5,171.9
6,171.9
6,171.9
0,170.9
0,170.9
1,168.9
1,167.4
2,165.9
2,165.9
3,165.9
3,165.9
4,163.9
4,162.9
5,162.9
5,160.4
6,160.4
6,160.4
0,160.4
0,160.4
1,160.4
1,160.4
2,160.4
2,160.4
3,160.4
3,160.4
4,160.4
4,160.4
5,160.4
5,160.4
6,157.9
6,157.9
0,157.9
0,157.9
1,157.9
1,157.9
2,157.9
2,157.9
3,175.9
3,175.9
4,175.9
4,175.9
5,175.9
5,175.9
6,175.4
6,175.4
