0,124.9
0,123.75
1,123.75
1,122.9
2,122.9
2,122.9
3,120.9
3,120.9
4,117.9
4,117.9
5,117.9
5,117.9
6,117.9
6,117.9
0,117.9
0,117.9
1,116.66666666666667
1,116.66666666666667
2,113.9
2,113.9
3,113.9
3,113.9
4,113.9
4,113.9
5,113.9
5,113.9
6,109.9
6,109.9
0,109.9
0,109.9
1,135.9
1,135.9
2,135.9
2,135.9
3,135.9
3,135.9
4,135.9
4,135.9
5,135.9
5,135.9
6,135.9
6,135.9
0,135.9
0,135.9
1,135.9
1,135.9
2,135.9
2,135.9
3,135.9
3,135.9
4,135.9
4,135.9
5,135.9
5,135.9
6,135.9
6,135.9
0,135.9
0,135.9
1,135.9
1,135.9
2,135.9
2,135.9
3,135.9
3,135.9
4,135.9
4,121.6
5,121.6
5,121.6
6,121.6
6,121.6
0,119.9
0,119.9
1,118.9
1,118.9
2,118.9
2,118.9
3,145.9
3,145.9
4,145.9
4,145.9
5,145.4
5,144.9
6,143.9
6,139.9
0,139.9
0,139.9
1,139.4
1,139.4
2,138.35000000000002
2,137.9
3,134.9
3,134.9
4,134.9
4,134.9
5,134.4
5,134.4
6,133.4
6,131.9
0,131.9
0,128.9
1,126.9
1,126.9
2,125.30000000000001
2,124.3
3,123.85
3,123.85
4,149.9
4,149.9
5,147.9
5,147.9
6,147.9
6,147.9
0,147.9
0,147.9
1,147.9
1,147.9
2,147.9
2,147.9
3,147.9
3,145.9
4,143.9
4,143.9
5,143.9
5,143.9
6,143.9
6,143.9
0,143.9
0,143.9
1,143.9
1,143.9
2,143.9
2,143.9
3,143.9
3,143.9
4,143.9
4,143.9
5,143.9
5,143.9
6,143.9
6,143.9
0,143.9
0,143.9
1,143.9
1,143.9
2,143.9
2,143.9
3,143.9
3,143.9
4,143.9
4,143.9
5,143.9
5,143.9
6,143.9
6,143.9
0,143.9
0,143.9
1,143.9
1,143.9
2,143.9
2,143.9
3,143.9
3,143.9
4,143.9
4,143.9
5,143.9
5,143.9
6,143.9
6,143.9
0,143.9
0,143.9
1,143.9
1,143.9
2,143.9
2,143.9
3,143.9
3,143.9
4,143.9
4,143.9
5,143.9
5,143.9
6,143.9
6,143.9
0,143.9
0,143.9
1,143.9
1,143.9
2,143.9
2,143.9
3,143.9
3,143.9
4,143.9
4,143.9
5,143.9
5,143.9
6,143.9
6,143.9
0,143.9
0,143.9
1,143.9
1,143.9
2,143.9
2,143.9
3,143.9
3,143.9
4,143.9
4,143.9
5,143.9
5,143.9
6,143.9
6,143.9
0,143.9
0,143.9
1,143.9
1,143.9
2,143.9
2,143.9
3,143.9
3,143.9
4,143.9
4,143.9
5,143.9
5,143.9
6,143.9
6,143.9
0,143.9
0,143.9
1,143.9
1,143.9
2,143.9
2,143.9
3,143.9
3,143.9
4,143.9
4,143.9
5,143.9
5,143.9
6,143.9
6,143.9
0,143.9
0,143.9
1,143.9
1,143.9
2,143.9
2,143.9
3,143.9
3,143.9
4,143.9
4,151.9
5,151.9
5,151.9
6,151.9
6,151.9
0,151.9
0,151.9
1,151.9
1,149.9
2,149.9
2,149.9
3,149.9
3,149.9
4,149.9
4,149.9
5,149.9
5,149.9
6,149.9
6,149.9
0,147.9
0,147.9
1,147.9
1,147.9
2,147.9
2,147.9
3,147.9
3,147.9
4,143.4
4,143.4
5,143.4
5,143.4
6,143.4
6,143.4
0,143.4
0,143.4
1,143.4
1,143.4
2,143.4
2,143.4
3,143.4
3,143.4
4,143.4
4,143.4
5,143.4
5,143.4
6,143.4
6,143.4
0,140.9
0,140.9
1,140.9
1,137.2
2,137.2
2,137.2
3,137.2
3,137.2
4,137.2
4,137.2
5,137.2
5,137.2
6,137.2
6,137.2
0,137.2
0,137.2
1,137.2
1,137.2
2,137.2
2,137.2
3,162.9
3,162.9
4,160.9
4,160.9
5,160.9
5,160.9
6,160.9
6,160.9
0,160.9
0,160.75
1,160.75
1,160.75
2,160.75
2,159.9
3,159.9
3,156.9
4,156.9
4,156.9
5,156.9
5,156.9
6,156.9
6,153.9
0,153.9
0,153.46666666666667
1,151.9
1,150.4
2,148.825
2,148.075
3,147.45
3,146.72857142857146
4,146.13333333333333
4,146.13333333333333
5,146.13333333333333
5,146.13333333333333
6,144.9
6,144.9
0,143.4
0,143.06666666666663
1,143.06666666666663
1,142.1
2,140.8
2,140.05
3,140.05
3,140.05
4,138.9
4,137.9
5,136.9
5,136.9
6,135.9
6,135.9
0,135.9
0,134.9
1,133.9
1,133.4
2,133.4
2,133.4
3,133.4
3,133.4
4,133.4
4,132.9
5,132.9
5,132.9
6,132.9
6,132.9
0,132.9
0,132.4
1,162.9
1,162.9
2,162.9
2,147.65
3,147.65
3,147.4
4,147.4
4,147.4
5,147.4
5,130.9
6,130.9
6,130.9
0,130.9
0,162.9
1,162.9
1,130.5
2,130.5
2,162.9
3,162.9
3,162.9
4,162.9
4,161.56666666666666
5,161.56666666666666
5,161.56666666666666
6,159.9
6,159.9
0,159.9
0,159.9
1,158.9
1,158.9
2,158.9
2,158.9
3,158.9
3,158.9
4,157.9
4,156.9
5,156.9
5,155.9
6,154.9
6,154.9
0,154.9
0,154.9
1,153.9
1,151.8
2,151.8
2,149.8
3,147.9
3,147.9
4,147.9
4,146.66666666666666
5,146.66666666666666
5,146.66666666666666
6,146.66666666666666
6,145.16666666666666
0,143.9
0,143.9
1,142.7
1,141.9
2,141.9
2,141.9
3,140.3
3,138.9
4,138.9
4,138.9
5,136.5
5,136.5
6,136.5
6,136.5
0,136.5
0,135.8
1,135.6
1,135.5
2,135.5
2,135.0
3,135.0
3,135.0
4,134.2
4,133.8
5,133.8
5,133.8
6,133.8
6,133.20000000000002
0,133.20000000000002
0,132.55
1,132.55
1,131.9
2,131.9
2,131.13333333333333
3,131.13333333333333
3,130.75
4,129.9
4,129.9
5,129.9
5,129.05
6,129.05
6,129.05
0,129.05
0,127.9
1,127.9
1,127.9
2,127.9
2,127.9
3,127.9
3,127.9
4,127.9
4,127.9
5,127.9
5,127.9
6,127.9
6,127.9
0,126.9
0,126.9
1,155.9
1,126.7
2,126.7
2,125.7
3,125.7
3,157.9
4,157.9
4,157.9
5,157.9
5,155.9
6,155.9
6,154.9
0,154.9
0,154.9
1,154.9
1,154.05
2,151.9
2,151.75
3,151.05
3,149.9
4,149.9
4,149.9
5,149.9
5,149.9
6,149.9
6,149.9
0,149.9
0,148.05
1,147.05
1,146.26666666666665
2,145.8
2,145.06
3,143.05
3,143.05
4,142.05
4,141.16666666666666
5,141.16666666666666
5,141.16666666666666
6,141.16666666666666
6,141.16666666666666
0,140.6
0,139.85
1,138.9
1,138.9
2,138.9
2,137.2
3,136.66666666666666
3,136.0
4,135.8
4,135.7
5,135.7
5,135.7
6,135.7
6,135.05
0,134.4
0,133.9
1,133.4
1,138.95
2,131.9
2,131.9
3,157.9
3,157.9
4,157.9
4,157.9
5,157.9
5,157.9
6,157.9
6,157.9
0,156.7
0,155.9
1,155.9
1,154.9
2,154.9
2,154.9
3,154.9
3,154.9
4,154.9
4,149.4
5,149.4
5,147.4
6,145.9
6,145.9
0,144.7
0,142.65
1,140.05
1,140.05
2,136.9
2,135.9
3,135.9
3,133.9
4,133.9
4,132.9
5,132.9
5,132.9
6,132.9
6,132.9
0,132.9
0,132.5
1,132.5
1,131.9
2,131.9
2,131.9
3,131.9
3,131.9
4,130.9
4,130.9
5,159.9
5,159.9
6,159.9
6,159.9
0,159.9
0,159.9
1,159.9
1,129.9
2,159.9
2,159.9
3,158.65
3,157.9
4,157.9
4,155.85
5,155.85
5,155.85
6,155.85
6,155.85
0,155.85
0,153.9
1,153.9
1,153.9
2,151.4
2,151.4
3,149.9
3,149.9
4,147.9
4,147.9
5,147.9
5,147.9
6,147.9
6,147.9
0,147.9
0,145.9
1,144.4
1,142.1
2,139.9
2,139.4
3,137.9
3,137.4
4,133.65
4,133.65
5,133.65
5,132.4
6,132.4
6,132.4
0,132.4
0,132.4
1,132.4
1,131.95
2,131.95
2,129.4
3,127.4
3,126.65
4,126.65
4,125.9
5,125.9
5,125.7
6,125.7
6,125.7
0,125.4
0,124.66666666666667
1,124.66666666666667
1,123.95
2,123.95
2,123.95
3,123.95
3,121.9
4,121.9
4,121.9
5,121.9
5,121.9
6,121.9
6,121.9
0,121.9
0,121.9
1,121.9
1,121.9
2,149.9
2,149.9
3,149.9
3,149.4
4,149.4
4,147.95
5,147.95
5,147.95
6,147.95
6,147.95
0,147.95
0,147.95
1,147.95
1,147.95
2,145.9
2,144.7
3,143.95
3,143.95
4,140.9
4,139.9
5,139.9
5,139.9
6,139.9
6,139.9
0,139.9
0,139.9
1,135.9
1,133.9
2,133.9
2,131.9
3,131.9
3,128.7
4,128.7
4,125.9
5,125.9
5,125.9
6,125.9
6,125.9
0,125.9
0,125.9
1,125.9
1,125.9
2,125.9
2,124.9
3,124.9
3,123.9
4,123.9
4,123.9
5,123.9
5,123.9
6,123.9
6,123.9
0,123.9
0,123.9
1,123.9
1,123.9
2,123.9
2,123.9
3,123.9
3,152.9
4,152.9
4,152.9
5,151.9
5,151.9
6,152.9
6,150.9
0,150.9
0,150.9
1,150.9
1,150.9
2,150.9
2,150.9
3,150.9
3,150.9
4,150.9
4,147.9
5,146.4
5,146.4
6,145.8
6,142.9
0,142.9
0,140.9
1,140.2
1,138.9
2,138.4
2,136.9
3,136.9
3,135.9
4,135.9
4,134.9
5,134.4
5,134.4
6,133.9
6,132.9
0,132.9
0,131.9
1,131.4
1,131.4
2,130.9
2,130.9
3,130.4
3,128.9
4,128.9
4,128.9
5,128.9
5,128.9
6,128.9
6,128.9
0,128.9
0,127.4
1,128.9
1,127.9
2,127.9
2,127.9
3,127.9
3,127.7
4,127.7
4,143.9
5,160.9
5,160.9
6,160.9
6,160.9
0,160.4
0,157.95
1,157.9
1,155.7
2,155.7
2,155.7
3,155.7
3,155.7
4,155.7
4,152.9
5,152.4
5,152.4
6,151.9
6,149.9
0,149.9
0,148.9
1,148.9
1,145.4
2,144.4
2,142.4
3,141.9
3,141.9
4,141.9
4,139.76666666666668
5,138.7
5,136.9
6,135.9
6,134.5
0,133.9
0,132.9
1,132.9
1,132.9
2,132.9
2,132.9
3,131.9
3,131.9
4,131.9
4,130.4
5,130.4
5,130.4
6,130.4
6,130.4
0,130.4
0,130.4
1,130.4
1,130.4
2,130.4
2,144.9
3,144.9
3,158.9
4,160.9
4,160.9
5,160.9
5,160.9
6,160.9
6,160.9
0,158.9
0,158.9
1,157.95
1,156.9
2,156.9
2,155.9
3,155.9
3,154.9
4,153.95
4,153.95
5,151.9
5,148.9
6,147.7
6,146.9
0,146.9
0,146.9
1,143.9
1,142.9
2,141.9
2,138.4
3,136.9
3,136.9
4,135.9
4,134.9
5,134.9
5,134.9
6,133.4
6,133.4
0,131.9
0,131.9
1,131.9
1,131.9
2,131.9
2,131.9
3,162.9
3,162.9
4,162.9
4,160.9
5,160.9
5,160.9
6,160.9
6,160.9
0,160.9
0,160.9
1,160.9
1,160.9
2,160.9
2,159.9
3,159.9
3,159.9
4,159.9
4,159.9
5,159.9
5,159.9
6,159.9
6,157.26666666666665
0,157.26666666666665
0,157.26666666666665
1,157.26666666666665
1,157.26666666666665
2,157.26666666666665
2,157.26666666666665
3,153.9
3,153.9
4,153.9
4,153.9
5,153.9
5,153.7
6,149.9
6,149.9
0,149.9
0,149.9
1,149.9
1,148.9
2,148.9
2,147.9
3,147.9
3,145.9
4,145.4
4,145.4
5,167.9
5,167.9
6,167.9
6,167.9
0,165.9
0,163.9
1,163.9
1,163.9
2,163.9
2,163.9
3,163.7
3,163.7
4,161.3
4,159.9
5,159.9
5,159.9
6,159.9
6,159.9
0,159.5
0,159.5
1,159.5
1,158.7
2,157.9
2,156.3
3,156.3
3,153.7
4,150.7
4,149.7
5,149.7
5,149.7
6,148.7
6,147.1
0,147.1
0,145.2
1,143.9
1,143.9
2,142.9
2,142.7
3,142.7
3,142.7
4,142.7
4,142.7
5,142.7
5,142.7
6,141.5
6,141.5
0,139.9
0,139.9
1,138.9
1,138.7
2,138.7
2,138.7
3,138.7
3,168.9
4,168.9
4,168.9
5,166.9
5,166.9
6,166.9
6,166.9
0,166.9
0,166.9
1,164.9
1,164.9
2,164.9
2,164.9
3,164.9
3,164.7
4,162.7
4,162.7
5,161.2
5,161.2
6,159.7
6,157.7
0,154.7
0,153.9
1,152.7
1,151.9
2,151.9
2,150.7
3,150.7
3,149.60000000000002
4,148.7
4,147.7
5,147.7
5,147.7
6,146.7
6,145.2
0,145.2
0,145.2
1,145.2
1,145.2
2,145.2
2,143.7
3,143.7
3,143.7
4,143.7
4,143.7
5,142.9
5,142.9
6,142.9
6,142.6
0,142.6
0,142.6
1,141.5
1,141.5
2,140.5
2,168.9
3,168.9
3,168.9
4,168.9
4,168.9
5,166.9
5,168.9
6,166.9
6,166.9
0,166.9
0,166.9
1,166.9
1,166.9
2,166.7
2,164.9
3,164.9
3,164.9
4,162.3
4,162.3
5,159.9
5,159.9
6,157.7
6,157.7
0,157.7
0,155.43333333333334
1,151.7
1,151.7
2,149.7
2,148.7
3,148.7
3,147.7
4,147.7
4,147.7
5,146.7
5,146.7
6,146.7
6,145.7
0,145.7
0,143.7
1,143.7
1,142.7
2,142.7
2,142.7
3,142.7
3,142.7
4,141.7
4,141.7
5,141.7
5,141.7
6,141.7
6,141.7
0,141.7
0,141.7
1,141.7
1,141.7
2,140.9
2,140.9
3,140.9
3,140.9
4,140.9
4,140.9
5,140.9
5,140.9
6,140.9
6,140.9
0,140.9
0,140.9
1,139.9
1,139.9
2,139.9
2,139.9
3,139.9
3,139.9
4,168.9
4,168.9
5,168.9
5,168.9
6,168.9
6,168.9
0,140.5
0,140.5
1,140.5
1,170.9
2,168.9
2,168.9
3,168.9
3,168.9
4,168.9
4,167.9
5,167.9
5,167.9
6,167.9
6,167.9
0,166.9
0,166.9
1,166.9
1,166.9
2,160.9
2,160.9
3,160.9
3,160.9
4,154.9
4,152.9
5,152.9
5,152.9
6,152.9
6,149.63333333333335
0,146.9
0,146.9
1,142.9
1,142.9
2,142.9
2,141.8
3,141.8
3,141.8
4,141.8
4,140.3
5,140.3
5,140.3
6,140.3
6,140.3
0,140.3
0,140.3
1,140.3
1,140.3
2,140.3
2,140.3
3,140.3
3,140.3
4,140.3
4,140.3
5,140.3
5,140.3
6,140.3
6,168.9
0,168.9
0,168.9
1,168.9
1,168.9
2,168.9
2,168.9
3,168.9
3,162.4
4,162.4
4,162.4
5,162.4
5,162.4
6,162.4
6,156.9
0,156.9
0,156.9
1,150.9
1,150.9
2,150.9
2,150.9
3,150.9
3,150.9
4,146.7
4,146.7
5,146.7
5,142.9
6,142.9
6,142.9
0,142.9
0,142.9
1,142.9
1,142.9
2,142.9
2,142.9
3,142.9
3,140.9
4,140.9
4,140.9
5,140.9
5,140.9
6,140.9
6,140.9
0,140.9
0,140.9
1,140.9
1,140.9
2,140.9
2,171.9
3,171.9
3,171.9
4,171.9
4,171.9
5,171.9
5,171.9
6,171.9
6,170.9
0,170.9
0,170.9
1,166.9
1,166.9
2,166.9
2,166.9
3,166.9
3,166.9
4,166.9
4,166.9
5,166.9
5,160.9
6,160.9
6,160.9
0,160.9
0,156.9
1,154.9
1,154.9
2,154.9
2,154.9
3,154.9
3,154.9
4,154.9
4,150.9
5,150.9
5,150.9
6,150.9
6,150.9
0,150.9
0,150.9
1,150.9
1,175.9
2,175.9
2,175.9
3,175.9
3,175.9
4,175.9
4,175.9
5,173.9
5,173.9
6,173.9
6,173.9
