0,0
0,0
1,0
1,0
2,0
2,0
3,0
3,134.8
4,134.8
4,134.8
5,134.8
5,134.8
6,134.8
6,134.9
0,134.9
0,134.85000000000002
1,134.85000000000002
1,134.85000000000002
2,134.85000000000002
2,134.85000000000002
3,134.7
3,134.7
4,134.5
4,134.5
5,134.5
5,134.5
6,134.5
6,134.7
0,134.6
0,134.5
1,134.5
1,134.5
2,134.5
2,134.5
3,134.5
3,134.5
4,134.5
4,134.5
5,134.5
5,134.5
6,134.5
6,134.5
0,134.5
0,134.5
1,134.5
1,134.5
2,134.5
2,134.5
3,134.5
3,134.5
4,134.5
4,134.5
5,134.5
5,134.5
6,134.5
6,134.5
0,134.5
0,134.5
1,134.5
1,134.5
2,134.5
2,134.5
3,134.5
3,134.5
4,134.5
4,134.5
5,134.5
5,134.5
6,134.5
6,134.5
0,134.5
0,134.5
1,134.5
1,134.3
2,134.3
2,134.3
3,134.5
3,134.5
4,134.5
4,134.5
5,134.5
5,134.5
6,134.5
6,134.5
0,134.5
0,134.5
1,134.5
1,134.5
2,134.5
2,134.5
3,134.5
3,134.5
4,134.5
4,134.5
5,134.4
5,134.4
6,134.4
6,134.4
0,134.5
0,134.4
1,134.4
1,134.5
2,134.5
2,134.5
3,134.5
3,134.5
4,134.5
4,134.5
5,134.4
5,134.4
6,134.4
6,134.4
0,134.4
0,134.45
1,134.5
1,134.5
2,134.4
2,134.5
3,134.5
3,134.5
4,134.5
4,134.5
5,134.5
5,134.5
6,134.5
6,134.5
0,134.5
0,134.5
1,134.5
1,134.5
2,134.5
2,134.5
3,134.5
3,134.5
4,134.5
4,134.5
5,134.5
5,134.5
6,134.5
6,134.5
0,134.5
0,134.5
1,134.5
1,134.5
2,134.5
2,134.5
3,134.5
3,134.5
4,134.5
4,134.5
5,134.5
5,134.5
6,134.5
6,134.5
0,134.5
0,134.5
1,134.5
1,134.5
2,134.5
2,134.5
3,134.5
3,134.5
4,134.5
4,134.5
5,134.5
5,134.5
6,134.5
6,134.5
0,134.5
0,134.5
1,134.5
1,134.5
2,134.5
2,134.5
3,134.5
3,134.5
4,134.5
4,134.5
5,134.5
5,134.5
6,134.5
6,134.5
0,134.5
0,134.5
1,134.5
1,134.5
2,134.5
2,134.5
3,134.5
3,134.5
4,134.5
4,134.5
5,134.5
5,134.5
6,134.5
6,134.5
0,134.5
0,134.5
1,134.5
1,134.5
2,134.5
2,134.5
3,134.5
3,134.5
4,134.5
4,134.5
5,134.5
5,134.5
6,134.5
6,134.5
0,134.5
0,134.5
1,134.5
1,134.5
2,134.5
2,134.5
3,134.5
3,134.5
4,134.5
4,134.5
5,134.5
5,134.5
6,134.5
6,134.5
0,134.5
0,134.5
1,134.5
1,134.5
2,134.5
2,134.5
3,134.5
3,134.5
4,134.5
4,134.5
5,134.5
5,134.5
6,134.5
6,134.5
0,134.5
0,134.5
1,134.5
1,134.5
2,134.5
2,134.5
3,134.5
3,134.5
4,134.5
4,134.5
5,134.5
5,134.5
6,134.5
6,134.5
0,134.5
0,134.5
1,134.5
1,134.5
2,134.5
2,134.5
3,134.5
3,134.5
4,134.5
4,134.5
5,134.5
5,134.5
6,134.5
6,134.5
0,134.5
0,134.5
1,134.5
1,134.5
2,134.5
2,134.5
3,134.5
3,134.5
4,134.5
4,134.5
5,139.9
5,139.9
6,139.9
6,139.9
0,139.9
0,139.9
1,139.9
1,139.9
2,139.9
2,139.9
3,139.9
3,139.9
4,139.9
4,139.9
5,139.9
5,139.9
6,139.9
6,139.9
0,139.9
0,139.9
1,139.9
1,139.9
2,139.9
2,139.9
3,139.9
3,139.9
4,139.9
4,139.8
5,139.8
5,139.8
6,139.8
6,139.8
0,139.8
0,139.8
1,139.8
1,139.8
2,139.9
2,139.9
3,139.8
3,139.8
4,139.8
4,139.9
5,139.9
5,139.9
6,139.9
6,139.9
0,139.9
0,139.9
1,139.9
1,139.9
2,139.9
2,139.9
3,147.9
3,147.9
4,147.9
4,147.9
5,147.9
5,147.9
6,147.9
6,147.9
0,147.9
0,147.9
1,147.9
1,147.9
2,147.9
2,147.9
3,147.9
3,147.9
4,147.9
4,147.9
5,147.9
5,147.9
6,147.9
6,147.9
0,147.9
0,147.9
1,147.9
1,147.9
2,147.9
2,147.9
3,147.9
3,147.9
4,147.9
4,147.9
5,147.9
5,147.9
6,147.9
6,147.9
0,147.9
0,147.9
1,147.9
1,147.9
2,147.9
2,147.8
3,147.9
3,147.8
4,147.8
4,147.8
5,147.8
5,147.8
6,147.8
6,147.8
0,147.8
0,147.8
1,147.8
1,147.8
2,147.8
2,147.8
3,147.8
3,147.8
4,147.8
4,147.8
5,147.8
5,147.8
6,147.8
6,147.8
0,147.8
0,147.8
1,147.8
1,147.8
2,147.8
2,147.8
3,147.8
3,147.8
4,147.8
4,147.8
5,147.8
5,147.8
6,147.8
6,147.8
0,147.8
0,147.8
1,147.8
1,147.8
2,147.8
2,147.8
3,147.8
3,147.8
4,147.8
4,147.8
5,147.8
5,147.8
6,147.8
6,147.8
0,147.8
0,147.8
1,147.8
1,147.8
2,147.8
2,147.8
3,147.8
3,147.8
4,147.8
4,147.8
5,147.8
5,147.8
6,147.8
6,143.9
0,143.9
0,143.9
1,143.9
1,139.9
2,139.9
2,147.9
3,139.9
3,139.9
4,139.9
4,139.9
5,139.9
5,139.9
6,139.9
6,139.9
0,139.9
0,139.9
1,139.9
1,139.9
2,139.9
2,139.9
3,139.9
3,139.9
4,139.9
4,139.9
5,139.9
5,139.9
6,139.9
6,139.9
0,139.9
0,139.9
1,139.9
1,139.9
2,139.9
2,139.9
3,139.9
3,139.9
4,139.9
4,139.9
5,139.9
5,139.9
6,139.9
6,139.9
0,139.9
0,139.9
1,139.9
1,139.9
2,139.9
2,139.9
3,139.9
3,139.9
4,139.9
4,139.9
5,139.9
5,139.9
6,139.9
6,139.9
0,139.9
0,139.9
1,139.9
1,139.9
2,139.9
2,139.9
3,139.9
3,139.9
4,139.9
4,139.9
5,139.9
5,139.9
6,139.9
6,139.9
0,139.9
0,139.9
1,139.9
1,139.9
2,139.9
2,139.9
3,139.9
3,139.9
4,139.9
4,139.9
5,139.9
5,139.9
6,139.9
6,139.9
0,139.9
0,139.9
1,139.9
1,139.9
2,139.9
2,139.9
3,139.9
3,139.9
4,139.9
4,139.9
5,139.9
5,139.9
6,139.9
6,139.9
0,139.9
0,139.9
1,139.9
1,139.9
2,139.9
2,139.9
3,139.9
3,139.9
4,139.9
4,138.0
5,138.0
5,138.0
6,137.9
6,137.9
0,137.9
0,137.9
1,137.9
1,137.9
2,137.9
2,137.9
3,137.9
3,137.9
4,137.9
4,137.9
5,137.9
5,137.9
6,137.9
6,137.9
0,137.9
0,137.9
1,137.9
1,137.9
2,137.9
2,137.9
3,137.9
3,137.9
4,137.9
4,137.9
5,137.9
5,137.9
6,137.9
6,137.9
0,137.9
0,137.9
1,137.9
1,137.9
2,137.9
2,137.9
3,137.9
3,137.9
4,137.9
4,137.9
5,137.9
5,137.9
6,137.9
6,137.9
0,137.9
0,137.9
1,137.9
1,137.9
2,137.9
2,137.9
3,137.9
3,137.9
4,137.9
4,137.9
5,137.9
5,137.9
6,137.9
6,137.9
0,142.9
0,142.9
1,142.9
1,142.9
2,142.9
2,142.9
3,142.9
3,142.9
4,142.9
4,142.9
5,142.9
5,142.9
6,142.9
6,142.9
0,137.7
0,137.7
1,137.7
1,137.7
2,137.7
2,137.7
3,137.7
3,137.7
4,137.7
4,137.7
5,137.7
5,137.7
6,137.7
6,137.7
0,137.7
0,137.7
1,137.7
1,137.7
2,137.7
2,137.7
3,137.7
3,137.7
4,137.7
4,137.7
5,137.7
5,137.7
6,137.7
6,137.7
0,137.7
0,137.7
1,137.7
1,137.7
2,137.7
2,137.7
3,137.7
3,137.7
4,137.7
4,137.7
5,137.7
5,137.7
6,137.7
6,137.7
0,137.6
0,137.6
1,137.6
1,137.6
2,137.6
2,137.5
3,137.5
3,137.5
4,137.5
4,137.5
5,137.5
5,137.5
6,137.5
6,137.5
0,137.5
0,137.5
1,137.5
1,137.5
2,137.5
2,137.5
3,137.5
3,137.5
4,137.5
4,137.5
5,137.5
5,137.5
6,137.5
6,137.5
0,137.5
0,137.5
1,137.5
1,137.5
2,137.5
2,137.5
3,137.5
3,137.5
4,137.5
4,137.5
5,137.5
5,137.5
6,137.5
6,137.5
0,137.5
0,137.5
1,137.5
1,137.5
2,137.5
2,137.5
3,137.5
3,137.5
4,137.5
4,137.5
5,137.5
5,137.5
6,137.5
6,137.5
0,137.5
0,137.5
1,137.5
1,137.5
2,137.5
2,137.5
3,137.5
3,137.5
4,137.5
4,137.5
5,137.5
5,137.5
6,137.5
6,137.5
0,137.5
0,137.5
1,137.5
1,137.5
2,137.5
2,137.5
3,137.5
3,137.5
4,137.5
4,137.5
5,137.5
5,137.5
6,137.5
6,137.5
0,137.5
0,137.5
1,137.5
1,137.5
2,137.5
2,137.5
3,137.5
3,137.5
4,137.5
4,137.5
5,137.5
5,137.5
6,137.5
6,137.5
0,137.5
0,137.5
1,137.5
1,137.5
2,137.5
2,147.9
3,147.9
3,147.9
4,147.9
4,147.9
5,147.9
5,147.9
6,147.9
6,147.9
0,147.9
0,139.5
1,139.5
1,139.5
2,139.5
2,139.5
3,139.5
3,139.5
4,139.5
4,139.5
5,139.5
5,139.5
6,139.5
6,139.5
0,139.5
0,139.5
1,139.5
1,139.5
2,139.5
2,139.5
3,139.5
3,139.5
4,139.5
4,139.5
5,139.5
5,139.5
6,139.5
6,139.5
0,139.5
0,139.5
1,139.5
1,139.5
2,139.5
2,139.5
3,139.5
3,139.5
4,139.5
4,139.5
5,139.5
5,139.5
6,139.5
6,139.5
0,139.5
0,139.5
1,139.5
1,139.5
2,139.5
2,139.5
3,139.5
3,139.5
4,139.5
4,139.5
5,139.5
5,139.5
6,139.5
6,139.5
0,139.5
0,139.5
1,139.5
1,153.9
2,153.9
2,153.9
3,139.5
3,139.5
4,139.5
4,139.5
5,139.5
5,139.5
6,139.5
6,139.5
0,139.5
0,139.5
1,139.5
1,139.5
2,139.5
2,139.5
3,139.5
3,139.5
4,139.5
4,139.5
5,139.5
5,139.5
6,139.5
6,139.5
0,139.5
0,139.5
1,139.5
1,139.5
2,139.5
2,139.5
3,139.5
3,139.5
4,139.5
4,139.5
5,139.5
5,139.5
6,139.5
6,139.5
0,139.5
0,139.5
1,139.5
1,139.5
2,139.5
2,139.5
3,139.5
3,139.5
4,139.5
4,139.5
5,139.5
5,139.5
6,139.5
6,139.5
0,139.5
0,139.5
1,139.5
1,139.5
2,139.5
2,139.5
3,139.5
3,139.5
4,139.5
4,139.5
5,139.5
5,139.5
6,139.5
6,139.5
0,139.5
0,139.5
1,139.5
1,139.5
2,139.5
2,157.9
3,157.9
3,157.9
4,157.9
4,157.9
5,157.9
5,157.9
6,157.9
6,157.9
0,157.9
0,147.9
1,147.9
1,147.9
2,147.9
2,147.9
3,147.9
3,147.9
4,147.9
4,147.9
5,147.9
5,147.9
6,147.9
6,147.9
0,147.9
0,147.9
1,147.9
1,147.9
2,147.9
2,147.9
3,147.9
3,147.9
4,147.9
4,147.9
5,147.9
5,147.9
6,147.9
6,147.9
0,147.9
0,147.9
1,147.9
1,147.9
2,147.9
2,147.9
3,147.9
3,147.9
4,147.9
4,147.9
5,147.9
5,147.9
6,147.9
6,147.9
0,147.9
0,157.9
1,157.9
1,157.9
2,157.9
2,157.9
3,157.9
3,157.9
4,157.9
4,157.9
5,157.9
5,157.9
6,157.9
6,157.9
0,157.9
0,157.9
1,157.9
1,157.9
2,157.9
2,157.9
3,157.9
3,157.9
4,157.9
4,157.9
5,157.9
5,157.9
6,157.9
6,157.9
0,157.9
0,157.9
1,157.9
1,157.9
2,157.9
2,157.9
3,157.9
3,157.9
4,157.9
4,157.9
5,157.9
5,157.9
6,157.9
6,157.9
0,157.9
0,157.9
1,157.9
1,157.9
2,157.9
2,157.9
3,157.9
3,157.9
4,157.9
4,157.9
5,157.9
5,157.9
6,157.9
6,157.9
0,157.9
0,157.9
1,157.9
1,157.9
2,157.9
2,157.9
3,157.9
3,157.9
4,157.9
4,157.9
5,157.9
5,157.9
6,157.9
6,157.9
0,157.9
0,157.9
1,157.9
1,157.9
2,157.9
2,157.9
3,157.9
3,157.9
4,157.9
4,157.9
5,157.9
5,157.9
6,157.9
6,157.9
0,157.9
0,157.9
1,157.9
1,157.9
2,157.9
2,157.9
3,157.9
3,157.9
4,157.9
4,157.9
5,157.9
5,157.9
6,157.9
6,157.9
0,157.9
0,157.9
1,157.9
1,157.9
2,157.9
2,157.9
3,157.9
3,157.9
4,157.9
4,157.9
5,157.9
5,157.9
6,157.9
6,157.9
0,157.9
0,157.9
1,157.9
1,157.9
2,157.9
2,157.9
3,157.9
3,157.9
4,157.9
4,157.9
5,157.9
5,157.9
6,157.9
6,157.9
0,157.9
0,157.9
1,157.9
1,157.9
2,157.9
2,157.9
3,157.9
3,157.9
4,157.9
4,157.9
5,157.9
5,157.9
6,157.9
6,157.9
0,157.9
0,157.9
1,157.9
1,157.9
2,157.9
2,157.9
3,157.9
3,157.9
4,157.9
4,157.9
5,157.9
5,157.9
6,157.9
6,157.9
0,157.9
0,157.9
1,157.9
1,157.9
2,157.9
2,157.9
3,157.9
3,157.9
4,157.9
4,157.9
5,157.9
5,157.9
6,157.9
6,157.9
0,157.9
0,157.9
1,157.9
1,157.9
2,157.9
2,157.9
3,157.9
3,157.9
4,157.9
4,157.9
5,157.9
5,157.9
6,157.9
6,157.9
0,157.9
0,157.9
1,157.9
1,157.9
2,157.9
2,157.9
3,157.9
3,157.9
4,157.9
4,157.9
5,157.9
5,157.9
6,157.9
6,157.9
0,157.9
0,157.9
1,157.9
1,157.9
2,157.9
2,157.9
3,157.9
3,157.9
4,157.9
4,157.9
5,157.9
5,157.9
6,157.9
6,157.9
0,157.9
0,157.9
1,157.9
1,157.9
2,157.9
2,157.9
3,157.9
3,157.9
4,157.9
4,157.9
5,157.9
5,157.9
6,157.9
6,157.9
0,157.9
0,157.9
1,157.9
1,157.9
2,157.9
2,157.9
3,157.9
3,157.9
4,157.9
4,157.9
5,157.9
5,157.9
6,157.9
6,157.9
0,157.9
0,157.9
1,157.9
1,157.9
2,157.9
2,158.9
3,158.9
3,158.9
4,158.9
4,158.9
5,158.9
5,158.9
6,158.9
6,158.9
0,158.9
0,158.9
1,158.9
1,158.9
2,158.9
2,158.9
3,158.9
3,158.9
4,158.9
4,158.9
5,158.9
5,158.9
6,158.9
6,158.9
0,158.9
0,158.9
1,158.9
1,158.9
2,158.9
2,158.9
3,158.9
3,158.9
4,158.9
4,160.9
5,160.9
5,160.9
6,160.9
6,160.9
0,160.9
0,160.9
1,160.9
1,160.9
2,165.9
2,165.9
3,168.9
3,168.9
4,168.9
4,168.9
5,168.9
5,168.9
6,168.9
6,168.9
0,168.9
0,168.9
1,168.9
1,168.9
2,168.9
2,168.9
3,168.9
3,168.9
4,168.9
4,168.9
5,168.9
5,168.9
6,168.9
6,168.9
0,168.9
0,168.9
1,168.9
1,168.9
2,168.9
2,168.9
3,168.9
3,168.9
4,168.9
4,168.9
5,168.9
5,168.9
6,168.9
6,168.9
