0,124.4
0,124.4
1,124.4
1,124.4
2,124.4
2,124.4
3,124.4
3,124.4
4,124.4
4,124.4
5,124.4
5,119.9
6,119.9
6,119.9
0,119.4
0,119.4
1,118.4
1,117.9
2,117.9
2,117.9
3,117.9
3,117.9
4,117.4
4,117.4
5,117.4
5,117.4
6,117.4
6,117.4
0,117.4
0,117.4
1,116.9
1,116.9
2,116.9
2,116.9
3,116.9
3,116.9
4,116.9
4,116.9
5,116.9
5,116.9
6,116.9
6,116.9
0,116.9
0,116.9
1,116.9
1,116.9
2,116.9
2,116.9
3,116.9
3,116.9
4,116.9
4,116.9
5,116.9
5,116.9
6,116.9
6,116.9
0,116.9
0,116.9
1,116.9
1,116.9
2,116.9
2,116.9
3,116.9
3,116.9
4,116.9
4,116.9
5,116.9
5,116.9
6,116.9
6,116.9
0,116.9
0,116.9
1,116.9
1,116.9
2,116.9
2,116.9
3,147.9
3,147.9
4,147.9
4,117.4
5,117.4
5,117.4
6,117.4
6,117.4
0,117.4
0,117.4
1,117.4
1,117.4
2,117.4
2,117.4
3,117.4
3,117.4
4,117.4
4,117.4
5,117.4
5,117.4
6,117.4
6,117.4
0,117.4
0,117.4
1,117.4
1,117.4
2,117.4
2,117.4
3,117.4
3,117.4
4,117.4
4,117.4
5,117.4
5,117.4
6,117.4
6,117.4
0,117.4
0,117.4
1,117.4
1,117.4
2,117.4
2,117.4
3,117.4
3,117.4
4,117.4
4,117.4
5,117.4
5,117.4
6,117.4
6,117.4
0,117.4
0,117.4
1,117.4
1,117.4
2,117.4
2,117.4
3,117.4
3,117.4
4,117.4
4,117.4
5,117.4
5,117.4
6,117.4
6,117.4
0,117.4
0,117.4
1,117.4
1,117.4
2,117.4
2,117.4
3,117.4
3,117.4
4,117.4
4,117.4
5,117.4
5,117.4
6,117.4
6,117.4
0,117.4
0,117.4
1,117.4
1,117.4
2,117.4
2,117.4
3,117.4
3,117.4
4,117.4
4,117.4
5,117.4
5,117.4
6,117.4
6,117.4
0,117.4
0,117.4
1,117.4
1,117.4
2,117.4
2,117.4
3,117.4
3,117.4
4,117.4
4,117.4
5,117.4
5,117.4
6,117.4
6,117.4
0,117.4
0,117.4
1,117.4
1,117.4
2,117.4
2,117.4
3,117.4
3,117.4
4,117.4
4,117.4
5,117.4
5,117.4
6,117.4
6,117.4
0,117.4
0,117.4
1,117.4
1,117.4
2,117.4
2,117.4
3,117.4
3,117.4
4,117.4
4,117.4
5,117.4
5,117.4
6,117.4
6,117.4
0,117.4
0,117.4
1,117.4
1,117.4
2,117.4
2,117.4
3,117.4
3,117.4
4,117.4
4,117.4
5,117.4
5,117.4
6,117.4
6,117.4
0,117.4
0,117.4
1,117.4
1,117.4
2,117.4
2,117.4
3,117.4
3,117.4
4,117.4
4,117.4
5,117.4
5,117.4
6,117.4
6,117.4
0,117.4
0,117.4
1,117.4
1,117.4
2,117.4
2,117.4
3,137.9
3,137.9
4,137.9
4,137.9
5,137.9
5,137.9
6,137.9
6,137.9
0,137.9
0,137.9
1,137.9
1,137.9
2,137.9
2,137.9
3,137.9
3,137.9
4,137.9
4,137.9
5,137.9
5,137.9
6,137.9
6,137.9
0,137.9
0,137.9
1,137.9
1,149.9
2,149.9
2,137.5
3,137.5
3,137.5
4,137.5
4,142.4
5,142.4
5,142.4
6,142.4
6,142.4
0,142.4
0,142.4
1,142.4
1,142.4
2,142.4
2,142.4
3,142.4
3,142.4
4,142.4
4,142.4
5,142.4
5,142.4
6,142.4
6,142.4
0,142.4
0,142.4
1,142.4
1,142.4
2,142.4
2,142.4
3,142.4
3,142.4
4,142.4
4,142.4
5,142.4
5,142.4
6,142.4
6,142.4
0,142.4
0,142.4
1,142.4
1,142.4
2,142.4
2,142.4
3,142.4
3,142.4
4,142.4
4,142.4
5,142.4
5,142.4
6,164.9
6,164.9
0,135.9
0,164.9
1,164.4
1,164.4
2,164.4
2,164.4
3,164.4
3,164.4
4,164.4
4,161.9
5,161.9
5,161.9
6,161.9
6,161.9
0,161.9
0,161.9
1,161.9
1,161.9
2,161.9
2,159.9
3,159.9
3,159.75
4,159.75
4,159.75
5,159.75
5,159.75
6,159.75
6,159.75
0,159.75
0,159.4
1,158.15
1,158.15
2,158.15
2,158.15
3,158.15
3,158.15
4,157.7
4,157.7
5,157.7
5,157.7
6,157.7
6,157.7
0,157.7
0,157.7
1,157.7
1,155.9
2,155.9
2,155.9
3,155.9
3,155.9
4,155.9
4,155.9
5,155.9
5,155.9
6,155.9
6,155.9
0,155.9
0,153.9
1,153.9
1,153.9
2,153.9
2,153.9
3,153.9
3,153.9
4,153.9
4,153.9
5,153.9
5,153.9
6,153.9
6,153.9
0,153.9
0,149.9
1,149.9
1,149.9
2,149.9
2,149.9
3,149.9
3,149.9
4,149.9
4,149.9
5,149.9
5,149.9
6,149.9
6,149.9
0,149.9
0,149.9
1,149.9
1,149.9
2,149.9
2,149.9
3,149.9
3,149.9
4,149.9
4,149.9
5,149.9
5,149.9
6,149.9
6,149.9
0,149.9
0,147.9
1,147.9
1,147.9
2,147.9
2,147.9
3,147.9
3,147.9
4,147.9
4,147.9
5,147.9
5,147.9
6,147.9
6,147.9
0,147.9
0,147.9
1,147.9
1,146.9
2,146.9
2,146.9
3,142.9
3,142.9
4,142.9
4,142.9
5,142.9
5,142.9
6,142.9
6,142.9
0,142.9
0,142.9
1,142.9
1,142.9
2,142.9
2,142.9
3,142.9
3,142.9
4,142.9
4,142.9
5,142.9
5,142.9
6,142.9
6,142.9
0,142.9
0,140.7
1,140.7
1,139.9
2,139.9
2,138.9
3,138.9
3,138.9
4,138.9
4,138.9
5,138.9
5,138.9
6,138.9
6,138.9
0,138.9
0,138.9
1,138.9
1,138.9
2,138.9
2,136.9
3,136.9
3,135.9
4,135.9
4,135.9
5,135.9
5,135.9
6,135.9
6,131.65
0,131.65
0,130.9
1,130.9
1,130.9
2,130.9
2,130.9
3,130.9
3,130.9
4,130.9
4,130.9
5,130.9
5,130.9
6,130.9
6,130.9
0,130.9
0,157.9
1,130.9
1,157.9
2,157.9
2,131.4
3,131.4
3,131.4
4,131.4
4,131.4
5,131.4
5,131.4
6,131.4
6,131.4
0,131.4
0,131.4
1,131.4
1,131.4
2,131.4
2,131.4
3,131.4
3,131.4
4,131.4
4,131.4
5,131.4
5,131.4
6,131.4
6,131.4
0,131.4
0,131.4
1,131.4
1,157.9
2,157.9
2,157.9
3,157.9
3,157.9
4,157.9
4,157.4
5,157.4
5,157.4
6,157.4
6,157.4
0,157.4
0,157.4
1,157.4
1,157.4
2,157.4
2,157.4
3,157.4
3,157.4
4,157.4
4,155.9
5,155.9
5,154.65
6,154.65
6,154.65
0,154.65
0,154.65
1,154.65
1,154.65
2,154.65
2,154.65
3,152.4
3,152.4
4,149.9
4,149.9
5,149.9
5,149.9
6,149.9
6,149.9
0,149.9
0,149.9
1,147.9
1,147.9
2,147.9
2,147.9
3,147.9
3,146.9
4,145.9
4,145.9
5,145.9
5,145.9
6,145.9
6,145.9
0,145.9
0,145.9
1,145.9
1,145.9
2,141.9
2,141.9
3,141.9
3,141.9
4,137.9
4,137.9
5,137.9
5,137.9
6,137.9
6,137.9
0,137.9
0,137.9
1,137.9
1,137.9
2,137.9
2,136.9
3,159.9
3,159.9
4,159.9
4,159.9
5,149.9
5,149.9
6,149.9
6,149.4
0,149.4
0,149.4
1,149.4
1,149.4
2,148.9
2,148.9
3,147.9
3,147.9
4,147.9
4,147.9
5,147.9
5,147.9
6,147.9
6,147.9
0,147.9
0,147.9
1,147.9
1,147.9
2,147.9
2,147.9
3,147.9
3,147.9
4,139.9
4,137.9
5,137.9
5,137.9
6,137.9
6,137.9
0,136.9
0,136.9
1,135.9
1,135.9
2,133.9
2,133.9
3,133.9
3,132.9
4,132.46666666666667
4,130.9
5,124.4
5,124.4
6,124.4
6,124.4
0,121.9
0,121.9
1,121.9
1,121.9
2,121.9
2,121.9
3,121.9
3,121.9
4,121.7
4,121.7
5,121.7
5,121.7
6,121.7
6,121.7
0,121.7
0,121.7
1,121.7
1,121.7
2,121.7
2,121.7
3,121.7
3,121.7
4,121.7
4,121.7
5,121.7
5,121.7
6,121.7
6,121.7
0,121.7
0,121.7
1,121.7
1,121.7
2,121.7
2,121.7
3,121.7
3,121.7
4,121.7
4,121.7
5,121.7
5,121.7
6,121.7
6,121.7
0,121.7
0,121.7
1,121.7
1,121.7
2,121.7
2,121.7
3,121.7
3,121.7
4,121.7
4,121.7
5,121.7
5,121.7
6,121.7
6,121.7
0,121.7
0,121.7
1,121.7
1,121.7
2,121.7
2,121.7
3,121.7
3,121.7
4,121.7
4,121.7
5,121.7
5,121.7
6,121.7
6,121.7
0,121.7
0,121.7
1,121.7
1,121.7
2,121.7
2,121.7
3,121.7
3,121.7
4,121.7
4,121.7
5,121.7
5,121.7
6,121.7
6,121.7
0,121.7
0,121.7
1,121.7
1,152.9
2,152.9
2,152.9
3,152.9
3,152.9
4,152.65
4,151.9
5,151.9
5,151.9
6,151.9
6,151.9
0,151.9
0,151.4
1,151.4
1,151.4
2,151.4
2,151.4
3,150.65
3,150.65
4,149.9
4,149.4
5,149.4
5,149.4
6,149.4
6,149.4
0,149.4
0,149.4
1,149.4
1,149.4
2,149.4
2,145.9
3,145.9
3,145.9
4,143.9
4,143.9
5,143.9
5,143.9
6,143.9
6,143.9
0,143.9
0,143.9
1,143.9
1,143.9
2,141.9
2,141.9
3,139.9
3,139.9
4,139.9
4,139.9
5,139.9
5,139.9
6,139.9
6,139.9
0,139.9
0,137.9
1,137.9
1,137.9
2,137.9
2,137.9
3,137.9
3,135.9
4,135.9
4,135.9
5,135.9
5,135.9
6,135.9
6,135.9
0,135.9
0,135.9
1,135.9
1,135.9
2,135.9
2,135.9
3,135.9
3,135.9
4,135.9
4,135.9
5,135.9
5,135.9
6,135.9
6,135.9
0,135.9
0,135.9
1,135.9
1,135.9
2,135.9
2,135.9
3,135.9
3,135.9
4,135.9
4,134.9
5,134.9
5,134.9
6,134.9
6,134.9
0,134.9
0,134.9
1,134.9
1,134.9
2,134.9
2,134.9
3,134.9
3,134.9
4,134.9
4,134.9
5,134.9
5,134.9
6,134.9
6,134.9
0,134.9
0,134.9
1,134.9
1,134.9
2,134.9
2,159.9
3,159.9
3,159.9
4,134.9
4,134.9
5,134.9
5,134.9
6,134.9
6,134.9
0,134.9
0,134.9
1,134.9
1,134.9
2,134.9
2,134.9
3,134.9
3,134.9
4,134.9
4,134.9
5,134.9
5,134.9
6,134.9
6,134.9
0,134.9
0,134.9
1,134.9
1,134.9
2,134.9
2,134.9
3,134.9
3,134.9
4,134.9
4,162.9
5,162.9
5,162.4
6,162.4
6,162.4
0,162.4
0,162.4
1,162.4
1,162.4
2,160.9
2,160.9
3,160.9
3,160.9
4,160.9
4,156.9
5,156.9
5,156.9
6,156.9
6,156.9
0,156.9
0,156.9
1,156.9
1,156.9
2,156.9
2,153.7
3,153.7
3,153.7
4,153.7
4,153.7
5,153.7
5,153.7
6,153.7
6,153.7
0,153.7
0,153.7
1,153.7
1,153.7
2,153.7
2,153.7
3,153.7
3,153.7
4,153.7
4,153.7
5,153.7
5,153.7
6,153.7
6,153.7
0,153.7
0,153.7
1,153.7
1,153.7
2,153.7
2,153.7
3,153.7
3,153.7
4,153.7
4,153.7
5,153.7
5,153.7
6,153.7
6,153.7
0,153.7
0,153.7
1,153.7
1,153.7
2,153.7
2,153.7
3,153.7
3,153.7
4,153.7
4,153.7
5,153.7
5,153.7
6,153.7
6,153.7
0,153.7
0,153.7
1,153.7
1,153.7
2,153.7
2,153.7
3,153.7
3,153.7
4,153.7
4,153.7
5,153.7
5,153.7
6,153.7
6,153.7
0,153.7
0,153.7
1,153.7
1,153.7
2,153.7
2,153.7
3,153.7
3,168.9
4,168.9
4,168.9
5,168.9
5,168.9
6,168.9
6,168.9
0,168.9
0,168.9
1,168.9
1,168.9
2,168.9
2,168.9
3,168.9
3,168.9
4,168.9
4,168.9
5,168.9
5,168.9
6,168.9
6,168.9
0,168.9
0,168.9
1,168.9
1,168.9
2,168.9
2,168.9
3,163.9
3,163.9
4,163.9
4,163.9
5,163.9
5,163.9
6,163.9
6,163.9
0,163.9
0,163.9
1,163.9
1,163.9
2,163.9
2,163.9
3,163.9
3,158.9
4,158.9
4,158.9
5,158.9
5,158.9
6,158.9
6,158.9
0,158.9
0,158.9
1,158.9
1,158.9
2,158.9
2,158.9
3,158.9
3,156.9
4,156.9
4,156.9
5,156.9
5,168.9
6,168.9
6,168.9
0,168.9
0,168.9
1,168.9
1,168.9
2,168.9
2,168.9
3,168.9
3,168.9
4,168.9
4,168.9
5,168.9
5,168.9
6,168.9
6,168.9
0,168.9
0,168.9
1,160.9
1,160.9
2,160.9
2,160.9
3,160.9
3,160.9
4,160.9
4,160.9
5,160.9
5,160.9
6,160.9
6,160.9
0,160.9
0,160.9
1,160.9
1,160.9
2,158.9
2,158.9
3,157.7
3,157.7
4,157.7
4,157.7
5,157.7
5,157.7
6,157.7
6,157.7
0,154.7
0,154.7
1,154.7
1,154.7
2,154.7
2,154.7
3,154.7
3,154.7
4,154.7
4,154.7
5,154.7
5,154.7
6,154.7
6,154.7
0,154.7
0,154.7
1,154.7
1,154.7
2,154.7
2,154.7
3,154.7
3,154.7
4,154.7
4,154.7
5,154.7
5,154.7
6,154.7
6,154.7
0,154.7
0,154.7
1,154.7
1,154.7
2,154.7
2,154.7
3,154.7
3,168.9
4,168.9
4,168.9
5,168.9
5,168.9
6,168.9
6,168.9
0,168.9
0,168.9
1,168.9
1,168.9
2,168.9
2,168.9
3,168.9
3,168.9
4,167.9
4,166.9
5,166.9
5,166.9
6,166.9
6,166.9
0,166.9
0,166.9
1,166.9
1,166.9
2,160.9
2,160.9
3,160.9
3,158.9
4,158.9
4,158.9
5,158.9
5,158.9
6,158.9
6,158.9
0,158.9
0,158.9
1,158.9
1,158.9
2,158.9
2,158.9
3,158.9
3,158.9
4,158.9
4,158.9
5,158.9
5,158.9
6,158.9
6,158.9
0,158.9
0,158.9
1,158.9
1,168.9
2,168.9
2,168.9
3,168.9
3,168.9
4,168.9
4,158.9
5,158.9
5,158.9
6,155.9
6,155.9
0,155.9
0,155.9
1,153.9
1,153.9
2,153.9
2,153.9
3,153.9
3,153.9
4,153.9
4,153.9
5,153.9
5,153.9
6,150.9
6,150.9
0,150.9
0,150.9
1,150.9
1,150.9
2,150.9
2,150.9
3,150.9
3,148.9
4,148.7
4,147.9
5,147.9
5,147.9
6,147.9
6,147.9
0,147.9
0,147.9
1,147.9
1,147.9
2,147.9
2,147.9
3,147.9
3,147.9
4,147.9
4,171.9
5,171.9
5,171.9
6,171.9
6,170.9
0,170.9
0,165.4
1,165.4
1,165.4
2,165.4
2,169.9
3,166.9
3,166.9
4,166.9
4,166.9
5,166.9
5,166.9
6,166.9
6,166.9
0,166.9
0,166.9
1,166.9
1,166.9
2,163.9
2,163.9
3,163.9
3,163.9
4,163.9
4,163.9
5,163.9
5,163.9
6,163.9
6,163.9
0,163.9
0,163.9
1,163.9
1,162.9
2,162.9
2,162.9
3,162.9
3,170.9
4,170.9
4,170.9
5,170.9
5,170.9
6,170.9
6,170.9
