0,0
0,0
1,0
1,0
2,0
2,0
3,120.5
3,120.5
4,117.85000000000001
4,117.85000000000001
5,117.85000000000001
5,117.85000000000001
6,117.85000000000001
6,117.85000000000001
0,117.85000000000001
0,117.85000000000001
1,117.7
1,117.7
2,116.4
2,115.9
3,115.8
3,115.9
4,115.9
4,115.9
5,115.9
5,115.9
6,115.9
6,115.9
0,114.4
0,114.4
1,114.4
1,114.4
2,145.9
2,145.9
3,145.4
3,145.4
4,144.9
4,144.9
5,144.9
5,144.9
6,144.9
6,144.9
0,144.7
0,144.7
1,142.4
1,142.4
2,139.9
2,136.9
3,135.9
3,134.65
4,134.65
4,133.9
5,131.5
5,131.5
6,131.5
6,130.7
0,128.78333333333333
0,127.0
1,125.3
1,123.5
2,123.5
2,123.5
3,123.5
3,123.5
4,123.5
4,123.5
5,123.5
5,123.5
6,123.5
6,121.5
0,119.9
0,119.9
1,119.9
1,118.9
2,118.9
2,118.9
3,147.9
3,145.65
4,145.65
4,145.65
5,144.9
5,143.9
6,143.9
6,143.15
0,140.4
0,136.9
1,134.9
1,133.2
2,131.9
2,131.9
3,131.75
3,131.75
4,131.75
4,131.75
5,131.75
5,129.9
6,127.9
6,127.9
0,127.9
0,126.9
1,125.2
1,125.2
2,125.2
2,124.4
3,123.6
3,123.6
4,149.9
4,149.9
5,149.15
5,149.15
6,149.15
6,147.9
0,147.9
0,147.9
1,147.9
1,147.9
2,147.9
2,147.9
3,147.9
3,147.9
4,141.9
4,138.9
5,138.9
5,138.9
6,138.9
6,138.9
0,138.9
0,138.9
1,138.9
1,138.9
2,138.9
2,138.9
3,138.9
3,138.9
4,138.9
4,138.9
5,138.9
5,138.9
6,138.9
6,138.9
0,138.9
0,138.9
1,138.9
1,138.9
2,138.9
2,138.9
3,138.9
3,138.9
4,138.9
4,138.9
5,138.9
5,138.9
6,138.9
6,138.9
0,138.9
0,138.9
1,138.9
1,138.9
2,138.9
2,138.9
3,138.9
3,138.9
4,138.9
4,138.9
5,138.9
5,138.9
6,138.9
6,138.9
0,138.9
0,138.9
1,138.9
1,138.9
2,138.9
2,138.9
3,138.9
3,138.9
4,138.9
4,138.9
5,138.9
5,138.9
6,138.9
6,138.9
0,138.9
0,138.9
1,138.9
1,138.9
2,138.9
2,138.9
3,138.9
3,138.9
4,138.9
4,138.9
5,138.9
5,138.9
6,138.9
6,138.9
0,138.9
0,138.9
1,138.9
1,138.9
2,138.9
2,138.9
3,138.9
3,138.9
4,138.9
4,138.9
5,138.9
5,138.9
6,138.9
6,138.9
0,138.9
0,138.9
1,138.9
1,138.9
2,138.9
2,138.9
3,138.9
3,138.9
4,138.9
4,138.9
5,138.9
5,138.9
6,138.9
6,138.9
0,138.9
0,138.9
1,138.9
1,138.9
2,138.9
2,138.9
3,138.9
3,138.9
4,138.9
4,138.9
5,138.9
5,138.9
6,138.9
6,138.9
0,138.9
0,138.9
1,138.9
1,138.9
2,138.9
2,138.9
3,138.9
3,138.9
4,151.9
4,151.9
5,151.9
5,151.9
6,151.9
6,151.9
0,151.9
0,151.9
1,151.9
1,151.9
2,151.9
2,151.9
3,151.9
3,151.9
4,151.9
4,151.9
5,151.9
5,151.9
6,151.9
6,151.9
0,151.9
0,151.9
1,149.9
1,149.9
2,149.9
2,149.9
3,149.9
3,146.9
4,146.9
4,144.9
5,143.9
5,143.9
6,143.9
6,143.9
0,143.9
0,143.9
1,143.9
1,143.9
2,143.9
2,143.9
3,143.9
3,143.9
4,141.9
4,141.9
5,141.9
5,141.9
6,138.7
6,138.7
0,138.7
0,138.7
1,138.7
1,138.7
2,138.7
2,138.7
3,137.9
3,137.9
4,137.9
4,137.9
5,137.9
5,137.9
6,137.9
6,137.9
0,137.9
0,137.9
1,137.7
1,137.7
2,137.7
2,137.7
3,162.9
3,162.9
4,162.9
4,162.4
5,162.4
5,162.4
6,162.4
6,162.4
0,159.9
0,159.8
1,158.9
1,158.9
2,158.9
2,157.9
3,157.9
3,157.9
4,157.9
4,157.9
5,157.9
5,157.9
6,157.9
6,157.9
0,157.9
0,157.9
1,157.9
1,156.9
2,152.9
2,152.9
3,149.9
3,149.9
4,147.2
4,144.9
5,144.5
5,144.5
6,142.6
6,142.6
0,141.96666666666667
0,140.9
1,140.9
1,140.9
2,140.9
2,140.9
3,140.9
3,139.9
4,139.9
4,137.9
5,137.9
5,137.9
6,137.9
6,137.9
0,137.9
0,137.9
1,137.9
1,136.9
2,136.9
2,136.7
3,136.7
3,136.7
4,136.7
4,136.2
5,136.2
5,136.2
6,136.2
6,136.2
0,134.9
0,134.4
1,134.4
1,134.4
2,134.4
2,134.4
3,134.4
3,133.9
4,133.9
4,133.9
5,133.9
5,133.9
6,133.9
6,133.9
0,133.5
0,132.9
1,132.9
1,132.4
2,132.4
2,132.4
3,132.4
3,132.4
4,132.4
4,162.9
5,162.9
5,162.9
6,162.9
6,162.9
0,162.9
0,160.9
1,160.9
1,159.9
2,157.9
2,152.9
3,150.9
3,150.9
4,150.9
4,150.9
5,150.9
5,150.4
6,150.4
6,149.9
0,149.9
0,149.9
1,149.4
1,149.4
2,149.4
2,147.5
3,143.6
3,141.7
4,139.4
4,139.4
5,139.4
5,139.4
6,139.4
6,139.4
0,139.4
0,139.4
1,138.8
1,136.8
2,136.8
2,136.8
3,136.8
3,136.8
4,136.8
4,134.9
5,134.9
5,133.7
6,133.7
6,133.7
0,133.7
0,133.7
1,133.7
1,133.7
2,133.7
2,133.7
3,133.7
3,133.7
4,133.7
4,133.7
5,133.7
5,133.7
6,133.7
6,133.5
0,133.5
0,131.7
1,129.9
1,129.9
2,129.9
2,129.9
3,129.5
3,129.5
4,128.9
4,128.5
5,128.5
5,128.5
6,128.5
6,128.5
0,128.5
0,128.5
1,128.5
1,128.5
2,127.9
2,127.9
3,127.9
3,127.9
4,127.9
4,127.9
5,127.9
5,127.9
6,127.9
6,127.9
0,127.9
0,127.9
1,127.9
1,127.9
2,127.9
2,127.9
3,127.9
3,127.9
4,127.9
4,142.8
5,142.8
5,142.8
6,142.8
6,142.8
0,142.8
0,142.8
1,155.4
1,155.4
2,155.4
2,155.4
3,150.9
3,150.9
4,149.7
4,149.7
5,149.7
5,148.9
6,148.9
6,147.9
0,147.9
0,147.9
1,147.9
1,145.9
2,145.9
2,144.9
3,144.9
3,144.9
4,142.9
4,142.9
5,142.9
5,142.9
6,142.9
6,142.9
0,141.9
0,141.9
1,141.9
1,141.9
2,141.9
2,139.9
3,139.9
3,139.9
4,139.9
4,137.9
5,137.9
5,137.9
6,137.9
6,137.9
0,137.4
0,136.42000000000002
1,135.4
1,134.8
2,133.9
2,133.4
3,132.9
3,132.4
4,131.9
4,131.9
5,130.9
5,157.9
6,157.9
6,157.9
0,157.9
0,157.4
1,148.4
1,148.4
2,147.9
2,147.9
3,147.9
3,147.9
4,147.9
4,146.9
5,146.9
5,145.4
6,143.9
6,141.4
0,138.9
0,138.15
1,138.15
1,135.7
2,135.7
2,135.7
3,135.7
3,135.7
4,135.7
4,134.7
5,134.7
5,134.7
6,134.7
6,134.7
0,134.7
0,134.4
1,134.3
1,133.8
2,133.8
2,133.8
3,133.8
3,133.8
4,131.8
4,131.8
5,131.8
5,131.8
6,131.8
6,131.8
0,131.8
0,159.9
1,159.9
1,159.9
2,159.9
2,158.9
3,158.9
3,158.9
4,158.9
4,157.9
5,157.9
5,157.9
6,157.9
6,157.9
0,155.4
0,155.4
1,151.9
1,151.9
2,149.9
2,149.9
3,148.9
3,147.9
4,147.9
4,147.9
5,147.9
5,147.9
6,145.9
6,145.4
0,145.4
0,145.4
1,142.9
1,142.2
2,142.2
2,142.2
3,139.9
3,139.9
4,139.9
4,137.2
5,135.5
5,135.5
6,134.2
6,134.2
0,131.9
0,131.9
1,131.9
1,130.7
2,130.7
2,128.9
3,128.9
3,127.9
4,127.9
4,126.7
5,126.7
5,126.7
6,126.7
6,126.7
0,126.7
0,126.7
1,126.7
1,125.15
2,125.15
2,124.4
3,124.4
3,123.9
4,123.9
4,122.9
5,122.9
5,122.9
6,122.9
6,122.9
0,122.3
0,122.3
1,122.3
1,122.3
2,122.3
2,122.3
3,149.9
3,149.9
4,148.65
4,148.65
5,148.65
5,148.65
6,148.65
6,148.65
0,145.9
0,145.9
1,145.9
1,145.9
2,145.9
2,144.9
3,144.9
3,143.9
4,141.4
4,141.4
5,138.3
5,138.3
6,135.2
6,135.2
0,133.9
0,133.9
1,133.9
1,133.9
2,133.9
2,130.9
3,130.9
3,130.9
4,130.9
4,130.9
5,130.9
5,129.9
6,129.9
6,129.9
0,129.9
0,128.9
1,128.9
1,128.9
2,128.9
2,128.9
3,128.9
3,126.5
4,126.5
4,126.5
5,126.5
5,126.5
6,126.5
6,126.5
0,126.5
0,125.9
1,125.9
1,124.5
2,124.5
2,124.5
3,124.5
3,124.5
4,124.5
4,124.5
5,124.5
5,124.5
6,124.5
6,124.5
0,124.5
0,124.5
1,124.5
1,152.9
2,152.4
2,152.4
3,150.9
3,150.9
4,148.9
4,148.9
5,147.9
5,146.4
6,145.9
6,145.9
0,144.9
0,144.9
1,143.9
1,141.9
2,141.9
2,140.9
3,140.9
3,140.2
4,139.9
4,138.9
5,138.9
5,138.9
6,138.4
6,135.05
0,134.9
0,134.9
1,134.9
1,134.9
2,134.9
2,133.875
3,132.9
3,132.9
4,132.9
4,132.7
5,132.7
5,132.5
6,130.5
6,130.5
0,130.5
0,129.9
1,129.9
1,129.9
2,129.9
2,129.9
3,129.9
3,128.4
4,127.9
4,127.9
5,127.9
5,127.9
6,127.9
6,160.9
0,160.4
0,157.9
1,157.8
1,156.4
2,155.9
2,155.9
3,154.9
3,154.9
4,153.4
4,153.4
5,151.9
5,151.9
6,148.4
6,148.4
0,145.65
0,144.4
1,144.4
1,143.96666666666667
2,143.2
2,143.2
3,142.7
3,141.65
4,141.4
4,140.8
5,140.05
5,136.9
6,136.9
6,136.9
0,136.4
0,135.9
1,135.7
1,134.5
2,134.5
2,133.3
3,133.3
3,132.03333333333333
4,132.03333333333333
4,132.03333333333333
5,132.03333333333333
5,132.03333333333333
6,132.03333333333333
6,132.03333333333333
0,132.03333333333333
0,130.9
1,130.9
1,129.4
2,129.4
2,160.9
3,160.9
3,128.9
4,128.9
4,160.9
5,160.9
5,160.9
6,160.9
6,160.9
0,158.9
0,156.9
1,156.9
1,156.6
2,156.6
2,156.6
3,154.9
3,153.9
4,152.9
4,149.8
5,149.8
5,147.5
6,147.5
6,147.5
0,147.5
0,147.5
1,145.4
1,144.9
2,142.5
2,142.5
3,141.4
3,139.5
4,138.5
4,137.65
5,137.65
5,136.9
6,136.9
6,135.9
0,135.9
0,135.7
1,134.9
1,134.9
2,134.9
2,134.9
3,134.9
3,162.9
4,162.9
4,162.9
5,162.9
5,162.9
6,162.9
6,162.9
0,159.9
0,159.9
1,159.9
1,159.4
2,159.4
2,157.9
3,157.9
3,157.9
4,157.9
4,157.9
5,157.9
5,157.9
6,157.9
6,156.9
0,156.9
0,156.9
1,156.9
1,156.9
2,156.9
2,155.9
3,155.9
3,152.9
4,152.9
4,152.9
5,152.9
5,151.3
6,151.3
6,148.9
0,148.9
0,147.16666666666666
1,144.9
1,144.9
2,143.7
2,143.7
3,143.7
3,143.7
4,141.9
4,139.8
5,139.8
5,153.55
6,153.55
6,153.55
0,166.4
0,166.4
1,166.4
1,166.4
2,166.4
2,166.4
3,166.4
3,165.9
4,165.9
4,163.3
5,163.3
5,163.3
6,163.3
6,163.3
0,163.3
0,161.7
1,161.7
1,159.7
2,157.7
2,157.7
3,155.7
3,154.9
4,152.9
4,152.7
5,152.7
5,152.7
6,152.7
6,150.9
0,148.75
0,148.75
1,148.75
1,147.9
2,147.7
2,147.5
3,147.5
3,146.3
4,146.3
4,144.3
5,141.825
5,141.825
6,141.825
6,141.825
0,139.4333333333333
0,137.55
1,137.55
1,137.55
2,138.2
2,137.9
3,137.9
3,168.9
4,168.9
4,168.9
5,168.9
5,168.9
6,168.9
6,168.9
0,167.9
0,167.9
1,167.9
1,166.9
2,166.9
2,166.9
3,166.7
3,166.7
4,165.9
4,165.9
5,165.9
5,165.9
6,165.9
6,165.9
0,163.7
0,162.4
1,162.4
1,161.5
2,160.9
2,156.9
3,155.8
3,155.3
4,155.3
4,150.4333333333333
5,150.4333333333333
5,150.4333333333333
6,150.4333333333333
6,146.5
0,146.5
0,146.5
1,146.5
1,146.5
2,146.5
2,144.8
3,144.8
3,144.2
4,144.2
4,144.2
5,144.2
5,144.2
6,144.2
6,144.2
0,144.2
0,144.2
1,144.2
1,142.5
2,142.5
2,142.5
3,142.5
3,142.5
4,168.9
4,168.9
5,168.9
5,168.9
6,168.9
6,168.9
0,167.7
0,166.7
1,166.7
1,166.7
2,164.9
2,163.9
3,161.9
3,160.9
4,158.7
4,157.9
5,156.8
5,156.8
6,156.8
6,156.8
0,156.5
0,155.7
1,155.7
1,155.2
2,155.2
2,152.55
3,152.55
3,150.9
4,150.9
4,150.9
5,150.9
5,150.9
6,150.9
6,150.9
0,150.9
0,150.9
1,150.9
1,150.1
2,148.9
2,144.9
3,144.8
3,143.8
4,143.8
4,143.8
5,143.8
5,143.8
6,143.8
6,142.8
0,142.8
0,141.8
1,141.8
1,141.2
2,140.53333333333333
2,139.9
3,139.7
3,138.8
4,138.8
4,138.8
5,138.8
5,138.8
6,138.8
6,138.8
0,138.8
0,138.8
1,138.8
1,138.8
2,139.7
2,139.7
3,139.7
3,139.7
4,139.7
4,139.7
5,139.7
5,139.7
6,139.7
6,139.7
0,139.7
0,139.7
1,139.7
1,139.7
2,169.9
2,169.9
3,169.9
3,169.9
4,169.9
4,169.9
5,167.9
5,167.9
6,167.9
6,167.9
0,167.9
0,166.4
1,166.4
1,166.4
2,166.4
2,164.9
3,164.9
3,164.9
4,164.9
4,160.9
5,159.3
5,159.3
6,159.3
6,157.9
0,150.9
0,149.7
1,149.7
1,148.7
2,146.7
2,144.5
3,143.5
3,140.5
4,140.5
4,140.5
5,140.5
5,139.5
6,138.5
6,138.5
0,137.9
0,139.9
1,139.9
1,139.9
2,139.9
2,138.5
3,138.5
3,137.9
4,137.9
4,137.9
5,137.9
5,137.9
6,137.9
6,168.9
0,168.9
0,168.9
1,168.9
1,168.9
2,168.9
2,166.5
3,166.5
3,164.9
4,161.9
4,161.9
5,161.9
5,158.9
6,158.9
6,155.9
0,155.9
0,155.9
1,155.9
1,155.9
2,155.9
2,153.9
3,147.9
3,147.9
4,144.9
4,144.9
5,144.9
5,144.9
6,144.9
6,144.9
0,144.9
0,144.9
1,144.9
1,144.9
2,144.0
2,144.0
3,144.0
3,142.9
4,142.9
4,142.9
5,142.9
5,142.9
6,142.9
6,142.9
0,142.9
0,142.9
1,142.9
1,142.9
2,141.5
2,140.9
3,140.9
3,171.9
4,171.9
4,171.9
5,171.9
5,171.9
6,171.9
6,170.9
0,170.9
0,169.9
1,169.9
1,168.9
2,167.9
2,163.9
3,163.9
3,163.9
4,163.9
4,164.9
5,164.9
5,162.9
6,162.9
6,162.9
0,162.9
0,162.9
1,162.9
1,162.9
2,160.9
2,160.9
3,160.9
3,160.9
4,160.9
4,156.5
5,156.5
5,156.5
6,156.5
6,156.5
0,151.9
0,152.4
1,152.4
1,162.4
2,162.4
2,162.4
3,162.4
3,162.4
4,162.4
4,162.4
5,175.4
5,175.4
6,175.4
6,175.4
