0,131.15
0,131.15
1,129.8
1,129.8
2,128.8
2,124.9
3,124.9
3,122.9
4,122.30000000000001
4,122.30000000000001
5,120.9
5,120.9
6,120.9
6,120.4
0,120.3
0,119.9
1,119.3
1,119.3
2,118.9
2,118.4
3,117.4
3,115.65
4,115.65
4,114.9
5,114.9
5,114.9
6,114.9
6,114.9
0,114.4
0,114.4
1,114.4
1,145.9
2,145.4
2,145.4
3,145.4
3,145.4
4,145.05
4,145.05
5,145.05
5,145.05
6,145.05
6,144.4
0,143.9
0,143.9
1,142.9
1,139.9
2,139.7
2,139.2
3,138.7
3,133.9
4,133.9
4,133.9
5,133.15
5,133.15
6,132.4
6,131.9
0,129.9
0,129.9
1,127.4
1,127.4
2,127.4
2,127.4
3,124.33333333333333
3,121.4
4,121.4
4,121.4
5,121.1
5,121.1
6,120.4
6,120.4
0,120.4
0,119.9
1,119.9
1,119.15
2,147.9
2,147.9
3,147.9
3,145.9
4,143.9
4,143.9
5,143.9
5,143.45
6,142.9
6,142.9
0,140.4
0,140.4
1,139.4
1,139.3
2,139.3
2,138.4
3,136.47500000000002
3,134.7
4,134.7
4,134.7
5,133.9
5,133.9
6,133.9
6,133.9
0,130.95000000000002
0,130.15
1,130.15
1,126.15
2,124.9
2,124.4
3,123.65
3,123.65
4,149.9
4,149.9
5,148.9
5,148.9
6,148.9
6,147.9
0,147.9
0,147.9
1,147.85000000000002
1,147.85000000000002
2,147.6
2,147.6
3,147.8
3,145.9
4,145.9
4,140.9
5,140.9
5,140.9
6,140.9
6,140.9
0,140.9
0,140.9
1,140.9
1,140.9
2,140.9
2,140.9
3,140.9
3,140.9
4,140.9
4,140.9
5,140.9
5,140.9
6,140.9
6,140.9
0,140.9
0,140.9
1,140.9
1,140.9
2,140.9
2,140.9
3,140.9
3,140.9
4,140.9
4,140.9
5,140.9
5,140.9
6,140.9
6,140.9
0,140.9
0,140.9
1,140.9
1,140.9
2,140.9
2,140.9
3,140.9
3,140.9
4,140.9
4,140.9
5,140.9
5,140.9
6,140.9
6,140.9
0,140.9
0,140.9
1,140.9
1,140.9
2,140.9
2,140.9
3,140.9
3,140.9
4,140.9
4,140.9
5,140.9
5,140.9
6,140.9
6,140.9
0,140.9
0,140.9
1,140.9
1,140.9
2,140.9
2,140.9
3,140.9
3,140.9
4,140.9
4,140.9
5,140.9
5,140.9
6,140.9
6,140.9
0,140.9
0,140.9
1,140.9
1,140.9
2,140.9
2,140.9
3,140.9
3,140.9
4,140.9
4,140.9
5,140.9
5,140.9
6,140.9
6,140.9
0,140.9
0,140.9
1,140.9
1,140.9
2,140.9
2,140.9
3,140.9
3,140.9
4,140.9
4,140.9
5,140.9
5,140.9
6,140.9
6,140.9
0,140.9
0,140.9
1,140.9
1,140.9
2,140.9
2,140.9
3,140.9
3,140.9
4,140.9
4,140.9
5,140.9
5,140.9
6,140.9
6,140.9
0,140.9
0,140.9
1,140.9
1,140.9
2,140.9
2,140.9
3,124.1
3,124.1
4,124.1
4,124.1
5,124.1
5,139.9
6,139.9
6,139.9
0,139.9
0,139.9
1,139.9
1,139.9
2,139.9
2,139.9
3,139.9
3,139.9
4,139.9
4,139.9
5,150.9
5,150.9
6,150.9
6,150.9
0,149.9
0,149.9
1,148.9
1,148.9
2,148.9
2,147.9
3,147.9
3,147.9
4,147.9
4,147.9
5,147.9
5,147.9
6,147.9
6,147.9
0,147.9
0,147.9
1,147.9
1,147.9
2,147.9
2,147.9
3,147.9
3,147.9
4,146.9
4,146.9
5,145.9
5,145.9
6,145.9
6,145.9
0,145.9
0,145.9
1,141.9
1,141.9
2,140.4
2,140.4
3,140.4
3,140.4
4,140.4
4,139.9
5,139.9
5,139.9
6,139.9
6,138.9
0,138.9
0,138.9
1,138.9
1,138.9
2,138.9
2,138.9
3,162.9
3,162.9
4,162.4
4,162.4
5,162.4
5,162.4
6,162.4
6,162.4
0,162.4
0,162.3
1,162.3
1,162.3
2,162.3
2,162.3
3,162.3
3,162.3
4,158.9
4,158.9
5,158.9
5,158.9
6,158.9
6,158.9
0,158.9
0,158.9
1,155.9
1,155.9
2,154.9
2,154.9
3,153.3
3,149.9
4,146.9
4,145.9
5,145.9
5,145.9
6,144.9
6,143.9
0,143.9
0,142.8
1,140.4
1,140.4
2,140.4
2,140.4
3,140.4
3,140.4
4,140.4
4,138.8
5,138.8
5,138.8
6,137.9
6,136.9
0,136.9
0,136.35000000000002
1,134.9
1,134.3
2,134.3
2,134.3
3,133.8
3,133.8
4,133.6
4,133.15
5,133.15
5,133.15
6,132.8
6,132.8
0,132.8
0,132.3
1,131.7
1,131.7
2,131.7
2,131.7
3,162.9
3,131.5
4,131.5
4,131.5
5,131.5
5,131.5
6,131.5
6,131.5
0,131.5
0,131.5
1,130.4
1,130.4
2,130.4
2,130.4
3,130.4
3,162.9
4,162.9
4,162.9
5,162.9
5,162.4
6,162.4
6,162.4
0,162.4
0,162.4
1,162.4
1,162.4
2,161.35000000000002
2,161.35000000000002
3,160.4
3,157.9
4,154.4
4,154.4
5,154.4
5,152.9
6,152.9
6,152.9
0,149.9
0,149.9
1,147.9
1,146.9
2,142.9
2,142.9
3,142.9
3,142.9
4,142.9
4,142.9
5,142.9
5,142.9
6,142.9
6,142.9
0,142.9
0,142.9
1,142.9
1,139.9
2,139.9
2,139.9
3,139.9
3,137.9
4,137.9
4,137.9
5,137.9
5,137.9
6,136.9
6,136.9
0,136.9
0,136.9
1,136.9
1,136.9
2,136.9
2,136.9
3,136.9
3,136.9
4,136.9
4,136.9
5,136.9
5,136.9
6,136.9
6,136.9
0,136.9
0,135.9
1,135.9
1,135.9
2,135.9
2,134.9
3,134.9
3,133.9
4,133.9
4,133.9
5,132.9
5,132.9
6,132.9
6,132.9
0,132.9
0,131.9
1,131.9
1,131.4
2,130.9
2,130.9
3,130.9
3,130.8
4,130.8
4,130.8
5,130.8
5,130.8
6,130.8
6,129.9
0,129.9
0,129.9
1,129.9
1,129.9
2,128.9
2,128.9
3,128.9
3,128.9
4,128.9
4,157.9
5,127.9
5,157.9
6,157.9
6,155.9
0,155.9
0,155.9
1,154.9
1,154.9
2,154.9
2,154.9
3,154.9
3,153.9
4,153.9
4,153.9
5,153.9
5,152.1
6,152.1
6,152.1
0,151.9
0,150.9
1,149.9
1,148.53333333333333
2,148.53333333333333
2,148.53333333333333
3,148.53333333333333
3,148.53333333333333
4,148.53333333333333
4,148.53333333333333
5,148.53333333333333
5,148.53333333333333
6,148.53333333333333
6,148.53333333333333
0,148.53333333333333
0,144.9
1,144.9
1,144.9
2,144.9
2,142.9
3,139.9
3,139.9
4,139.9
4,139.9
5,139.9
5,139.9
6,139.9
6,139.9
0,139.4
0,138.9
1,138.4
1,137.65
2,136.9
2,136.4
3,135.9
3,146.65
4,146.65
4,146.65
5,146.65
5,146.65
6,157.4
6,157.4
0,157.4
0,157.4
1,157.4
1,155.9
2,155.9
2,155.9
3,154.9
3,154.9
4,152.9
4,152.9
5,152.9
5,152.9
6,147.4
6,146.9
0,143.9
0,140.8
1,138.9
1,138.9
2,138.9
2,136.9
3,135.9
3,135.9
4,135.9
4,135.6
5,135.6
5,135.6
6,134.9
6,134.9
0,132.4
0,132.4
1,132.4
1,132.4
2,132.4
2,132.4
3,130.9
3,130.9
4,130.9
4,130.9
5,130.9
5,130.9
6,130.9
6,159.9
0,159.9
0,159.9
1,159.9
1,159.9
2,159.9
2,159.4
3,159.4
3,159.4
4,159.4
4,159.4
5,159.4
5,159.4
6,157.9
6,157.9
0,154.9
0,154.9
1,151.9
1,151.4
2,151.4
2,150.9
3,150.9
3,149.15
4,149.15
4,147.4
5,147.4
5,146.4
6,146.4
6,146.4
0,146.4
0,145.4
1,145.4
1,143.4
2,139.9
2,139.9
3,139.9
3,139.15
4,139.15
4,139.15
5,139.15
5,139.15
6,138.4
6,138.4
0,138.4
0,137.9
1,137.9
1,137.4
2,137.4
2,136.9
3,136.7
3,135.5
4,132.5
4,131.9
5,131.9
5,130.66666666666666
6,129.7
6,129.2
0,129.2
0,128.9
1,128.9
1,128.4
2,128.4
2,127.9
3,125.9
3,125.4
4,125.4
4,124.9
5,124.9
5,124.9
6,124.9
6,124.10000000000001
0,124.10000000000001
0,124.10000000000001
1,124.10000000000001
1,122.9
2,122.9
2,122.9
3,149.9
3,149.9
4,149.4
4,149.4
5,149.4
5,149.4
6,149.4
6,149.4
0,147.9
0,147.9
1,147.9
1,147.9
2,147.9
2,147.9
3,147.9
3,147.9
4,147.9
4,145.9
5,145.9
5,145.9
6,145.9
6,145.9
0,141.9
0,141.9
1,138.9
1,138.9
2,138.9
2,138.9
3,138.9
3,138.9
4,138.9
4,138.9
5,138.2
5,137.7
6,136.25
6,136.25
0,134.35000000000002
0,132.9
1,132.9
1,132.4
2,131.65
2,130.4
3,130.4
3,130.4
4,130.4
4,129.9
5,129.4
5,129.4
6,128.9
6,127.9
0,127.9
0,127.4
1,127.4
1,125.9
2,125.9
2,125.9
3,125.9
3,125.9
4,125.9
4,125.9
5,125.9
5,125.9
6,125.9
6,125.9
0,125.9
0,125.9
1,125.9
1,152.9
2,152.9
2,150.4
3,149.9
3,149.9
4,149.9
4,149.9
5,149.9
5,149.9
6,149.9
6,149.9
0,149.9
0,149.9
1,149.9
1,147.4
2,146.9
2,146.9
3,146.9
3,143.9
4,142.9
4,140.9
5,140.9
5,140.9
6,140.9
6,140.9
0,140.9
0,139.25
1,138.9
1,138.0
2,136.25
2,136.25
3,134.9
3,134.9
4,134.9
4,134.4
5,134.4
5,133.65
6,133.65
6,133.65
0,133.4
0,133.4
1,133.4
1,132.13333333333333
2,131.4
2,130.7
3,130.7
3,130.7
4,130.7
4,130.2
5,130.2
5,160.9
6,160.9
6,160.9
0,160.9
0,160.9
1,160.9
1,159.9
2,159.9
2,159.9
3,158.9
3,158.9
4,156.9
4,156.9
5,155.9
5,155.9
6,153.7
6,153.7
0,151.3
0,151.3
1,150.89999999999998
1,150.89999999999998
2,150.3
2,149.2
3,147.55
3,147.55
4,143.9
4,143.9
5,141.9
5,140.9
6,140.4
6,138.9
0,138.4
0,138.4
1,138.4
1,138.4
2,135.9
2,135.9
3,135.9
3,134.9
4,133.9
4,133.9
5,133.9
5,133.9
6,133.9
6,133.9
0,132.9
0,132.9
1,132.9
1,132.9
2,132.9
2,132.9
3,132.9
3,132.9
4,132.9
4,160.9
5,132.9
5,132.9
6,132.9
6,160.9
0,132.9
0,160.9
1,160.9
1,155.9
2,155.9
2,155.9
3,155.9
3,151.9
4,151.4
4,151.4
5,149.9
5,149.9
6,149.9
6,149.9
0,148.9
0,148.9
1,148.9
1,148.9
2,147.9
2,147.9
3,145.9
3,144.9
4,143.9
4,141.9
5,141.9
5,141.9
6,141.9
6,141.9
0,141.2
0,141.2
1,141.2
1,138.9
2,162.9
2,162.9
3,162.9
3,162.9
4,162.9
4,162.9
5,162.9
5,162.9
6,162.9
6,157.9
0,157.9
0,157.9
1,157.9
1,157.9
2,157.9
2,157.9
3,157.9
3,157.9
4,157.9
4,156.9
5,156.9
5,156.9
6,156.9
6,156.9
0,156.9
0,156.9
1,156.9
1,154.9
2,154.9
2,154.9
3,150.9
3,150.9
4,150.9
4,150.9
5,150.9
5,150.9
6,148.9
6,148.9
0,148.9
0,146.9
1,146.9
1,145.9
2,145.9
2,143.0666666666667
3,143.0666666666667
3,143.0666666666667
4,167.9
4,167.9
5,167.9
5,167.9
6,167.9
6,167.4
0,167.4
0,167.4
1,167.4
1,167.4
2,165.9
2,165.9
3,164.9
3,164.9
4,164.9
4,163.4
5,163.4
5,163.4
6,163.4
6,163.4
0,163.4
0,158.9
1,158.9
1,158.9
2,158.9
2,158.9
3,158.9
3,157.9
4,156.9
4,156.9
5,156.9
5,154.85000000000002
6,154.85000000000002
6,153.9
0,152.9
0,151.9
1,151.9
1,149.9
2,149.9
2,148.9
3,148.9
3,146.9
4,146.9
4,144.9
5,144.9
5,142.9
6,142.9
6,142.9
0,141.9
0,141.9
1,141.9
1,167.9
2,167.9
2,167.9
3,167.9
3,167.9
4,167.9
4,167.9
5,167.9
5,167.9
6,166.9
6,166.9
0,166.9
0,165.9
1,165.9
1,165.9
2,165.9
2,165.9
3,165.9
3,165.9
4,164.9
4,163.9
5,160.9
5,160.9
6,160.9
6,160.9
0,159.9
0,159.9
1,159.9
1,159.9
2,158.9
2,156.9
3,156.9
3,155.4
4,153.9
4,153.9
5,153.9
5,153.9
6,153.9
6,152.9
0,152.9
0,152.9
1,150.9
1,150.9
2,150.9
2,150.9
3,149.9
3,149.9
4,148.9
4,148.9
5,148.9
5,148.9
6,148.9
6,148.9
0,148.9
0,148.9
1,146.9
1,146.9
2,168.9
2,168.9
3,168.9
3,168.9
4,168.9
4,168.9
5,168.9
5,168.9
6,168.9
6,166.9
0,163.9
0,163.9
1,163.9
1,163.9
2,163.9
2,163.9
3,163.9
3,160.9
4,160.9
4,160.9
5,160.9
5,160.9
6,160.9
6,160.9
0,160.9
0,158.4
1,154.9
1,153.9
2,153.9
2,153.9
3,153.9
3,153.9
4,153.9
4,153.9
5,153.9
5,153.9
6,153.9
6,153.9
0,153.9
0,153.9
1,153.9
1,153.9
2,151.9
2,151.9
3,148.9
3,146.9
4,146.9
4,145.9
5,145.9
5,145.9
6,145.9
6,144.9
0,144.9
0,143.83333333333334
1,143.83333333333334
1,143.83333333333334
2,143.83333333333334
2,141.9
3,141.9
3,141.9
4,141.9
4,141.9
5,141.9
5,141.9
6,141.9
6,141.9
0,141.9
0,141.9
1,141.9
1,141.9
2,141.9
2,140.9
3,140.9
3,140.7
4,140.7
4,140.7
5,140.7
5,140.7
6,140.7
6,140.7
0,140.7
0,140.7
1,140.7
1,140.7
2,168.9
2,168.9
3,168.9
3,168.9
4,166.9
4,166.9
5,163.9
5,163.9
6,163.9
6,163.9
0,162.9
0,162.9
1,162.9
1,161.9
2,161.9
2,160.2
3,159.9
3,159.9
4,159.9
4,158.9
5,158.9
5,158.9
6,158.9
6,158.9
0,157.9
0,157.9
1,157.9
1,156.9
2,146.9
2,146.9
3,146.7
3,146.7
4,146.7
4,145.9
5,145.9
5,144.8
6,144.8
6,144.8
0,143.9
0,143.9
1,143.9
1,142.9
2,142.7
2,142.7
3,142.7
3,141.9
4,141.9
4,141.9
5,141.9
5,141.9
6,141.9
6,168.9
0,168.9
0,168.9
1,166.9
1,166.9
2,166.9
2,166.9
3,166.9
3,164.9
4,164.9
4,164.9
5,164.9
5,159.9
6,159.9
6,158.5
0,158.5
0,158.5
1,157.9
1,155.4
2,151.9
2,151.9
3,150.2
3,147.9
4,147.9
4,147.9
5,147.9
5,147.9
6,145.9
6,145.9
0,145.9
0,145.9
1,145.9
1,144.9
2,144.9
2,144.9
3,144.9
3,144.9
4,144.9
4,144.9
5,144.9
5,144.9
6,144.9
6,144.9
0,144.9
0,144.7
1,143.9
1,143.9
2,143.9
2,143.9
3,143.9
3,143.9
4,171.9
4,171.9
5,171.9
5,171.9
6,168.4
6,166.9
0,166.9
0,166.9
1,166.9
1,164.9
2,164.9
2,164.9
3,164.9
3,164.9
4,164.9
4,164.9
5,164.9
5,164.9
6,162.9
6,162.9
0,162.9
0,160.9
1,160.9
1,160.9
2,160.9
2,160.9
3,157.4
3,157.4
4,157.4
4,157.4
5,157.4
5,157.4
6,157.4
6,157.4
0,156.9
0,156.9
1,156.9
1,175.9
2,175.9
2,175.9
3,175.9
3,175.4
4,175.4
4,175.4
5,173.9
5,173.9
6,173.9
6,170.9
