0,0
0,0
1,0
1,0
2,0
2,0
3,0
3,0
4,0
4,0
5,138.6
5,138.6
6,138.6
6,138.7
0,138.7
0,138.6
1,138.6
1,138.6
2,138.6
2,138.6
3,138.6
3,138.6
4,138.6
4,138.6
5,138.6
5,138.6
6,138.6
6,138.6
0,138.6
0,138.6
1,138.6
1,138.6
2,138.6
2,138.6
3,138.6
3,138.6
4,138.6
4,138.6
5,138.6
5,138.6
6,138.6
6,138.6
0,138.6
0,138.6
1,138.6
1,138.6
2,138.6
2,138.6
3,138.6
3,138.6
4,138.6
4,138.6
5,138.6
5,138.6
6,138.6
6,138.6
0,138.6
0,138.7
1,138.6
1,138.6
2,138.6
2,138.6
3,138.6
3,138.6
4,138.6
4,138.6
5,138.6
5,138.6
6,138.6
6,138.64999999999998
0,138.64999999999998
0,138.64999999999998
1,138.64999999999998
1,138.64999999999998
2,138.64999999999998
2,137.9
3,137.9
3,137.9
4,137.9
4,137.9
5,137.9
5,137.9
6,137.9
6,137.9
0,137.9
0,137.7
1,137.7
1,137.7
2,137.7
2,137.7
3,137.7
3,137.7
4,137.7
4,137.7
5,137.7
5,137.7
6,137.7
6,137.5
0,137.5
0,137.5
1,137.5
1,137.5
2,137.5
2,137.5
3,137.5
3,137.5
4,137.5
4,137.5
5,137.5
5,137.5
6,137.5
6,137.5
0,137.5
0,137.5
1,137.5
1,137.5
2,137.5
2,137.5
3,137.5
3,137.5
4,137.5
4,137.5
5,137.5
5,137.5
6,137.5
6,137.5
0,137.5
0,137.5
1,137.5
1,137.5
2,137.5
2,137.5
3,137.5
3,137.5
4,137.5
4,137.5
5,137.5
5,137.5
6,137.5
6,137.5
0,137.5
0,137.5
1,137.5
1,137.5
2,137.5
2,137.5
3,137.5
3,137.5
4,137.5
4,137.5
5,137.5
5,137.5
6,137.5
6,137.5
0,137.5
0,137.5
1,137.5
1,137.5
2,137.5
2,137.5
3,137.5
3,137.5
4,137.5
4,137.5
5,137.5
5,137.5
6,137.5
6,137.5
0,137.5
0,137.5
1,137.5
1,137.5
2,137.5
2,137.5
3,137.5
3,137.5
4,137.5
4,137.5
5,137.5
5,137.5
6,137.5
6,137.5
0,137.5
0,137.5
1,137.5
1,137.5
2,137.5
2,137.5
3,137.5
3,137.5
4,137.5
4,137.5
5,137.5
5,137.5
6,137.5
6,137.5
0,137.5
0,137.5
1,137.5
1,137.5
2,137.5
2,137.5
3,137.5
3,137.5
4,137.5
4,137.5
5,137.5
5,137.5
6,137.5
6,137.5
0,137.5
0,137.5
1,137.5
1,137.5
2,137.5
2,137.5
3,137.5
3,137.5
4,137.5
4,137.5
5,137.5
5,137.5
6,137.5
6,137.5
0,137.5
0,137.5
1,137.5
1,137.5
2,137.5
2,137.5
3,137.5
3,137.5
4,137.5
4,137.5
5,137.5
5,137.5
6,137.5
6,137.5
0,137.5
0,137.5
1,137.5
1,137.5
2,137.5
2,137.5
3,137.5
3,137.5
4,137.5
4,137.5
5,137.5
5,137.5
6,137.5
6,137.5
0,137.5
0,137.5
1,146.5
1,146.5
2,146.5
2,146.5
3,146.5
3,146.5
4,146.5
4,146.5
5,146.5
5,146.5
6,146.5
6,146.5
0,146.5
0,146.5
1,146.5
1,146.5
2,145.9
2,145.9
3,145.9
3,146.5
4,146.5
4,146.5
5,146.5
5,146.5
6,146.5
6,146.5
0,146.3
0,146.5
1,146.5
1,146.5
2,146.5
2,146.5
3,146.5
3,146.5
4,146.5
4,146.5
5,146.5
5,146.5
6,146.5
6,146.5
0,146.5
0,146.5
1,146.5
1,146.5
2,146.5
2,146.5
3,146.5
3,146.5
4,146.5
4,146.5
5,146.5
5,146.5
6,146.5
6,146.5
0,146.5
0,146.5
1,146.5
1,146.5
2,146.5
2,146.5
3,146.5
3,146.5
4,146.5
4,146.5
5,146.5
5,146.5
6,146.5
6,146.5
0,146.5
0,164.9
1,164.9
1,164.9
2,164.9
2,164.9
3,161.5
3,161.5
4,161.5
4,161.5
5,161.5
5,161.5
6,161.5
6,161.5
0,161.5
0,161.5
1,160.9
1,160.9
2,160.9
2,160.9
3,160.9
3,160.9
4,160.9
4,160.9
5,160.9
5,160.9
6,160.9
6,160.9
0,160.9
0,160.9
1,160.9
1,160.9
2,160.9
2,160.9
3,160.9
3,160.9
4,160.9
4,160.9
5,160.9
5,160.9
6,160.9
6,160.9
0,160.9
0,160.9
1,160.9
1,160.9
2,160.9
2,160.5
3,160.5
3,160.5
4,160.5
4,160.5
5,160.5
5,160.5
6,160.5
6,160.5
0,160.5
0,160.5
1,159.9
1,159.9
2,159.5
2,159.5
3,159.5
3,159.5
4,159.5
4,159.5
5,159.5
5,159.5
6,159.5
6,159.5
0,159.5
0,159.5
1,158.5
1,158.5
2,158.5
2,158.5
3,158.5
3,158.5
4,158.5
4,158.5
5,158.5
5,158.5
6,158.5
6,158.5
0,157.9
0,157.9
1,157.9
1,157.9
2,157.9
2,157.9
3,157.9
3,157.9
4,157.9
4,157.9
5,157.9
5,157.9
6,157.9
6,157.9
0,157.9
0,157.9
1,156.9
1,156.9
2,156.9
2,156.9
3,156.9
3,156.9
4,156.9
4,156.9
5,156.9
5,156.9
6,156.9
6,156.9
0,156.5
0,156.5
1,156.5
1,156.5
2,156.5
2,156.5
3,156.5
3,156.5
4,155.5
4,155.5
5,155.5
5,155.5
6,155.5
6,155.5
0,155.5
0,155.5
1,155.5
1,155.5
2,155.5
2,155.5
3,155.5
3,155.5
4,154.5
4,154.5
5,154.5
5,154.5
6,154.5
6,154.5
0,154.5
0,154.5
1,154.5
1,154.5
2,154.5
2,154.5
3,153.5
3,153.5
4,153.5
4,153.5
5,153.5
5,153.5
6,153.5
6,153.5
0,153.5
0,153.5
1,152.5
1,152.5
2,152.5
2,152.5
3,152.5
3,152.5
4,152.5
4,152.5
5,152.5
5,152.5
6,152.5
6,152.5
0,152.5
0,152.5
1,151.5
1,151.5
2,151.5
2,151.5
3,151.5
3,151.5
4,151.5
4,151.5
5,151.5
5,151.5
6,151.5
6,151.5
0,151.5
0,151.5
1,151.5
1,151.5
2,151.5
2,151.5
3,151.5
3,151.5
4,151.5
4,151.5
5,151.5
5,151.5
6,151.5
6,151.5
0,151.5
0,151.5
1,151.5
1,151.5
2,151.5
2,151.5
3,151.5
3,151.5
4,151.5
4,151.5
5,151.5
5,151.5
6,151.5
6,151.5
0,151.5
0,151.5
1,151.5
1,151.5
2,151.5
2,151.5
3,151.5
3,151.5
4,151.5
4,151.5
5,151.5
5,151.5
6,151.5
6,151.5
0,151.5
0,151.5
1,151.5
1,151.5
2,151.5
2,151.5
3,151.5
3,151.5
4,151.5
4,151.5
5,151.5
5,151.5
6,151.5
6,151.5
0,151.5
0,151.5
1,151.5
1,151.5
2,151.5
2,151.5
3,151.5
3,151.5
4,151.5
4,151.5
5,151.5
5,151.5
6,151.5
6,151.5
0,151.5
0,151.5
1,151.5
1,151.5
2,151.5
2,151.5
3,151.5
3,151.5
4,151.5
4,151.5
5,151.5
5,151.5
6,151.5
6,151.5
0,151.5
0,151.5
1,151.5
1,151.5
2,151.5
2,151.5
3,151.5
3,151.5
4,151.5
4,151.5
5,151.5
5,151.5
6,151.5
6,151.5
0,151.5
0,151.5
1,151.5
1,151.5
2,151.5
2,151.5
3,151.5
3,151.5
4,151.5
4,151.5
5,151.5
5,151.5
6,151.5
6,151.5
0,151.5
0,151.5
1,151.5
1,151.5
2,151.5
2,151.5
3,151.5
3,151.5
4,151.5
4,151.5
5,151.5
5,151.5
6,151.5
6,151.5
0,151.5
0,151.5
1,151.5
1,151.5
2,151.5
2,151.5
3,151.5
3,151.5
4,151.5
4,151.5
5,151.5
5,151.5
6,151.5
6,151.5
0,151.5
0,151.5
1,151.5
1,151.5
2,151.5
2,151.5
3,151.5
3,151.5
4,151.5
4,151.5
5,151.5
5,151.5
6,151.5
6,151.5
0,151.5
0,151.5
1,151.5
1,151.5
2,151.5
2,151.5
3,151.5
3,151.5
4,151.5
4,151.5
5,151.5
5,151.5
6,151.5
6,151.5
0,151.5
0,151.5
1,151.5
1,151.5
2,151.5
2,151.5
3,151.5
3,151.5
4,151.5
4,151.5
5,151.5
5,151.5
6,151.5
6,151.5
0,151.5
0,151.5
1,151.5
1,151.5
2,151.5
2,151.5
3,151.5
3,151.5
4,151.5
4,151.5
5,151.5
5,151.5
6,151.5
6,151.5
0,151.5
0,151.5
1,151.5
1,151.5
2,151.5
2,151.5
3,151.5
3,151.5
4,151.5
4,151.5
5,151.5
5,151.5
6,151.5
6,151.5
0,151.5
0,151.5
1,151.5
1,151.5
2,151.5
2,151.5
3,151.5
3,151.5
4,151.5
4,151.5
5,151.5
5,151.5
6,151.5
6,151.5
0,151.5
0,151.5
1,151.5
1,151.5
2,151.5
2,151.5
3,151.5
3,151.5
4,151.5
4,151.5
5,151.5
5,151.5
6,151.5
6,151.5
0,151.5
0,151.5
1,151.5
1,151.5
2,151.5
2,151.5
3,151.5
3,151.5
4,151.5
4,151.5
5,151.5
5,151.5
6,151.5
6,151.5
0,151.5
0,151.5
1,151.5
1,151.5
2,151.5
2,151.5
3,151.5
3,151.5
4,151.5
4,151.5
5,151.5
5,151.5
6,151.5
6,151.5
0,151.5
0,151.5
1,151.5
1,151.5
2,151.5
2,151.5
3,151.5
3,151.5
4,151.5
4,151.5
5,151.5
5,151.5
6,151.5
6,151.5
0,151.5
0,151.5
1,151.5
1,151.5
2,151.5
2,151.5
3,151.5
3,151.5
4,151.5
4,151.5
5,151.5
5,151.5
6,151.5
6,151.5
0,151.5
0,151.5
1,151.5
1,151.5
2,151.5
2,151.5
3,151.5
3,151.5
4,151.5
4,151.5
5,151.5
5,151.5
6,151.5
6,151.5
0,151.5
0,151.5
1,151.5
1,151.5
2,151.5
2,151.5
3,151.5
3,151.5
4,151.5
4,151.5
5,151.5
5,151.5
6,151.5
6,151.5
0,151.5
0,151.5
1,151.5
1,151.5
2,151.5
2,153.9
3,153.9
3,153.9
4,151.9
4,151.9
5,151.9
5,151.9
6,151.9
6,151.9
0,151.9
0,151.9
1,151.9
1,151.9
2,151.9
2,151.9
3,151.9
3,151.9
4,151.9
4,151.9
5,151.9
5,151.9
6,151.9
6,151.9
0,151.9
0,151.9
1,151.9
1,151.9
2,151.9
2,151.9
3,151.9
3,151.9
4,151.9
4,151.9
5,151.9
5,151.9
6,151.9
6,151.9
0,151.9
0,151.9
1,151.9
1,151.9
2,151.9
2,151.9
3,151.9
3,151.9
4,151.9
4,151.9
5,151.9
5,151.9
6,151.9
6,151.9
0,151.9
0,151.9
1,151.9
1,151.9
2,151.9
2,151.9
3,151.9
3,151.9
4,151.9
4,151.9
5,151.9
5,151.9
6,151.9
6,151.9
0,151.9
0,151.9
1,151.9
1,151.9
2,151.9
2,157.9
3,157.9
3,157.9
4,157.9
4,157.9
5,157.9
5,157.9
6,157.9
6,157.9
0,157.9
0,157.9
1,157.9
1,151.9
2,151.9
2,151.9
3,151.9
3,151.9
4,151.9
4,151.9
5,151.9
5,151.9
6,151.9
6,151.9
0,151.9
0,151.9
1,151.9
1,151.9
2,151.9
2,151.9
3,151.9
3,151.9
4,151.9
4,151.9
5,151.9
5,151.9
6,151.9
6,151.9
0,151.9
0,151.9
1,151.9
1,151.9
2,151.9
2,151.9
3,151.9
3,151.9
4,151.9
4,151.9
5,151.9
5,151.9
6,151.9
6,151.9
0,151.9
0,151.9
1,151.9
1,151.9
2,151.9
2,151.9
3,151.9
3,151.9
4,151.9
4,151.9
5,151.9
5,151.9
6,151.9
6,151.9
0,151.9
0,151.9
1,151.9
1,151.9
2,151.9
2,151.9
3,151.9
3,151.9
4,151.9
4,155.9
5,155.9
5,155.9
6,155.9
6,155.9
0,155.9
0,155.9
1,155.9
1,155.9
2,155.9
2,155.9
3,155.9
3,155.9
4,155.9
4,155.9
5,155.9
5,155.9
6,155.9
6,155.9
0,155.9
0,155.9
1,155.9
1,155.9
2,155.9
2,155.9
3,155.9
3,155.9
4,155.9
4,155.9
5,155.9
5,155.9
6,155.9
6,155.9
0,155.9
0,155.9
1,155.9
1,155.9
2,155.9
2,155.9
3,155.9
3,155.9
4,155.9
4,155.9
5,155.9
5,155.9
6,155.9
6,155.9
0,155.9
0,155.9
1,155.9
1,155.9
2,155.9
2,156.9
3,156.9
3,156.9
4,156.9
4,156.9
5,156.9
5,156.9
6,156.9
6,156.9
0,156.9
0,156.9
1,156.9
1,156.9
2,156.9
2,156.9
3,156.9
3,156.9
4,156.9
4,156.9
5,156.9
5,156.9
6,156.9
6,156.9
0,156.9
0,156.9
1,156.9
1,156.9
2,156.9
2,156.9
3,156.9
3,160.9
4,160.9
4,160.9
5,160.9
5,160.9
6,160.9
6,160.9
0,160.9
0,160.9
1,160.9
1,160.9
2,160.9
2,160.9
3,160.9
3,160.9
4,160.9
4,160.9
5,160.9
5,160.9
6,160.9
6,160.9
0,160.9
0,160.9
1,160.9
1,160.9
2,160.9
2,160.9
3,160.9
3,160.9
4,160.9
4,160.9
5,160.9
5,160.9
6,160.9
6,160.9
0,160.9
0,160.9
1,158.9
1,158.9
2,158.9
2,158.9
3,158.9
3,158.9
4,158.9
4,158.9
5,158.9
5,158.9
6,158.9
6,158.9
0,158.9
0,158.9
1,158.9
1,158.9
2,158.9
2,158.9
3,158.9
3,158.9
4,158.9
4,158.9
5,158.9
5,158.9
6,158.9
6,158.9
0,158.9
0,158.9
1,158.9
1,158.9
2,158.9
2,158.9
3,158.9
3,160.9
4,160.9
4,160.9
5,160.9
5,160.9
6,160.9
6,160.9
0,160.9
0,160.9
1,160.9
1,160.9
2,160.9
2,160.9
3,160.9
3,160.9
4,160.9
4,160.9
5,160.9
5,160.9
6,160.9
6,160.9
0,160.9
0,158.9
1,158.9
1,158.9
2,158.9
2,158.9
3,158.9
3,158.9
4,158.9
4,158.9
5,158.9
5,158.9
6,158.9
6,158.9
0,158.9
0,158.9
1,158.9
1,158.9
2,158.9
2,158.9
3,158.9
3,158.9
4,158.9
4,158.9
5,158.9
5,158.9
6,158.9
6,158.9
0,158.9
0,158.9
1,158.9
1,158.9
2,158.9
2,158.9
3,158.9
3,158.9
4,158.9
4,158.9
5,158.9
5,158.9
6,158.9
6,158.9
0,158.9
0,158.9
1,158.9
1,158.9
2,158.9
2,158.9
3,158.9
3,158.9
4,158.9
4,158.9
5,158.9
5,158.9
6,158.9
6,158.9
0,158.9
0,158.9
1,158.9
1,158.9
2,158.9
2,158.9
3,158.9
3,158.9
4,158.9
4,158.9
5,158.9
5,158.9
6,158.9
6,158.9
0,158.9
0,158.9
1,158.9
1,158.9
2,158.9
2,158.9
3,158.9
3,160.9
4,160.9
4,160.9
5,160.9
5,160.9
6,160.9
6,160.9
0,160.9
0,162.9
1,162.9
1,162.9
2,162.9
2,162.9
3,164.9
3,164.9
4,164.9
4,164.9
5,164.9
5,164.9
6,164.9
6,164.9
0,164.9
0,164.9
1,164.9
1,164.9
2,164.9
2,164.9
3,164.9
3,164.9
4,164.9
4,164.9
5,164.9
5,164.9
6,164.9
6,164.9
0,164.9
0,164.9
1,164.9
1,164.9
2,164.9
2,164.9
3,164.9
3,164.9
4,164.9
4,164.9
5,164.9
5,164.9
6,164.9
6,164.9
