0,0
0,123.9
1,123.9
1,122.65
2,121.9
2,121.9
3,121.4
3,121.4
4,120.9
4,119.9
5,119.9
5,119.9
6,119.9
6,119.9
0,118.4
0,117.9
1,116.9
1,116.9
2,116.9
2,116.9
3,115.9
3,115.9
4,115.4
4,115.4
5,115.4
5,115.4
6,115.4
6,115.4
0,114.65
0,114.65
1,114.65
1,114.65
2,145.9
2,145.4
3,145.4
3,145.4
4,145.4
4,145.4
5,143.9
5,143.9
6,143.9
6,143.9
0,143.9
0,143.9
1,140.9
1,137.65
2,137.65
2,137.65
3,137.65
3,134.9
4,134.15
4,132.9
5,132.9
5,132.9
6,131.9
6,131.9
0,130.65
0,128.9
1,128.9
1,125.9
2,125.9
2,125.9
3,122.65
3,121.9
4,121.9
4,121.6
5,121.6
5,121.6
6,121.6
6,120.9
0,120.9
0,120.9
1,119.9
1,118.9
2,147.9
2,147.9
3,147.9
3,145.9
4,145.9
4,145.4
5,145.4
5,143.9
6,143.9
6,143.4
0,141.9
0,141.9
1,139.4
1,139.4
2,139.4
2,137.9
3,137.9
3,135.9
4,134.65
4,134.65
5,134.65
5,134.65
6,134.65
6,134.65
0,133.4
0,133.4
1,127.15
1,127.15
2,127.15
2,124.2
3,124.2
3,124.2
4,149.9
4,149.9
5,149.9
5,149.9
6,149.9
6,147.9
0,147.9
0,147.9
1,147.9
1,143.9
2,143.9
2,143.9
3,143.9
3,143.9
4,143.4
4,142.9
5,142.9
5,142.9
6,142.9
6,142.9
0,142.9
0,142.9
1,142.9
1,142.9
2,142.9
2,142.9
3,142.9
3,142.9
4,142.9
4,142.9
5,142.9
5,142.9
6,142.9
6,142.9
0,142.9
0,142.9
1,142.9
1,142.9
2,142.9
2,142.9
3,142.9
3,142.9
4,142.9
4,142.9
5,142.9
5,142.9
6,142.9
6,142.9
0,142.9
0,142.9
1,142.9
1,142.9
2,142.9
2,142.9
3,142.9
3,142.9
4,142.9
4,142.9
5,142.9
5,142.9
6,142.9
6,142.9
0,142.9
0,142.9
1,142.9
1,142.9
2,142.9
2,142.9
3,142.9
3,142.9
4,142.9
4,142.9
5,142.9
5,142.9
6,142.9
6,142.9
0,142.9
0,142.9
1,142.9
1,142.9
2,142.9
2,142.9
3,142.9
3,142.9
4,142.9
4,142.9
5,142.9
5,142.9
6,142.9
6,142.9
0,142.9
0,142.9
1,142.9
1,142.9
2,142.9
2,142.9
3,142.9
3,142.9
4,142.9
4,142.9
5,142.9
5,142.9
6,142.9
6,142.9
0,142.9
0,142.9
1,142.9
1,142.9
2,142.9
2,142.9
3,142.9
3,142.9
4,142.9
4,142.9
5,142.9
5,142.9
6,142.9
6,142.9
0,142.9
0,142.9
1,142.9
1,142.9
2,142.9
2,142.9
3,142.9
3,142.9
4,142.9
4,142.9
5,142.9
5,142.9
6,142.9
6,142.9
0,142.9
0,142.9
1,142.9
1,142.9
2,142.9
2,142.9
3,142.9
3,142.9
4,142.9
4,142.9
5,142.9
5,138.7
6,138.7
6,138.7
0,138.7
0,138.7
1,138.7
1,138.7
2,138.7
2,138.7
3,138.7
3,138.7
4,138.7
4,138.7
5,138.7
5,138.7
6,138.7
6,138.7
0,149.9
0,149.9
1,149.9
1,149.4
2,149.4
2,149.4
3,149.4
3,149.4
4,149.4
4,149.4
5,149.4
5,149.4
6,149.4
6,149.4
0,149.4
0,149.4
1,149.4
1,149.4
2,149.4
2,147.9
3,147.4
3,147.4
4,146.9
4,146.9
5,146.9
5,145.7
6,145.7
6,145.7
0,143.4
0,143.4
1,141.4
1,140.9
2,140.9
2,140.9
3,139.9
3,139.9
4,139.9
4,139.9
5,139.9
5,139.9
6,139.9
6,139.9
0,139.9
0,139.9
1,139.9
1,139.9
2,139.9
2,139.9
3,139.9
3,162.9
4,162.9
4,162.9
5,162.9
5,162.9
6,162.9
6,162.9
0,162.4
0,162.4
1,161.9
1,160.9
2,160.9
2,160.9
3,160.9
3,160.9
4,160.7
4,160.7
5,159.9
5,159.9
6,159.9
6,159.9
0,159.9
0,159.9
1,159.9
1,159.9
2,155.65
2,154.0
3,152.45
3,150.9
4,149.73333333333335
4,147.4
5,147.4
5,147.4
6,145.9
6,145.9
0,145.9
0,145.9
1,145.9
1,145.9
2,143.7
2,143.7
3,142.9
3,142.9
4,142.4
4,142.4
5,142.4
5,140.5
6,139.4
6,138.9
0,138.15
0,136.4
1,134.9
1,133.9
2,133.9
2,133.9
3,133.9
3,133.9
4,133.9
4,133.4
5,133.4
5,133.4
6,133.4
6,133.4
0,133.4
0,132.9
1,132.9
1,132.9
2,132.9
2,132.9
3,132.9
3,132.7
4,132.7
4,132.7
5,132.7
5,132.7
6,131.9
6,131.9
0,131.9
0,131.5
1,131.5
1,130.9
2,130.9
2,162.9
3,162.9
3,162.9
4,162.9
4,162.9
5,162.9
5,162.9
6,162.9
6,162.9
0,162.9
0,162.9
1,162.9
1,160.9
2,160.9
2,160.9
3,160.9
3,160.9
4,160.9
4,160.9
5,160.9
5,160.9
6,159.9
6,159.9
0,159.9
0,157.9
1,153.9
1,153.15
2,153.15
2,153.15
3,149.9
3,149.9
4,149.9
4,149.9
5,149.9
5,149.9
6,149.9
6,149.9
0,147.9
0,147.9
1,145.9
1,145.9
2,145.9
2,145.9
3,141.9
3,141.9
4,141.9
4,141.9
5,139.9
5,139.9
6,139.9
6,139.9
0,139.9
0,139.9
1,139.9
1,139.9
2,139.9
2,139.9
3,137.9
3,137.9
4,137.9
4,137.9
5,137.9
5,137.9
6,136.9
6,136.9
0,136.9
0,136.9
1,132.9
1,131.9
2,130.9
2,130.9
3,130.9
3,130.9
4,130.9
4,130.9
5,130.9
5,130.9
6,130.9
6,130.9
0,130.9
0,129.9
1,128.9
1,128.9
2,128.2
2,128.2
3,128.2
3,128.2
4,128.2
4,128.2
5,128.2
5,128.2
6,128.2
6,128.2
0,128.2
0,128.2
1,128.2
1,128.2
2,128.2
2,128.2
3,127.30000000000001
3,157.9
4,157.9
4,157.9
5,157.9
5,157.9
6,157.9
6,157.9
0,155.9
0,155.9
1,155.9
1,155.9
2,155.9
2,155.9
3,155.9
3,155.9
4,153.9
4,153.9
5,153.9
5,153.9
6,149.9
6,149.9
0,149.9
0,149.9
1,148.9
1,147.9
2,147.9
2,147.9
3,147.9
3,147.9
4,147.9
4,147.9
5,147.9
5,147.9
6,147.9
6,147.9
0,144.4
0,144.4
1,144.4
1,144.4
2,144.4
2,144.4
3,144.4
3,144.4
4,144.4
4,144.4
5,144.4
5,144.4
6,144.4
6,144.4
0,142.9
0,141.9
1,149.4
1,149.4
2,149.4
2,149.4
3,149.4
3,149.4
4,149.4
4,149.4
5,149.4
5,149.4
6,149.4
6,149.4
0,157.4
0,157.4
1,155.9
1,155.9
2,155.9
2,155.9
3,153.9
3,147.9
4,147.4
4,147.4
5,147.4
5,146.9
6,146.9
6,146.9
0,146.9
0,141.2
1,139.65
1,138.9
2,138.9
2,138.9
3,138.9
3,138.9
4,136.4
4,136.4
5,133.9
5,133.9
6,133.9
6,133.9
0,133.9
0,133.9
1,133.9
1,133.9
2,133.9
2,133.9
3,133.9
3,133.9
4,133.9
4,133.9
5,130.9
5,130.9
6,130.9
6,130.9
0,130.9
0,159.9
1,159.9
1,159.9
2,159.9
2,159.9
3,159.4
3,159.4
4,159.4
4,159.4
5,159.4
5,159.4
6,159.4
6,159.4
0,157.9
0,157.9
1,157.9
1,157.9
2,157.9
2,156.9
3,153.15
3,153.15
4,150.9
4,150.9
5,150.9
5,150.9
6,150.9
6,150.9
0,150.4
0,150.4
1,150.4
1,150.4
2,145.9
2,145.9
3,145.9
3,145.9
4,144.65
4,144.65
5,144.65
5,143.9
6,143.9
6,143.9
0,138.9
0,138.9
1,138.9
1,138.9
2,132.9
2,132.4
3,131.9
3,129.9
4,129.9
4,129.9
5,129.9
5,129.9
6,128.7
6,128.7
0,128.7
0,127.40000000000002
1,127.40000000000002
1,126.4
2,126.4
2,125.5
3,124.9
3,124.4
4,123.9
4,123.9
5,123.9
5,123.9
6,123.9
6,123.9
0,123.9
0,123.9
1,123.9
1,122.9
2,122.9
2,149.9
3,149.9
3,149.9
4,149.9
4,149.9
5,149.9
5,149.9
6,149.9
6,149.9
0,149.9
0,149.9
1,149.9
1,149.9
2,147.9
2,147.9
3,147.9
3,147.9
4,147.9
4,147.9
5,143.9
5,143.9
6,143.9
6,143.9
0,143.9
0,143.15
1,139.9
1,139.9
2,138.9
2,136.9
3,135.9
3,135.9
4,135.9
4,135.9
5,135.9
5,135.4
6,135.15
6,135.15
0,134.9
0,133.4
1,132.15
1,131.4
2,130.9
2,129.4
3,128.4
3,127.4
4,127.4
4,127.4
5,127.15
5,127.15
6,126.9
6,126.9
0,126.5
0,126.5
1,125.5
1,125.5
2,124.9
2,124.9
3,124.9
3,124.9
4,124.9
4,152.9
5,152.9
5,152.9
6,152.9
6,152.9
0,152.9
0,152.9
1,152.9
1,152.9
2,152.9
2,152.9
3,151.9
3,149.9
4,149.65
4,149.65
5,148.65
5,148.65
6,147.4
6,147.4
0,146.9
0,146.9
1,146.0666666666667
1,146.0666666666667
2,145.15
2,144.4
3,143.65
3,140.4
4,140.15
4,140.15
5,139.65
5,139.65
6,139.4
6,137.4
0,137.15
0,135.9
1,135.4
1,133.9
2,133.9
2,131.05
3,130.9
3,130.9
4,130.4
4,130.4
5,129.9
5,129.9
6,128.65
6,128.65
0,128.4
0,128.4
1,128.4
1,128.4
2,128.4
2,128.4
3,128.4
3,128.4
4,127.4
4,126.9
5,143.9
5,143.9
6,160.9
6,160.9
0,160.4
0,160.4
1,159.9
1,159.9
2,159.9
2,159.9
3,159.4
3,155.9
4,155.65
4,155.65
5,155.15
5,155.15
6,152.9
6,152.9
0,150.4
0,150.4
1,149.9
1,149.9
2,149.9
2,149.9
3,149.9
3,144.65
4,142.9
4,142.9
5,140.4
5,135.9
6,135.9
6,135.9
0,135.4
0,134.5
1,134.4
1,132.9
2,132.9
2,131.4
3,131.4
3,128.9
4,128.9
4,128.9
5,128.9
5,128.9
6,128.9
6,128.9
0,128.9
0,128.9
1,128.9
1,128.9
2,128.9
2,144.4
3,144.4
3,144.4
4,144.4
4,144.4
5,144.4
5,144.4
6,144.4
6,144.4
0,144.4
0,144.4
1,159.4
1,159.4
2,157.9
2,157.9
3,157.9
3,157.9
4,157.4
4,155.4
5,155.4
5,155.4
6,150.9
6,150.9
0,148.9
0,148.15
1,145.9
1,144.65
2,141.9
2,139.9
3,137.9
3,137.9
4,136.9
4,135.23333333333335
5,133.7
5,133.7
6,133.7
6,133.7
0,133.7
0,133.7
1,133.7
1,133.7
2,133.7
2,162.9
3,162.9
3,162.9
4,162.9
4,162.9
5,162.9
5,162.9
6,162.9
6,162.9
0,162.9
0,162.9
1,162.9
1,162.9
2,159.9
2,159.4
3,159.4
3,159.4
4,159.4
4,159.4
5,159.4
5,159.4
6,159.4
6,159.4
0,159.4
0,159.4
1,159.4
1,159.4
2,159.4
2,159.4
3,159.4
3,159.4
4,159.4
4,158.9
5,158.9
5,158.9
6,155.4
6,155.4
0,154.9
0,152.9
1,152.4
1,151.9
2,151.9
2,146.9
3,146.15
3,146.15
4,144.0666666666667
4,144.0666666666667
5,154.55
5,154.55
6,154.55
6,154.55
0,154.55
0,154.55
1,154.55
1,154.55
2,154.55
2,154.55
3,154.55
3,166.9
4,166.9
4,166.9
5,166.9
5,166.9
6,163.9
6,163.9
0,163.9
0,163.9
1,163.9
1,163.9
2,160.2
2,160.2
3,160.2
3,160.2
4,160.2
4,160.2
5,160.2
5,160.2
6,160.2
6,157.9
0,157.9
0,157.9
1,157.9
1,157.9
2,148.4
2,148.4
3,148.4
3,148.4
4,148.4
4,148.4
5,146.2
5,146.2
6,145.9
6,145.9
0,145.5
0,143.2
1,143.2
1,142.2
2,142.2
2,168.9
3,168.9
3,168.9
4,168.9
4,168.9
5,168.9
5,168.9
6,168.9
6,168.9
0,168.9
0,168.9
1,168.9
1,168.9
2,167.2
2,167.2
3,167.2
3,167.2
4,167.2
4,166.9
5,166.9
5,166.9
6,166.9
6,166.9
0,166.9
0,166.9
1,162.9
1,162.9
2,162.7
2,162.7
3,158.4
3,158.4
4,154.7
4,154.7
5,154.7
5,154.7
6,154.7
6,154.7
0,153.2
0,153.2
1,153.2
1,153.2
2,152.9
2,152.7
3,149.9
3,149.9
4,149.9
4,149.9
5,149.9
5,149.9
6,149.9
6,149.9
0,149.9
0,149.9
1,149.9
1,149.9
2,149.9
2,149.9
3,149.9
3,168.9
4,168.9
4,168.9
5,168.9
5,168.9
6,168.9
6,168.9
0,168.9
0,168.9
1,168.9
1,168.9
2,168.9
2,168.9
3,168.9
3,168.9
4,167.2
4,167.2
5,167.2
5,167.2
6,167.2
6,167.2
0,167.2
0,167.2
1,167.2
1,167.2
2,167.2
2,167.2
3,167.2
3,167.2
4,167.2
4,163.4
5,163.4
5,163.4
6,163.4
6,162.9
0,162.9
0,160.9
1,160.9
1,158.2
2,157.9
2,157.9
3,157.9
3,155.9
4,155.9
4,155.9
5,152.9
5,152.9
6,152.9
6,152.9
0,150.4
0,150.4
1,149.9
1,149.9
2,149.2
2,148.7
3,148.7
3,147.2
4,147.2
4,146.9
5,146.9
5,147.2
6,147.2
6,147.2
0,147.2
0,145.2
1,144.55
1,144.55
2,144.55
2,144.55
3,144.55
3,168.9
4,168.9
4,168.9
5,168.9
5,168.9
6,168.9
6,168.9
0,144.4
0,143.9
1,143.9
1,142.0
2,142.0
2,168.9
3,168.9
3,168.9
4,168.9
4,167.9
5,167.9
5,167.9
6,167.9
6,167.9
0,167.9
0,167.9
1,167.9
1,167.9
2,166.9
2,166.9
3,162.15
3,162.15
4,162.15
4,161.4
5,160.9
5,159.4
6,159.4
6,159.4
0,157.9
0,151.9
1,150.9
1,150.9
2,149.65
2,148.9
3,148.9
3,145.9
4,145.9
4,143.9
5,143.9
5,143.9
6,142.9
6,142.9
0,142.9
0,142.9
1,142.9
1,142.9
2,142.9
2,142.9
3,156.9
3,169.9
4,169.9
4,169.9
5,169.9
5,169.9
6,169.9
6,169.9
0,169.9
0,169.9
1,169.9
1,166.9
2,166.9
2,166.9
3,166.9
3,166.9
4,166.9
4,166.9
5,166.9
5,166.9
6,162.4
6,161.9
0,161.9
0,161.9
1,161.9
1,161.9
2,161.9
2,161.9
3,154.65
3,154.65
4,153.4
4,153.4
5,153.4
5,153.4
6,153.4
6,153.4
0,153.4
0,153.4
1,153.4
1,153.4
2,147.65
2,143.9
3,143.9
3,143.9
4,143.9
4,143.9
5,143.9
5,143.9
6,142.9
6,142.9
0,142.9
0,142.9
1,142.9
1,142.9
2,142.9
2,171.9
3,171.9
3,171.9
4,171.9
4,171.9
5,171.9
5,171.9
6,171.9
6,170.9
0,170.9
0,170.9
1,166.9
1,166.9
2,166.9
2,166.9
3,166.9
3,162.9
4,162.9
4,162.9
5,162.9
5,160.9
6,158.5
6,158.5
0,158.5
0,154.5
1,154.5
1,152.5
2,151.7
2,150.9
3,149.9
3,150.9
4,150.9
4,150.9
5,150.9
5,148.9
6,148.9
6,148.9
0,175.9
0,175.9
1,175.9
1,175.9
2,175.9
2,175.9
3,175.9
3,175.9
4,175.9
4,175.9
5,175.9
5,175.9
6,175.9
6,175.9
