0,0
0,0
1,127.6
1,127.6
2,120.4
2,120.4
3,120.4
3,119.9
4,119.9
4,119.9
5,119.9
5,119.9
6,119.9
6,119.9
0,119.9
0,119.9
1,117.9
1,117.9
2,117.6
2,117.6
3,115.4
3,115.4
4,115.4
4,115.4
5,115.4
5,115.4
6,115.4
6,115.4
0,115.4
0,115.4
1,115.4
1,115.4
2,145.9
2,145.7
3,145.7
3,145.7
4,144.7
4,143.9
5,143.9
5,143.9
6,143.9
6,143.9
0,143.9
0,143.9
1,141.9
1,141.9
2,141.9
2,138.4
3,138.4
3,136.7
4,132.9
4,132.9
5,130.9
5,130.9
6,129.9
6,129.9
0,128.85
0,128.85
1,128.85
1,125.4
2,125.4
2,125.4
3,121.9
3,121.9
4,121.9
4,121.9
5,121.9
5,121.9
6,121.9
6,121.9
0,121.75
0,121.75
1,119.9
1,118.9
2,133.4
2,133.4
3,147.9
3,147.9
4,147.75
4,147.75
5,145.9
5,145.9
6,145.9
6,145.9
0,145.9
0,139.9
1,139.9
1,137.9
2,135.9
2,135.9
3,133.85000000000002
3,133.85000000000002
4,132.5
4,132.5
5,129.9
5,129.9
6,129.9
6,129.9
0,128.9
0,128.9
1,126.4
1,126.4
2,124.9
2,124.9
3,123.5
3,123.5
4,149.9
4,149.9
5,149.9
5,149.9
6,149.9
6,147.9
0,147.8
0,147.8
1,147.8
1,147.8
2,147.7
2,147.7
3,147.6
3,147.6
4,145.9
4,145.9
5,145.9
5,145.9
6,145.9
6,145.9
0,145.9
0,145.9
1,145.9
1,145.9
2,145.9
2,145.9
3,145.9
3,145.9
4,145.9
4,145.9
5,145.9
5,145.9
6,145.9
6,145.9
0,145.9
0,145.9
1,145.9
1,145.9
2,145.9
2,145.9
3,145.9
3,145.9
4,145.9
4,145.9
5,145.9
5,145.9
6,145.9
6,145.9
0,145.9
0,145.9
1,145.9
1,145.9
2,145.9
2,145.9
3,145.9
3,145.9
4,145.9
4,145.9
5,145.9
5,145.9
6,145.9
6,145.9
0,145.9
0,145.9
1,145.9
1,145.9
2,145.9
2,145.9
3,145.9
3,145.9
4,145.9
4,145.9
5,145.9
5,145.9
6,145.9
6,145.9
0,145.9
0,145.9
1,145.9
1,145.9
2,145.9
2,145.9
3,145.9
3,145.9
4,145.9
4,145.9
5,145.9
5,145.9
6,145.9
6,145.9
0,145.9
0,145.9
1,145.9
1,145.9
2,145.9
2,145.9
3,145.9
3,145.9
4,145.9
4,145.9
5,145.9
5,145.9
6,145.9
6,145.9
0,145.9
0,145.9
1,145.9
1,145.9
2,145.9
2,145.9
3,145.9
3,145.9
4,145.9
4,145.9
5,145.9
5,145.9
6,145.9
6,145.9
0,145.9
0,145.9
1,145.9
1,145.9
2,145.9
2,145.9
3,145.9
3,145.9
4,145.9
4,145.9
5,145.9
5,145.9
6,145.9
6,145.9
0,145.9
0,145.9
1,145.9
1,145.9
2,145.9
2,145.9
3,121.6
3,121.5
4,121.5
4,121.5
5,121.5
5,138.4
6,138.4
6,138.4
0,138.4
0,138.4
1,138.4
1,149.9
2,147.9
2,147.9
3,147.9
3,147.9
4,147.9
4,147.9
5,147.9
5,147.9
6,147.9
6,147.9
0,147.9
0,147.9
1,147.9
1,147.9
2,147.9
2,147.9
3,147.9
3,147.9
4,147.9
4,147.9
5,147.9
5,147.9
6,147.9
6,147.9
0,147.9
0,147.9
1,147.9
1,147.9
2,147.9
2,146.9
3,146.9
3,146.9
4,144.9
4,144.9
5,144.9
5,142.9
6,142.9
6,142.9
0,142.9
0,142.9
1,142.9
1,142.9
2,140.9
2,140.9
3,140.9
3,140.9
4,140.9
4,140.9
5,140.9
5,140.9
6,140.9
6,140.9
0,140.9
0,140.9
1,140.7
1,137.0666666666667
2,137.0666666666667
2,149.3
3,135.7
3,162.9
4,162.9
4,162.9
5,162.9
5,162.9
6,162.9
6,162.9
0,159.9
0,159.9
1,159.9
1,157.9
2,156.5666666666667
2,156.5666666666667
3,152.9
3,152.9
4,151.4
4,151.4
5,151.4
5,151.4
6,151.4
6,151.4
0,150.9
0,150.9
1,150.9
1,150.7
2,148.9
2,147.9
3,147.9
3,146.16666666666666
4,146.16666666666666
4,144.35000000000002
5,144.35000000000002
5,142.9
6,141.9
6,141.9
0,141.8
0,140.4
1,140.4
1,138.9
2,138.9
2,138.9
3,138.9
3,138.7
4,138.6
4,138.6
5,136.9
5,136.9
6,136.9
6,136.9
0,136.9
0,136.25
1,134.9
1,133.9
2,133.7
2,133.6
3,133.6
3,133.6
4,133.4
4,132.9
5,132.9
5,132.9
6,132.9
6,132.9
0,131.9
0,131.4
1,131.1
1,131.1
2,131.1
2,131.1
3,131.1
3,131.1
4,130.9
4,130.9
5,130.9
5,130.9
6,130.5
6,130.5
0,130.5
0,129.9
1,129.9
1,129.9
2,129.9
2,129.9
3,162.9
3,162.9
4,162.9
4,162.9
5,162.9
5,162.9
6,159.9
6,161.4
0,157.9
0,156.4
1,156.4
1,156.4
2,156.4
2,153.9
3,153.9
3,151.9
4,151.9
4,151.9
5,151.9
5,151.9
6,151.9
6,151.9
0,149.9
0,149.9
1,149.9
1,148.4
2,147.7
2,146.9
3,146.9
3,144.9
4,142.9
4,142.9
5,142.9
5,142.9
6,142.9
6,142.9
0,141.9
0,140.9
1,140.9
1,139.9
2,139.9
2,139.9
3,139.9
3,138.9
4,138.9
4,137.9
5,137.9
5,137.9
6,137.9
6,137.9
0,137.9
0,137.9
1,135.9
1,134.9
2,134.9
2,134.9
3,134.9
3,133.9
4,133.9
4,133.9
5,133.9
5,133.9
6,133.9
6,133.9
0,133.9
0,133.9
1,133.9
1,132.9
2,132.9
2,131.9
3,131.9
3,131.9
4,131.9
4,131.9
5,131.9
5,131.9
6,131.9
6,131.9
0,130.9
0,129.9
1,129.9
1,129.4
2,129.4
2,129.4
3,128.9
3,128.9
4,128.9
4,128.9
5,128.9
5,128.9
6,128.9
6,128.9
0,127.9
0,127.9
1,127.9
1,127.9
2,127.9
2,127.9
3,127.9
3,141.9
4,141.9
4,141.9
5,141.9
5,141.9
6,141.9
6,141.9
0,155.9
0,155.9
1,154.5
1,154.5
2,154.5
2,154.5
3,151.9
3,149.9
4,149.9
4,149.4
5,149.4
5,149.3
6,149.3
6,148.15
0,145.7
0,145.7
1,144.4
1,142.9
2,142.9
2,142.9
3,142.9
3,141.9
4,139.9
4,138.9
5,138.9
5,138.7
6,138.7
6,138.7
0,138.5
0,137.8
1,137.8
1,137.8
2,137.1
2,137.1
3,137.1
3,135.7
4,135.7
4,135.7
5,134.9
5,134.9
6,134.9
6,133.9
0,133.15
0,132.4
1,131.9
1,157.9
2,157.9
2,157.9
3,157.9
3,157.9
4,157.9
4,157.9
5,157.9
5,157.9
6,157.9
6,157.9
0,157.4
0,157.4
1,157.4
1,157.4
2,155.9
2,155.9
3,153.9
3,148.9
4,146.15
4,144.9
5,144.9
5,143.9
6,143.9
6,143.9
0,141.4
0,137.9
1,134.9
1,134.9
2,134.9
2,131.4
3,129.9
3,128.9
4,128.9
4,127.9
5,127.9
5,127.9
6,127.9
6,126.9
0,126.9
0,126.9
1,126.9
1,126.9
2,126.9
2,126.9
3,126.9
3,126.9
4,126.9
4,126.9
5,126.9
5,126.9
6,126.9
6,159.9
0,126.9
0,126.9
1,159.9
1,159.9
2,159.9
2,159.9
3,159.9
3,159.9
4,159.9
4,159.9
5,158.65
5,158.65
6,158.65
6,157.25
0,154.9
0,154.9
1,154.9
1,154.5
2,151.9
2,150.9
3,147.9
3,147.9
4,145.3
4,144.7
5,143.7
5,143.5
6,143.5
6,142.9
0,142.7
0,141.8
1,141.8
1,141.2
2,139.9
2,139.7
3,139.7
3,138.7
4,137.9
4,137.5
5,137.5
5,137.5
6,136.9
6,136.9
0,136.9
0,134.7
1,134.5
1,133.7
2,132.9
2,132.9
3,132.6
3,132.35000000000002
4,132.35000000000002
4,130.96666666666667
5,130.96666666666667
5,130.96666666666667
6,130.96666666666667
6,130.96666666666667
0,129.3
0,128.15
1,128.15
1,127.05000000000001
2,127.05000000000001
2,125.65
3,125.65
3,124.9
4,124.9
4,124.4
5,124.4
5,124.4
6,124.4
6,123.4
0,123.4
0,123.4
1,123.4
1,123.4
2,123.4
2,123.4
3,149.9
3,149.9
4,149.4
4,149.4
5,149.4
5,149.4
6,149.4
6,149.4
0,149.4
0,147.9
1,147.9
1,146.9
2,145.4
2,145.4
3,145.4
3,141.9
4,139.9
4,138.9
5,138.9
5,136.9
6,136.9
6,134.9
0,134.9
0,133.3
1,131.2
1,129.7
2,128.2
2,126.4
3,124.9
3,123.4
4,123.4
4,126.9
5,126.9
5,126.9
6,126.9
6,126.9
0,126.4
0,126.4
1,125.9
1,125.9
2,125.4
2,125.4
3,124.9
3,123.9
4,123.9
4,123.9
5,123.9
5,123.9
6,123.9
6,123.9
0,123.9
0,123.9
1,123.9
1,123.9
2,123.9
2,123.9
3,123.9
3,123.9
4,123.9
4,123.9
5,123.9
5,123.9
6,123.9
6,123.9
0,138.4
0,138.4
1,152.9
1,152.9
2,152.4
2,152.4
3,151.9
3,151.9
4,151.9
4,151.9
5,151.4
5,147.9
6,146.9
6,143.9
0,143.8
0,143.8
1,143.7
1,141.9
2,141.9
2,141.9
3,141.9
3,139.15
4,138.9
4,138.9
5,138.9
5,138.9
6,138.4
6,138.4
0,137.4
0,137.4
1,136.4
1,131.9
2,130.9
2,129.4
3,128.8
3,127.7
4,126.9
4,126.5
5,125.9
5,125.9
6,125.9
6,125.9
0,125.9
0,125.9
1,125.9
1,157.9
2,157.9
2,130.9
3,128.4
3,128.4
4,125.9
4,125.9
5,125.9
5,125.9
6,125.9
6,160.9
0,160.4
0,158.9
1,158.4
1,158.4
2,155.9
2,154.9
3,153.9
3,151.9
4,150.9
4,150.9
5,149.9
5,147.9
6,146.9
6,146.9
0,145.4
0,143.9
1,142.9
1,140.9
2,140.9
2,139.4
3,138.4
3,136.9
4,136.9
4,135.9
5,135.9
5,135.9
6,135.9
6,135.9
0,135.9
0,134.9
1,134.9
1,134.9
2,134.9
2,133.9
3,133.9
3,132.3
4,131.5
4,131.5
5,131.5
5,131.5
6,131.5
6,131.5
0,131.5
0,131.5
1,130.9
1,130.9
2,130.9
2,160.9
3,160.9
3,160.9
4,160.9
4,160.9
5,160.9
5,160.9
6,160.9
6,160.9
0,157.9
0,157.9
1,157.9
1,155.9
2,152.9
2,149.9
3,149.9
3,149.9
4,149.9
4,149.9
5,149.9
5,149.9
6,149.9
6,149.9
0,149.9
0,149.9
1,145.9
1,145.9
2,142.4
2,142.4
3,142.4
3,142.4
4,142.4
4,139.9
5,139.9
5,139.9
6,139.9
6,138.9
0,138.9
0,137.85000000000002
1,135.9
1,135.9
2,135.9
2,148.9
3,148.9
3,148.9
4,148.9
4,148.9
5,148.9
5,148.9
6,148.9
6,148.9
0,148.9
0,159.9
1,159.9
1,157.9
2,157.9
2,157.9
3,156.9
3,155.9
4,155.9
4,155.9
5,155.9
5,155.9
6,155.9
6,155.9
0,155.9
0,155.9
1,155.9
1,154.9
2,153.9
2,153.9
3,151.9
3,151.9
4,151.9
4,148.9
5,148.9
5,148.9
6,148.9
6,148.9
0,148.9
0,148.9
1,148.23333333333335
1,145.4
2,143.4
2,141.9
3,140.4
3,140.4
4,140.4
4,167.9
5,165.9
5,165.9
6,165.9
6,165.9
0,165.9
0,165.9
1,165.9
1,165.9
2,165.9
2,165.9
3,165.9
3,165.9
4,165.9
4,165.9
5,165.9
5,164.9
6,163.9
6,163.9
0,163.9
0,163.9
1,163.9
1,163.9
2,162.9
2,161.9
3,160.9
3,159.9
4,157.9
4,156.3
5,156.3
5,152.9
6,149.9
6,149.3
0,146.4
0,146.4
1,146.4
1,146.4
2,146.4
2,146.4
3,146.4
3,143.9
4,142.9
4,141.9
5,140.9
5,139.9
6,139.9
6,139.9
0,139.9
0,139.9
1,139.9
1,139.9
2,139.9
2,168.9
3,168.9
3,168.9
4,168.9
4,168.9
5,168.9
5,168.9
6,166.9
6,166.9
0,166.9
0,166.9
1,166.9
1,166.9
2,163.9
2,163.9
3,162.9
3,162.9
4,162.9
4,162.9
5,162.9
5,162.9
6,162.9
6,162.9
0,162.9
0,162.9
1,161.9
1,158.4
2,156.9
2,154.9
3,154.9
3,154.9
4,154.9
4,151.4
5,148.9
5,147.9
6,146.9
6,146.9
0,145.9
0,145.9
1,145.9
1,144.9
2,143.9
2,143.9
3,143.9
3,143.9
4,142.9
4,141.9
5,140.9
5,139.9
6,139.9
6,139.9
0,139.9
0,139.9
1,139.9
1,139.9
2,138.9
2,137.9
3,137.9
3,168.9
4,168.9
4,166.9
5,166.9
5,168.9
6,168.9
6,166.9
0,166.9
0,166.9
1,166.9
1,166.9
2,166.9
2,166.9
3,165.9
3,165.9
4,165.9
4,165.9
5,165.9
5,165.9
6,165.9
6,165.9
0,165.9
0,160.9
1,158.9
1,158.7
2,158.7
2,155.9
3,153.9
3,152.9
4,151.4
4,149.4
5,146.9
5,145.4
6,143.9
6,142.9
0,142.9
0,141.9
1,141.9
1,141.9
2,141.9
2,141.9
3,141.9
3,141.9
4,141.9
4,141.9
5,141.9
5,141.9
6,141.9
6,141.9
0,141.9
0,141.9
1,141.9
1,141.9
2,141.9
2,141.9
3,141.9
3,141.9
4,141.9
4,141.9
5,141.9
5,141.9
6,141.9
6,141.9
0,141.9
0,141.9
1,141.9
1,141.9
2,141.9
2,141.9
3,141.9
3,141.9
4,141.9
4,141.9
5,141.9
5,141.9
6,141.9
6,141.9
0,141.9
0,141.9
1,141.9
1,170.9
2,168.9
2,168.9
3,168.9
3,168.9
4,168.9
4,168.9
5,168.9
5,168.9
6,168.9
6,168.9
0,168.9
0,167.9
1,167.9
1,167.9
2,167.9
2,165.9
3,165.9
3,165.9
4,165.9
4,165.9
5,165.9
5,165.9
6,159.9
6,159.9
0,159.9
0,159.9
1,154.9
1,154.9
2,154.9
2,150.9
3,146.4
3,146.4
4,144.4
4,142.4
5,142.4
5,140.9
6,140.9
6,139.9
0,139.9
0,138.4
1,138.4
1,138.4
2,138.4
2,138.4
3,138.4
3,138.4
4,138.4
4,138.4
5,138.4
5,138.4
6,138.4
6,168.9
0,168.9
0,168.9
1,168.9
1,168.9
2,168.9
2,168.9
3,168.9
3,166.9
4,166.9
4,166.9
5,166.9
5,158.9
6,155.9
6,155.9
0,152.4
0,150.9
1,149.4
1,146.9
2,145.4
2,145.4
3,145.4
3,143.9
4,143.9
4,142.9
5,142.9
5,141.9
6,141.9
6,140.9
0,140.9
0,139.9
1,140.9
1,140.9
2,140.9
2,140.9
3,140.9
3,140.9
4,140.9
4,140.9
5,140.9
5,140.9
6,140.9
6,140.9
0,140.9
0,140.9
1,140.9
1,140.9
2,140.9
2,171.9
3,171.9
3,171.9
4,171.9
4,171.9
5,171.9
5,171.9
6,170.9
6,170.9
0,170.9
0,170.9
1,170.9
1,170.9
2,169.9
2,166.9
3,164.9
3,164.9
4,164.9
4,164.9
5,164.9
5,164.9
6,164.9
6,164.9
0,164.9
0,158.9
1,158.9
1,158.9
2,158.9
2,158.9
3,158.9
3,158.9
4,158.9
4,158.9
5,158.9
5,158.9
6,154.9
6,154.9
0,154.9
0,154.9
1,154.9
1,175.9
2,175.9
2,175.9
3,175.9
3,173.9
4,173.9
4,173.9
5,173.9
5,173.9
6,173.9
6,173.9
