0,127.46666666666665
0,127.46666666666665
1,124.9
1,124.9
2,122.9
2,122.9
3,120.4
3,120.4
4,118.7
4,118.7
5,118.1
5,117.7
6,117.7
6,117.7
0,117.7
0,117.7
1,117.5
1,117.5
2,117.4
2,117.4
3,115.9
3,115.9
4,114.9
4,114.9
5,114.9
5,114.9
6,114.9
6,114.9
0,114.9
0,114.9
1,114.75
1,114.75
2,145.9
2,145.9
3,145.4
3,145.4
4,143.9
4,143.9
5,143.9
5,143.9
6,143.9
6,143.9
0,143.39999999999998
0,142.9
1,141.9
1,141.9
2,139.9
2,139.9
3,139.9
3,139.9
4,139.46666666666667
4,139.46666666666667
5,139.46666666666667
5,139.46666666666667
6,139.46666666666667
6,139.46666666666667
0,137.7
0,137.7
1,133.4
1,127.9
2,127.9
2,127.9
3,125.46666666666665
3,123.9
4,123.7
4,123.7
5,121.9
5,121.9
6,121.9
6,121.9
0,121.75
0,121.75
1,121.5
1,120.0
2,118.9
2,118.9
3,146.9
3,146.9
4,146.9
4,145.4
5,145.4
5,145.4
6,145.3
6,145.3
0,143.7
0,140.9
1,139.3
1,135.9
2,135.9
2,135.9
3,134.8
3,133.9
4,133.7
4,133.7
5,133.7
5,132.9
6,132.9
6,130.9
0,130.9
0,130.9
1,128.65
1,128.65
2,124.775
2,123.7
3,123.05
3,121.9
4,149.9
4,149.9
5,149.9
5,149.9
6,148.9
6,145.3
0,145.3
0,144.9
1,144.8
1,144.8
2,140.7
2,140.7
3,140.7
3,140.7
4,140.3
4,140.3
5,140.3
5,140.3
6,140.3
6,140.3
0,140.3
0,140.3
1,140.3
1,140.3
2,140.3
2,140.3
3,140.3
3,140.3
4,140.3
4,140.3
5,140.3
5,140.3
6,140.3
6,140.3
0,140.3
0,140.3
1,140.3
1,140.3
2,140.3
2,140.3
3,140.3
3,140.3
4,140.3
4,140.3
5,140.3
5,140.3
6,140.3
6,140.3
0,140.3
0,140.3
1,140.3
1,140.3
2,140.3
2,140.3
3,140.3
3,140.3
4,140.3
4,140.3
5,140.3
5,140.3
6,140.3
6,140.3
0,140.3
0,140.3
1,140.3
1,140.3
2,140.3
2,140.3
3,140.3
3,140.3
4,140.3
4,140.3
5,140.3
5,140.3
6,140.3
6,140.3
0,140.3
0,140.3
1,140.3
1,140.3
2,140.3
2,140.3
3,140.3
3,140.3
4,140.3
4,140.3
5,140.3
5,140.3
6,140.3
6,140.3
0,140.3
0,140.3
1,140.3
1,140.3
2,140.3
2,140.3
3,140.3
3,140.3
4,140.3
4,140.3
5,140.3
5,140.3
6,140.3
6,140.3
0,140.3
0,140.3
1,140.3
1,140.3
2,140.3
2,140.3
3,140.3
3,140.3
4,140.3
4,140.3
5,140.3
5,140.3
6,140.3
6,140.3
0,140.3
0,140.3
1,140.3
1,140.3
2,140.3
2,140.3
3,140.3
3,140.3
4,140.3
4,140.3
5,140.3
5,140.3
6,140.3
6,140.3
0,140.3
0,140.3
1,140.3
1,140.3
2,140.3
2,140.3
3,140.3
3,140.3
4,151.9
4,151.9
5,122.5
5,138.4
6,138.4
6,138.4
0,138.4
0,138.4
1,138.4
1,138.4
2,149.9
2,149.9
3,149.9
3,149.9
4,149.9
4,149.9
5,149.9
5,149.9
6,149.9
6,149.9
0,149.9
0,149.9
1,149.9
1,149.9
2,149.9
2,149.9
3,149.9
3,149.9
4,147.9
4,147.9
5,147.9
5,147.9
6,147.9
6,147.9
0,147.9
0,145.8
1,145.8
1,145.8
2,145.8
2,145.8
3,145.8
3,145.8
4,145.8
4,142.9
5,142.9
5,142.9
6,142.9
6,142.9
0,142.9
0,140.9
1,140.9
1,140.9
2,140.9
2,140.9
3,140.9
3,140.9
4,140.9
4,139.9
5,139.9
5,139.9
6,139.9
6,139.9
0,139.9
0,139.9
1,139.9
1,139.9
2,138.9
2,138.9
3,162.9
3,162.9
4,162.9
4,162.9
5,162.4
5,162.4
6,162.4
6,162.4
0,162.4
0,162.3
1,161.9
1,161.9
2,161.9
2,161.9
3,161.7
3,161.7
4,161.7
4,161.7
5,161.7
5,161.7
6,161.7
6,161.7
0,159.9
0,157.7
1,155.9
1,154.4
2,152.9
2,150.9
3,150.9
3,147.9
4,146.3
4,146.3
5,146.3
5,146.3
6,143.9
6,141.9
0,141.9
0,141.9
1,141.9
1,141.9
2,141.5
2,140.9
3,140.9
3,140.9
4,140.3
4,139.4
5,139.4
5,137.9
6,136.7
6,136.7
0,136.7
0,135.9
1,135.9
1,134.9
2,133.9
2,133.7
3,133.7
3,133.7
4,133.7
4,133.4
5,133.4
5,133.4
6,133.4
6,133.4
0,132.9
0,132.4
1,132.4
1,132.4
2,131.4
2,131.4
3,131.4
3,131.4
4,131.4
4,130.9
5,130.9
5,130.9
6,130.5
6,130.5
0,130.5
0,129.9
1,129.9
1,129.9
2,129.9
2,129.9
3,129.9
3,129.9
4,129.9
4,162.9
5,162.9
5,162.9
6,162.9
6,162.9
0,162.9
0,160.9
1,160.9
1,160.9
2,160.9
2,158.6
3,155.9
3,155.9
4,155.9
4,155.9
5,155.9
5,155.9
6,154.9
6,154.9
0,151.9
0,149.9
1,149.9
1,147.9
2,147.9
2,147.9
3,147.7
3,147.7
4,147.7
4,143.9
5,143.9
5,142.4
6,142.4
6,142.4
0,142.4
0,141.7
1,141.5
1,141.5
2,139.9
2,139.9
3,139.9
3,139.7
4,139.7
4,138.4
5,138.4
5,138.4
6,138.4
6,138.4
0,138.4
0,138.4
1,138.4
1,138.4
2,138.4
2,138.4
3,138.4
3,137.7
4,137.7
4,137.7
5,137.7
5,137.7
6,137.7
6,137.7
0,135.9
0,135.7
1,134.2
1,134.2
2,132.9
2,132.9
3,131.9
3,131.9
4,131.9
4,131.9
5,131.9
5,131.9
6,131.9
6,131.9
0,131.75
0,130.9
1,129.9
1,129.4
2,128.9
2,128.9
3,128.9
3,128.9
4,127.9
4,127.9
5,127.9
5,127.9
6,127.9
6,127.9
0,127.9
0,127.75
1,127.75
1,127.75
2,126.9
2,126.9
3,126.9
3,126.9
4,126.9
4,157.9
5,157.9
5,157.9
6,155.9
6,155.9
0,155.9
0,155.9
1,155.7
1,155.7
2,154.9
2,152.9
3,152.9
3,152.9
4,152.9
4,152.9
5,151.9
5,150.9
6,150.9
6,150.9
0,149.9
0,147.9
1,145.9
1,144.9
2,143.9
2,143.7
3,142.9
3,142.9
4,141.9
4,141.9
5,140.9
5,140.9
6,140.9
6,140.9
0,137.9
0,137.9
1,137.9
1,137.9
2,137.9
2,137.9
3,137.9
3,137.9
4,137.9
4,136.9
5,136.9
5,136.9
6,136.9
6,136.9
0,136.4
0,135.4
1,134.4
1,133.9
2,133.4
2,132.9
3,145.15
3,145.15
4,145.15
4,145.15
5,145.15
5,145.15
6,145.15
6,156.9
0,155.9
0,155.9
1,155.9
1,155.9
2,155.9
2,155.9
3,154.4
3,154.4
4,152.9
4,152.9
5,151.9
5,151.9
6,149.9
6,149.9
0,147.9
0,142.5666666666667
1,136.9
1,136.9
2,134.9
2,133.9
3,133.9
3,131.9
4,131.9
4,131.5
5,131.5
5,131.3
6,131.3
6,131.3
0,131.3
0,131.3
1,131.3
1,130.9
2,130.9
2,130.9
3,130.9
3,130.9
4,130.9
4,130.9
5,130.9
5,130.9
6,130.9
6,130.9
0,130.9
0,130.9
1,159.9
1,159.9
2,158.9
2,157.7
3,157.7
3,155.7
4,153.7
4,153.7
5,152.7
5,152.3
6,152.3
6,152.3
0,150.9
0,149.9
1,149.9
1,147.9
2,147.9
2,146.35000000000002
3,144.9
3,143.23333333333335
4,141.9
4,140.95
5,140.95
5,139.9
6,139.7
6,139.7
0,139.7
0,138.93333333333334
1,137.7
1,136.6
2,134.7
2,134.7
3,134.7
3,133.26666666666665
4,133.26666666666665
4,132.35000000000002
5,132.35000000000002
5,132.35000000000002
6,131.55
6,130.9
0,130.9
0,130.15
1,129.7
1,129.20000000000002
2,129.20000000000002
2,128.35000000000002
3,128.35000000000002
3,128.0
4,128.0
4,127.4
5,127.3
5,126.9
6,126.9
6,126.9
0,126.9
0,126.66666666666667
1,126.66666666666667
1,125.9
2,125.9
2,125.35
3,125.35
3,124.75
4,124.75
4,124.4
5,124.4
5,124.3
6,124.3
6,123.75
0,123.75
0,123.75
1,123.75
1,123.75
2,123.75
2,123.75
3,123.75
3,136.4
4,149.4
4,149.4
5,149.3
5,149.3
6,149.3
6,148.7
0,148.7
0,147.7
1,147.3
1,146.9
2,145.95
2,143.9
3,142.9
3,141.9
4,141.9
4,140.9
5,140.9
5,140.9
6,140.9
6,140.7
0,139.7
0,139.5
1,138.9
1,136.2
2,134.4
2,132.9
3,132.7
3,132.7
4,132.5
4,131.7
5,131.3
5,131.3
6,130.60000000000002
6,130.60000000000002
0,129.9
0,129.7
1,129.7
1,129.5
2,129.4
2,128.9
3,128.4
3,128.4
4,127.9
4,127.4
5,127.15
5,127.15
6,126.9
6,126.9
0,126.9
0,126.9
1,126.9
1,126.9
2,126.9
2,126.9
3,126.9
3,126.9
4,126.65
4,125.9
5,139.4
5,139.4
6,152.9
6,152.9
0,152.9
0,150.8
1,150.7
1,150.9
2,150.8
2,150.5
3,150.4
3,149.9
4,149.9
4,149.575
5,148.60000000000002
5,148.60000000000002
6,147.4
6,147.4
0,146.5
0,145.7
1,144.7
1,144.7
2,142.7
2,142.7
3,141.7
3,140.9
4,140.8
4,138.5666666666667
5,137.4
5,137.4
6,137.15
6,135.15
0,134.4
0,133.86666666666667
1,133.4
1,132.70000000000002
2,131.9
2,131.7
3,131.7
3,130.4
4,130.4
4,130.10000000000002
5,130.10000000000002
5,130.10000000000002
6,130.10000000000002
6,130.10000000000002
0,130.10000000000002
0,126.4
1,126.4
1,126.4
2,126.4
2,126.4
3,126.4
3,126.4
4,126.4
4,126.4
5,126.4
5,126.4
6,126.4
6,126.4
0,126.4
0,159.9
1,159.9
1,158.9
2,158.4
2,156.9
3,156.16666666666666
3,155.5
4,154.06666666666666
4,154.06666666666666
5,152.60000000000002
5,152.60000000000002
6,151.4
6,150.6
0,147.6
0,147.6
1,144.10000000000002
1,141.4
2,141.15
2,140.3
3,138.9
3,138.9
4,137.9
4,137.15
5,136.8
5,136.4
6,136.3
6,136.3
0,136.10000000000002
0,136.10000000000002
1,136.10000000000002
1,135.20000000000002
2,135.20000000000002
2,132.9
3,132.9
3,132.9
4,131.9
4,131.9
5,131.9
5,131.9
6,131.9
6,130.9
0,130.9
0,129.9
1,129.9
1,129.9
2,126.5
2,129.9
3,129.9
3,129.9
4,129.9
4,129.9
5,129.9
5,129.9
6,129.9
6,129.9
0,160.9
0,159.9
1,158.9
1,157.4
2,156.7
2,155.9
3,154.9
3,150.4
4,150.4
4,150.4
5,150.4
5,149.7
6,149.5
6,149.5
0,149.3
0,148.8
1,147.8
1,147.2
2,146.7
2,145.60000000000002
3,142.35000000000002
3,141.9
4,141.9
4,140.95
5,139.9
5,139.9
6,139.9
6,138.9
0,138.9
0,138.9
1,137.9
1,137.7
2,137.7
2,137.7
3,137.7
3,137.7
4,137.7
4,137.7
5,162.9
5,162.9
6,162.9
6,160.8
0,160.8
0,159.9
1,157.9
1,157.9
2,157.5
2,157.3
3,156.9
3,156.9
4,156.9
4,155.8
5,154.9
5,154.7
6,154.7
6,154.7
0,154.7
0,154.7
1,154.7
1,154.5
2,153.9
2,153.7
3,151.9
3,150.9
4,150.7
4,149.9
5,149.9
5,149.7
6,149.7
6,149.7
0,148.9
0,146.8
1,146.8
1,145.8
2,145.8
2,145.8
3,143.4
3,143.3
4,143.3
4,143.3
5,143.3
5,143.3
6,143.3
6,167.9
0,165.9
0,165.7
1,165.7
1,165.5
2,165.5
2,165.5
3,165.5
3,163.7
4,163.5
4,163.5
5,163.5
5,163.5
6,161.7
6,159.9
0,159.9
0,158.4
1,158.4
1,155.9
2,155.9
2,154.9
3,154.9
3,154.4
4,154.4
4,153.9
5,153.9
5,153.9
6,153.9
6,153.7
0,153.7
0,153.5
1,153.5
1,153.5
2,149.9
2,149.7
3,149.7
3,148.2
4,148.0
4,147.8
5,147.8
5,147.35
6,146.9
6,146.9
0,146.9
0,142.9
1,142.9
1,142.9
2,142.9
2,143.3
3,143.3
3,168.9
4,155.9
4,155.9
5,155.9
5,166.9
6,166.9
6,166.9
0,166.9
0,165.9
1,164.9
1,163.9
2,162.9
2,161.9
3,161.9
3,161.9
4,160.9
4,159.9
5,159.9
5,159.9
6,159.9
6,159.9
0,159.5
0,158.9
1,158.9
1,157.9
2,156.9
2,153.9
3,153.9
3,153.7
4,153.7
4,151.3
5,149.7
5,149.7
6,149.7
6,146.9
0,146.9
0,146.8
1,146.7
1,146.7
2,145.9
2,145.9
3,145.9
3,145.7
4,144.9
4,144.7
5,144.7
5,144.7
6,143.9
6,143.7
0,143.7
0,143.7
1,143.5
1,143.5
2,143.3
2,143.3
3,143.3
3,143.3
4,143.3
4,155.8
5,166.9
5,168.9
6,166.9
6,166.9
0,166.9
0,166.9
1,166.9
1,166.9
2,166.9
2,166.9
3,164.4
3,164.4
4,160.9
4,159.8
5,159.8
5,159.8
6,159.8
6,158.7
0,157.9
0,157.7
1,157.7
1,156.7
2,153.9
2,153.55
3,153.55
3,153.05
4,153.05
4,153.05
5,153.05
5,153.05
6,153.05
6,153.05
0,153.05
0,152.05
1,150.9
1,150.9
2,148.9
2,147.2
3,144.9
3,144.5
4,144.3
4,144.3
5,143.9
5,143.7
6,143.7
6,143.7
0,143.7
0,143.23333333333335
1,143.23333333333335
1,142.2
2,142.2
2,141.5
3,141.5
3,141.5
4,139.3
4,138.8
5,138.8
5,138.8
6,138.8
6,138.8
0,138.8
0,138.8
1,138.8
1,138.8
2,138.8
2,138.8
3,138.8
3,138.8
4,138.8
4,138.8
5,138.8
5,138.8
6,138.8
6,138.8
0,138.8
0,138.8
1,138.8
1,138.8
2,138.8
2,168.9
3,168.9
3,168.9
4,168.7
4,166.5
5,166.5
5,166.5
6,166.5
6,165.9
0,164.9
0,164.7
1,164.7
1,164.7
2,162.9
2,160.9
3,158.65
3,156.4
4,156.4
4,156.4
5,153.5
5,153.5
6,152.95
6,152.95
0,150.9
0,148.4
1,148.4
1,145.7
2,144.2
2,144.2
3,144.2
3,144.2
4,144.2
4,141.5
5,141.5
5,139.5
6,139.5
6,139.5
0,139.5
0,139.5
1,139.5
1,139.5
2,139.5
2,139.5
3,139.5
3,139.5
4,139.5
4,139.5
5,139.5
5,168.9
6,168.9
6,168.9
0,166.9
0,166.9
1,166.9
1,165.9
2,162.9
2,161.9
3,161.9
3,158.9
4,156.9
4,154.9
5,152.7
5,151.2
6,150.95
6,149.5
0,146.9
0,145.8
1,145.8
1,145.8
2,143.9
2,143.9
3,143.9
3,143.9
4,143.9
4,143.9
5,143.9
5,143.9
6,143.9
6,143.9
0,143.9
0,143.9
1,143.9
1,143.9
2,143.9
2,143.9
3,143.9
3,143.9
4,143.9
4,143.9
5,143.9
5,143.9
6,143.9
6,143.9
0,143.3
0,143.3
1,143.3
1,143.3
2,143.3
2,142.9
3,142.9
3,171.9
4,171.9
4,169.9
5,169.9
5,169.9
6,169.9
6,169.9
0,169.9
0,167.9
1,167.9
1,166.9
2,163.9
2,163.9
3,162.9
3,162.9
4,162.9
4,159.9
5,159.9
5,159.9
6,155.9
6,155.9
0,155.9
0,153.9
1,153.9
1,153.9
2,153.9
2,153.9
3,153.9
3,152.9
4,152.9
4,152.9
5,152.9
5,152.9
6,151.9
6,151.9
0,149.9
0,147.9
1,147.9
1,147.9
2,146.95
2,175.9
3,175.9
3,173.9
4,173.9
4,173.9
5,173.9
5,171.9
6,171.9
6,170.9
