0,0
0,0
1,119.9
1,119.9
2,118.9
2,118.9
3,118.9
3,117.9
4,117.9
4,117.9
5,117.9
5,117.9
6,116.9
6,116.9
0,116.9
0,116.9
1,116.4
1,115.9
2,115.9
2,114.9
3,114.9
3,114.9
4,114.9
4,114.9
5,114.9
5,114.9
6,114.9
6,114.9
0,114.9
0,114.9
1,114.4
1,114.4
2,114.4
2,114.4
3,145.9
3,145.9
4,145.9
4,145.9
5,145.9
5,145.9
6,144.9
6,143.9
0,143.9
0,143.9
1,143.9
1,143.4
2,142.9
2,141.65
3,135.7
3,134.4
4,134.4
4,134.4
5,134.4
5,132.9
6,132.9
6,130.9
0,128.9
0,127.9
1,127.15
1,122.9
2,122.9
2,122.9
3,122.9
3,122.9
4,122.9
4,122.9
5,122.9
5,122.9
6,122.9
6,120.9
0,120.9
0,120.9
1,120.4
1,119.4
2,119.4
2,119.4
3,147.9
3,145.65
4,145.65
4,144.9
5,144.9
5,144.9
6,144.9
6,143.65
0,138.8
0,134.9
1,134.26666666666665
1,134.26666666666665
2,134.26666666666665
2,134.26666666666665
3,132.4
3,130.9
4,129.9
4,129.9
5,129.9
5,129.9
6,129.9
6,128.15
0,127.53333333333335
0,126.9
1,125.75000000000001
1,125.75000000000001
2,124.9
2,123.9
3,123.9
3,123.9
4,149.9
4,142.55
5,142.55
5,142.55
6,142.55
6,142.55
0,142.55
0,142.55
1,142.55
1,142.55
2,142.55
2,147.4
3,147.4
3,145.9
4,145.9
4,145.9
5,145.9
5,145.9
6,145.9
6,145.9
0,145.9
0,145.9
1,145.9
1,145.9
2,145.9
2,145.9
3,145.9
3,145.9
4,145.9
4,145.9
5,145.9
5,145.9
6,145.9
6,145.9
0,145.9
0,145.9
1,145.9
1,145.9
2,145.9
2,145.9
3,145.9
3,145.9
4,145.9
4,145.9
5,145.9
5,145.9
6,145.9
6,145.9
0,145.9
0,145.9
1,145.9
1,145.9
2,145.9
2,145.9
3,145.9
3,145.9
4,145.9
4,145.9
5,145.9
5,145.9
6,145.9
6,145.9
0,145.9
0,145.9
1,145.9
1,145.9
2,145.9
2,145.9
3,145.9
3,145.9
4,145.9
4,145.9
5,145.9
5,145.9
6,145.9
6,145.9
0,145.9
0,145.9
1,145.9
1,145.9
2,145.9
2,145.9
3,145.9
3,145.9
4,145.9
4,145.9
5,145.9
5,145.9
6,145.9
6,145.9
0,145.9
0,145.9
1,145.9
1,145.9
2,145.9
2,145.9
3,145.9
3,145.9
4,145.9
4,145.9
5,145.9
5,145.9
6,145.9
6,145.9
0,145.9
0,145.9
1,145.9
1,145.9
2,145.9
2,145.9
3,145.9
3,145.9
4,145.9
4,145.9
5,145.9
5,145.9
6,145.9
6,145.9
0,145.9
0,145.9
1,145.9
1,145.9
2,145.9
2,145.9
3,145.9
3,145.9
4,145.9
4,145.9
5,145.9
5,145.9
6,145.9
6,145.9
0,145.9
0,145.9
1,145.9
1,145.9
2,145.9
2,145.9
3,145.9
3,145.9
4,145.9
4,145.9
5,145.9
5,145.9
6,151.9
6,151.9
0,151.9
0,151.9
1,151.9
1,151.9
2,151.9
2,151.9
3,151.9
3,151.9
4,151.9
4,151.9
5,151.9
5,151.9
6,151.9
6,151.9
0,149.9
0,149.9
1,149.9
1,148.9
2,148.9
2,148.9
3,148.9
3,144.9
4,144.9
4,144.9
5,144.9
5,144.9
6,144.9
6,144.9
0,144.9
0,142.9
1,141.9
1,141.9
2,141.9
2,141.9
3,141.9
3,141.9
4,141.9
4,141.9
5,139.9
5,139.9
6,139.9
6,139.9
0,139.9
0,139.9
1,137.9
1,137.9
2,137.9
2,137.9
3,137.9
3,137.9
4,136.9
4,136.9
5,136.9
5,136.9
6,136.9
6,136.9
0,136.9
0,136.9
1,134.9
1,134.9
2,134.9
2,134.9
3,134.9
3,162.9
4,162.9
4,162.4
5,162.4
5,162.4
6,160.9
6,160.9
0,158.9
0,157.9
1,157.9
1,157.9
2,157.9
2,156.20000000000002
3,152.9
3,151.9
4,149.9
4,149.9
5,149.9
5,149.9
6,149.9
6,149.9
0,147.9
0,147.9
1,146.4
1,146.4
2,144.9
2,144.9
3,144.9
3,143.9
4,143.9
4,143.9
5,143.9
5,143.9
6,143.9
6,143.9
0,143.9
0,140.9
1,140.9
1,140.9
2,139.5
2,137.9
3,137.9
3,137.9
4,137.9
4,137.9
5,137.9
5,137.9
6,137.9
6,137.9
0,137.9
0,136.4
1,136.4
1,134.4
2,134.4
2,134.4
3,134.4
3,134.4
4,134.4
4,133.4
5,133.4
5,133.4
6,133.4
6,133.4
0,132.9
0,132.4
1,132.4
1,132.4
2,132.4
2,132.4
3,132.4
3,132.4
4,132.4
4,132.4
5,132.4
5,132.4
6,132.4
6,132.4
0,132.4
0,131.9
1,130.9
1,130.9
2,130.9
2,130.9
3,130.9
3,130.9
4,130.9
4,162.9
5,162.9
5,162.9
6,162.9
6,162.9
0,159.9
0,159.9
1,159.9
1,159.9
2,159.9
2,156.9
3,156.9
3,155.9
4,155.9
4,155.9
5,155.9
5,155.9
6,155.9
6,155.9
0,153.9
0,153.9
1,150.4
1,146.9
2,146.9
2,146.9
3,146.9
3,146.9
4,144.9
4,144.9
5,144.9
5,144.9
6,144.9
6,144.9
0,141.5
0,141.5
1,141.5
1,138.9
2,137.9
2,137.9
3,137.9
3,136.9
4,136.9
4,136.2
5,136.2
5,136.2
6,136.2
6,136.2
0,134.9
0,134.9
1,134.9
1,133.9
2,133.7
2,133.4
3,132.9
3,132.9
4,132.9
4,132.9
5,132.7
5,132.7
6,132.7
6,132.7
0,131.9
0,130.8
1,130.5
1,130.5
2,130.5
2,130.5
3,130.5
3,128.7
4,128.5
4,127.9
5,127.9
5,127.9
6,127.9
6,127.9
0,127.9
0,127.9
1,127.9
1,127.9
2,127.9
2,127.9
3,127.9
3,127.9
4,127.9
4,127.9
5,127.9
5,127.9
6,127.9
6,127.9
0,126.9
0,126.5
1,126.5
1,126.5
2,125.9
2,125.9
3,125.9
3,125.9
4,125.9
4,125.9
5,125.9
5,157.9
6,155.9
6,155.9
0,155.9
0,155.9
1,153.9
1,153.9
2,152.9
2,152.9
3,149.9
3,149.9
4,149.9
4,149.9
5,149.9
5,149.9
6,149.9
6,149.9
0,149.9
0,147.9
1,145.9
1,144.9
2,142.5
2,141.5
3,141.5
3,140.9
4,140.9
4,140.9
5,140.9
5,139.9
6,139.9
6,139.9
0,137.9
0,137.9
1,137.9
1,137.9
2,137.9
2,137.9
3,134.9
3,134.5
4,133.9
4,132.9
5,132.9
5,132.5
6,132.10000000000002
6,132.10000000000002
0,132.10000000000002
0,132.10000000000002
1,132.10000000000002
1,132.10000000000002
2,132.10000000000002
2,132.10000000000002
3,131.7
3,131.7
4,131.4
4,131.4
5,130.9
5,130.9
6,130.9
6,157.9
0,143.65
0,143.65
1,141.9
1,141.9
2,141.15
2,141.15
3,141.15
3,141.15
4,141.15
4,141.15
5,141.15
5,141.15
6,141.15
6,141.15
0,137.65
0,137.65
1,137.65
1,135.9
2,135.9
2,135.9
3,135.9
3,133.7
4,132.9
4,132.9
5,132.7
5,132.7
6,132.7
6,132.7
0,132.5
0,131.9
1,131.9
1,131.9
2,131.9
2,131.9
3,131.9
3,131.9
4,129.7
4,128.9
5,128.7
5,128.7
6,128.7
6,128.7
0,128.7
0,128.7
1,128.7
1,128.7
2,159.9
2,159.9
3,159.4
3,159.4
4,159.4
4,157.9
5,157.9
5,157.9
6,157.9
6,157.9
0,154.9
0,154.9
1,152.9
1,152.9
2,151.5
2,151.5
3,148.4
3,148.4
4,146.15
4,146.15
5,143.9
5,143.9
6,143.9
6,142.9
0,141.4
0,141.4
1,139.9
1,137.5
2,135.9
2,134.5
3,133.9
3,133.9
4,133.9
4,132.65
5,131.5
5,131.5
6,131.5
6,130.9
0,130.5
0,130.5
1,129.70000000000002
1,127.9
2,127.9
2,127.3
3,126.9
3,126.9
4,125.9
4,125.9
5,125.9
5,125.9
6,125.9
6,125.9
0,124.9
0,124.9
1,124.9
1,124.9
2,124.5
2,123.9
3,123.7
3,123.7
4,123.7
4,123.7
5,123.7
5,122.9
6,122.9
6,122.9
0,122.9
0,122.9
1,122.9
1,122.9
2,122.5
2,122.5
3,149.9
3,149.9
4,149.4
4,149.4
5,149.4
5,149.4
6,149.4
6,149.4
0,149.4
0,147.9
1,147.9
1,147.9
2,144.9
2,144.5
3,142.6
3,141.7
4,138.9
4,138.9
5,136.5
5,136.5
6,135.9
6,135.9
0,134.9
0,134.9
1,132.7
1,132.5
2,128.7
2,128.7
3,127.7
3,127.7
4,126.9
4,126.9
5,126.9
5,126.9
6,126.9
6,126.9
0,126.9
0,126.9
1,126.9
1,126.9
2,125.7
2,125.7
3,125.7
3,125.7
4,125.7
4,124.7
5,124.7
5,124.7
6,124.7
6,124.7
0,124.30000000000001
0,124.30000000000001
1,123.9
1,123.9
2,123.9
2,123.7
3,123.7
3,123.7
4,123.7
4,123.7
5,123.7
5,123.7
6,123.7
6,123.7
0,123.7
0,123.7
1,123.7
1,152.9
2,151.9
2,151.9
3,149.525
3,149.525
4,148.15
4,148.15
5,147.9
5,147.9
6,147.9
6,145.4
0,144.9
0,144.9
1,144.4
1,142.15
2,140.9
2,140.9
3,140.9
3,138.9
4,138.9
4,135.3
5,134.4
5,134.4
6,133.9
6,133.9
0,133.9
0,133.9
1,133.9
1,133.9
2,133.4
2,133.4
3,131.9
3,131.9
4,129.9
4,129.9
5,128.9
5,128.9
6,128.9
6,128.9
0,128.9
0,127.9
1,127.9
1,127.9
2,128.4333333333333
2,128.4333333333333
3,127.9
3,127.9
4,127.9
4,127.9
5,127.9
5,127.9
6,127.9
6,127.9
0,144.4
0,144.4
1,160.4
1,160.4
2,158.9
2,158.9
3,156.23333333333335
3,156.23333333333335
4,153.9
4,153.9
5,152.9
5,152.9
6,152.9
6,152.9
0,152.9
0,152.9
1,152.9
1,149.9
2,149.9
2,149.9
3,145.23333333333335
3,145.23333333333335
4,141.4
4,141.4
5,140.9
5,140.9
6,140.9
6,140.9
0,140.9
0,140.9
1,140.9
1,135.9
2,134.9
2,132.9
3,132.9
3,131.9
4,131.9
4,131.9
5,131.9
5,131.7
6,131.7
6,131.7
0,130.9
0,130.9
1,129.9
1,129.9
2,129.7
2,129.7
3,129.7
3,129.7
4,129.7
4,129.7
5,129.7
5,129.7
6,129.7
6,160.9
0,129.9
0,159.9
1,149.83333333333334
1,149.83333333333334
2,156.9
2,156.9
3,153.9
3,153.9
4,150.9
4,150.9
5,150.9
5,150.9
6,150.9
6,147.9
0,147.9
0,147.9
1,147.9
1,147.9
2,144.9
2,143.4
3,141.9
3,139.9
4,137.9
4,137.9
5,137.9
5,137.9
6,136.9
6,136.9
0,136.9
0,134.7
1,134.7
1,134.7
2,132.9
2,131.9
3,131.7
3,147.2
4,147.2
4,144.16666666666666
5,144.16666666666666
5,144.16666666666666
6,144.16666666666666
6,144.16666666666666
0,144.16666666666666
0,158.9
1,158.9
1,158.9
2,158.9
2,158.9
3,158.9
3,158.9
4,158.9
4,158.9
5,158.9
5,158.9
6,158.9
6,155.9
0,143.9
0,143.9
1,143.9
1,143.9
2,143.9
2,143.9
3,143.9
3,142.4
4,141.6
4,141.6
5,141.6
5,141.6
6,141.6
6,141.6
0,140.9
0,140.2
1,140.2
1,140.2
2,140.2
2,138.29999999999998
3,138.29999999999998
3,138.29999999999998
4,138.29999999999998
4,138.29999999999998
5,138.29999999999998
5,138.29999999999998
6,138.29999999999998
6,167.9
0,167.9
0,167.9
1,167.9
1,167.9
2,167.9
2,167.9
3,167.9
3,167.9
4,167.9
4,167.9
5,167.9
5,167.9
6,167.9
6,167.9
0,167.9
0,167.9
1,167.9
1,167.9
2,159.9
2,159.9
3,159.9
3,159.9
4,157.55
4,154.2
5,154.2
5,154.2
6,154.2
6,154.2
0,149.2
0,149.2
1,149.2
1,149.2
2,149.2
2,146.2
3,146.2
3,146.2
4,146.2
4,146.2
5,146.2
5,146.2
6,146.2
6,146.2
0,143.9
0,142.2
1,142.2
1,142.2
2,143.2
2,143.2
3,143.2
3,168.9
4,168.9
4,168.9
5,168.9
5,168.9
6,168.9
6,168.9
0,168.9
0,168.9
1,168.9
1,168.9
2,168.9
2,168.9
3,162.9
3,162.9
4,162.9
4,162.9
5,162.9
5,162.9
6,162.9
6,162.9
0,162.9
0,162.9
1,162.9
1,160.9
2,158.9
2,158.9
3,155.9
3,155.9
4,155.9
4,149.2
5,149.2
5,149.2
6,149.2
6,146.2
0,146.2
0,144.2
1,144.2
1,143.2
2,143.2
2,142.2
3,141.2
3,141.2
4,141.2
4,141.2
5,141.2
5,140.05
6,140.05
6,138.9
0,138.9
0,138.2
1,138.2
1,138.2
2,138.2
2,138.2
3,138.2
3,138.2
4,138.2
4,168.9
5,168.9
5,168.9
6,168.9
6,168.9
0,168.9
0,168.9
1,168.9
1,168.9
2,166.2
2,166.2
3,166.2
3,166.2
4,166.2
4,166.2
5,166.2
5,166.2
6,166.2
6,166.2
0,166.2
0,166.2
1,160.9
1,160.9
2,154.3
2,154.3
3,150.2
3,147.7
4,146.2
4,145.2
5,145.2
5,144.2
6,144.2
6,144.2
0,144.2
0,144.2
1,144.2
1,144.2
2,141.2
2,141.2
3,141.2
3,141.2
4,141.2
4,141.2
5,141.2
5,141.2
6,141.2
6,141.2
0,141.2
0,141.2
1,141.2
1,141.2
2,141.2
2,141.2
3,141.2
3,141.2
4,141.2
4,141.2
5,141.2
5,139.9
6,139.9
6,139.9
0,139.9
0,139.9
1,139.9
1,139.9
2,139.9
2,139.9
3,139.9
3,139.9
4,139.9
4,139.9
5,139.9
5,139.9
6,139.9
6,139.9
0,139.9
0,139.9
1,139.9
1,138.8
2,138.8
2,168.9
3,168.9
3,167.9
4,166.9
4,166.9
5,166.9
5,166.9
6,166.9
6,166.9
0,166.9
0,166.9
1,166.9
1,166.9
2,165.9
2,164.9
3,164.9
3,164.9
4,164.9
4,160.9
5,155.9
5,155.9
6,144.9
6,144.9
0,144.9
0,144.9
1,144.9
1,144.9
2,144.7
2,144.7
3,144.7
3,144.7
4,144.7
4,142.7
5,142.7
5,142.7
6,136.9
6,140.7
0,140.7
0,140.7
1,140.7
1,140.7
2,138.4
2,138.4
3,137.7
3,137.7
4,137.7
4,137.7
5,137.7
5,137.7
6,137.7
6,136.9
0,168.9
0,168.9
1,168.9
1,168.9
2,168.9
2,168.9
3,168.9
3,168.9
4,168.9
4,168.9
5,168.9
5,168.9
6,163.8
6,163.8
0,156.9
0,156.9
1,156.9
1,156.9
2,156.9
2,156.9
3,149.7
3,149.7
4,149.7
4,149.7
5,149.7
5,149.7
6,147.7
6,147.7
0,147.7
0,147.7
1,147.7
1,144.9
2,142.73333333333335
2,142.73333333333335
3,140.9
3,140.9
4,140.9
4,140.9
5,140.9
5,140.9
6,140.9
6,140.9
0,140.9
0,140.9
1,140.9
1,140.9
2,140.9
2,140.9
3,140.9
3,140.9
4,171.9
4,171.9
5,170.9
5,170.9
6,170.9
6,170.9
0,170.9
0,170.9
1,166.9
1,166.9
2,166.9
2,166.9
3,166.9
3,166.9
4,166.9
4,166.9
5,166.9
5,166.9
6,166.9
6,162.9
0,162.9
0,158.9
1,150.9
1,150.9
2,150.9
2,150.9
3,150.9
3,150.9
4,150.9
4,150.9
5,150.9
5,148.9
6,148.9
6,148.9
0,147.9
0,147.9
1,147.9
1,147.9
2,147.9
2,147.9
3,175.9
3,175.9
4,175.9
4,175.9
5,175.4
5,175.4
6,175.4
6,175.4
