0,125.9
0,125.9
1,125.9
1,123.9
2,123.9
2,120.5
3,119.9
3,119.9
4,118.3
4,118.3
5,117.9
5,117.9
6,117.9
6,117.9
0,117.9
0,117.9
1,116.4
1,116.4
2,115.9
2,115.9
3,115.9
3,115.9
4,115.9
4,115.9
5,115.9
5,115.9
6,115.9
6,115.9
0,115.9
0,115.9
1,114.4
1,114.4
2,145.9
2,145.9
3,145.9
3,145.4
4,145.4
4,145.4
5,145.3
5,144.9
6,144.9
6,144.9
0,144.2
0,144.2
1,140.9
1,138.9
2,136.25
2,136.25
3,133.9
3,133.9
4,131.9
4,131.9
5,129.9
5,129.8
6,129.8
6,129.8
0,129.4
0,129.4
1,126.9
1,126.7
2,126.7
2,126.7
3,121.9
3,121.9
4,121.9
4,121.9
5,121.9
5,121.9
6,121.4
6,121.4
0,120.2
0,120.2
1,120.2
1,118.9
2,147.9
2,147.9
3,147.9
3,145.9
4,145.9
4,145.9
5,145.9
5,144.9
6,144.9
6,144.9
0,143.16666666666666
0,143.16666666666666
1,140.9
1,140.9
2,140.9
2,140.9
3,137.9
3,135.9
4,135.9
4,135.9
5,135.9
5,135.9
6,133.9
6,133.9
0,131.4
0,131.4
1,127.9
1,124.9
2,124.9
2,124.9
3,122.9
3,149.9
4,149.9
4,149.9
5,149.9
5,149.9
6,149.9
6,149.9
0,148.4
0,148.4
1,148.4
1,148.4
2,148.4
2,148.4
3,148.4
3,148.4
4,148.4
4,148.4
5,148.4
5,148.4
6,148.4
6,148.4
0,148.4
0,148.4
1,148.4
1,148.4
2,148.4
2,148.4
3,148.4
3,148.4
4,148.4
4,148.4
5,148.4
5,148.4
6,148.4
6,148.4
0,148.4
0,148.4
1,148.4
1,148.4
2,148.4
2,148.4
3,148.4
3,148.4
4,148.4
4,148.4
5,148.4
5,148.4
6,148.4
6,148.4
0,148.4
0,148.4
1,148.4
1,148.4
2,148.4
2,148.4
3,148.4
3,148.4
4,148.4
4,148.4
5,148.4
5,148.4
6,148.4
6,148.4
0,148.4
0,148.4
1,148.4
1,148.4
2,148.4
2,148.4
3,148.4
3,148.4
4,148.4
4,148.4
5,148.4
5,148.4
6,148.4
6,148.4
0,148.4
0,148.4
1,148.4
1,148.4
2,148.4
2,148.4
3,148.4
3,148.4
4,148.4
4,148.4
5,148.4
5,148.4
6,148.4
6,148.4
0,148.4
0,148.4
1,148.4
1,148.4
2,148.4
2,148.4
3,148.4
3,148.4
4,148.4
4,148.4
5,148.4
5,148.4
6,148.4
6,148.4
0,148.4
0,148.4
1,148.4
1,148.4
2,148.4
2,148.4
3,148.4
3,148.4
4,148.4
4,148.4
5,148.4
5,148.4
6,148.4
6,148.4
0,148.4
0,148.4
1,148.4
1,148.4
2,148.4
2,148.4
3,148.4
3,148.4
4,148.4
4,148.4
5,148.4
5,148.4
6,148.4
6,148.4
0,148.4
0,148.4
1,148.4
1,148.4
2,148.4
2,148.4
3,148.4
3,148.4
4,148.4
4,148.4
5,148.4
5,138.4
6,138.4
6,138.4
0,138.4
0,138.4
1,138.4
1,138.4
2,138.4
2,138.4
3,138.4
3,138.4
4,138.4
4,138.4
5,138.4
5,138.4
6,138.4
6,138.4
0,138.4
0,151.4
1,151.4
1,149.4
2,149.4
2,149.4
3,149.4
3,149.4
4,148.9
4,148.9
5,148.9
5,148.9
6,148.9
6,148.9
0,148.9
0,148.9
1,148.9
1,148.9
2,148.9
2,148.9
3,148.9
3,148.9
4,145.9
4,145.9
5,145.9
5,145.9
6,145.9
6,145.9
0,143.9
0,143.9
1,143.9
1,143.9
2,143.9
2,143.9
3,139.9
3,139.9
4,139.9
4,139.9
5,137.9
5,137.9
6,137.9
6,137.9
0,137.9
0,137.9
1,137.9
1,134.9
2,134.9
2,162.9
3,162.9
3,162.9
4,162.9
4,162.9
5,162.9
5,162.9
6,162.9
6,162.9
0,162.9
0,162.9
1,162.4
1,162.4
2,162.4
2,162.4
3,162.4
3,162.4
4,162.4
4,162.4
5,162.4
5,162.4
6,162.4
6,162.4
0,162.4
0,162.4
1,162.4
1,162.4
2,157.9
2,157.9
3,157.9
3,157.9
4,157.9
4,157.9
5,155.9
5,155.9
6,155.9
6,155.9
0,149.9
0,149.9
1,147.9
1,147.9
2,145.9
2,145.3
3,145.3
3,145.3
4,145.3
4,145.3
5,143.9
5,143.9
6,143.9
6,143.9
0,143.9
0,142.9
1,140.9
1,139.9
2,138.9
2,138.7
3,136.9
3,136.9
4,136.9
4,135.9
5,135.9
5,135.9
6,135.9
6,135.9
0,134.9
0,134.4
1,134.4
1,134.4
2,134.4
2,134.05
3,134.05
3,148.35000000000002
4,148.35000000000002
4,132.9
5,132.9
5,132.9
6,132.4
6,131.9
0,131.9
0,131.5
1,131.5
1,131.5
2,131.5
2,131.5
3,131.5
3,131.5
4,131.5
4,162.9
5,162.9
5,162.9
6,162.9
6,162.9
0,162.9
0,162.9
1,162.9
1,162.9
2,161.9
2,161.4
3,161.4
3,159.9
4,159.9
4,159.9
5,159.9
5,159.9
6,159.9
6,159.9
0,159.9
0,159.9
1,153.9
1,153.9
2,153.9
2,153.9
3,153.9
3,153.9
4,153.9
4,153.9
5,153.9
5,153.9
6,153.9
6,153.9
0,153.9
0,153.9
1,145.9
1,145.9
2,144.9
2,144.9
3,144.9
3,144.9
4,144.9
4,144.9
5,139.9
5,139.9
6,139.9
6,139.9
0,139.9
0,139.9
1,139.9
1,135.9
2,135.9
2,135.9
3,135.9
3,135.9
4,135.9
4,135.9
5,135.9
5,135.9
6,135.9
6,134.9
0,134.9
0,134.9
1,134.9
1,134.9
2,134.9
2,134.9
3,134.9
3,132.9
4,132.9
4,132.7
5,132.7
5,132.7
6,132.7
6,132.7
0,132.7
0,131.9
1,131.9
1,131.4
2,130.4
2,130.4
3,130.4
3,130.4
4,130.4
4,130.4
5,130.4
5,130.4
6,128.9
6,128.9
0,128.9
0,128.9
1,128.9
1,128.9
2,128.9
2,128.9
3,127.9
3,127.9
4,157.9
4,157.9
5,157.9
5,157.9
6,157.9
6,157.9
0,157.9
0,157.9
1,155.9
1,155.9
2,155.9
2,155.9
3,155.9
3,155.9
4,155.9
4,155.9
5,155.9
5,155.9
6,151.9
6,151.9
0,151.9
0,151.9
1,151.9
1,151.9
2,151.9
2,151.9
3,151.9
3,151.9
4,151.9
4,151.9
5,151.9
5,151.9
6,151.9
6,151.9
0,151.9
0,148.9
1,148.9
1,148.9
2,148.9
2,148.9
3,144.9
3,144.9
4,141.9
4,139.5
5,139.5
5,139.5
6,139.5
6,139.5
0,138.9
0,138.4
1,137.9
1,137.4
2,136.9
2,136.4
3,135.9
3,157.9
4,157.9
4,157.9
5,157.9
5,157.9
6,157.9
6,157.9
0,157.4
0,157.4
1,148.9
1,148.9
2,148.9
2,148.9
3,148.9
3,148.9
4,148.9
4,148.9
5,148.9
5,145.9
6,145.9
6,145.9
0,142.9
0,140.4
1,140.4
1,136.9
2,134.5
2,134.5
3,133.5
3,133.5
4,133.5
4,133.5
5,133.5
5,133.5
6,133.5
6,133.5
0,133.5
0,133.5
1,130.5
1,130.5
2,130.5
2,130.5
3,130.5
3,130.5
4,130.5
4,130.5
5,130.5
5,130.5
6,130.5
6,130.5
0,130.5
0,130.5
1,159.9
1,159.9
2,159.9
2,159.9
3,159.9
3,159.9
4,159.9
4,159.9
5,159.9
5,159.9
6,159.9
6,159.4
0,159.4
0,159.4
1,159.4
1,159.4
2,155.9
2,155.9
3,155.9
3,155.9
4,155.9
4,155.9
5,155.9
5,155.9
6,150.9
6,150.9
0,150.9
0,150.9
1,150.9
1,150.9
2,143.9
2,143.9
3,143.9
3,141.9
4,141.9
4,141.9
5,138.2
5,138.2
6,138.2
6,138.2
0,138.2
0,138.2
1,135.9
1,135.9
2,134.7
2,134.7
3,132.7
3,132.7
4,131.7
4,131.7
5,131.7
5,131.7
6,130.7
6,127.9
0,126.9
0,126.4
1,126.4
1,125.80000000000001
2,125.80000000000001
2,125.4
3,124.7
3,124.2
4,124.2
4,123.9
5,123.9
5,123.9
6,123.9
6,123.9
0,123.9
0,123.9
1,123.9
1,122.9
2,122.9
2,149.9
3,149.9
3,149.9
4,149.9
4,149.9
5,149.9
5,149.9
6,149.9
6,149.9
0,149.9
0,149.9
1,149.9
1,149.9
2,149.9
2,146.9
3,143.9
3,143.9
4,143.9
4,143.9
5,143.9
5,143.9
6,143.9
6,143.9
0,143.9
0,143.9
1,143.9
1,143.9
2,139.9
2,139.9
3,136.9
3,136.9
4,133.7
4,133.7
5,133.7
5,132.7
6,132.7
6,132.7
0,132.3
0,132.3
1,131.9
1,131.4
2,131.4
2,130.9
3,130.9
3,130.9
4,130.9
4,130.4
5,130.4
5,128.7
6,128.7
6,128.7
0,128.7
0,128.4
1,128.4
1,127.7
2,127.45
2,127.45
3,127.05000000000001
3,127.05000000000001
4,126.65
4,125.9
5,125.9
5,125.9
6,125.9
6,152.9
0,152.9
0,152.9
1,152.9
1,152.9
2,152.9
2,152.9
3,152.9
3,152.9
4,152.9
4,152.9
5,152.9
5,152.9
6,152.9
6,152.9
0,151.9
0,151.9
1,149.9
1,146.4
2,144.9
2,141.9
3,141.9
3,141.7
4,140.3
4,140.3
5,138.9
5,138.9
6,138.9
6,138.9
0,138.9
0,138.9
1,137.9
1,135.9
2,135.4
2,135.4
3,134.9
3,134.9
4,134.9
4,134.4
5,133.7
5,133.7
6,133.7
6,133.7
0,133.7
0,133.2
1,132.7
1,132.7
2,132.55
2,131.9
3,131.9
3,131.4
4,131.4
4,145.9
5,160.9
5,160.9
6,160.9
6,160.9
0,159.9
0,159.9
1,159.9
1,159.9
2,159.9
2,159.9
3,159.9
3,157.9
4,157.9
4,157.9
5,157.9
5,157.9
6,156.9
6,156.9
0,154.9
0,154.9
1,154.9
1,150.9
2,148.9
2,148.9
3,146.4
3,146.4
4,146.4
4,143.7
5,142.55
5,142.55
6,141.4
6,139.7
0,139.7
0,139.7
1,139.7
1,137.9
2,137.9
2,136.4
3,136.4
3,136.4
4,136.4
4,136.4
5,136.4
5,136.4
6,136.4
6,133.9
0,133.9
0,133.9
1,133.9
1,132.9
2,132.9
2,132.9
3,132.9
3,132.9
4,132.9
4,132.9
5,160.9
5,160.9
6,160.9
6,160.9
0,160.9
0,160.9
1,160.9
1,160.9
2,160.9
2,160.9
3,160.9
3,157.9
4,155.9
4,153.9
5,153.9
5,153.9
6,153.9
6,153.9
0,153.9
0,151.9
1,147.9
1,147.9
2,147.9
2,147.9
3,147.9
3,142.3
4,142.3
4,142.3
5,142.3
5,142.3
6,142.3
6,142.3
0,142.3
0,139.9
1,139.9
1,139.7
2,137.7
2,137.7
3,137.4
3,137.4
4,137.4
4,162.9
5,162.9
5,162.9
6,162.9
6,162.9
0,162.9
0,162.9
1,162.9
1,162.9
2,162.9
2,162.9
3,162.9
3,162.9
4,160.9
4,160.9
5,160.9
5,160.9
6,160.9
6,160.9
0,160.9
0,160.9
1,160.9
1,159.9
2,159.9
2,158.9
3,158.9
3,158.9
4,158.9
4,154.9
5,154.9
5,154.9
6,150.9
6,150.9
0,150.9
0,148.9
1,148.9
1,146.43333333333334
2,146.43333333333334
2,144.7
3,144.7
3,144.7
4,143.45
4,143.45
5,143.45
5,167.9
6,167.9
6,167.9
0,167.9
0,167.9
1,167.9
1,167.9
2,167.9
2,167.9
3,167.9
3,165.9
4,165.9
4,165.9
5,165.9
5,165.9
6,165.9
6,162.9
0,162.9
0,162.9
1,162.9
1,162.9
2,162.9
2,162.9
3,162.9
3,162.9
4,159.9
4,157.8
5,157.8
5,157.8
6,155.2
6,153.64999999999998
0,152.1
0,152.1
1,152.1
1,152.1
2,151.9
2,150.7
3,150.7
3,149.9
4,149.9
4,148.4
5,148.4
5,148.4
6,146.5
6,146.5
0,145.5
0,144.9
1,143.9
1,168.9
2,168.9
2,168.9
3,168.9
3,168.9
4,168.9
4,168.9
5,168.9
5,168.9
6,168.9
6,168.9
0,168.9
0,168.9
1,168.9
1,168.9
2,168.9
2,168.9
3,168.9
3,168.9
4,168.9
4,166.9
5,166.9
5,166.9
6,166.9
6,166.9
0,165.4
0,162.9
1,161.9
1,160.9
2,159.4
2,159.4
3,159.4
3,158.9
4,157.9
4,156.9
5,155.9
5,155.9
6,155.9
6,155.9
0,155.9
0,155.9
1,154.4
1,154.4
2,154.4
2,153.4
3,153.4
3,151.4
4,150.15
4,148.9
5,148.9
5,148.9
6,148.9
6,148.9
0,148.9
0,148.9
1,148.9
1,148.9
2,148.9
2,148.9
3,148.9
3,168.9
4,168.9
4,168.9
5,168.9
5,168.9
6,168.9
6,168.9
0,168.9
0,168.9
1,168.9
1,168.9
2,168.9
2,168.9
3,168.9
3,168.9
4,168.9
4,168.9
5,168.9
5,168.9
6,168.9
6,168.9
0,166.9
0,166.9
1,161.9
1,161.9
2,158.9
2,158.9
3,152.10000000000002
3,152.10000000000002
4,152.10000000000002
4,151.2
5,149.5
5,148.9
6,148.9
6,148.9
0,147.9
0,146.7
1,146.5
1,146.5
2,146.3
2,146.3
3,146.3
3,146.3
4,146.3
4,146.3
5,146.3
5,145.9
6,144.9
6,144.9
0,144.9
0,144.9
1,144.9
1,144.9
2,143.9
2,143.9
3,143.9
3,143.9
4,143.9
4,143.9
5,143.9
5,143.9
6,143.9
6,143.9
0,143.9
0,141.9
1,140.9
1,140.9
2,140.9
2,140.9
3,140.9
3,140.9
4,140.9
4,140.9
5,140.9
5,140.9
6,140.9
6,140.9
0,140.9
0,140.9
1,140.9
1,140.9
2,140.9
2,168.9
3,168.9
3,167.9
4,167.9
4,167.9
5,167.9
5,167.9
6,167.9
6,167.9
0,167.9
0,167.9
1,167.9
1,167.9
2,167.9
2,167.9
3,165.9
3,164.9
4,164.9
4,164.9
5,163.4
5,162.4
6,162.4
6,162.4
0,159.4
0,158.4
1,158.4
1,158.4
2,158.4
2,158.4
3,149.4
3,149.4
4,149.4
4,149.4
5,149.4
5,149.4
6,148.9
6,148.9
0,148.9
0,148.9
1,148.9
1,148.9
2,148.9
2,148.4
3,148.4
3,147.9
4,147.9
4,146.9
5,146.9
5,146.9
6,146.9
6,155.3
0,155.3
0,155.3
1,168.4
1,168.4
2,168.4
2,168.4
3,167.9
3,166.9
4,165.9
4,164.9
5,164.9
5,164.9
6,164.9
6,162.4
0,162.4
0,162.4
1,162.4
1,162.4
2,162.4
2,162.4
3,160.9
3,160.9
4,155.9
4,151.4
5,151.4
5,151.4
6,151.4
6,151.4
0,151.4
0,151.4
1,151.4
1,151.4
2,151.4
2,149.9
3,146.4
3,146.4
4,146.4
4,146.4
5,146.4
5,146.4
6,146.4
6,146.4
0,146.4
0,146.4
1,146.4
1,146.4
2,146.4
2,171.9
3,171.9
3,171.9
4,171.9
4,170.9
5,170.9
5,170.9
6,170.9
6,170.9
0,170.9
0,170.9
1,170.9
1,170.9
2,170.9
2,170.9
3,168.9
3,168.9
4,168.9
4,168.9
5,168.9
5,168.9
6,168.9
6,168.9
0,168.9
0,168.9
1,168.9
1,168.9
2,168.9
2,167.9
3,167.9
3,165.9
4,165.9
4,160.65
5,160.65
5,160.65
6,160.65
6,160.65
0,160.65
0,160.65
1,160.65
1,175.9
2,175.9
2,175.9
3,175.4
3,175.4
4,175.4
4,175.4
5,175.4
5,175.4
6,175.4
6,175.4
