0,123.8
0,123.8
1,122.9
1,122.9
2,119.9
2,119.9
3,119.4
3,119.4
4,118.4
4,118.4
5,118.4
5,118.4
6,118.4
6,118.4
0,118.4
0,116.9
1,111.9
1,111.9
2,109.9
2,109.9
3,109.9
3,109.9
4,109.9
4,109.9
5,109.9
5,109.9
6,109.9
6,109.9
0,109.9
0,109.9
1,109.8
1,109.8
2,108.9
2,108.9
3,145.9
3,145.4
4,143.7
4,143.7
5,143.7
5,143.7
6,143.7
6,143.7
0,142.9
0,142.9
1,141.9
1,141.9
2,139.9
2,139.9
3,137.9
3,134.4
4,132.9
4,132.9
5,132.9
5,132.9
6,131.9
6,131.9
0,129.65
0,127.4
1,125.15
1,125.15
2,125.15
2,125.15
3,120.30000000000001
3,120.30000000000001
4,120.30000000000001
4,120.30000000000001
5,120.30000000000001
5,120.30000000000001
6,120.30000000000001
6,118.9
0,118.9
0,118.30000000000001
1,118.30000000000001
1,118.30000000000001
2,118.30000000000001
2,118.30000000000001
3,147.9
3,147.9
4,145.4
4,145.4
5,145.4
5,144.9
6,144.9
6,142.9
0,142.9
0,140.4
1,136.9
1,133.9
2,133.9
2,133.9
3,132.9
3,131.9
4,131.9
4,131.9
5,129.9
5,129.9
6,129.9
6,128.4
0,127.9
0,126.9
1,126.9
1,125.3
2,124.8
2,124.5
3,123.9
3,123.9
4,141.23333333333335
4,141.23333333333335
5,141.23333333333335
5,141.23333333333335
6,141.23333333333335
6,141.23333333333335
0,147.9
0,147.9
1,147.9
1,145.9
2,143.9
2,139.9
3,139.9
3,139.9
4,139.9
4,139.9
5,139.9
5,139.9
6,139.9
6,139.9
0,139.9
0,139.9
1,139.9
1,139.9
2,139.9
2,139.9
3,139.9
3,139.9
4,139.9
4,139.9
5,139.9
5,139.9
6,139.9
6,139.9
0,139.9
0,139.9
1,139.9
1,139.9
2,139.9
2,139.9
3,139.9
3,139.9
4,139.9
4,139.9
5,139.9
5,139.9
6,139.9
6,139.9
0,139.9
0,139.9
1,139.9
1,139.9
2,139.9
2,139.9
3,139.9
3,139.9
4,139.9
4,139.9
5,139.9
5,139.9
6,139.9
6,139.9
0,139.9
0,139.9
1,139.9
1,139.9
2,139.9
2,139.9
3,139.9
3,139.9
4,139.9
4,139.9
5,139.9
5,139.9
6,139.9
6,139.9
0,139.9
0,139.9
1,139.9
1,139.9
2,139.9
2,139.9
3,139.9
3,139.9
4,139.9
4,139.9
5,139.9
5,139.9
6,139.9
6,139.9
0,139.9
0,139.9
1,139.9
1,139.9
2,139.9
2,139.9
3,139.9
3,139.9
4,139.9
4,139.9
5,139.9
5,139.9
6,139.9
6,139.9
0,139.9
0,139.9
1,139.9
1,139.9
2,139.9
2,139.9
3,139.9
3,139.9
4,139.9
4,139.9
5,139.9
5,139.9
6,139.9
6,139.9
0,139.9
0,139.9
1,139.9
1,139.9
2,139.9
2,139.9
3,139.9
3,139.9
4,139.9
4,139.9
5,139.9
5,139.9
6,139.9
6,139.9
0,139.9
0,139.9
1,139.9
1,139.9
2,139.9
2,139.9
3,120.4
3,120.4
4,120.4
4,120.4
5,120.4
5,122.65
6,151.9
6,151.9
0,151.9
0,151.9
1,151.9
1,149.9
2,149.9
2,149.9
3,149.9
3,149.9
4,149.9
4,147.9
5,147.9
5,147.9
6,147.9
6,147.9
0,146.5
0,146.5
1,146.5
1,146.5
2,146.5
2,143.9
3,139.9
3,139.9
4,139.9
4,139.9
5,139.9
5,139.9
6,139.9
6,139.9
0,139.9
0,137.9
1,137.9
1,137.9
2,137.9
2,137.9
3,137.9
3,137.9
4,137.9
4,137.9
5,137.9
5,137.9
6,137.9
6,137.9
0,135.9
0,135.5
1,135.5
1,134.9
2,134.9
2,134.9
3,134.9
3,134.9
4,134.9
4,134.9
5,134.9
5,134.9
6,134.9
6,134.9
0,134.9
0,134.9
1,134.9
1,134.9
2,134.9
2,134.9
3,134.9
3,162.9
4,162.9
4,162.9
5,162.9
5,162.9
6,162.9
6,160.9
0,158.9
0,158.9
1,158.9
1,154.9
2,152.9
2,149.9
3,149.9
3,149.9
4,147.9
4,147.9
5,147.9
5,147.9
6,147.9
6,147.9
0,147.9
0,147.9
1,145.9
1,145.9
2,144.9
2,144.9
3,143.9
3,143.9
4,143.9
4,143.9
5,143.9
5,143.9
6,143.9
6,143.9
0,143.9
0,139.9
1,139.9
1,137.9
2,137.9
2,137.9
3,137.9
3,137.9
4,137.9
4,137.9
5,137.9
5,137.9
6,137.9
6,137.3
0,137.3
0,136.55
1,135.9
1,134.5
2,134.5
2,134.5
3,134.5
3,134.5
4,134.5
4,133.4
5,133.4
5,132.9
6,132.9
6,132.9
0,132.9
0,132.4
1,132.4
1,132.4
2,132.4
2,132.4
3,132.4
3,132.4
4,132.4
4,132.4
5,132.4
5,132.4
6,131.9
6,131.9
0,131.9
0,131.5
1,130.9
1,130.9
2,130.9
2,130.9
3,130.9
3,130.9
4,130.9
4,161.4
5,161.4
5,161.4
6,161.4
6,161.4
0,161.4
0,161.4
1,161.4
1,161.4
2,161.4
2,158.7
3,157.4
3,157.4
4,157.4
4,155.9
5,155.9
5,155.9
6,155.9
6,155.9
0,155.15
0,155.15
1,153.65
1,151.9
2,150.65
2,148.85000000000002
3,148.85000000000002
3,144.9
4,144.9
4,144.9
5,142.9
5,142.9
6,142.9
6,141.9
0,141.9
0,141.9
1,139.9
1,139.9
2,137.9
2,137.9
3,137.9
3,137.9
4,135.9
4,135.9
5,135.7
5,135.7
6,135.7
6,135.7
0,134.9
0,134.9
1,134.9
1,133.9
2,133.7
2,133.4
3,132.9
3,132.9
4,132.9
4,132.9
5,132.9
5,132.9
6,132.9
6,132.9
0,131.9
0,131.9
1,131.9
1,130.5
2,130.5
2,130.5
3,129.9
3,129.9
4,129.9
4,128.9
5,128.9
5,127.9
6,127.9
6,127.9
0,127.9
0,127.9
1,127.9
1,127.9
2,127.9
2,127.9
3,127.9
3,127.9
4,127.9
4,127.9
5,127.9
5,127.9
6,127.9
6,127.9
0,127.9
0,127.05000000000001
1,127.05000000000001
1,127.05000000000001
2,125.9
2,125.9
3,125.9
3,125.9
4,125.9
4,125.9
5,125.9
5,157.9
6,157.9
6,157.9
0,155.9
0,155.9
1,154.9
1,151.4
2,151.4
2,151.4
3,151.4
3,151.4
4,151.4
4,151.4
5,151.4
5,151.4
6,151.4
6,151.4
0,146.4
0,146.4
1,146.4
1,144.7
2,142.9
2,142.9
3,140.9
3,139.9
4,139.9
4,139.9
5,139.9
5,139.9
6,139.9
6,139.9
0,136.9
0,135.7
1,135.7
1,135.7
2,135.7
2,135.7
3,135.7
3,134.9
4,134.9
4,134.9
5,134.9
5,134.9
6,133.9
6,133.9
0,133.4
0,132.4
1,132.4
1,132.4
2,132.4
2,132.4
3,132.4
3,132.4
4,131.4
4,131.4
5,130.9
5,130.9
6,130.9
6,157.9
0,157.4
0,157.4
1,157.4
1,155.9
2,155.9
2,155.9
3,153.9
3,153.9
4,150.9
4,150.9
5,147.9
5,145.9
6,145.9
6,145.9
0,141.9
0,137.4
1,136.15
1,136.15
2,136.15
2,136.15
3,134.4
3,134.4
4,134.4
4,132.9
5,132.9
5,132.9
6,132.9
6,132.9
0,132.5
0,132.5
1,131.9
1,131.9
2,131.9
2,131.9
3,131.9
3,130.9
4,130.9
4,130.9
5,130.9
5,130.9
6,130.9
6,130.9
0,130.9
0,130.9
1,130.9
1,130.9
2,130.9
2,159.9
3,159.4
3,159.4
4,159.4
4,157.9
5,157.9
5,157.9
6,157.9
6,157.9
0,154.9
0,154.9
1,154.9
1,152.4
2,149.9
2,147.9
3,147.9
3,146.4
4,146.4
4,145.4
5,145.4
5,144.9
6,144.9
6,143.4
0,143.4
0,142.4
1,139.9
1,139.4
2,139.4
2,137.9
3,137.9
3,135.0666666666667
4,133.15
4,132.4
5,132.4
5,132.4
6,131.9
6,130.9
0,130.9
0,130.15
1,129.5
1,128.4
2,128.4
2,127.4
3,127.4
3,126.9
4,126.9
4,126.35
5,125.9
5,125.4
6,125.4
6,125.4
0,124.9
0,124.55
1,124.55
1,124.55
2,124.55
2,123.9
3,121.9
3,120.7
4,120.7
4,120.5
5,120.5
5,120.5
6,120.5
6,120.5
0,119.9
0,119.9
1,119.9
1,119.9
2,119.7
2,119.7
3,119.7
3,119.7
4,119.7
4,149.9
5,147.9
5,147.9
6,147.9
6,147.9
0,147.9
0,147.9
1,145.9
1,145.9
2,145.2
2,144.5
3,139.9
3,139.9
4,139.9
4,139.9
5,139.9
5,139.9
6,139.9
6,139.9
0,131.9
0,131.9
1,129.2
1,127.9
2,127.9
2,127.9
3,126.7
3,125.9
4,125.9
4,125.9
5,125.9
5,125.9
6,125.9
6,125.9
0,125.9
0,124.7
1,124.7
1,124.7
2,124.30000000000001
2,124.30000000000001
3,123.9
3,122.9
4,122.9
4,122.7
5,122.7
5,122.7
6,122.7
6,122.7
0,122.7
0,122.7
1,122.7
1,122.2
2,121.9
2,121.9
3,121.9
3,121.9
4,121.9
4,121.9
5,121.9
5,121.9
6,121.9
6,121.9
0,121.9
0,121.9
1,121.9
1,152.9
2,151.4
2,151.4
3,148.23333333333335
3,148.23333333333335
4,146.9
4,145.9
5,145.9
5,142.9
6,142.9
6,140.9
0,140.2
0,140.2
1,139.2
1,137.9
2,137.9
2,136.9
3,136.9
3,135.9
4,135.4
4,133.9
5,133.9
5,132.9
6,132.9
6,132.9
0,132.4
0,130.9
1,130.9
1,129.4
2,128.9
2,128.9
3,128.9
3,128.9
4,128.9
4,128.9
5,128.9
5,128.9
6,128.9
6,128.9
0,128.9
0,127.4
1,128.9
1,127.9
2,127.9
2,127.9
3,127.80000000000001
3,126.9
4,126.80000000000001
4,126.80000000000001
5,126.7
5,126.7
6,126.7
6,126.7
0,126.7
0,160.9
1,159.4
1,155.9
2,155.9
2,155.9
3,155.9
3,153.9
4,153.4
4,151.9
5,151.9
5,151.9
6,151.9
6,149.9
0,149.9
0,146.9
1,144.4
1,142.9
2,142.9
2,141.9
3,141.4
3,139.9
4,139.4
4,138.3
5,137.9
5,136.5
6,135.4
6,134.3
0,133.9
0,132.9
1,132.9
1,132.9
2,131.9
2,131.9
3,131.9
3,131.9
4,130.9
4,129.5
5,129.5
5,129.5
6,129.5
6,129.5
0,129.5
0,129.5
1,129.5
1,127.9
2,127.9
2,127.9
3,127.9
3,127.9
4,127.9
4,160.9
5,160.9
5,160.9
6,160.9
6,160.9
0,158.9
0,156.9
1,156.9
1,156.9
2,156.9
2,155.9
3,155.9
3,153.9
4,153.9
4,153.9
5,153.9
5,153.9
6,153.9
6,143.9
0,138.9
0,138.9
1,137.9
1,136.9
2,136.9
2,136.9
3,136.9
3,135.9
4,135.9
4,134.9
5,134.9
5,133.4
6,133.4
6,131.9
0,131.9
0,131.9
1,131.9
1,131.9
2,131.9
2,131.9
3,131.9
3,131.5
4,131.5
4,146.9
5,146.9
5,146.9
6,146.9
6,157.9
0,157.9
0,157.9
1,157.9
1,155.9
2,155.9
2,155.9
3,155.9
3,155.9
4,155.9
4,155.9
5,155.9
5,155.9
6,155.9
6,155.9
0,155.9
0,155.9
1,155.9
1,155.9
2,155.9
2,151.9
3,151.9
3,146.7
4,144.9
4,143.9
5,142.9
5,141.4333333333333
6,141.4333333333333
6,140.3
0,140.3
0,138.9
1,138.9
1,137.9
2,137.9
2,137.9
3,137.5
3,137.5
4,137.5
4,137.5
5,137.5
5,137.5
6,137.5
6,167.9
0,167.9
0,165.7
1,165.7
1,165.7
2,164.2
2,162.9
3,159.9
3,159.9
4,159.9
4,159.9
5,159.9
5,159.9
6,159.9
6,159.9
0,158.7
0,158.7
1,158.7
1,156.3
2,152.9
2,152.9
3,149.9
3,148.9
4,148.9
4,148.9
5,148.9
5,148.9
6,147.7
6,146.9
0,146.9
0,145.53333333333333
1,145.53333333333333
1,142.9
2,142.9
2,142.9
3,142.9
3,142.9
4,142.9
4,140.4
5,140.4
5,140.4
6,140.4
6,139.6
0,139.6
0,139.6
1,138.5
1,138.4
2,138.4
2,138.4
3,138.4
3,168.9
4,153.65
4,153.65
5,153.65
5,153.65
6,153.65
6,153.65
0,166.7
0,166.7
1,166.7
1,165.9
2,165.2
2,165.2
3,160.7
3,160.7
4,160.7
4,160.7
5,157.9
5,155.9
6,153.9
6,152.4
0,152.4
0,150.9
1,150.9
1,149.9
2,149.9
2,148.9
3,148.5
3,147.9
4,146.9
4,145.9
5,145.9
5,143.9
6,143.9
6,141.4
0,141.4
0,141.4
1,138.9
1,138.9
2,138.9
2,138.9
3,138.9
3,138.9
4,138.9
4,138.9
5,138.9
5,138.9
6,138.9
6,138.9
0,138.9
0,138.9
1,138.9
1,138.9
2,138.9
2,138.9
3,138.9
3,138.9
4,138.9
4,168.9
5,168.9
5,168.9
6,168.9
6,166.9
0,164.7
0,164.7
1,164.7
1,164.7
2,164.7
2,162.7
3,160.9
3,160.9
4,157.9
4,156.9
5,156.9
5,156.9
6,156.9
6,156.9
0,150.9
0,150.9
1,150.9
1,148.9
2,148.9
2,147.9
3,146.9
3,146.9
4,146.9
4,145.9
5,145.9
5,145.9
6,144.9
6,144.9
0,143.4
0,143.4
1,143.4
1,143.4
2,143.4
2,143.4
3,140.9
3,140.9
4,140.9
4,140.9
5,140.9
5,140.9
6,140.9
6,140.9
0,140.9
0,140.9
1,140.9
1,140.9
2,140.9
2,140.9
3,140.9
3,140.9
4,140.9
4,140.9
5,140.9
5,140.9
6,140.9
6,140.9
0,140.9
0,140.9
1,140.9
1,140.9
2,140.9
2,140.7
3,140.7
3,140.7
4,140.7
4,140.7
5,140.7
5,140.7
6,140.7
6,140.7
0,139.7
0,139.7
1,139.7
1,139.7
2,139.7
2,154.3
3,168.9
3,168.9
4,168.9
4,166.9
5,166.9
5,166.9
6,166.9
6,166.9
0,166.9
0,166.9
1,166.9
1,166.9
2,162.7
2,158.9
3,155.70000000000002
3,155.70000000000002
4,154.3
4,153.7
5,152.3
5,151.5
6,151.10000000000002
6,150.7
0,149.76666666666665
0,146.9
1,145.9
1,144.7
2,144.7
2,143.15
3,142.3
3,141.4
4,140.7
4,140.5
5,140.5
5,140.5
6,140.5
6,140.10000000000002
0,138.9
0,138.7
1,138.5
1,138.3
2,137.9
2,137.9
3,137.7
3,137.7
4,137.5
4,137.3
5,137.3
5,137.3
6,137.3
6,136.9
0,136.9
0,168.9
1,166.9
1,160.9
2,160.9
2,160.9
3,160.9
3,159.9
4,155.9
4,151.9
5,148.9
5,148.9
6,148.7
6,148.1
0,146.9
0,146.2
1,144.9
1,143.9
2,143.9
2,142.4
3,140.9
3,139.9
4,139.9
4,138.9
5,138.9
5,140.9
6,137.9
6,137.9
0,137.9
0,144.9
1,140.9
1,140.9
2,140.9
2,140.9
3,140.9
3,140.9
4,140.9
4,140.9
5,140.9
5,140.9
6,140.9
6,140.9
0,140.9
0,140.9
1,140.9
1,140.9
2,140.9
2,140.9
3,140.9
3,140.9
4,140.9
4,171.9
5,171.9
5,171.9
6,171.9
6,170.9
0,170.9
0,169.9
1,167.9
1,167.9
2,164.5
2,162.9
3,160.9
3,158.4
4,156.7
4,158.9
5,158.9
5,158.9
6,150.9
6,150.9
0,150.9
0,150.9
1,150.9
1,150.9
2,150.9
2,150.9
3,150.9
3,150.9
4,150.9
4,150.9
5,150.9
5,148.9
6,148.9
6,148.9
0,147.9
0,147.9
1,147.9
1,147.9
2,147.9
2,147.9
3,175.9
3,175.9
4,175.9
4,175.9
5,173.9
5,171.9
6,171.9
6,171.9
