0,0
0,0
1,0
1,0
2,0
2,0
3,0
3,0
4,135.8
4,135.8
5,135.8
5,135.8
6,135.8
6,135.8
0,135.9
0,135.9
1,135.9
1,135.9
2,135.9
2,135.9
3,135.9
3,135.9
4,135.9
4,135.9
5,135.9
5,135.9
6,135.9
6,135.9
0,135.9
0,135.9
1,135.9
1,135.9
2,135.9
2,135.9
3,135.9
3,135.9
4,135.85000000000002
4,135.85000000000002
5,135.85000000000002
5,135.85000000000002
6,135.85000000000002
6,135.85000000000002
0,135.85000000000002
0,135.85000000000002
1,135.85000000000002
1,135.85000000000002
2,135.85000000000002
2,135.85000000000002
3,135.85000000000002
3,135.85000000000002
4,134.9
4,134.9
5,134.9
5,134.9
6,134.9
6,134.9
0,134.9
0,134.9
1,134.9
1,134.9
2,134.9
2,134.9
3,134.9
3,134.9
4,134.9
4,134.9
5,134.9
5,134.9
6,134.9
6,134.9
0,134.9
0,134.9
1,134.9
1,134.9
2,134.9
2,134.9
3,134.9
3,134.9
4,134.9
4,134.9
5,133.3
5,133.3
6,133.3
6,133.3
0,133.3
0,133.3
1,133.3
1,133.3
2,133.3
2,133.3
3,133.3
3,133.3
4,133.3
4,131.9
5,131.9
5,131.9
6,131.9
6,131.9
0,131.9
0,131.9
1,131.9
1,131.9
2,130.9
2,130.9
3,129.9
3,129.9
4,129.7
4,129.7
5,129.7
5,129.7
6,129.7
6,129.7
0,129.7
0,129.7
1,129.7
1,129.7
2,128.9
2,128.9
3,128.9
3,128.9
4,128.9
4,128.9
5,128.9
5,128.9
6,128.9
6,128.9
0,128.9
0,128.9
1,128.9
1,128.9
2,128.9
2,128.9
3,128.9
3,128.9
4,128.9
4,128.9
5,128.9
5,128.9
6,128.9
6,128.9
0,128.9
0,128.9
1,128.9
1,128.9
2,128.9
2,128.9
3,128.9
3,128.9
4,128.9
4,128.9
5,128.9
5,128.9
6,128.9
6,128.9
0,128.9
0,128.9
1,128.9
1,128.9
2,128.9
2,128.9
3,128.9
3,128.9
4,128.9
4,128.9
5,128.9
5,128.9
6,128.9
6,128.9
0,128.9
0,128.9
1,128.9
1,128.9
2,128.9
2,128.9
3,128.9
3,128.9
4,128.9
4,128.9
5,128.9
5,128.9
6,128.9
6,128.9
0,128.9
0,128.9
1,128.9
1,128.9
2,128.9
2,128.9
3,128.9
3,128.9
4,128.9
4,128.9
5,128.9
5,128.9
6,128.9
6,128.9
0,128.9
0,128.9
1,128.9
1,128.9
2,128.9
2,128.9
3,128.9
3,128.9
4,128.9
4,128.9
5,128.9
5,128.9
6,128.9
6,128.9
0,128.9
0,128.9
1,128.9
1,128.9
2,128.9
2,128.9
3,128.9
3,128.9
4,128.9
4,128.9
5,128.9
5,128.9
6,128.9
6,128.9
0,128.9
0,128.9
1,128.9
1,128.9
2,128.9
2,128.9
3,128.9
3,128.9
4,128.9
4,128.9
5,128.9
5,128.9
6,128.9
6,128.9
0,128.9
0,128.9
1,128.9
1,128.9
2,128.9
2,128.9
3,153.1
3,153.1
4,153.1
4,153.1
5,153.1
5,153.1
6,153.1
6,153.1
0,153.1
0,152.9
1,152.9
1,152.9
2,152.9
2,152.9
3,152.9
3,152.8
4,152.8
4,152.8
5,152.8
5,152.8
6,152.8
6,152.8
0,152.8
0,152.8
1,152.8
1,152.8
2,152.8
2,152.8
3,152.8
3,152.8
4,152.8
4,152.8
5,151.9
5,151.9
6,150.9
6,150.9
0,149.9
0,149.9
1,149.9
1,149.9
2,149.9
2,149.9
3,149.9
3,149.9
4,149.9
4,149.5
5,149.5
5,149.5
6,149.5
6,149.5
0,149.5
0,149.5
1,149.5
1,149.5
2,149.5
2,149.5
3,149.5
3,149.5
4,149.5
4,149.3
5,149.3
5,149.3
6,149.3
6,149.2
0,148.9
0,148.9
1,148.7
1,148.7
2,148.6
2,148.4
3,148.4
3,148.4
4,148.4
4,148.05
5,148.05
5,148.05
6,148.05
6,148.05
0,148.05
0,148.05
1,164.9
1,164.9
2,164.9
2,164.9
3,157.9
3,157.9
4,157.9
4,157.9
5,157.9
5,157.9
6,157.9
6,157.9
0,157.9
0,157.9
1,157.9
1,157.9
2,157.9
2,157.9
3,157.9
3,157.9
4,157.9
4,157.9
5,157.5
5,157.5
6,157.5
6,157.5
0,157.5
0,157.5
1,157.5
1,157.5
2,157.5
2,157.5
3,157.5
3,157.5
4,157.3
4,157.3
5,157.3
5,157.3
6,157.3
6,157.3
0,157.3
0,157.3
1,156.9
1,156.9
2,156.9
2,156.9
3,156.9
3,156.9
4,156.9
4,156.9
5,156.9
5,156.9
6,156.9
6,156.9
0,156.9
0,156.9
1,156.9
1,156.5
2,156.5
2,156.5
3,156.5
3,156.5
4,156.5
4,156.3
5,155.9
5,155.9
6,155.9
6,155.9
0,155.7
0,155.4
1,155.4
1,155.4
2,155.4
2,155.4
3,155.4
3,155.4
4,155.4
4,154.9
5,154.9
5,154.9
6,154.9
6,154.9
0,154.9
0,154.7
1,154.7
1,154.7
2,154.7
2,154.5
3,154.5
3,153.9
4,153.7
4,153.7
5,153.7
5,153.7
6,153.7
6,153.7
0,153.7
0,153.5
1,153.3
1,153.3
2,153.3
2,153.3
3,153.3
3,153.3
4,153.3
4,152.9
5,152.9
5,152.9
6,152.9
6,152.5
0,152.5
0,151.9
1,151.9
1,151.5
2,151.5
2,149.9
3,147.7
3,147.7
4,147.7
4,147.7
5,146.9
5,146.9
6,146.9
6,146.9
0,146.9
0,146.9
1,146.9
1,145.9
2,145.9
2,145.9
3,143.9
3,143.9
4,141.9
4,141.9
5,141.9
5,141.9
6,141.9
6,141.9
0,139.4
0,139.4
1,138.9
1,139.15
2,137.9
2,137.9
3,137.9
3,137.9
4,137.9
4,137.9
5,137.9
5,137.9
6,137.9
6,137.9
0,137.9
0,137.9
1,135.9
1,135.9
2,135.9
2,135.9
3,135.9
3,135.9
4,135.9
4,135.9
5,135.9
5,135.9
6,135.9
6,131.9
0,131.9
0,131.9
1,131.9
1,131.9
2,131.9
2,131.9
3,131.9
3,131.9
4,131.9
4,131.9
5,131.9
5,131.9
6,131.9
6,131.9
0,131.9
0,131.9
1,131.9
1,131.9
2,131.9
2,131.9
3,131.9
3,131.9
4,131.9
4,131.9
5,131.9
5,131.9
6,131.9
6,131.9
0,131.9
0,131.9
1,131.9
1,131.9
2,131.9
2,131.9
3,131.9
3,131.9
4,131.9
4,131.9
5,131.9
5,131.9
6,131.9
6,131.9
0,131.9
0,149.9
1,149.9
1,149.9
2,149.9
2,149.9
3,149.9
3,149.9
4,144.9
4,143.9
5,143.9
5,143.9
6,143.9
6,143.9
0,143.9
0,143.9
1,143.9
1,143.9
2,143.9
2,143.9
3,143.9
3,143.9
4,143.9
4,143.9
5,143.9
5,143.9
6,143.9
6,143.9
0,143.9
0,143.9
1,143.9
1,143.9
2,143.8
2,143.8
3,143.9
3,143.9
4,142.9
4,142.9
5,142.9
5,142.9
6,142.9
6,142.9
0,142.9
0,142.9
1,142.9
1,142.9
2,142.9
2,142.9
3,142.9
3,142.9
4,142.9
4,142.9
5,142.9
5,142.9
6,142.9
6,142.9
0,142.9
0,142.9
1,142.9
1,142.9
2,142.9
2,142.9
3,142.9
3,142.9
4,142.9
4,142.9
5,142.9
5,142.9
6,142.9
6,142.9
0,142.9
0,142.9
1,142.9
1,142.9
2,142.9
2,142.9
3,142.9
3,142.9
4,142.9
4,142.9
5,142.9
5,142.9
6,142.9
6,142.9
0,142.9
0,142.9
1,142.9
1,142.9
2,142.9
2,142.9
3,142.9
3,142.9
4,142.9
4,142.9
5,142.9
5,142.9
6,142.9
6,142.9
0,142.9
0,142.9
1,142.9
1,142.9
2,142.9
2,142.9
3,142.9
3,142.9
4,142.8
4,142.8
5,142.8
5,142.8
6,142.8
6,142.8
0,142.8
0,142.8
1,142.8
1,142.8
2,142.8
2,142.8
3,142.6
3,142.6
4,142.6
4,142.6
5,142.6
5,142.6
6,142.6
6,142.6
0,142.6
0,142.6
1,142.6
1,142.6
2,142.6
2,142.6
3,142.6
3,142.6
4,142.6
4,142.5
5,142.5
5,142.5
6,142.5
6,142.5
0,142.5
0,142.5
1,142.5
1,142.5
2,142.2
2,142.2
3,142.2
3,142.2
4,142.2
4,142.2
5,142.2
5,142.2
6,142.2
6,142.2
0,142.2
0,142.2
1,142.2
1,142.2
2,142.2
2,142.2
3,142.2
3,142.2
4,142.2
4,142.2
5,142.2
5,142.2
6,142.2
6,142.2
0,142.2
0,142.2
1,142.2
1,142.2
2,141.2
2,141.2
3,141.2
3,141.2
4,141.2
4,141.2
5,141.2
5,141.2
6,141.2
6,141.2
0,141.2
0,141.2
1,141.2
1,141.2
2,141.2
2,141.2
3,141.2
3,141.2
4,141.14999999999998
4,141.14999999999998
5,141.1
5,141.1
6,141.1
6,141.1
0,141.1
0,141.0
1,141.0
1,141.0
2,141.0
2,141.0
3,141.0
3,141.0
4,141.0
4,141.0
5,141.0
5,141.0
6,141.0
6,141.0
0,141.0
0,141.0
1,141.0
1,140.85000000000002
2,140.8
2,140.8
3,140.8
3,140.8
4,140.8
4,140.8
5,140.8
5,140.8
6,140.8
6,140.8
0,140.8
0,140.8
1,140.8
1,140.8
2,140.8
2,140.8
3,140.8
3,140.8
4,140.8
4,140.8
5,140.8
5,140.8
6,140.8
6,140.8
0,140.8
0,140.8
1,140.8
1,140.8
2,139.35000000000002
2,139.35000000000002
3,137.85000000000002
3,137.85000000000002
4,137.85000000000002
4,137.85000000000002
5,137.85000000000002
5,137.85000000000002
6,137.85000000000002
6,137.85000000000002
0,137.85000000000002
0,137.8
1,137.8
1,137.8
2,137.8
2,137.8
3,137.8
3,137.8
4,137.75
4,137.75
5,137.7
5,137.7
6,137.7
6,137.6
0,137.6
0,137.6
1,137.6
1,149.9
2,149.9
2,149.9
3,149.9
3,149.9
4,149.9
4,149.9
5,149.9
5,149.9
6,149.9
6,149.9
0,149.9
0,149.9
1,138.9
1,138.9
2,138.9
2,137.9
3,137.9
3,137.9
4,137.85000000000002
4,137.85000000000002
5,137.8
5,137.8
6,137.8
6,137.8
0,137.8
0,137.8
1,137.8
1,137.8
2,137.8
2,147.9
3,147.9
3,147.9
4,147.9
4,138.5
5,137.9
5,137.9
6,137.9
6,136.9
0,136.9
0,135.9
1,135.9
1,135.9
2,135.9
2,135.9
3,135.9
3,135.9
4,135.9
4,135.9
5,135.9
5,135.9
6,135.9
6,135.9
0,135.9
0,135.9
1,135.9
1,135.9
2,135.9
2,135.9
3,135.9
3,135.9
4,135.9
4,135.9
5,135.9
5,135.9
6,135.9
6,135.9
0,135.9
0,135.9
1,135.9
1,135.9
2,135.9
2,135.9
3,135.9
3,135.9
4,135.8
4,135.8
5,135.8
5,135.8
6,135.8
6,135.8
0,135.8
0,135.8
1,135.8
1,135.8
2,135.8
2,135.8
3,135.8
3,135.7
4,135.7
4,135.8
5,135.8
5,135.8
6,162.9
6,162.9
0,162.9
0,162.9
1,157.9
1,157.9
2,157.9
2,157.9
3,157.9
3,157.9
4,157.9
4,157.9
5,157.9
5,157.9
6,157.9
6,157.9
0,157.9
0,157.9
1,157.9
1,156.9
2,156.9
2,156.9
3,156.9
3,156.9
4,156.9
4,156.9
5,156.9
5,156.9
6,156.9
6,156.9
0,156.9
0,156.9
1,156.9
1,156.9
2,156.9
2,156.9
3,156.9
3,156.9
4,156.9
4,156.9
5,156.9
5,156.9
6,156.9
6,156.9
0,156.9
0,156.9
1,156.8
1,156.8
2,156.8
2,156.8
3,156.8
3,156.8
4,156.9
4,156.9
5,156.8
5,156.8
6,156.8
6,156.8
0,156.8
0,156.8
1,156.8
1,156.8
2,156.8
2,156.8
3,156.8
3,156.8
4,156.8
4,156.8
5,156.8
5,156.8
6,156.8
6,156.8
0,156.8
0,156.9
1,156.9
1,156.9
2,156.9
2,156.9
3,156.8
3,156.8
4,156.8
4,155.9
5,155.9
5,155.9
6,155.9
6,155.9
0,155.9
0,155.9
1,155.9
1,155.9
2,155.9
2,155.9
3,155.9
3,167.9
4,167.9
4,167.9
5,167.9
5,167.9
6,167.9
6,167.9
0,167.9
0,167.9
1,167.9
1,167.9
2,167.9
2,167.9
3,167.9
3,165.9
4,165.9
4,165.9
5,165.9
5,165.9
6,165.9
6,165.9
0,165.9
0,164.9
1,164.9
1,163.9
2,163.9
2,164.9
3,164.9
3,163.9
4,163.9
4,163.9
5,163.9
5,163.9
6,163.9
6,163.9
0,163.9
0,163.9
1,163.9
1,163.9
2,163.9
2,163.9
3,163.8
3,163.8
4,163.8
4,163.8
5,163.8
5,163.8
6,163.8
6,163.8
0,163.8
0,163.8
1,163.8
1,163.8
2,163.8
2,163.8
3,163.8
3,163.8
4,163.8
4,163.8
5,163.8
5,163.8
6,163.8
6,163.8
0,163.8
0,163.9
1,163.9
1,163.9
2,163.9
2,163.9
3,163.9
3,163.7
4,163.7
4,163.7
5,163.7
5,163.7
6,163.7
6,163.7
0,163.7
0,163.7
1,163.7
1,162.9
2,162.9
2,162.9
3,161.85000000000002
3,161.85000000000002
4,161.85000000000002
4,161.85000000000002
5,161.85000000000002
5,161.85000000000002
6,161.85000000000002
6,161.85000000000002
0,161.85000000000002
0,161.85000000000002
1,161.85000000000002
1,161.85000000000002
2,161.85000000000002
2,161.85000000000002
3,161.85000000000002
3,161.85000000000002
4,161.85000000000002
4,161.85000000000002
5,161.85000000000002
5,161.85000000000002
6,161.85000000000002
6,161.85000000000002
0,161.85000000000002
0,160.8
1,160.9
1,160.9
2,159.9
2,159.9
3,159.9
3,159.9
4,159.9
4,157.7
5,157.7
5,157.7
6,157.7
6,157.7
0,157.7
0,157.7
1,157.7
1,157.7
2,157.7
2,157.7
3,157.7
3,156.9
4,156.9
4,156.9
5,156.9
5,156.9
6,156.9
6,156.9
0,156.8
0,156.8
1,156.5
1,156.5
2,156.5
2,156.5
3,156.5
3,160.9
4,160.9
4,160.9
5,160.9
5,160.9
6,160.9
6,160.9
0,156.5
0,156.5
1,156.5
1,156.5
2,156.5
2,156.5
3,156.5
3,156.5
4,156.5
4,154.1
5,152.3
5,152.3
6,152.3
6,152.3
0,151.9
0,151.9
1,151.9
1,151.9
2,151.9
2,151.9
3,151.9
3,151.9
4,151.3
4,151.3
5,151.3
5,151.3
6,151.3
6,151.3
0,151.3
0,151.3
1,151.3
1,151.3
2,151.3
2,151.3
3,151.3
3,151.3
4,151.3
4,151.3
5,151.3
5,151.3
6,151.3
6,151.3
0,151.3
0,151.3
1,151.3
1,151.3
2,151.3
2,151.3
3,151.3
3,151.3
4,151.3
4,151.2
5,151.2
5,151.2
6,151.2
6,151.2
0,151.2
0,151.2
1,151.2
1,151.2
2,151.2
2,151.2
3,151.2
3,151.2
4,151.2
4,151.2
5,151.2
5,151.2
6,151.2
6,151.2
0,151.2
0,151.2
1,151.2
1,151.2
2,151.2
2,151.2
3,151.2
3,151.2
4,151.2
4,151.2
5,151.2
5,151.2
6,151.2
6,151.2
0,151.2
0,151.2
1,151.2
1,151.2
2,151.2
2,151.2
3,151.2
3,160.9
4,160.9
4,160.9
5,160.9
5,160.9
6,160.9
6,160.9
0,160.9
0,158.9
1,170.9
1,170.9
2,170.9
2,170.9
3,170.9
3,170.9
4,170.9
4,170.9
5,170.9
5,170.9
6,170.9
6,170.9
0,170.9
0,170.9
1,170.9
1,170.9
2,170.9
2,170.9
3,170.9
3,170.9
4,170.9
4,170.9
5,170.9
5,170.9
6,170.9
6,170.9
0,170.9
0,170.9
1,170.9
1,170.9
2,170.9
2,170.9
3,170.9
3,170.9
4,170.9
4,170.9
5,170.9
5,170.9
6,170.9
6,170.9
