0,0
0,136.9
1,136.9
1,136.9
2,136.9
2,136.9
3,135.9
3,134.9
4,134.9
4,133.9
5,133.9
5,133.9
6,133.9
6,133.9
0,133.9
0,133.9
1,133.9
1,133.9
2,133.9
2,133.9
3,133.9
3,133.9
4,133.9
4,133.9
5,133.9
5,133.9
6,133.9
6,133.9
0,133.9
0,133.9
1,133.9
1,133.9
2,133.9
2,133.9
3,133.9
3,133.9
4,133.9
4,133.9
5,133.9
5,133.9
6,133.9
6,133.9
0,133.9
0,133.9
1,133.9
1,133.9
2,133.9
2,133.9
3,133.9
3,133.9
4,133.9
4,133.9
5,133.9
5,133.9
6,133.8
6,133.9
0,133.9
0,133.9
1,133.9
1,133.9
2,133.9
2,133.9
3,133.9
3,133.9
4,133.9
4,133.9
5,133.9
5,133.5
6,133.5
6,133.5
0,133.5
0,133.5
1,133.5
1,133.5
2,133.5
2,133.5
3,133.5
3,133.5
4,133.5
4,133.5
5,133.5
5,133.5
6,133.5
6,133.5
0,133.5
0,133.5
1,133.5
1,133.5
2,133.5
2,133.5
3,133.5
3,132.7
4,132.7
4,132.7
5,132.7
5,132.7
6,132.7
6,132.7
0,132.7
0,132.7
1,132.7
1,132.7
2,132.7
2,132.7
3,132.6
3,132.6
4,132.6
4,132.6
5,132.6
5,132.6
6,132.6
6,132.6
0,132.6
0,132.7
1,132.7
1,132.7
2,132.5
2,132.5
3,132.5
3,132.5
4,132.5
4,132.5
5,132.5
5,132.5
6,132.5
6,132.5
0,132.5
0,132.5
1,132.5
1,132.5
2,132.5
2,132.5
3,132.5
3,132.5
4,132.5
4,132.5
5,132.5
5,132.5
6,132.5
6,132.5
0,132.5
0,132.5
1,132.5
1,132.5
2,132.5
2,132.5
3,132.5
3,132.5
4,132.5
4,132.5
5,132.5
5,132.5
6,132.5
6,132.5
0,132.5
0,132.5
1,132.5
1,132.5
2,132.5
2,132.5
3,132.5
3,132.5
4,132.5
4,132.5
5,132.5
5,132.5
6,132.5
6,132.5
0,132.5
0,132.5
1,132.5
1,132.5
2,132.5
2,132.5
3,132.5
3,132.5
4,132.5
4,132.5
5,132.5
5,132.5
6,132.5
6,132.5
0,132.5
0,132.5
1,132.5
1,132.5
2,132.5
2,132.5
3,132.5
3,132.5
4,132.5
4,132.5
5,132.5
5,132.5
6,132.5
6,132.5
0,132.5
0,132.5
1,132.5
1,132.5
2,132.5
2,132.5
3,132.5
3,132.5
4,132.5
4,132.5
5,132.5
5,132.5
6,132.5
6,132.5
0,132.5
0,132.5
1,132.5
1,132.5
2,132.5
2,132.5
3,132.5
3,132.5
4,132.5
4,132.5
5,132.5
5,132.5
6,132.5
6,132.5
0,132.5
0,132.5
1,132.5
1,132.5
2,132.5
2,132.5
3,132.5
3,132.5
4,132.5
4,132.5
5,132.5
5,132.5
6,132.5
6,132.5
0,132.5
0,132.5
1,132.5
1,132.5
2,132.5
2,132.5
3,132.5
3,132.5
4,132.5
4,132.5
5,132.5
5,132.5
6,132.5
6,132.5
0,132.5
0,132.5
1,132.5
1,132.5
2,132.5
2,132.5
3,132.5
3,132.5
4,132.5
4,132.5
5,132.5
5,132.5
6,132.5
6,132.5
0,132.5
0,132.5
1,132.5
1,132.5
2,132.5
2,132.5
3,132.5
3,132.5
4,147.9
4,147.9
5,147.9
5,147.9
6,147.9
6,147.9
0,147.9
0,147.9
1,147.9
1,147.9
2,147.9
2,139.9
3,139.9
3,139.9
4,139.9
4,139.9
5,139.9
5,139.9
6,139.9
6,139.9
0,139.9
0,139.9
1,139.9
1,139.9
2,139.9
2,139.9
3,139.9
3,139.9
4,139.9
4,139.9
5,139.9
5,139.9
6,139.9
6,139.9
0,140.7
0,140.7
1,140.7
1,140.7
2,140.7
2,140.7
3,140.7
3,140.7
4,140.7
4,140.7
5,140.7
5,140.7
6,140.7
6,140.7
0,140.7
0,140.7
1,164.9
1,164.9
2,164.9
2,164.9
3,164.9
3,164.9
4,164.9
4,164.9
5,164.9
5,164.9
6,164.9
6,164.9
0,164.9
0,164.9
1,164.9
1,164.9
2,164.9
2,164.9
3,161.9
3,161.9
4,161.9
4,161.9
5,161.9
5,161.9
6,161.9
6,161.9
0,161.9
0,161.9
1,161.9
1,161.9
2,161.9
2,161.9
3,161.9
3,161.9
4,161.9
4,161.9
5,161.9
5,161.9
6,161.9
6,161.9
0,161.9
0,161.9
1,160.9
1,160.9
2,160.9
2,160.9
3,160.9
3,160.7
4,160.6
4,160.6
5,160.7
5,160.7
6,160.7
6,160.7
0,160.7
0,160.7
1,160.7
1,160.7
2,160.7
2,160.7
3,160.7
3,160.7
4,160.7
4,160.7
5,160.7
5,160.7
6,160.7
6,160.7
0,160.7
0,160.7
1,159.9
1,159.9
2,159.9
2,159.9
3,159.9
3,159.9
4,159.7
4,159.7
5,159.7
5,159.7
6,159.7
6,159.7
0,159.7
0,159.7
1,159.7
1,159.7
2,159.7
2,159.7
3,159.7
3,159.7
4,159.7
4,159.7
5,159.7
5,159.7
6,159.7
6,159.7
0,159.7
0,159.7
1,159.7
1,159.7
2,159.7
2,159.7
3,159.7
3,159.7
4,159.7
4,159.7
5,159.7
5,159.7
6,159.7
6,159.7
0,159.7
0,159.7
1,159.7
1,159.7
2,159.7
2,159.7
3,159.7
3,159.7
4,159.7
4,159.7
5,159.7
5,159.7
6,159.7
6,159.7
0,159.7
0,159.7
1,159.7
1,159.7
2,159.7
2,159.7
3,159.7
3,159.7
4,159.7
4,157.7
5,157.7
5,157.7
6,157.7
6,157.7
0,157.7
0,157.7
1,157.7
1,157.7
2,157.7
2,157.7
3,157.7
3,151.9
4,151.9
4,151.9
5,151.9
5,151.9
6,151.9
6,151.9
0,151.9
0,151.9
1,151.9
1,151.9
2,151.9
2,151.9
3,151.9
3,151.9
4,151.9
4,151.9
5,151.9
5,151.9
6,151.9
6,151.9
0,151.9
0,151.9
1,151.9
1,151.9
2,151.9
2,151.9
3,151.9
3,151.9
4,151.9
4,151.9
5,151.9
5,151.9
6,151.9
6,151.9
0,151.9
0,151.9
1,151.9
1,151.9
2,151.9
2,151.9
3,151.9
3,151.9
4,151.9
4,151.9
5,151.9
5,151.9
6,151.9
6,151.9
0,151.9
0,151.9
1,151.9
1,151.9
2,151.9
2,151.9
3,151.9
3,151.9
4,151.9
4,151.9
5,151.9
5,151.9
6,151.9
6,151.9
0,151.9
0,151.9
1,151.9
1,151.9
2,151.9
2,151.9
3,151.9
3,151.9
4,151.9
4,149.9
5,149.9
5,149.9
6,149.9
6,149.9
0,149.9
0,149.9
1,149.9
1,149.9
2,149.9
2,149.9
3,149.9
3,149.9
4,149.9
4,149.9
5,149.9
5,149.9
6,149.9
6,149.9
0,149.9
0,149.9
1,149.9
1,149.9
2,149.9
2,149.9
3,149.9
3,149.9
4,149.9
4,149.9
5,149.9
5,149.9
6,149.9
6,149.9
0,149.9
0,149.9
1,149.9
1,149.9
2,149.9
2,147.9
3,147.9
3,147.9
4,147.9
4,147.9
5,147.9
5,147.9
6,147.9
6,147.9
0,147.9
0,147.9
1,147.9
1,147.9
2,147.9
2,147.9
3,147.9
3,147.9
4,147.9
4,147.9
5,147.9
5,147.7
6,147.7
6,147.7
0,147.7
0,147.7
1,147.7
1,147.7
2,147.7
2,147.7
3,147.7
3,147.7
4,147.7
4,147.7
5,147.7
5,147.7
6,147.7
6,147.7
0,147.7
0,147.7
1,147.7
1,147.7
2,147.7
2,147.7
3,147.7
3,147.7
4,147.7
4,147.7
5,147.7
5,147.7
6,147.7
6,147.7
0,147.7
0,147.7
1,147.7
1,147.7
2,143.7
2,143.7
3,143.7
3,143.7
4,143.7
4,143.7
5,143.7
5,143.7
6,143.7
6,143.7
0,143.7
0,143.7
1,143.7
1,143.7
2,143.7
2,143.7
3,143.7
3,143.7
4,143.7
4,143.7
5,143.7
5,143.7
6,142.9
6,142.9
0,142.9
0,142.64999999999998
1,142.64999999999998
1,141.9
2,141.7
2,141.7
3,141.7
3,141.7
4,141.7
4,141.7
5,141.7
5,141.7
6,141.7
6,141.7
0,141.7
0,141.7
1,141.7
1,141.7
2,141.7
2,141.7
3,141.7
3,141.7
4,141.7
4,141.7
5,141.7
5,141.7
6,141.7
6,141.7
0,141.7
0,141.7
1,141.7
1,141.7
2,141.7
2,141.7
3,141.7
3,141.7
4,141.7
4,141.7
5,141.7
5,141.7
6,141.7
6,141.7
0,141.7
0,141.7
1,141.7
1,139.7
2,139.7
2,139.7
3,139.7
3,139.7
4,139.7
4,139.7
5,139.7
5,139.7
6,139.7
6,139.7
0,139.7
0,139.7
1,139.7
1,139.7
2,139.7
2,139.7
3,139.7
3,139.7
4,139.7
4,139.7
5,139.7
5,139.7
6,139.7
6,139.7
0,139.7
0,139.7
1,139.7
1,139.7
2,139.7
2,139.7
3,139.7
3,139.7
4,139.7
4,139.7
5,139.7
5,139.7
6,139.7
6,139.7
0,139.7
0,139.7
1,139.7
1,139.7
2,139.7
2,139.7
3,139.7
3,139.7
4,139.7
4,139.7
5,139.7
5,139.7
6,139.7
6,139.7
0,139.7
0,139.7
1,139.7
1,139.7
2,139.7
2,139.7
3,139.7
3,139.7
4,139.7
4,139.7
5,139.7
5,139.7
6,139.7
6,139.7
0,139.7
0,139.7
1,139.7
1,139.7
2,139.7
2,139.7
3,139.7
3,139.7
4,139.7
4,139.7
5,139.7
5,139.7
6,139.7
6,139.5
0,139.5
0,139.5
1,139.5
1,139.5
2,139.5
2,139.5
3,139.5
3,139.5
4,139.5
4,139.5
5,139.5
5,139.5
6,139.5
6,139.5
0,139.5
0,139.5
1,139.5
1,149.9
2,149.9
2,149.9
3,149.9
3,148.9
4,148.9
4,148.9
5,148.9
5,148.9
6,148.9
6,148.9
0,148.9
0,148.9
1,148.9
1,148.9
2,148.9
2,148.9
3,148.9
3,148.9
4,148.9
4,148.9
5,148.9
5,148.9
6,148.9
6,148.9
0,148.9
0,148.9
1,148.9
1,148.9
2,148.9
2,148.9
3,148.9
3,148.9
4,148.9
4,148.9
5,148.9
5,148.9
6,148.9
6,148.9
0,148.9
0,148.9
1,148.9
1,148.9
2,148.9
2,148.9
3,148.9
3,148.9
4,148.9
4,148.9
5,148.9
5,148.9
6,148.9
6,148.9
0,148.9
0,148.9
1,148.9
1,148.9
2,148.9
2,148.9
3,148.9
3,148.9
4,148.9
4,148.9
5,148.9
5,148.7
6,148.7
6,148.7
0,148.7
0,148.7
1,148.7
1,148.7
2,148.7
2,148.7
3,148.7
3,148.7
4,148.7
4,148.7
5,148.7
5,148.7
6,148.7
6,148.7
0,148.7
0,148.7
1,148.7
1,148.7
2,148.7
2,148.7
3,148.7
3,148.7
4,148.7
4,148.7
5,148.7
5,148.7
6,148.7
6,148.7
0,148.7
0,148.7
1,148.7
1,148.7
2,148.7
2,157.9
3,157.9
3,157.9
4,157.9
4,157.9
5,157.9
5,157.9
6,157.9
6,157.9
0,157.9
0,157.9
1,157.9
1,155.9
2,155.9
2,155.9
3,155.9
3,155.9
4,155.9
4,155.9
5,155.9
5,155.9
6,155.9
6,155.9
0,155.9
0,155.9
1,155.9
1,155.9
2,155.9
2,155.9
3,155.9
3,155.9
4,155.9
4,155.9
5,155.9
5,155.9
6,155.9
6,155.9
0,155.9
0,155.9
1,155.9
1,155.9
2,155.9
2,155.9
3,155.9
3,155.9
4,155.9
4,155.9
5,155.9
5,155.9
6,155.9
6,155.9
0,155.9
0,155.9
1,155.9
1,155.9
2,155.9
2,155.9
3,155.9
3,155.9
4,155.9
4,155.9
5,155.9
5,155.9
6,155.9
6,155.9
0,155.9
0,155.9
1,155.9
1,155.9
2,155.9
2,155.9
3,155.9
3,155.9
4,155.9
4,155.9
5,155.9
5,155.9
6,155.9
6,155.9
0,155.9
0,155.9
1,155.9
1,155.9
2,155.9
2,155.9
3,155.9
3,155.9
4,155.9
4,155.9
5,155.9
5,155.9
6,155.9
6,155.9
0,155.9
0,155.9
1,155.9
1,155.9
2,155.9
2,155.9
3,155.9
3,155.9
4,155.9
4,155.9
5,155.9
5,155.9
6,155.9
6,155.9
0,155.9
0,155.9
1,155.9
1,155.9
2,155.9
2,155.9
3,155.9
3,155.9
4,155.9
4,156.9
5,156.9
5,156.9
6,156.9
6,156.9
0,156.9
0,156.9
1,156.9
1,156.9
2,156.9
2,156.9
3,156.9
3,156.9
4,156.9
4,156.9
5,156.9
5,156.9
6,156.9
6,156.9
0,156.9
0,156.9
1,156.9
1,156.9
2,156.9
2,156.9
3,156.9
3,156.9
4,156.9
4,156.9
5,156.9
5,156.9
6,156.9
6,156.9
0,156.9
0,156.9
1,156.9
1,156.9
2,156.9
2,156.9
3,156.9
3,156.9
4,156.9
4,156.9
5,156.9
5,156.9
6,156.9
6,156.9
0,156.9
0,156.9
1,156.9
1,156.9
2,156.9
2,156.9
3,156.9
3,156.9
4,156.9
4,156.9
5,156.9
5,156.9
6,156.9
6,156.9
0,156.9
0,156.9
1,156.9
1,156.9
2,156.9
2,156.9
3,156.9
3,156.9
4,156.9
4,156.9
5,156.9
5,156.9
6,156.9
6,156.9
0,156.9
0,156.9
1,156.9
1,156.9
2,156.9
2,156.9
3,156.9
3,156.9
4,156.9
4,156.9
5,156.9
5,156.9
6,156.9
6,156.9
0,156.9
0,156.9
1,156.9
1,156.9
2,156.9
2,156.9
3,156.9
3,156.9
4,156.9
4,156.9
5,156.9
5,156.9
6,156.9
6,156.9
0,156.9
0,156.9
1,156.9
1,156.9
2,156.9
2,156.9
3,156.9
3,160.9
4,160.9
4,160.9
5,160.9
5,160.9
6,160.9
6,160.9
0,156.9
0,156.9
1,156.9
1,156.9
2,156.9
2,156.9
3,156.9
3,156.9
4,156.9
4,156.9
5,156.9
5,156.9
6,156.9
6,156.9
0,156.9
0,154.7
1,154.7
1,154.7
2,154.7
2,154.7
3,154.7
3,154.7
4,154.7
4,154.7
5,154.7
5,154.7
6,154.7
6,154.7
0,154.7
0,154.7
1,154.7
1,154.7
2,154.7
2,154.7
3,154.7
3,154.7
4,154.7
4,154.7
5,154.7
5,154.7
6,154.7
6,154.7
0,154.7
0,154.7
1,154.7
1,154.7
2,154.7
2,160.9
3,160.9
3,160.9
4,160.9
4,158.9
5,158.9
5,158.9
6,158.9
6,158.9
0,158.9
0,158.9
1,158.9
1,158.9
2,158.9
2,158.9
3,158.9
3,158.9
4,158.9
4,158.9
5,158.9
5,158.9
6,158.9
6,158.9
0,158.9
0,158.9
1,158.9
1,158.9
2,158.9
2,158.9
3,158.9
3,156.9
4,156.9
4,156.9
5,156.9
5,156.9
6,156.9
6,156.9
0,156.9
0,156.9
1,156.9
1,158.9
2,158.9
2,158.9
3,158.9
3,160.9
4,160.9
4,160.9
5,160.9
5,160.9
6,160.9
6,160.9
0,160.9
0,160.9
1,160.9
1,160.9
2,160.9
2,168.9
3,168.9
3,168.9
4,168.9
4,168.9
5,168.9
5,162.9
6,162.9
6,162.9
0,162.9
0,162.9
1,162.9
1,162.9
2,162.9
2,162.9
3,162.9
3,162.9
4,162.9
4,162.9
5,162.9
5,162.9
6,162.9
6,162.9
0,162.9
0,162.9
1,162.9
1,162.9
2,162.9
2,162.9
3,162.9
3,162.9
4,162.9
4,162.9
5,162.9
5,162.9
6,162.9
6,162.9
