0,124.89999999999999
0,124.89999999999999
1,122.9
1,122.9
2,122.9
2,121.9
3,119.7
3,119.7
4,119.7
4,118.4
5,118.4
5,118.4
6,116.9
6,116.9
0,116.9
0,116.9
1,116.9
1,113.9
2,113.9
2,113.9
3,110.9
3,110.9
4,110.9
4,110.9
5,110.9
5,110.9
6,110.9
6,110.9
0,110.9
0,110.9
1,110.9
1,110.9
2,110.9
2,110.9
3,145.9
3,145.4
4,144.9
4,144.9
5,144.9
5,144.5
6,144.5
6,143.9
0,142.4
0,142.4
1,137.9
1,136.9
2,136.9
2,136.9
3,135.9
3,134.3
4,134.3
4,134.3
5,134.3
5,131.9
6,131.9
6,130.9
0,129.9
0,128.9
1,127.46666666666665
1,123.9
2,123.9
2,123.9
3,121.9
3,121.9
4,121.6
4,121.6
5,121.6
5,121.6
6,121.6
6,119.9
0,119.9
0,119.9
1,119.9
1,118.9
2,118.9
2,118.9
3,147.9
3,145.9
4,145.4
4,145.4
5,144.9
5,143.9
6,143.9
6,141.9
0,140.9
0,138.9
1,138.9
1,137.9
2,137.9
2,137.9
3,135.4
3,135.4
4,135.4
4,135.4
5,135.4
5,133.4
6,133.4
6,132.4
0,132.4
0,128.9
1,126.9
1,126.5
2,125.4
2,124.3
3,123.8
3,123.8
4,136.1
4,149.4
5,147.9
5,147.9
6,147.9
6,147.9
0,147.9
0,147.9
1,147.9
1,147.9
2,147.9
2,147.9
3,147.9
3,143.9
4,143.9
4,139.9
5,139.9
5,139.9
6,139.9
6,139.9
0,139.9
0,139.9
1,139.9
1,139.9
2,139.9
2,139.9
3,139.9
3,139.9
4,139.9
4,139.9
5,139.9
5,139.9
6,139.9
6,139.9
0,139.9
0,139.9
1,139.9
1,139.9
2,139.9
2,139.9
3,139.9
3,139.9
4,139.9
4,139.9
5,139.9
5,139.9
6,139.9
6,139.9
0,139.9
0,139.9
1,139.9
1,139.9
2,139.9
2,139.9
3,139.9
3,139.9
4,139.9
4,139.9
5,139.9
5,139.9
6,139.9
6,139.9
0,139.9
0,139.9
1,139.9
1,139.9
2,139.9
2,139.9
3,139.9
3,139.9
4,139.9
4,139.9
5,139.9
5,139.9
6,139.9
6,139.9
0,139.9
0,139.9
1,139.9
1,139.9
2,139.9
2,139.9
3,139.9
3,139.9
4,139.9
4,139.9
5,139.9
5,139.9
6,139.9
6,139.9
0,139.9
0,139.9
1,139.9
1,139.9
2,139.9
2,139.9
3,139.9
3,139.9
4,139.9
4,139.9
5,139.9
5,139.9
6,139.9
6,139.9
0,139.9
0,139.9
1,139.9
1,139.9
2,139.9
2,139.9
3,139.9
3,139.9
4,139.9
4,139.9
5,139.9
5,139.9
6,139.9
6,139.9
0,139.9
0,139.9
1,139.9
1,139.9
2,139.9
2,139.9
3,139.9
3,139.9
4,139.9
4,139.9
5,139.9
5,139.9
6,139.9
6,139.9
0,139.9
0,139.9
1,139.9
1,139.9
2,139.9
2,139.9
3,139.9
3,139.9
4,139.9
4,139.9
5,124.9
5,151.9
6,151.9
6,151.9
0,151.9
0,151.9
1,151.9
1,151.9
2,151.9
2,151.9
3,151.9
3,149.9
4,149.9
4,149.9
5,149.9
5,149.9
6,149.9
6,149.9
0,147.9
0,147.9
1,147.9
1,147.9
2,147.9
2,147.9
3,147.9
3,147.9
4,147.9
4,147.9
5,147.9
5,147.9
6,147.9
6,147.9
0,147.9
0,147.9
1,143.9
1,143.9
2,141.9
2,141.9
3,139.9
3,139.9
4,139.9
4,139.9
5,139.9
5,139.9
6,137.9
6,137.9
0,136.9
0,136.9
1,136.9
1,136.9
2,136.9
2,136.9
3,136.9
3,136.9
4,136.9
4,136.9
5,136.9
5,136.9
6,136.9
6,136.9
0,136.9
0,136.9
1,136.9
1,136.9
2,136.9
2,136.9
3,136.9
3,162.9
4,160.9
4,160.9
5,160.9
5,160.9
6,160.9
6,160.9
0,160.9
0,160.9
1,158.9
1,157.9
2,154.9
2,154.9
3,154.9
3,151.5666666666667
4,151.5666666666667
4,151.5666666666667
5,151.5666666666667
5,151.5666666666667
6,151.5666666666667
6,151.5666666666667
0,148.9
0,148.9
1,148.9
1,148.9
2,148.9
2,147.9
3,147.3
3,145.4
4,143.9
4,143.9
5,143.9
5,143.9
6,143.9
6,143.9
0,139.9
0,139.9
1,139.9
1,137.9
2,136.9
2,135.9
3,135.9
3,135.9
4,135.9
4,135.9
5,135.9
5,135.9
6,135.9
6,135.9
0,135.9
0,134.9
1,134.9
1,133.4
2,133.4
2,133.4
3,133.4
3,133.4
4,133.4
4,132.4
5,132.4
5,132.4
6,132.4
6,132.4
0,132.4
0,132.4
1,131.9
1,131.9
2,131.9
2,131.9
3,131.9
3,131.9
4,130.9
4,130.9
5,130.9
5,130.9
6,130.9
6,130.9
0,130.5
0,130.5
1,129.9
1,129.9
2,129.9
2,129.9
3,129.9
3,162.9
4,162.9
4,162.9
5,162.9
5,162.9
6,159.9
6,161.4
0,161.4
0,161.4
1,161.4
1,161.4
2,156.9
2,156.9
3,154.9
3,153.9
4,149.9
4,149.9
5,149.9
5,149.9
6,149.9
6,149.9
0,147.9
0,147.23333333333332
1,147.23333333333332
1,147.23333333333332
2,147.23333333333332
2,147.23333333333332
3,147.23333333333332
3,144.9
4,144.9
4,144.9
5,144.9
5,144.9
6,144.9
6,144.9
0,142.9
0,142.9
1,142.9
1,139.9
2,139.9
2,138.4
3,135.9
3,135.9
4,135.9
4,135.9
5,135.9
5,135.9
6,135.9
6,135.9
0,135.9
0,135.9
1,134.9
1,134.9
2,134.9
2,134.9
3,134.9
3,133.9
4,132.9
4,132.9
5,132.9
5,132.9
6,132.9
6,132.9
0,132.9
0,130.9
1,130.9
1,130.9
2,130.9
2,130.9
3,129.9
3,129.9
4,129.9
4,129.5
5,129.5
5,129.5
6,129.5
6,128.9
0,127.9
0,127.9
1,127.9
1,127.9
2,127.9
2,127.9
3,127.9
3,127.9
4,127.9
4,127.9
5,127.9
5,127.9
6,127.9
6,127.9
0,127.9
0,126.9
1,126.9
1,126.9
2,126.9
2,125.7
3,125.7
3,125.7
4,125.7
4,125.7
5,125.7
5,157.9
6,157.9
6,157.4
0,156.9
0,154.9
1,154.9
1,154.9
2,153.9
2,153.9
3,151.8
3,150.4
4,150.4
4,150.4
5,150.4
5,150.4
6,148.9
6,148.9
0,148.9
0,148.9
1,147.9
1,146.4
2,146.4
2,146.4
3,146.4
3,143.8
4,143.8
4,141.7
5,140.9
5,139.9
6,139.9
6,139.9
0,139.9
0,139.9
1,139.9
1,137.9
2,136.9
2,136.9
3,135.9
3,133.9
4,132.9
4,132.7
5,132.7
5,132.7
6,132.7
6,132.7
0,132.4
0,131.9
1,131.9
1,131.9
2,131.9
2,131.9
3,131.9
3,144.4
4,144.4
4,129.9
5,143.4
5,143.4
6,143.4
6,143.4
0,157.4
0,157.4
1,157.4
1,157.4
2,155.9
2,155.9
3,153.4
3,153.4
4,153.4
4,149.4
5,149.4
5,147.9
6,146.9
6,145.9
0,144.7
0,142.86666666666667
1,138.9
1,138.9
2,138.9
2,135.9
3,132.9
3,130.9
4,130.9
4,130.9
5,130.9
5,130.9
6,130.9
6,130.9
0,130.9
0,130.9
1,130.9
1,130.9
2,130.9
2,129.9
3,129.7
3,129.7
4,129.7
4,129.7
5,129.7
5,129.7
6,129.7
6,159.9
0,129.15
0,129.15
1,128.7
1,128.7
2,159.9
2,159.9
3,159.4
3,159.4
4,159.4
4,157.9
5,157.9
5,157.9
6,157.9
6,157.9
0,155.7
0,153.9
1,153.9
1,153.4
2,153.4
2,152.9
3,149.9
3,149.15
4,147.9
4,147.4
5,147.4
5,146.9
6,146.9
6,146.9
0,146.9
0,146.4
1,145.9
1,144.9
2,143.15
2,143.15
3,139.4
3,138.15
4,138.15
4,135.65
5,135.65
5,135.65
6,133.85000000000002
6,132.7
0,132.5
0,131.9
1,131.0
1,129.9
2,129.9
2,129.15
3,126.9
3,126.45
4,125.9
4,125.4
5,125.4
5,124.9
6,124.9
6,124.9
0,124.9
0,124.5
1,123.9
1,122.7
2,122.7
2,121.9
3,121.9
3,121.5
4,121.5
4,121.5
5,121.5
5,121.5
6,121.5
6,121.5
0,121.5
0,121.5
1,121.5
1,121.5
2,149.9
2,149.9
3,149.9
3,149.4
4,149.4
4,148.9
5,148.9
5,148.9
6,148.9
6,148.9
0,148.9
0,147.9
1,147.9
1,147.9
2,145.9
2,145.9
3,145.9
3,143.9
4,143.9
4,143.9
5,143.9
5,143.9
6,141.9
6,141.9
0,139.9
0,139.9
1,138.9
1,137.4
2,133.9
2,132.9
3,132.9
3,132.9
4,132.9
4,132.9
5,131.9
5,131.9
6,130.9
6,130.9
0,129.9
0,129.9
1,129.3
1,125.9
2,125.4
2,125.4
3,124.9
3,124.7
4,124.7
4,123.9
5,123.9
5,123.9
6,123.80000000000001
6,123.80000000000001
0,123.7
0,123.7
1,123.7
1,123.7
2,123.7
2,123.7
3,123.7
3,123.7
4,123.6
4,123.6
5,123.5
5,123.5
6,123.5
6,123.5
0,123.2
0,123.2
1,122.9
1,152.9
2,152.9
2,152.9
3,152.65
3,151.9
4,151.9
4,149.4
5,147.73333333333335
5,145.9
6,145.9
6,145.9
0,144.5666666666667
0,144.5666666666667
1,142.9
1,142.9
2,142.9
2,142.9
3,142.9
3,142.9
4,140.9
4,137.9
5,137.9
5,134.4
6,133.9
6,133.9
0,133.9
0,132.9
1,131.5
1,131.5
2,130.7
2,130.7
3,130.3
3,130.3
4,130.3
4,130.3
5,128.4
5,128.4
6,128.4
6,128.4
0,128.4
0,127.4
1,127.4
1,125.9
2,125.9
2,125.9
3,125.9
3,125.9
4,125.9
4,125.9
5,125.9
5,125.9
6,125.9
6,160.9
0,160.4
0,160.4
1,159.9
1,159.9
2,158.9
2,155.9
3,155.8
3,155.8
4,155.3
4,155.3
5,154.4
5,154.4
6,153.4
6,149.9
0,149.9
0,149.9
1,149.9
1,145.9
2,144.9
2,144.9
3,143.4
3,141.9
4,141.9
4,140.3
5,139.7
5,136.5
6,134.9
6,134.9
0,134.4
0,134.4
1,132.9
1,132.5
2,132.5
2,132.5
3,132.5
3,131.9
4,131.9
4,130.9
5,130.9
5,129.9
6,129.9
6,129.9
0,129.9
0,129.9
1,129.9
1,128.7
2,128.7
2,128.7
3,128.7
3,128.7
4,128.7
4,160.9
5,160.9
5,160.9
6,160.9
6,160.9
0,160.9
0,160.9
1,160.9
1,158.9
2,157.9
2,157.9
3,156.9
3,156.7
4,155.9
4,153.9
5,149.9
5,149.9
6,147.9
6,147.7
0,145.4
0,145.4
1,141.9
1,140.9
2,139.9
2,138.16666666666666
3,138.16666666666666
3,136.4
4,134.9
4,133.9
5,132.9
5,132.9
6,132.9
6,132.9
0,132.9
0,130.9
1,130.9
1,130.9
2,130.9
2,162.9
3,162.9
3,162.9
4,162.9
4,162.9
5,162.9
5,162.9
6,162.9
6,162.9
0,162.9
0,162.9
1,162.9
1,162.9
2,162.9
2,159.9
3,159.9
3,159.4
4,159.4
4,159.4
5,159.4
5,159.4
6,159.4
6,159.4
0,157.4
0,155.9
1,155.9
1,155.9
2,155.9
2,155.9
3,153.9
3,153.9
4,153.9
4,153.9
5,153.9
5,153.9
6,153.9
6,153.9
0,153.9
0,153.9
1,153.4
1,153.4
2,149.4
2,149.4
3,149.4
3,144.9
4,160.0666666666667
4,160.0666666666667
5,160.0666666666667
5,160.0666666666667
6,160.0666666666667
6,160.0666666666667
0,160.0666666666667
0,160.0666666666667
1,160.0666666666667
1,160.0666666666667
2,160.0666666666667
2,160.0666666666667
3,160.0666666666667
3,160.0666666666667
4,160.0666666666667
4,132.95
5,132.95
5,132.95
6,132.95
6,132.95
0,132.95
0,132.95
1,132.95
1,132.95
2,159.5
2,159.5
3,157.9
3,155.9
4,155.9
4,153.9
5,153.9
5,153.9
6,153.9
6,147.9
0,145.76666666666665
0,145.76666666666665
1,145.76666666666665
1,143.4
2,143.4
2,143.4
3,142.7
3,142.7
4,142.7
4,142.7
5,139.9
5,139.9
6,139.9
6,139.9
0,139.9
0,139.9
1,139.7
1,138.7
2,138.7
2,138.7
3,138.7
3,168.9
4,148.33333333333334
4,148.33333333333334
5,148.33333333333334
5,148.33333333333334
6,148.33333333333334
6,148.33333333333334
0,148.33333333333334
0,166.9
1,166.9
1,166.9
2,166.9
2,166.9
3,166.9
3,164.9
4,164.9
4,162.7
5,162.7
5,162.7
6,161.7
6,161.7
0,161.7
0,157.7
1,157.2
1,157.2
2,153.9
2,150.9
3,149.9
3,149.9
4,149.3
4,148.29999999999998
5,148.29999999999998
5,146.05
6,145.7
6,145.7
0,145.7
0,145.7
1,145.7
1,145.7
2,145.7
2,145.7
3,145.7
3,145.7
4,145.7
4,145.7
5,143.7
5,143.7
6,143.7
6,143.7
0,143.7
0,143.7
1,143.7
1,142.9
2,142.5
2,142.5
3,142.5
3,142.5
4,138.9
4,168.9
5,168.7
5,168.9
6,168.7
6,168.7
0,168.7
0,167.9
1,167.9
1,166.9
2,166.9
2,164.9
3,164.9
3,164.9
4,164.9
4,163.1
5,163.1
5,160.9
6,157.9
6,157.9
0,155.9
0,155.9
1,154.8
1,154.8
2,151.9
2,151.9
3,148.76666666666665
3,148.76666666666665
4,147.7
4,147.7
5,147.7
5,147.7
6,147.7
6,147.7
0,145.2
0,145.2
1,143.2
1,143.2
2,143.2
2,143.2
3,143.2
3,143.2
4,143.2
4,141.7
5,140.9
5,140.9
6,140.9
6,140.9
0,140.9
0,140.9
1,140.9
1,140.9
2,140.9
2,140.9
3,140.9
3,140.9
4,140.9
4,140.9
5,140.9
5,140.9
6,140.9
6,140.9
0,140.9
0,140.9
1,140.9
1,140.9
2,140.9
2,140.9
3,140.9
3,140.9
4,140.9
4,140.9
5,140.9
5,140.9
6,140.9
6,140.9
0,140.9
0,140.9
1,140.9
1,140.9
2,140.9
2,168.9
3,140.9
3,168.9
4,168.9
4,167.4
5,167.4
5,167.4
6,167.4
6,167.4
0,167.4
0,167.4
1,167.4
1,167.4
2,167.4
2,162.9
3,156.9
3,156.9
4,156.9
4,152.9
5,151.4
5,151.4
6,151.4
6,148.9
0,147.83333333333334
0,147.83333333333334
1,147.83333333333334
1,144.4
2,144.4
2,144.4
3,144.4
3,140.9
4,140.9
4,140.9
5,140.9
5,140.9
6,140.9
6,140.9
0,140.9
0,139.9
1,139.9
1,139.9
2,139.9
2,139.9
3,139.9
3,139.9
4,139.9
4,139.9
5,139.9
5,139.9
6,139.9
6,139.9
0,138.9
0,168.9
1,168.9
1,168.9
2,168.9
2,166.9
3,166.9
3,160.9
4,160.9
4,160.9
5,160.9
5,156.9
6,156.9
6,156.9
0,156.9
0,156.9
1,152.9
1,148.9
2,148.9
2,148.9
3,148.9
3,147.9
4,145.7
4,145.5
5,145.5
5,144.4
6,144.4
6,144.4
0,142.9
0,142.9
1,142.9
1,142.9
2,142.9
2,142.9
3,142.9
3,142.9
4,142.9
4,142.9
5,142.2
5,142.2
6,142.2
6,142.2
0,142.2
0,142.2
1,142.2
1,142.2
2,142.2
2,142.2
3,142.2
3,140.9
4,171.9
4,171.9
5,170.9
5,170.9
6,170.9
6,170.9
0,170.9
0,170.9
1,166.9
1,166.9
2,166.9
2,166.9
3,166.9
3,166.9
4,166.9
4,159.8
5,159.8
5,159.8
6,159.8
6,159.8
0,155.9
0,155.9
1,155.9
1,155.9
2,153.9
2,151.9
3,151.9
3,151.9
4,151.9
4,151.9
5,151.9
5,149.9
6,149.9
6,149.9
0,149.9
0,149.9
1,149.9
1,175.9
2,175.9
2,175.9
3,175.9
3,175.9
4,175.9
4,175.9
5,173.9
5,175.9
6,175.9
6,173.9
