0,126.9
0,126.9
1,124.9
1,124.9
2,122.9
2,122.9
3,120.9
3,120.9
4,118.9
4,118.9
5,118.1
5,118.1
6,118.1
6,118.1
0,118.1
0,118.1
1,117.30000000000001
1,117.30000000000001
2,116.5
2,116.5
3,115.9
3,115.9
4,115.9
4,115.9
5,115.9
5,115.9
6,115.9
6,115.9
0,115.9
0,115.9
1,114.4
1,114.4
2,145.9
2,112.9
3,145.4
3,144.9
4,144.9
4,144.9
5,143.9
5,143.9
6,143.9
6,143.9
0,143.5
0,143.5
1,140.4333333333333
1,140.4333333333333
2,139.4
2,138.9
3,137.5
3,135.4
4,135.4
4,135.4
5,135.4
5,134.9
6,133.9
6,133.9
0,133.4
0,132.9
1,129.9
1,126.9
2,126.9
2,126.9
3,126.7
3,123.9
4,121.9
4,121.9
5,121.9
5,121.9
6,121.9
6,121.9
0,119.9
0,119.9
1,119.9
1,118.9
2,118.9
2,118.9
3,146.9
3,146.9
4,146.9
4,146.9
5,144.9
5,143.9
6,143.9
6,142.9
0,142.9
0,142.9
1,138.65
1,138.65
2,138.65
2,137.9
3,137.9
3,135.9
4,135.15
4,135.15
5,135.15
5,135.15
6,135.15
6,135.15
0,133.9
0,130.16666666666666
1,127.15
1,125.4
2,124.9
2,124.9
3,124.9
3,124.9
4,149.9
4,148.9
5,148.9
5,148.9
6,148.9
6,147.9
0,147.9
0,147.9
1,146.9
1,146.9
2,146.9
2,146.9
3,146.9
3,146.9
4,146.9
4,144.9
5,144.9
5,144.9
6,144.9
6,144.9
0,144.9
0,144.9
1,144.9
1,144.9
2,144.9
2,144.9
3,144.9
3,144.9
4,144.9
4,144.9
5,144.9
5,144.9
6,144.9
6,144.9
0,144.9
0,144.9
1,144.9
1,144.9
2,144.9
2,144.9
3,144.9
3,144.9
4,144.9
4,144.9
5,144.9
5,144.9
6,144.9
6,144.9
0,144.9
0,144.9
1,144.9
1,144.9
2,144.9
2,144.9
3,144.9
3,144.9
4,144.9
4,144.9
5,144.9
5,144.9
6,144.9
6,144.9
0,144.9
0,144.9
1,144.9
1,144.9
2,144.9
2,144.9
3,144.9
3,144.9
4,144.9
4,144.9
5,144.9
5,144.9
6,144.9
6,144.9
0,144.9
0,144.9
1,144.9
1,144.9
2,144.9
2,144.9
3,144.9
3,144.9
4,144.9
4,144.9
5,144.9
5,144.9
6,144.9
6,144.9
0,144.9
0,144.9
1,144.9
1,144.9
2,144.9
2,144.9
3,144.9
3,144.9
4,144.9
4,144.9
5,144.9
5,144.9
6,144.9
6,144.9
0,144.9
0,144.9
1,144.9
1,144.9
2,144.9
2,144.9
3,144.9
3,144.9
4,144.9
4,144.9
5,144.9
5,144.9
6,144.9
6,144.9
0,144.9
0,144.9
1,144.9
1,144.9
2,144.9
2,144.9
3,144.9
3,144.9
4,144.9
4,144.9
5,144.9
5,144.9
6,144.9
6,144.9
0,144.9
0,144.9
1,144.9
1,144.9
2,144.9
2,144.9
3,123.5
3,123.5
4,123.5
4,123.5
5,123.5
5,138.4
6,138.4
6,138.4
0,138.4
0,138.4
1,138.4
1,138.4
2,138.4
2,138.4
3,138.4
3,138.4
4,138.4
4,138.4
5,149.9
5,149.9
6,149.9
6,149.9
0,149.9
0,149.9
1,149.9
1,149.9
2,149.4
2,149.4
3,149.4
3,149.4
4,149.4
4,149.4
5,149.4
5,149.4
6,149.4
6,149.4
0,149.4
0,147.9
1,147.9
1,147.9
2,147.9
2,147.9
3,147.9
3,147.9
4,146.9
4,146.9
5,142.7
5,142.7
6,142.7
6,142.7
0,142.7
0,142.7
1,142.9
1,142.9
2,142.9
2,142.9
3,142.9
3,142.9
4,140.9
4,140.9
5,140.9
5,140.9
6,140.9
6,140.9
0,140.9
0,140.9
1,140.9
1,138.9
2,138.9
2,138.9
3,162.9
3,162.9
4,162.9
4,162.9
5,162.9
5,162.9
6,162.9
6,162.9
0,162.9
0,162.9
1,162.4
1,162.4
2,162.4
2,162.4
3,162.4
3,162.4
4,162.4
4,161.9
5,161.9
5,161.9
6,161.9
6,161.9
0,160.8
0,157.9
1,155.9
1,153.9
2,150.9
2,150.9
3,150.9
3,150.9
4,147.9
4,147.9
5,146.9
5,146.9
6,145.4
6,145.4
0,144.5
0,144.5
1,144.5
1,143.9
2,143.9
2,143.4
3,142.9
3,142.9
4,142.9
4,140.9
5,140.9
5,140.9
6,139.4
6,139.4
0,136.4
0,136.10000000000002
1,134.9
1,133.9
2,133.9
2,133.9
3,133.9
3,133.9
4,133.9
4,133.4
5,133.4
5,133.4
6,133.4
6,132.4
0,132.4
0,131.55
1,131.55
1,131.55
2,131.3
2,131.3
3,162.9
3,131.3
4,131.3
4,130.9
5,130.9
5,130.9
6,130.9
6,130.9
0,130.9
0,130.9
1,130.9
1,130.9
2,130.9
2,130.9
3,130.9
3,162.9
4,162.9
4,162.9
5,162.9
5,162.9
6,162.9
6,162.9
0,161.9
0,161.9
1,161.9
1,161.9
2,161.9
2,161.9
3,161.9
3,161.9
4,161.9
4,161.9
5,161.9
5,161.9
6,161.9
6,161.9
0,157.9
0,157.9
1,157.9
1,156.9
2,156.9
2,156.9
3,156.9
3,156.9
4,156.9
4,156.9
5,156.9
5,156.9
6,156.9
6,156.9
0,148.9
0,148.9
1,148.9
1,148.9
2,148.9
2,148.9
3,148.9
3,148.9
4,148.9
4,142.9
5,142.9
5,142.9
6,142.9
6,142.9
0,142.9
0,142.9
1,142.9
1,142.9
2,142.9
2,142.9
3,142.9
3,142.9
4,142.9
4,142.9
5,142.9
5,142.9
6,142.9
6,142.9
0,135.9
0,135.9
1,134.5
1,134.5
2,134.5
2,134.5
3,134.5
3,132.9
4,132.9
4,132.9
5,132.9
5,132.9
6,132.9
6,132.9
0,132.9
0,131.9
1,130.9
1,130.4
2,129.9
2,129.9
3,129.9
3,129.9
4,129.9
4,129.9
5,129.9
5,129.9
6,129.9
6,129.9
0,129.9
0,129.9
1,128.9
1,128.4
2,128.4
2,128.4
3,128.4
3,128.4
4,157.9
4,157.9
5,157.9
5,157.9
6,157.9
6,157.9
0,157.4
0,157.4
1,157.4
1,157.4
2,156.9
2,152.9
3,152.9
3,152.9
4,152.9
4,152.9
5,152.9
5,152.9
6,151.9
6,151.4
0,151.4
0,148.9
1,148.9
1,148.9
2,148.9
2,148.9
3,148.9
3,145.9
4,145.9
4,145.9
5,144.9
5,144.9
6,143.9
6,143.9
0,142.9
0,142.9
1,141.9
1,141.9
2,139.9
2,139.9
3,139.9
3,137.9
4,137.9
4,137.9
5,137.9
5,137.9
6,137.9
6,137.9
0,137.4
0,136.9
1,135.9
1,135.4
2,134.9
2,146.15
3,146.15
3,146.15
4,146.15
4,146.15
5,146.15
5,146.15
6,146.15
6,146.15
0,157.4
0,157.4
1,155.9
1,155.9
2,155.9
2,155.9
3,154.4
3,154.4
4,154.4
4,148.15
5,146.9
5,145.9
6,144.9
6,144.9
0,144.9
0,141.9
1,141.9
1,141.9
2,141.9
2,141.9
3,141.9
3,141.9
4,138.9
4,138.9
5,135.15
5,135.15
6,135.15
6,135.15
0,135.15
0,134.4
1,134.4
1,133.9
2,133.9
2,133.9
3,133.9
3,133.9
4,133.9
4,133.9
5,133.9
5,133.9
6,133.9
6,133.9
0,133.9
0,159.9
1,133.9
1,133.9
2,159.9
2,159.9
3,158.9
3,158.9
4,157.9
4,157.9
5,157.9
5,157.9
6,157.9
6,157.9
0,157.9
0,157.9
1,157.9
1,156.9
2,156.9
2,156.9
3,151.4
3,151.4
4,149.9
4,149.9
5,148.4
5,147.65
6,147.65
6,145.4
0,145.4
0,143.9
1,141.9
1,141.9
2,141.9
2,141.9
3,141.9
3,137.9
4,135.9
4,135.9
5,134.9
5,134.9
6,134.9
6,134.9
0,134.9
0,134.9
1,134.9
1,134.9
2,133.9
2,133.9
3,130.9
3,130.9
4,130.9
4,130.9
5,129.9
5,129.9
6,129.9
6,129.9
0,129.9
0,129.4
1,128.9
1,128.4
2,128.4
2,127.9
3,127.9
3,127.4
4,127.4
4,126.9
5,126.9
5,126.9
6,125.9
6,125.4
0,125.4
0,124.9
1,124.9
1,123.9
2,123.9
2,123.9
3,149.9
3,149.9
4,149.9
4,149.9
5,149.9
5,149.9
6,149.9
6,149.9
0,149.9
0,149.9
1,147.9
1,147.9
2,147.9
2,147.9
3,147.9
3,146.9
4,144.9
4,144.9
5,143.9
5,143.9
6,143.9
6,141.9
0,141.9
0,141.9
1,139.9
1,137.4
2,137.4
2,137.4
3,137.4
3,136.4
4,136.4
4,136.4
5,136.4
5,134.65
6,134.15
6,134.15
0,132.9
0,129.9
1,129.9
1,129.9
2,129.9
2,129.4
3,129.4
3,128.9
4,128.9
4,128.15
5,127.9
5,127.9
6,127.9
6,127.9
0,127.9
0,127.15
1,126.9
1,126.9
2,126.9
2,126.9
3,126.9
3,126.9
4,126.65
4,139.4
5,152.9
5,152.9
6,152.9
6,152.9
0,152.9
0,152.9
1,152.4
1,152.4
2,151.9
2,151.9
3,151.9
3,151.9
4,150.9
4,150.9
5,148.9
5,147.4
6,147.4
6,147.4
0,147.4
0,145.9
1,144.9
1,143.4
2,143.4
2,143.4
3,143.4
3,143.4
4,143.15
4,141.15
5,140.15
5,138.9
6,138.9
6,138.9
0,138.15
0,138.15
1,137.4
1,136.4
2,135.4
2,133.9
3,133.4
3,132.4
4,131.4
4,130.9
5,130.9
5,130.9
6,130.9
6,130.9
0,130.9
0,130.9
1,130.9
1,130.9
2,130.9
2,130.9
3,130.9
3,130.9
4,129.4
4,129.4
5,127.9
5,160.9
6,160.9
6,160.9
0,160.4
0,160.4
1,159.9
1,159.9
2,159.9
2,157.4
3,157.4
3,155.9
4,155.9
4,153.4
5,153.4
5,153.4
6,153.4
6,152.9
0,151.9
0,145.9
1,145.9
1,144.9
2,144.9
2,143.15
3,142.9
3,141.9
4,140.4
4,138.4
5,138.15
5,136.65
6,136.65
6,136.65
0,136.65
0,136.65
1,136.65
1,135.9
2,134.9
2,134.9
3,134.9
3,134.9
4,134.9
4,132.65
5,132.65
5,131.9
6,131.9
6,131.9
0,131.9
0,131.9
1,130.9
1,130.4
2,130.4
2,130.4
3,130.4
3,160.9
4,160.9
4,160.9
5,160.9
5,160.9
6,160.9
6,160.9
0,159.9
0,159.9
1,159.9
1,159.9
2,159.9
2,159.4
3,158.9
3,156.65
4,156.65
4,151.9
5,151.9
5,149.9
6,149.9
6,149.9
0,149.9
0,149.9
1,149.9
1,148.15
2,148.15
2,147.4
3,146.9
3,143.15
4,142.4
4,140.9
5,140.9
5,140.4
6,140.4
6,140.4
0,140.4
0,140.4
1,139.9
1,137.9
2,137.9
2,137.9
3,137.4
3,137.4
4,137.4
4,162.9
5,162.9
5,162.9
6,161.9
6,161.9
0,161.9
0,160.9
1,159.9
1,158.9
2,157.9
2,157.9
3,157.9
3,157.9
4,157.9
4,157.9
5,157.9
5,157.9
6,157.9
6,156.9
0,156.9
0,155.9
1,155.9
1,155.9
2,155.9
2,155.9
3,155.9
3,155.9
4,155.9
4,155.9
5,155.4
5,155.4
6,154.9
6,154.9
0,154.9
0,152.4
1,151.4
1,150.9
2,150.9
2,150.9
3,148.9
3,147.9
4,145.4
4,145.4
5,167.9
5,167.9
6,167.9
6,167.9
0,167.9
0,167.9
1,167.9
1,167.9
2,167.9
2,167.9
3,167.9
3,167.9
4,167.9
4,167.9
5,164.2
5,163.4
6,163.4
6,163.4
0,163.4
0,163.4
1,163.4
1,163.4
2,163.4
2,163.4
3,163.4
3,162.55
4,161.9
4,160.9
5,160.9
5,160.9
6,160.9
6,160.9
0,160.9
0,160.9
1,160.9
1,160.2
2,159.9
2,159.9
3,159.9
3,159.2
4,154.2
4,152.16666666666666
5,152.16666666666666
5,149.2
6,147.9
6,146.9
0,146.9
0,145.3
1,145.3
1,145.7
2,145.7
2,168.9
3,168.9
3,168.9
4,168.9
4,168.9
5,168.9
5,168.9
6,168.9
6,168.9
0,168.35000000000002
0,168.35000000000002
1,168.35000000000002
1,168.35000000000002
2,168.35000000000002
2,168.35000000000002
3,168.35000000000002
3,167.6
4,167.6
4,167.6
5,167.6
5,167.6
6,167.6
6,167.6
0,167.6
0,167.2
1,167.2
1,167.2
2,165.2
2,163.2
3,163.2
3,163.2
4,161.2
4,161.2
5,160.2
5,160.2
6,159.55
6,158.2
0,156.2
0,156.2
1,156.2
1,153.2
2,152.05
2,152.05
3,152.05
3,152.05
4,150.55
4,149.9
5,149.9
5,149.9
6,148.9
6,148.9
0,148.6
0,148.6
1,148.6
1,148.6
2,148.6
2,148.6
3,148.6
3,168.9
4,168.9
4,168.9
5,168.9
5,168.9
6,168.9
6,168.9
0,168.9
0,168.9
1,168.9
1,168.9
2,168.9
2,167.33333333333334
3,167.33333333333334
3,167.33333333333334
4,167.33333333333334
4,167.33333333333334
5,166.9
5,166.9
6,166.9
6,166.9
0,166.9
0,166.9
1,166.9
1,165.2
2,164.9
2,162.2
3,161.05
3,159.2
4,157.2
4,156.2
5,155.2
5,154.9
6,154.2
6,154.2
0,150.7
0,147.9
1,147.9
1,147.9
2,146.9
2,146.9
3,146.9
3,146.7
4,146.7
4,146.7
5,146.2
5,146.2
6,146.2
6,146.2
0,146.2
0,146.2
1,145.2
1,145.2
2,145.2
2,144.7
3,144.6
3,144.6
4,144.6
4,144.6
5,144.6
5,144.6
6,144.6
6,144.6
0,144.2
0,142.64999999999998
1,142.2
1,141.2
2,141.2
2,141.2
3,141.2
3,141.2
4,141.2
4,141.2
5,141.2
5,141.2
6,141.2
6,141.2
0,141.2
0,141.2
1,141.2
1,140.9
2,140.9
2,168.9
3,168.9
3,167.9
4,166.9
4,166.9
5,166.9
5,166.9
6,166.9
6,166.9
0,164.9
0,164.9
1,161.9
1,161.9
2,159.9
2,159.9
3,159.9
3,159.9
4,159.9
4,158.9
5,158.9
5,158.9
6,158.9
6,158.9
0,158.9
0,157.9
1,157.9
1,157.9
2,153.5
2,152.9
3,152.4
3,152.4
4,149.4
4,148.4
5,148.4
5,148.4
6,148.4
6,148.4
0,144.5
0,140.9
1,140.9
1,140.9
2,140.9
2,139.9
3,139.9
3,139.9
4,139.9
4,139.9
5,139.9
5,139.9
6,168.9
6,168.9
0,168.9
0,168.9
1,168.9
1,168.9
2,167.9
2,166.9
3,165.9
3,165.9
4,165.9
4,164.9
5,164.9
5,164.9
6,164.9
6,164.9
0,164.9
0,162.7
1,160.9
1,160.7
2,160.7
2,160.7
3,160.7
3,160.7
4,160.7
4,150.7
5,150.7
5,150.7
6,150.7
6,150.7
0,150.7
0,150.7
1,150.7
1,150.7
2,150.7
2,150.15
3,143.9
3,143.9
4,143.9
4,143.9
5,143.9
5,143.9
6,142.4
6,142.4
0,142.4
0,142.4
1,142.4
1,142.4
2,142.4
2,142.4
3,142.4
3,142.4
4,171.9
4,171.9
5,170.9
5,170.9
6,170.9
6,170.9
0,170.9
0,170.9
1,170.9
1,170.9
2,168.9
2,166.9
3,166.9
3,166.9
4,165.9
4,164.9
5,164.9
5,164.9
6,164.9
6,164.9
0,160.9
0,160.9
1,160.9
1,160.9
2,160.9
2,159.9
3,157.9
3,157.9
4,157.9
4,157.9
5,157.9
5,157.9
6,156.9
6,156.9
0,154.9
0,152.9
1,152.9
1,175.9
2,175.9
2,175.9
3,175.9
3,175.9
4,175.9
4,175.9
5,175.9
5,175.9
6,175.9
6,175.9
