0,0
0,0
1,0
1,0
2,0
2,0
3,123.7
3,123.7
4,122.9
4,122.9
5,122.9
5,122.9
6,122.9
6,121.9
0,120.9
0,118.9
1,118.9
1,118.9
2,118.9
2,118.9
3,118.9
3,118.9
4,116.9
4,116.9
5,116.9
5,116.9
6,116.9
6,115.9
0,115.9
0,115.9
1,115.9
1,115.9
2,127.9
2,127.9
3,127.9
3,145.15
4,145.15
4,145.15
5,144.7
5,144.7
6,144.7
6,141.9
0,140.9
0,140.9
1,140.9
1,139.9
2,139.9
2,139.4
3,138.9
3,138.9
4,137.9
4,137.9
5,136.4
5,136.4
6,136.4
6,136.4
0,131.9
0,131.9
1,131.9
1,131.9
2,131.9
2,131.9
3,128.9
3,124.9
4,124.9
4,124.4
5,124.4
5,124.4
6,124.4
6,124.4
0,124.4
0,122.65
1,122.65
1,119.9
2,147.9
2,147.9
3,147.9
3,145.9
4,145.4
4,145.4
5,145.4
5,143.9
6,143.9
6,140.9
0,140.9
0,137.4
1,137.4
1,133.7
2,133.7
2,133.7
3,133.7
3,133.7
4,133.7
4,133.7
5,133.7
5,133.7
6,133.7
6,126.9
0,126.9
0,125.9
1,125.9
1,125.9
2,125.9
2,125.9
3,125.9
3,125.9
4,149.9
4,125.9
5,149.9
5,149.9
6,149.9
6,125.9
0,149.65
0,149.4
1,149.4
1,141.9
2,141.9
2,141.9
3,139.9
3,139.9
4,139.9
4,139.9
5,139.9
5,139.9
6,139.9
6,139.9
0,139.9
0,139.9
1,139.9
1,139.9
2,139.9
2,139.9
3,139.9
3,139.9
4,139.9
4,139.9
5,139.9
5,139.9
6,139.9
6,139.9
0,139.9
0,139.9
1,139.9
1,139.9
2,139.9
2,139.9
3,139.9
3,139.9
4,139.9
4,139.9
5,139.9
5,139.9
6,139.9
6,139.9
0,139.9
0,139.9
1,139.9
1,139.9
2,139.9
2,139.9
3,139.9
3,139.9
4,139.9
4,139.9
5,139.9
5,139.9
6,139.9
6,139.9
0,139.9
0,139.9
1,139.9
1,139.9
2,139.9
2,139.9
3,139.9
3,139.9
4,139.9
4,139.9
5,139.9
5,139.9
6,139.9
6,139.9
0,139.9
0,139.9
1,139.9
1,139.9
2,139.9
2,139.9
3,139.9
3,139.9
4,139.9
4,139.9
5,139.9
5,139.9
6,139.9
6,139.9
0,139.9
0,139.9
1,139.9
1,139.9
2,139.9
2,139.9
3,139.9
3,139.9
4,139.9
4,139.9
5,139.9
5,139.9
6,139.9
6,139.9
0,139.9
0,139.9
1,139.9
1,139.9
2,139.9
2,139.9
3,139.9
3,139.9
4,139.9
4,139.9
5,139.9
5,139.9
6,139.9
6,139.9
0,139.9
0,139.9
1,139.9
1,139.9
2,139.9
2,139.9
3,139.9
3,139.9
4,139.9
4,139.9
5,139.9
5,139.9
6,139.9
6,139.9
0,139.9
0,139.9
1,139.9
1,139.9
2,139.9
2,139.9
3,139.9
3,139.9
4,139.9
4,139.9
5,139.9
5,151.9
6,151.9
6,151.9
0,151.9
0,151.9
1,151.9
1,151.9
2,151.9
2,151.9
3,151.9
3,151.9
4,151.9
4,151.9
5,151.9
5,151.9
6,151.9
6,151.9
0,146.9
0,146.9
1,146.9
1,146.9
2,146.9
2,146.9
3,146.9
3,146.9
4,146.9
4,146.9
5,146.9
5,146.9
6,146.9
6,146.9
0,146.9
0,146.9
1,146.9
1,146.9
2,146.9
2,146.9
3,146.9
3,146.9
4,146.9
4,146.9
5,146.9
5,146.9
6,146.9
6,146.9
0,146.5
0,137.9
1,137.9
1,137.9
2,137.9
2,137.9
3,137.9
3,137.9
4,137.9
4,137.9
5,137.9
5,137.9
6,137.9
6,137.9
0,137.9
0,137.9
1,137.9
1,135.9
2,135.9
2,135.9
3,162.9
3,162.9
4,162.9
4,162.9
5,162.9
5,162.4
6,162.4
6,162.4
0,159.9
0,159.9
1,159.9
1,159.9
2,159.9
2,159.9
3,159.9
3,155.9
4,155.9
4,155.9
5,155.9
5,155.9
6,155.9
6,155.9
0,155.9
0,155.9
1,155.9
1,155.9
2,155.9
2,155.9
3,155.9
3,153.9
4,152.9
4,152.9
5,152.9
5,152.9
6,152.9
6,152.9
0,152.9
0,142.9
1,147.4
1,147.4
2,142.4
2,142.4
3,142.4
3,142.4
4,142.4
4,142.4
5,142.4
5,142.4
6,142.4
6,142.4
0,142.3
0,142.3
1,142.3
1,142.3
2,142.3
2,142.3
3,142.3
3,142.3
4,140.45
4,140.45
5,140.45
5,139.9
6,139.9
6,139.9
0,139.9
0,139.9
1,138.7
1,137.9
2,137.9
2,137.9
3,137.9
3,137.9
4,137.9
4,137.9
5,137.9
5,137.9
6,137.9
6,137.9
0,137.9
0,137.9
1,137.9
1,137.2
2,137.2
2,137.2
3,137.2
3,162.9
4,135.7
4,162.9
5,162.9
5,162.9
6,161.9
6,161.9
0,161.9
0,161.9
1,161.9
1,161.9
2,161.4
2,161.4
3,158.9
3,158.4
4,158.4
4,157.9
5,157.9
5,157.9
6,157.9
6,157.9
0,155.9
0,155.9
1,155.9
1,155.9
2,155.9
2,155.9
3,155.9
3,147.9
4,147.9
4,147.9
5,147.9
5,147.9
6,147.9
6,147.9
0,147.9
0,147.9
1,147.9
1,147.9
2,147.9
2,147.9
3,147.9
3,147.9
4,147.9
4,147.9
5,147.9
5,147.9
6,147.9
6,147.9
0,147.9
0,147.9
1,147.9
1,147.9
2,147.9
2,147.9
3,142.7
3,142.7
4,142.7
4,142.7
5,142.7
5,142.7
6,141.9
6,141.4
0,141.4
0,140.65
1,139.65
1,138.65
2,138.65
2,138.65
3,138.65
3,138.65
4,138.65
4,137.65
5,137.65
5,136.65
6,135.55
6,135.55
0,135.55
0,135.55
1,135.55
1,135.55
2,135.55
2,135.55
3,132.7
3,132.7
4,132.7
4,132.7
5,132.7
5,132.7
6,132.7
6,132.7
0,132.4
0,132.4
1,131.65
1,131.65
2,131.65
2,131.65
3,130.65
3,130.65
4,130.65
4,130.65
5,130.65
5,157.9
6,157.9
6,157.9
0,156.9
0,156.9
1,156.9
1,156.9
2,156.9
2,156.9
3,156.9
3,156.9
4,156.9
4,156.9
5,152.9
5,152.9
6,151.65
6,151.65
0,149.9
0,149.9
1,149.9
1,149.9
2,149.9
2,149.9
3,149.9
3,149.9
4,149.9
4,149.9
5,149.9
5,149.9
6,149.9
6,149.9
0,149.4
0,149.4
1,149.4
1,149.4
2,149.4
2,149.4
3,149.4
3,149.4
4,149.4
4,149.4
5,149.4
5,144.4
6,144.4
6,144.4
0,144.4
0,144.4
1,144.4
1,144.4
2,144.4
2,144.4
3,144.4
3,144.4
4,144.4
4,144.4
5,144.4
5,144.4
6,144.4
6,144.4
0,144.4
0,144.4
1,144.4
1,144.4
2,144.4
2,144.4
3,144.4
3,144.4
4,144.4
4,144.4
5,144.4
5,144.4
6,144.4
6,144.4
0,144.4
0,144.4
1,144.4
1,144.4
2,139.9
2,139.9
3,139.9
3,139.9
4,139.9
4,139.9
5,139.9
5,138.4
6,138.4
6,138.4
0,138.4
0,138.4
1,138.4
1,138.4
2,138.4
2,136.4
3,136.4
3,136.4
4,136.4
4,136.4
5,136.4
5,136.4
6,136.4
6,136.4
0,136.4
0,136.4
1,136.4
1,136.4
2,136.4
2,159.9
3,159.4
3,159.4
4,159.4
4,159.4
5,159.4
5,159.4
6,158.4
6,158.4
0,158.4
0,156.9
1,156.9
1,156.9
2,156.9
2,156.9
3,156.9
3,156.9
4,156.9
4,156.8
5,156.8
5,156.8
6,156.8
6,156.8
0,156.8
0,156.8
1,156.8
1,156.8
2,152.4
2,147.9
3,147.9
3,147.9
4,147.9
4,147.9
5,147.9
5,147.9
6,147.9
6,147.9
0,147.9
0,145.4
1,145.4
1,145.4
2,145.4
2,145.4
3,145.4
3,145.4
4,145.4
4,145.4
5,142.9
5,141.9
6,141.9
6,141.9
0,139.9
0,139.4
1,139.4
1,138.15
2,135.9
2,135.4
3,135.4
3,135.4
4,135.4
4,135.4
5,135.4
5,135.4
6,135.4
6,135.4
0,135.4
0,135.4
1,135.4
1,135.4
2,135.3
2,131.3
3,131.3
3,149.9
4,149.4
4,148.9
5,148.9
5,148.9
6,148.9
6,148.9
0,148.9
0,148.9
1,148.9
1,147.9
2,147.9
2,146.9
3,146.9
3,143.9
4,143.9
4,143.9
5,143.9
5,143.9
6,143.15
6,143.15
0,143.15
0,141.9
1,141.9
1,141.9
2,141.9
2,141.9
3,141.9
3,141.9
4,141.9
4,141.9
5,141.9
5,141.9
6,141.9
6,141.9
0,141.9
0,141.9
1,141.9
1,141.9
2,140.9
2,140.9
3,139.9
3,139.9
4,138.4
4,138.4
5,136.9
5,136.9
6,136.9
6,136.9
0,136.9
0,136.9
1,136.9
1,136.9
2,136.9
2,136.9
3,135.4
3,135.4
4,135.4
4,135.4
5,135.4
5,135.4
6,135.4
6,135.4
0,135.4
0,135.4
1,135.4
1,152.9
2,152.9
2,152.9
3,151.05
3,148.9
4,148.9
4,148.9
5,148.9
5,148.9
6,148.9
6,147.9
0,147.9
0,147.9
1,147.9
1,147.9
2,147.9
2,147.9
3,147.9
3,145.26666666666665
4,144.9
4,144.7
5,140.9
5,140.9
6,140.9
6,140.9
0,140.9
0,139.9
1,139.4
1,139.4
2,139.4
2,139.4
3,139.4
3,139.4
4,139.4
4,139.4
5,139.4
5,139.4
6,139.4
6,139.4
0,139.4
0,139.4
1,139.4
1,139.4
2,139.4
2,139.4
3,139.4
3,139.4
4,139.4
4,139.4
5,139.4
5,139.4
6,139.4
6,139.4
0,139.4
0,160.4
1,159.9
1,159.9
2,159.0666666666667
2,159.0666666666667
3,157.65
3,157.65
4,157.4
4,157.4
5,157.4
5,157.4
6,157.4
6,157.4
0,157.4
0,157.4
1,157.4
1,157.4
2,157.4
2,157.4
3,157.4
3,157.4
4,157.4
4,157.4
5,156.65
5,155.7
6,155.7
6,155.7
0,152.8
0,146.65
1,146.65
1,146.65
2,146.65
2,146.65
3,146.65
3,146.65
4,146.65
4,146.65
5,146.65
5,146.65
6,146.65
6,146.65
0,143.9
0,143.7
1,141.9
1,141.9
2,141.9
2,139.9
3,139.9
3,139.9
4,139.9
4,139.9
5,139.9
5,139.9
6,139.9
6,139.9
0,139.9
0,139.9
1,139.9
1,160.9
2,136.9
2,160.9
3,138.3
3,138.3
4,138.3
4,138.3
5,138.3
5,138.3
6,138.3
6,138.3
0,138.3
0,138.3
1,138.3
1,138.3
2,138.3
2,138.3
3,138.3
3,138.3
4,138.3
4,138.3
5,138.3
5,138.3
6,138.3
6,138.3
0,138.3
0,138.3
1,138.3
1,138.3
2,138.3
2,138.3
3,138.3
3,138.3
4,138.3
4,162.9
5,162.9
5,162.9
6,162.9
6,162.9
0,162.9
0,162.9
1,162.4
1,162.4
2,162.4
2,162.4
3,162.4
3,159.9
4,159.9
4,159.9
5,159.9
5,159.9
6,159.9
6,159.9
0,159.9
0,159.9
1,159.9
1,159.9
2,159.9
2,159.9
3,157.9
3,157.9
4,157.9
4,157.9
5,157.9
5,157.9
6,157.9
6,157.9
0,157.9
0,157.9
1,157.9
1,157.9
2,157.9
2,157.9
3,157.9
3,157.9
4,157.9
4,157.9
5,153.9
5,153.9
6,153.9
6,160.85000000000002
0,160.85000000000002
0,160.85000000000002
1,160.85000000000002
1,155.9
2,155.9
2,155.9
3,155.9
3,155.9
4,155.9
4,155.9
5,155.9
5,155.9
6,155.9
6,155.9
0,155.9
0,155.9
1,155.9
1,155.9
2,155.9
2,155.9
3,155.9
3,155.9
4,155.9
4,153.3
5,153.3
5,153.3
6,153.3
6,153.3
0,153.3
0,153.3
1,153.3
1,153.3
2,153.3
2,151.7
3,151.7
3,151.7
4,151.7
4,151.7
5,151.7
5,151.7
6,151.7
6,151.7
0,151.7
0,149.9
1,149.9
1,150.9
2,150.9
2,150.9
3,150.9
3,168.9
4,168.9
4,168.9
5,168.9
5,168.9
6,168.9
6,168.9
0,168.9
0,168.9
1,168.9
1,168.9
2,168.9
2,166.9
3,166.9
3,166.9
4,166.9
4,166.9
5,166.9
5,166.9
6,166.9
6,166.9
0,166.9
0,166.9
1,166.9
1,166.9
2,166.9
2,166.9
3,166.9
3,166.9
4,166.9
4,166.9
5,163.9
5,163.9
6,163.9
6,163.9
0,163.9
0,163.9
1,163.9
1,163.9
2,163.9
2,163.9
3,163.9
3,163.9
4,163.9
4,163.9
5,163.9
5,163.9
6,163.9
6,163.9
0,163.9
0,163.9
1,160.9
1,160.9
2,160.9
2,158.9
3,158.9
3,158.9
4,158.9
4,168.9
5,168.9
5,168.9
6,168.9
6,167.9
0,162.9
0,162.9
1,161.65
1,161.65
2,161.65
2,161.65
3,161.65
3,161.65
4,161.65
4,161.65
5,161.65
5,161.65
6,161.65
6,161.65
0,161.65
0,161.65
1,161.65
1,161.65
2,160.9
2,160.9
3,160.9
3,160.9
4,160.9
4,160.9
5,160.9
5,160.9
6,160.9
6,160.9
0,160.9
0,160.9
1,160.9
1,160.9
2,160.9
2,160.9
3,160.9
3,160.9
4,160.9
4,160.9
5,160.9
5,160.9
6,160.9
6,160.9
0,160.9
0,158.9
1,158.9
1,155.9
2,155.9
2,155.9
3,155.9
3,155.9
4,155.9
4,155.9
5,155.9
5,155.9
6,155.9
6,155.9
0,155.9
0,155.9
1,155.9
1,155.9
2,155.9
2,155.9
3,155.9
3,155.9
4,155.9
4,155.9
5,155.9
5,155.9
6,155.9
6,155.9
0,155.9
0,155.9
1,155.9
1,155.9
2,155.9
2,168.9
3,168.9
3,168.9
4,168.9
4,162.9
5,161.9
5,161.9
6,161.9
6,161.9
0,161.9
0,161.9
1,161.9
1,161.9
2,160.9
2,160.9
3,158.9
3,158.9
4,158.9
4,158.9
5,158.9
5,158.9
6,158.9
6,158.9
0,158.9
0,158.9
1,158.9
1,158.9
2,152.9
2,152.9
3,152.9
3,152.9
4,152.9
4,152.9
5,152.9
5,152.9
6,152.9
6,152.9
0,152.9
0,152.9
1,152.9
1,152.9
2,152.9
2,152.9
3,152.9
3,152.9
4,152.9
4,152.9
5,152.9
5,152.9
6,152.9
6,152.9
0,152.9
0,168.9
1,156.4
1,160.9
2,156.9
2,156.9
3,155.9
3,155.9
4,155.9
4,155.9
5,155.9
5,155.9
6,155.9
6,155.9
0,155.9
0,155.9
1,155.9
1,155.9
2,155.9
2,155.9
3,155.9
3,155.9
4,155.9
4,155.9
5,155.9
5,155.9
6,155.9
6,155.9
0,155.9
0,155.9
1,155.9
1,155.9
2,155.9
2,155.9
3,155.9
3,155.9
4,155.9
4,155.9
5,155.9
5,155.9
6,155.9
6,155.9
0,155.9
0,155.9
1,155.9
1,155.9
2,155.9
2,155.9
3,155.9
3,155.9
4,171.9
4,171.9
5,171.9
5,171.9
6,171.9
6,170.9
0,170.9
0,163.9
1,163.9
1,163.9
2,163.9
2,163.9
3,169.9
3,169.9
4,169.9
4,166.9
5,166.9
5,163.9
6,163.9
6,163.9
0,163.9
0,163.9
1,163.9
1,163.9
2,163.9
2,163.9
3,163.9
3,163.9
4,163.9
4,163.9
5,163.9
5,163.9
6,163.9
6,163.9
0,157.9
0,157.9
1,156.9
1,156.9
2,156.9
2,156.9
3,156.9
3,170.9
4,170.9
4,170.9
5,170.9
5,170.9
6,170.9
6,170.9
