0,123.65
0,123.65
1,122.9
1,122.9
2,119.9
2,119.9
3,119.9
3,119.4
4,118.9
4,118.9
5,118.9
5,118.9
6,118.9
6,117.9
0,117.8
0,116.9
1,116.5
1,115.9
2,115.9
2,115.9
3,114.9
3,114.9
4,114.9
4,114.9
5,114.9
5,114.9
6,114.9
6,114.9
0,114.9
0,114.9
1,114.4
1,114.4
2,145.9
2,145.4
3,143.9
3,143.9
4,143.9
4,143.9
5,143.9
5,143.9
6,143.9
6,143.9
0,143.9
0,143.9
1,143.9
1,143.9
2,143.15
2,141.9
3,140.40000000000003
3,134.9
4,133.9
4,133.4
5,132.65
5,131.9
6,130.9
6,130.4
0,129.4
0,127.9
1,127.9
1,127.9
2,125.9
2,125.9
3,121.6
3,121.6
4,121.6
4,121.6
5,121.6
5,121.6
6,121.6
6,120.9
0,120.9
0,120.4
1,119.85
1,118.9
2,118.9
2,118.9
3,147.9
3,146.23333333333335
4,146.23333333333335
4,144.9
5,144.9
5,142.9
6,142.9
6,142.4
0,141.65
0,134.9
1,133.9
1,133.9
2,133.9
2,133.9
3,132.4
3,132.4
4,132.4
4,132.4
5,132.4
5,132.4
6,131.4
6,128.4
0,127.53333333333335
0,126.9
1,125.3
1,125.3
2,124.95
2,124.5
3,123.9
3,123.9
4,149.9
4,149.4
5,149.4
5,149.4
6,149.0
6,149.0
0,148.6
0,148.5
1,148.5
1,141.9
2,141.9
2,141.9
3,141.4
3,141.4
4,141.4
4,141.3
5,141.3
5,141.3
6,141.3
6,141.3
0,141.3
0,141.3
1,141.3
1,141.3
2,141.3
2,141.3
3,141.3
3,141.3
4,141.3
4,141.3
5,141.3
5,141.3
6,141.3
6,141.3
0,141.3
0,141.3
1,141.3
1,141.3
2,141.3
2,141.3
3,141.3
3,141.3
4,141.3
4,141.3
5,141.3
5,141.3
6,141.3
6,141.3
0,141.3
0,141.3
1,141.3
1,141.3
2,141.3
2,141.3
3,141.3
3,141.3
4,141.3
4,141.3
5,141.3
5,141.3
6,141.3
6,141.3
0,141.3
0,141.3
1,141.3
1,141.3
2,141.3
2,141.3
3,141.3
3,141.3
4,141.3
4,141.3
5,141.3
5,141.3
6,141.3
6,141.3
0,141.3
0,141.3
1,141.3
1,141.3
2,141.3
2,141.3
3,141.3
3,141.3
4,141.3
4,141.3
5,141.3
5,141.3
6,141.3
6,141.3
0,141.3
0,141.3
1,141.3
1,141.3
2,141.3
2,141.3
3,141.3
3,141.3
4,141.3
4,141.3
5,141.3
5,141.3
6,141.3
6,141.3
0,141.3
0,141.3
1,141.3
1,141.3
2,141.3
2,141.3
3,141.3
3,141.3
4,141.3
4,141.3
5,141.3
5,141.3
6,141.3
6,141.3
0,141.3
0,141.3
1,141.3
1,141.3
2,141.3
2,141.3
3,141.3
3,141.3
4,141.3
4,141.3
5,141.3
5,141.3
6,141.3
6,141.3
0,141.3
0,141.3
1,141.3
1,141.3
2,141.3
2,141.3
3,141.3
3,141.3
4,141.3
4,141.3
5,141.3
5,138.7
6,138.7
6,138.7
0,138.7
0,138.7
1,138.7
1,138.7
2,138.7
2,138.7
3,138.7
3,138.7
4,138.7
4,138.7
5,138.7
5,138.7
6,138.7
6,138.7
0,147.7
0,147.7
1,147.7
1,145.9
2,145.9
2,145.9
3,145.9
3,142.9
4,142.9
4,142.9
5,142.9
5,142.9
6,142.9
6,142.9
0,142.9
0,139.2
1,139.2
1,137.9
2,137.9
2,137.9
3,137.9
3,137.9
4,137.9
4,137.9
5,137.9
5,137.9
6,137.9
6,137.9
0,135.9
0,135.9
1,134.9
1,134.9
2,134.9
2,134.9
3,134.9
3,134.9
4,134.9
4,134.9
5,134.9
5,134.9
6,134.9
6,134.9
0,134.9
0,134.9
1,134.5
1,134.5
2,134.5
2,134.5
3,134.5
3,162.9
4,162.9
4,162.9
5,162.9
5,162.9
6,162.9
6,162.9
0,162.9
0,159.9
1,158.8
1,156.9
2,156.9
2,156.55
3,156.55
3,156.55
4,152.9
4,149.9
5,149.9
5,149.9
6,149.9
6,149.9
0,147.9
0,147.6
1,147.6
1,145.9
2,144.9
2,144.9
3,144.9
3,144.3
4,144.3
4,144.3
5,144.3
5,144.3
6,142.4
6,142.4
0,139.9
0,139.55
1,139.55
1,139.55
2,138.9
2,137.9
3,137.9
3,137.9
4,137.9
4,137.9
5,137.9
5,137.9
6,137.9
6,137.9
0,137.9
0,137.075
1,134.9
1,134.3
2,132.95
2,132.95
3,132.95
3,132.95
4,132.95
4,132.4
5,132.4
5,131.95
6,131.95
6,131.95
0,131.95
0,131.4
1,131.4
1,131.4
2,131.4
2,131.4
3,131.4
3,131.4
4,131.4
4,131.4
5,131.4
5,131.4
6,130.9
6,130.9
0,130.9
0,130.5
1,130.5
1,130.5
2,130.5
2,130.5
3,130.5
3,162.9
4,162.9
4,162.9
5,162.9
5,162.9
6,162.9
6,159.9
0,159.9
0,159.9
1,159.9
1,159.9
2,159.9
2,159.9
3,159.9
3,159.9
4,159.9
4,159.9
5,159.9
5,159.9
6,159.9
6,158.9
0,156.9
0,156.9
1,154.9
1,153.65
2,153.65
2,153.65
3,147.9
3,147.9
4,145.9
4,145.9
5,145.9
5,145.9
6,145.9
6,145.9
0,144.9
0,144.9
1,142.7
1,142.7
2,140.7
2,137.9
3,137.9
3,137.9
4,137.9
4,136.9
5,136.9
5,136.9
6,136.9
6,136.9
0,136.9
0,136.9
1,134.9
1,133.9
2,133.7
2,133.7
3,133.15
3,133.15
4,133.15
4,133.15
5,133.15
5,133.15
6,133.15
6,133.15
0,131.9
0,131.9
1,131.1
1,131.1
2,131.1
2,131.1
3,129.9
3,129.9
4,129.9
4,128.9
5,128.9
5,127.9
6,127.9
6,127.9
0,127.9
0,127.9
1,127.9
1,127.9
2,127.9
2,127.9
3,127.9
3,127.9
4,127.9
4,127.9
5,127.9
5,127.9
6,127.9
6,127.9
0,127.9
0,126.9
1,126.9
1,126.9
2,125.9
2,125.9
3,125.9
3,125.9
4,125.9
4,125.9
5,125.9
5,157.9
6,157.4
6,157.4
0,155.9
0,154.9
1,154.9
1,153.9
2,152.9
2,152.9
3,152.9
3,152.9
4,151.9
4,151.9
5,151.9
5,151.9
6,148.65
6,148.65
0,148.3
0,147.9
1,147.9
1,147.9
2,144.9
2,141.5
3,141.5
3,141.5
4,140.9
4,140.9
5,140.9
5,139.9
6,139.9
6,137.9
0,137.9
0,137.9
1,137.9
1,137.9
2,137.9
2,137.9
3,137.9
3,134.9
4,134.9
4,134.9
5,134.9
5,134.9
6,133.9
6,133.9
0,133.4
0,132.4
1,132.4
1,132.4
2,132.4
2,132.4
3,132.4
3,132.4
4,131.4
4,131.4
5,130.9
5,130.9
6,130.9
6,157.9
0,157.4
0,157.4
1,155.9
1,155.9
2,155.9
2,155.9
3,154.9
3,153.9
4,153.9
4,147.9
5,147.4
5,145.65
6,145.65
6,143.4
0,141.9
0,141.9
1,138.4
1,137.4
2,137.4
2,137.4
3,136.9
3,134.9
4,134.9
4,132.9
5,132.9
5,132.9
6,132.9
6,132.9
0,132.5
0,132.5
1,131.9
1,131.9
2,131.9
2,131.9
3,131.9
3,130.9
4,130.9
4,130.9
5,130.9
5,130.9
6,130.9
6,130.9
0,130.9
0,159.9
1,159.9
1,159.9
2,159.9
2,159.9
3,159.4
3,159.4
4,159.4
4,157.9
5,157.9
5,157.9
6,157.9
6,157.9
0,154.9
0,154.9
1,152.9
1,151.73333333333335
2,149.9
2,148.0666666666667
3,148.0666666666667
3,146.4
4,146.4
4,145.65
5,145.65
5,144.9
6,144.9
6,143.4
0,143.4
0,142.4
1,140.9
1,140.15
2,140.15
2,140.15
3,140.15
3,133.65
4,133.65
4,132.9
5,132.9
5,132.9
6,132.4
6,132.4
0,130.9
0,130.4
1,129.7
1,128.4
2,128.4
2,127.4
3,127.4
3,126.9
4,126.9
4,126.4
5,126.4
5,125.9
6,125.9
6,125.9
0,125.2
0,125.2
1,125.2
1,125.2
2,125.2
2,124.4
3,124.4
3,123.7
4,123.7
4,123.7
5,122.9
5,122.9
6,122.9
6,122.9
0,122.9
0,122.9
1,122.9
1,122.9
2,122.9
2,122.9
3,149.9
3,149.9
4,149.4
4,149.4
5,149.4
5,149.4
6,149.4
6,149.4
0,149.4
0,149.4
1,149.4
1,147.9
2,147.9
2,145.1
3,142.5
3,142.5
4,142.5
4,139.9
5,139.9
5,139.9
6,139.9
6,139.9
0,136.9
0,134.9
1,134.9
1,134.9
2,129.0
2,129.0
3,129.0
3,129.0
4,129.0
4,129.0
5,129.0
5,128.5
6,128.5
6,128.5
0,127.7
0,125.9
1,125.9
1,125.9
2,125.80000000000001
2,125.80000000000001
3,125.7
3,124.7
4,124.7
4,124.7
5,124.7
5,124.7
6,124.7
6,124.7
0,124.30000000000001
0,124.30000000000001
1,123.9
1,123.9
2,123.9
2,123.9
3,123.9
3,123.9
4,123.9
4,123.9
5,123.9
5,123.9
6,123.9
6,123.9
0,123.9
0,123.9
1,123.9
1,152.9
2,152.65
2,152.65
3,151.65
3,151.65
4,150.4
4,148.3
5,147.9
5,147.9
6,147.9
6,145.9
0,144.9
0,144.9
1,143.9
1,143.9
2,143.9
2,143.9
3,143.9
3,142.9
4,140.9
4,137.9
5,137.8
5,136.4
6,135.9
6,134.9
0,134.4
0,134.4
1,133.9
1,133.9
2,133.4
2,131.9
3,131.9
3,130.4
4,130.4
4,130.4
5,128.9
5,128.9
6,128.9
6,128.9
0,128.9
0,128.7
1,128.5
1,128.5
2,127.9
2,127.9
3,127.9
3,127.9
4,127.9
4,127.9
5,127.9
5,127.9
6,127.9
6,127.9
0,160.4
0,160.4
1,159.9
1,159.9
2,156.4
2,156.4
3,154.9
3,152.9
4,152.9
4,152.9
5,152.9
5,152.9
6,152.9
6,152.9
0,150.9
0,150.9
1,148.8
1,148.8
2,144.9
2,143.65
3,142.73333333333335
3,140.9
4,140.9
4,140.9
5,140.3
5,138.9
6,138.4
6,136.9
0,136.9
0,136.9
1,136.9
1,135.9
2,135.9
2,135.9
3,134.9
3,134.9
4,134.9
4,132.4
5,132.4
5,132.4
6,132.4
6,132.4
0,132.4
0,130.9
1,130.9
1,130.9
2,129.9
2,129.9
3,129.9
3,129.9
4,129.9
4,129.9
5,129.9
5,129.9
6,129.9
6,129.9
0,129.9
0,160.9
1,159.9
1,158.65
2,158.65
2,156.9
3,154.9
3,154.9
4,150.9
4,150.9
5,150.9
5,149.9
6,149.9
6,148.7
0,147.9
0,145.9
1,145.9
1,145.9
2,142.9
2,141.9
3,137.9
3,137.9
4,136.9
4,136.9
5,136.9
5,136.4
6,136.4
6,136.4
0,136.4
0,135.9
1,135.2
1,135.2
2,133.5
2,132.9
3,132.9
3,131.7
4,162.9
4,162.9
5,162.9
5,162.9
6,162.9
6,162.9
0,162.9
0,159.9
1,159.9
1,157.9
2,157.9
2,157.9
3,157.9
3,157.9
4,157.9
4,157.9
5,157.9
5,157.9
6,157.9
6,157.9
0,157.9
0,156.9
1,156.9
1,155.9
2,155.9
2,155.9
3,147.9
3,147.9
4,147.9
4,147.9
5,147.9
5,147.9
6,147.9
6,147.9
0,147.9
0,141.23333333333335
1,141.23333333333335
1,141.23333333333335
2,141.23333333333335
2,138.5
3,137.5
3,137.5
4,137.5
4,167.9
5,167.9
5,167.9
6,167.9
6,167.9
0,167.9
0,167.9
1,167.9
1,167.9
2,167.9
2,167.9
3,166.9
3,165.9
4,165.3
4,163.9
5,163.9
5,163.9
6,163.9
6,163.9
0,163.9
0,162.8
1,161.7
1,159.9
2,158.9
2,158.9
3,158.9
3,158.9
4,158.9
4,158.9
5,158.9
5,158.9
6,158.9
6,158.9
0,154.7
0,152.7
1,150.8
1,149.35000000000002
2,148.5
2,147.53333333333333
3,147.0
3,145.9
4,145.9
4,143.9
5,143.9
5,143.9
6,143.9
6,143.9
0,143.9
0,143.9
1,143.8
1,144.8
2,144.8
2,168.9
3,168.9
3,168.9
4,168.9
4,168.9
5,168.9
5,168.9
6,168.9
6,168.9
0,168.9
0,168.9
1,168.9
1,168.9
2,168.9
2,167.2
3,166.2
3,165.7
4,164.4
4,163.2
5,163.2
5,163.2
6,163.2
6,163.2
0,163.2
0,163.2
1,162.2
1,159.2
2,159.2
2,159.2
3,155.2
3,154.0
4,153.2
4,153.2
5,151.2
5,151.2
6,151.2
6,150.2
0,150.2
0,150.2
1,150.2
1,150.2
2,150.2
2,150.2
3,150.2
3,150.2
4,150.2
4,150.2
5,150.2
5,150.2
6,150.2
6,150.2
0,150.2
0,150.2
1,150.2
1,150.2
2,150.2
2,149.7
3,149.7
3,149.7
4,149.7
4,168.9
5,168.9
5,168.9
6,168.9
6,168.9
0,168.9
0,168.9
1,168.9
1,168.9
2,166.2
2,166.2
3,166.2
3,166.2
4,163.9
4,163.9
5,163.9
5,163.9
6,163.9
6,163.9
0,163.9
0,162.9
1,161.7
1,159.5
2,155.46666666666667
2,155.46666666666667
3,155.46666666666667
3,151.4
4,151.4
4,151.4
5,150.7
5,150.7
6,150.7
6,150.7
0,150.7
0,149.7
1,149.7
1,149.7
2,148.9
2,148.9
3,148.9
3,148.9
4,147.9
4,147.05
5,147.05
5,146.5
6,146.5
6,146.5
0,146.5
0,146.5
1,146.5
1,146.5
2,146.5
2,146.0
3,145.9
3,145.9
4,145.9
4,145.9
5,145.9
5,143.2
6,143.2
6,143.2
0,143.2
0,143.2
1,142.9
1,142.9
2,142.9
2,141.9
3,140.9
3,140.9
4,140.9
4,140.9
5,140.9
5,140.9
6,140.9
6,140.9
0,140.9
0,140.9
1,140.9
1,138.9
2,169.9
2,169.9
3,169.9
3,167.9
4,166.9
4,166.9
5,166.9
5,166.9
6,166.9
6,166.9
0,166.9
0,166.9
1,166.9
1,166.9
2,166.9
2,163.9
3,156.7
3,154.7
4,154.7
4,154.7
5,154.7
5,154.7
6,154.7
6,154.7
0,153.9
0,149.9
1,148.9
1,146.9
2,146.9
2,144.9
3,144.5
3,142.2
4,142.2
4,142.2
5,142.2
5,142.2
6,142.2
6,142.2
0,142.2
0,138.8
1,138.8
1,138.8
2,138.8
2,138.8
3,138.8
3,137.7
4,137.7
4,137.7
5,137.7
5,137.7
6,137.7
6,168.9
0,168.9
0,168.9
1,168.9
1,168.9
2,168.9
2,168.9
3,168.9
3,167.9
4,167.9
4,167.9
5,160.7
5,160.7
6,158.7
6,158.7
0,156.7
0,156.7
1,155.3
1,155.3
2,155.3
2,155.3
3,153.9
3,150.7
4,148.3
4,148.3
5,148.3
5,148.3
6,148.3
6,148.3
0,148.3
0,148.3
1,146.9
1,146.7
2,143.9
2,142.7
3,142.7
3,142.7
4,142.7
4,142.7
5,142.7
5,142.7
6,142.7
6,142.7
0,142.7
0,142.7
1,142.7
1,142.7
2,142.7
2,142.7
3,142.7
3,142.7
4,171.9
4,171.9
5,171.9
5,170.9
6,170.9
6,170.9
0,170.9
0,170.9
1,166.9
1,166.9
2,165.9
2,165.9
3,165.9
3,165.9
4,165.9
4,163.9
5,163.9
5,163.9
6,163.9
6,158.9
0,158.9
0,158.9
1,156.7
1,155.3
2,150.9
2,150.9
3,150.9
3,150.9
4,150.9
4,150.9
5,150.9
5,148.9
6,148.9
6,148.9
0,147.9
0,147.9
1,147.9
1,147.9
2,147.9
2,147.9
3,147.9
3,175.9
4,175.9
4,175.9
5,175.4
5,175.4
6,175.4
6,175.4
