0,125.9
0,125.9
1,123.9
1,123.9
2,123.9
2,120.5
3,119.9
3,119.9
4,118.3
4,118.3
5,117.9
5,117.9
6,117.9
6,117.9
0,117.9
0,117.9
1,116.3
1,116.4
2,116.4
2,115.9
3,115.9
3,114.9
4,114.9
4,114.9
5,114.9
5,114.9
6,114.9
6,114.9
0,114.9
0,114.9
1,114.4
1,114.4
2,114.4
2,129.4
3,128.95
3,128.95
4,128.95
4,128.95
5,128.95
5,144.9
6,144.9
6,144.9
0,143.4333333333333
0,143.4333333333333
1,140.4
1,138.9
2,136.66666666666666
2,134.9
3,133.9
3,131.9
4,131.9
4,131.9
5,129.9
5,129.9
6,129.8
6,129.9
0,128.9
0,128.9
1,126.9
1,126.7
2,125.9
2,125.9
3,121.7
3,121.7
4,121.7
4,121.7
5,121.7
5,121.7
6,121.7
6,121.7
0,120.0
0,120.0
1,120.0
1,118.9
2,118.9
2,118.9
3,147.9
3,147.9
4,145.9
4,145.9
5,145.9
5,144.9
6,144.9
6,143.9
0,142.8
0,141.9
1,139.9
1,139.9
2,139.9
2,137.9
3,137.9
3,135.9
4,135.9
4,135.9
5,135.9
5,135.9
6,133.9
6,133.9
0,131.4
0,128.9
1,125.9
1,125.9
2,125.9
2,125.9
3,122.9
3,122.9
4,149.9
4,149.9
5,149.9
5,149.9
6,149.9
6,148.9
0,147.9
0,147.9
1,147.9
1,147.9
2,147.9
2,147.9
3,147.9
3,147.9
4,147.9
4,147.9
5,147.9
5,147.9
6,147.9
6,147.9
0,147.9
0,147.9
1,147.9
1,147.9
2,147.9
2,147.9
3,147.9
3,147.9
4,147.9
4,147.9
5,147.9
5,147.9
6,147.9
6,147.9
0,147.9
0,147.9
1,147.9
1,147.9
2,147.9
2,147.9
3,147.9
3,147.9
4,147.9
4,147.9
5,147.9
5,147.9
6,147.9
6,147.9
0,147.9
0,147.9
1,147.9
1,147.9
2,147.9
2,147.9
3,147.9
3,147.9
4,147.9
4,147.9
5,147.9
5,147.9
6,147.9
6,147.9
0,147.9
0,147.9
1,147.9
1,147.9
2,147.9
2,147.9
3,147.9
3,147.9
4,147.9
4,147.9
5,147.9
5,147.9
6,147.9
6,147.9
0,147.9
0,147.9
1,147.9
1,147.9
2,147.9
2,147.9
3,147.9
3,147.9
4,147.9
4,147.9
5,147.9
5,147.9
6,147.9
6,147.9
0,147.9
0,147.9
1,147.9
1,147.9
2,147.9
2,147.9
3,147.9
3,147.9
4,147.9
4,147.9
5,147.9
5,147.9
6,147.9
6,147.9
0,147.9
0,147.9
1,147.9
1,147.9
2,147.9
2,147.9
3,147.9
3,147.9
4,147.9
4,147.9
5,147.9
5,147.9
6,147.9
6,147.9
0,147.9
0,147.9
1,147.9
1,147.9
2,147.9
2,147.9
3,147.9
3,147.9
4,147.9
4,147.9
5,147.9
5,147.9
6,147.9
6,147.9
0,147.9
0,147.9
1,147.9
1,147.9
2,147.9
2,147.9
3,120.7
3,120.6
4,120.6
4,151.9
5,124.9
5,151.9
6,151.9
6,151.9
0,151.9
0,151.9
1,151.9
1,151.9
2,151.9
2,151.9
3,151.9
3,151.9
4,151.9
4,151.9
5,151.9
5,151.9
6,151.9
6,151.9
0,151.9
0,149.9
1,149.9
1,149.9
2,149.9
2,149.9
3,149.9
3,149.9
4,146.9
4,146.9
5,146.9
5,146.9
6,146.9
6,146.9
0,146.9
0,146.9
1,146.9
1,146.9
2,146.9
2,146.9
3,146.9
3,145.9
4,145.9
4,145.9
5,145.9
5,145.9
6,145.9
6,145.9
0,144.9
0,143.9
1,143.9
1,143.9
2,143.9
2,143.9
3,137.9
3,137.9
4,137.9
4,137.9
5,137.9
5,137.9
6,137.9
6,137.9
0,137.9
0,137.9
1,137.9
1,134.9
2,134.9
2,162.9
3,162.9
3,162.85000000000002
4,162.85000000000002
4,162.8
5,162.8
5,162.8
6,162.8
6,162.8
0,162.8
0,162.9
1,162.9
1,162.8
2,162.7
2,162.7
3,162.7
3,162.7
4,162.7
4,162.6
5,162.6
5,162.6
6,162.6
6,162.6
0,162.6
0,162.6
1,162.6
1,162.6
2,157.9
2,157.9
3,157.8
3,157.8
4,157.8
4,157.8
5,155.9
5,155.9
6,155.9
6,155.9
0,155.9
0,149.9
1,147.9
1,147.9
2,145.9
2,145.9
3,145.9
3,145.9
4,145.9
4,145.9
5,143.9
5,143.9
6,143.9
6,143.9
0,143.9
0,142.9
1,140.9
1,139.9
2,138.9
2,138.6
3,136.9
3,136.9
4,136.9
4,135.9
5,135.9
5,135.9
6,135.9
6,135.9
0,134.9
0,134.4
1,134.4
1,134.4
2,134.4
2,133.9
3,133.9
3,133.8
4,133.8
4,132.9
5,132.9
5,132.9
6,131.9
6,131.9
0,131.9
0,131.5
1,131.5
1,131.5
2,131.5
2,131.5
3,131.5
3,131.5
4,131.5
4,162.9
5,162.9
5,162.9
6,162.9
6,162.9
0,162.9
0,162.9
1,162.9
1,162.9
2,161.9
2,161.9
3,159.9
3,159.9
4,159.9
4,159.9
5,159.9
5,159.9
6,159.9
6,159.9
0,159.9
0,159.9
1,153.9
1,153.9
2,153.9
2,153.9
3,153.9
3,153.9
4,153.9
4,153.9
5,153.9
5,153.9
6,153.9
6,153.9
0,153.9
0,153.9
1,145.9
1,145.9
2,144.9
2,144.9
3,144.9
3,144.9
4,144.9
4,144.9
5,139.9
5,139.9
6,139.9
6,139.9
0,139.9
0,139.9
1,139.9
1,135.9
2,135.9
2,135.9
3,135.9
3,135.9
4,135.9
4,135.9
5,135.9
5,135.9
6,135.9
6,134.9
0,134.9
0,134.9
1,134.9
1,134.9
2,134.9
2,134.9
3,134.9
3,132.9
4,132.9
4,132.7
5,132.7
5,132.7
6,132.7
6,132.7
0,132.7
0,131.9
1,131.9
1,131.4
2,130.4
2,130.4
3,130.4
3,130.4
4,130.4
4,130.4
5,130.4
5,130.4
6,128.9
6,128.9
0,128.9
0,128.9
1,128.9
1,128.9
2,128.9
2,128.9
3,127.9
3,127.9
4,157.9
4,157.9
5,157.9
5,157.9
6,157.9
6,157.9
0,157.9
0,157.9
1,155.9
1,155.9
2,155.9
2,155.9
3,155.9
3,155.9
4,155.9
4,155.9
5,155.9
5,155.9
6,151.9
6,151.9
0,151.9
0,151.9
1,151.9
1,151.9
2,151.9
2,151.9
3,151.9
3,151.9
4,151.9
4,151.9
5,151.9
5,151.9
6,151.9
6,151.9
0,151.9
0,148.9
1,148.9
1,148.9
2,148.9
2,148.9
3,144.9
3,144.9
4,144.9
4,144.9
5,144.9
5,144.9
6,141.9
6,141.9
0,140.9
0,139.9
1,138.9
1,138.4
2,137.9
2,136.9
3,135.9
3,135.4
4,134.9
4,134.9
5,132.9
5,132.9
6,132.9
6,157.9
0,157.4
0,157.4
1,148.9
1,148.9
2,148.9
2,148.9
3,148.9
3,148.9
4,148.9
4,148.9
5,148.9
5,145.9
6,145.9
6,142.9
0,142.9
0,140.4
1,138.3
1,138.3
2,138.3
2,138.3
3,138.3
3,138.3
4,138.3
4,138.3
5,138.3
5,138.3
6,138.3
6,138.3
0,138.3
0,137.9
1,137.9
1,137.4
2,133.9
2,133.9
3,133.9
3,133.9
4,133.9
4,131.9
5,131.9
5,131.9
6,131.9
6,131.9
0,131.9
0,131.9
1,159.9
1,159.9
2,159.9
2,159.9
3,159.9
3,159.9
4,159.9
4,159.9
5,159.9
5,159.9
6,159.9
6,159.9
0,159.9
0,159.9
1,159.9
1,159.9
2,155.9
2,155.9
3,155.9
3,155.9
4,155.9
4,155.9
5,155.9
5,155.9
6,150.9
6,150.9
0,150.9
0,150.9
1,150.9
1,150.9
2,150.9
2,149.9
3,149.9
3,143.9
4,143.9
4,143.9
5,138.7
5,138.7
6,137.9
6,137.9
0,137.9
0,137.9
1,137.9
1,137.9
2,137.9
2,137.8
3,137.8
3,137.8
4,137.8
4,137.8
5,136.9
5,136.9
6,136.9
6,136.9
0,136.9
0,134.9
1,133.9
1,132.9
2,131.9
2,130.9
3,130.9
3,130.4
4,130.4
4,128.9
5,128.9
5,128.9
6,128.9
6,126.95
0,126.95
0,125.9
1,125.9
1,123.9
2,123.9
2,149.9
3,149.9
3,149.9
4,149.9
4,149.9
5,149.9
5,149.9
6,149.9
6,149.9
0,149.9
0,149.9
1,149.9
1,149.9
2,149.9
2,146.9
3,143.9
3,143.9
4,143.9
4,143.9
5,143.9
5,143.9
6,143.9
6,143.9
0,143.9
0,143.9
1,143.9
1,143.9
2,139.9
2,139.9
3,139.9
3,139.9
4,139.9
4,139.9
5,139.9
5,139.4
6,139.4
6,139.4
0,137.65
0,131.9
1,131.9
1,131.4
2,131.4
2,130.9
3,130.9
3,130.9
4,130.9
4,130.4
5,130.4
5,130.4
6,130.4
6,130.4
0,130.4
0,129.9
1,129.9
1,128.9
2,128.65
2,128.65
3,127.65
3,127.65
4,126.65
4,125.9
5,125.9
5,152.9
6,152.9
6,152.9
0,152.9
0,152.9
1,152.9
1,152.9
2,152.9
2,152.9
3,152.9
3,152.9
4,152.9
4,152.9
5,152.9
5,152.9
6,152.9
6,152.9
0,151.9
0,151.9
1,149.9
1,146.4
2,144.9
2,141.9
3,141.9
3,138.9
4,138.9
4,138.9
5,138.9
5,138.9
6,138.9
6,138.9
0,138.9
0,136.9
1,136.9
1,134.9
2,134.9
2,134.9
3,134.9
3,134.9
4,134.9
4,134.4
5,134.4
5,134.4
6,134.4
6,134.4
0,134.4
0,133.9
1,133.9
1,133.4
2,132.9
2,131.9
3,131.9
3,131.4
4,131.4
4,130.9
5,130.9
5,160.9
6,160.9
6,160.9
0,159.9
0,159.9
1,159.9
1,159.9
2,159.9
2,159.9
3,159.9
3,157.9
4,157.9
4,157.9
5,157.9
5,157.9
6,156.9
6,156.9
0,154.9
0,154.9
1,153.9
1,149.9
2,148.9
2,148.9
3,146.4
3,146.4
4,144.9
4,144.9
5,144.9
5,144.9
6,143.4
6,143.4
0,141.9
0,141.9
1,141.9
1,137.9
2,137.9
2,135.9
3,135.9
3,135.9
4,135.9
4,135.9
5,135.9
5,135.9
6,135.9
6,133.9
0,133.9
0,133.9
1,133.9
1,132.9
2,132.9
2,132.9
3,132.9
3,132.9
4,132.9
4,132.9
5,160.9
5,160.9
6,160.9
6,160.9
0,160.9
0,160.9
1,160.9
1,160.9
2,160.9
2,160.9
3,160.9
3,160.9
4,157.9
4,157.9
5,157.9
5,157.9
6,153.9
6,153.9
0,153.9
0,153.9
1,147.9
1,147.9
2,147.9
2,147.9
3,147.9
3,147.9
4,142.9
4,142.9
5,142.9
5,142.9
6,142.9
6,142.9
0,139.9
0,139.9
1,139.9
1,139.9
2,139.9
2,137.9
3,137.4
3,137.4
4,137.4
4,162.9
5,162.9
5,162.9
6,162.9
6,162.9
0,162.9
0,162.9
1,162.9
1,162.9
2,162.9
2,162.9
3,162.9
3,160.9
4,160.9
4,160.9
5,160.9
5,160.9
6,160.9
6,160.9
0,160.9
0,160.9
1,160.9
1,159.9
2,159.9
2,158.9
3,158.9
3,158.9
4,158.9
4,154.9
5,154.9
5,154.9
6,150.9
6,150.9
0,150.9
0,148.9
1,148.9
1,146.43333333333334
2,146.43333333333334
2,144.7
3,144.7
3,144.7
4,143.45
4,142.7
5,142.7
5,142.7
6,167.9
6,167.9
0,167.9
0,167.9
1,167.9
1,167.9
2,167.9
2,166.9
3,166.9
3,164.4
4,164.4
4,164.4
5,164.4
5,164.4
6,164.4
6,164.4
0,164.4
0,160.9
1,160.9
1,160.9
2,159.9
2,159.9
3,159.9
3,159.9
4,158.9
4,156.8
5,156.8
5,156.8
6,155.2
6,153.64999999999998
0,152.1
0,152.1
1,152.1
1,152.1
2,151.3
2,151.3
3,151.3
3,149.9
4,149.9
4,148.4
5,148.4
5,148.4
6,146.5
6,146.5
0,145.5
0,144.9
1,144.9
1,144.23333333333335
2,144.23333333333335
2,144.23333333333335
3,168.9
3,168.9
4,168.9
4,168.9
5,168.9
5,168.9
6,168.9
6,168.9
0,168.9
0,168.9
1,168.9
1,168.9
2,168.9
2,168.9
3,168.9
3,168.9
4,168.9
4,166.9
5,166.9
5,166.9
6,166.9
6,166.9
0,164.9
0,162.9
1,161.9
1,160.9
2,159.4
2,159.4
3,159.4
3,158.9
4,157.9
4,156.9
5,155.9
5,155.9
6,155.9
6,155.9
0,155.9
0,155.9
1,155.9
1,155.9
2,155.9
2,155.9
3,155.9
3,155.9
4,155.9
4,155.9
5,155.9
5,155.9
6,155.9
6,155.9
0,155.9
0,155.9
1,154.9
1,154.9
2,154.9
2,150.9
3,150.9
3,150.9
4,150.9
4,168.9
5,168.9
5,168.9
6,168.9
6,168.9
0,168.9
0,168.9
1,168.9
1,168.9
2,168.9
2,168.9
3,168.9
3,168.9
4,168.9
4,168.9
5,168.9
5,168.9
6,168.9
6,168.9
0,166.9
0,166.9
1,161.9
1,160.9
2,158.9
2,158.9
3,152.10000000000002
3,152.10000000000002
4,151.5
4,150.9
5,149.5
5,148.9
6,148.9
6,148.9
0,147.9
0,146.7
1,146.5
1,146.5
2,146.3
2,146.3
3,146.3
3,146.3
4,146.3
4,146.3
5,146.3
5,145.9
6,144.9
6,144.9
0,144.9
0,144.9
1,144.9
1,144.9
2,143.9
2,143.9
3,143.9
3,143.9
4,143.9
4,143.9
5,143.9
5,143.9
6,143.9
6,143.9
0,143.9
0,143.9
1,143.9
1,143.9
2,143.9
2,143.9
3,143.9
3,143.9
4,143.9
4,143.9
5,143.9
5,143.9
6,143.9
6,143.9
0,143.9
0,143.9
1,143.5
1,143.5
2,143.5
2,168.9
3,168.9
3,167.9
4,167.9
4,167.9
5,167.9
5,167.9
6,167.9
6,167.9
0,167.9
0,167.9
1,167.9
1,167.9
2,167.9
2,167.9
3,165.9
3,164.9
4,164.9
4,164.9
5,164.9
5,164.9
6,164.9
6,164.9
0,160.9
0,160.9
1,158.4
1,158.4
2,158.4
2,158.4
3,158.4
3,153.9
4,153.9
4,153.9
5,150.9
5,150.9
6,148.9
6,148.9
0,148.9
0,148.9
1,148.9
1,148.9
2,148.9
2,148.9
3,148.9
3,147.9
4,147.9
4,146.9
5,146.9
5,141.7
6,141.7
6,141.7
0,168.9
0,168.9
1,168.9
1,168.9
2,168.9
2,168.9
3,168.9
3,168.9
4,168.9
4,168.9
5,168.9
5,168.9
6,168.9
6,168.9
0,166.9
0,166.9
1,164.9
1,164.9
2,164.9
2,164.9
3,164.9
3,160.9
4,160.9
4,155.9
5,155.9
5,155.9
6,155.9
6,155.9
0,155.9
0,155.9
1,155.9
1,154.9
2,154.9
2,153.9
3,153.9
3,153.9
4,153.9
4,153.9
5,153.9
5,153.9
6,153.9
6,153.9
0,149.9
0,149.9
1,149.9
1,149.9
2,149.9
2,149.9
3,149.9
3,149.9
4,149.9
4,171.9
5,171.9
5,170.9
6,170.9
6,170.9
0,170.9
0,170.9
1,170.9
1,170.9
2,170.9
2,170.9
3,168.9
3,168.9
4,168.9
4,168.9
5,168.9
5,168.9
6,168.9
6,168.9
0,168.9
0,168.9
1,168.9
1,168.9
2,168.9
2,168.9
3,168.9
3,166.9
4,166.9
4,166.9
5,166.9
5,166.9
6,164.9
6,164.9
0,164.9
0,162.9
1,162.9
1,162.9
2,162.9
2,175.9
3,175.9
3,175.9
4,175.9
4,175.9
5,175.4
5,175.4
6,175.4
6,175.4
