0,133.9
0,133.9
1,131.9
1,131.9
2,131.9
2,128.9
3,128.9
3,128.9
4,128.9
4,128.9
5,128.9
5,128.9
6,128.9
6,128.9
0,127.9
0,126.9
1,123.9
1,123.9
2,143.9
2,143.9
3,123.9
3,122.9
4,119.9
4,119.9
5,119.9
5,119.9
6,119.9
6,119.9
0,119.9
0,119.9
1,119.9
1,119.9
2,145.9
2,145.9
3,145.9
3,145.9
4,145.9
4,145.9
5,145.9
5,145.9
6,145.9
6,145.9
0,145.9
0,145.9
1,145.9
1,145.9
2,145.9
2,145.9
3,142.9
3,142.9
4,137.15
4,137.15
5,137.15
5,137.15
6,137.15
6,137.15
0,129.9
0,129.9
1,129.9
1,129.9
2,129.9
2,129.9
3,125.9
3,125.9
4,114.2
4,114.2
5,114.2
5,114.2
6,114.2
6,114.2
0,121.2
0,121.2
1,119.2
1,119.2
2,147.4
2,147.4
3,147.4
3,145.4
4,145.4
4,145.4
5,145.4
5,145.4
6,144.4
6,143.4
0,143.4
0,143.4
1,140.9
1,140.9
2,139.4
2,139.4
3,137.4
3,137.4
4,135.4
4,135.4
5,135.4
5,135.4
6,133.4
6,133.4
0,133.4
0,133.4
1,126.4
1,126.4
2,126.4
2,126.4
3,149.4
3,149.4
4,149.9
4,149.4
5,149.4
5,149.4
6,149.4
6,149.4
0,149.4
0,149.4
1,149.4
1,143.4
2,143.4
2,143.4
3,143.4
3,143.4
4,143.4
4,143.4
5,143.4
5,143.4
6,143.4
6,143.4
0,143.4
0,143.4
1,143.4
1,143.4
2,143.4
2,143.4
3,143.4
3,143.4
4,143.4
4,143.4
5,143.4
5,143.4
6,143.4
6,143.4
0,143.4
0,143.4
1,143.4
1,143.4
2,143.4
2,143.4
3,143.4
3,143.4
4,143.4
4,143.4
5,143.4
5,143.4
6,143.4
6,143.4
0,143.4
0,143.4
1,143.4
1,143.4
2,143.4
2,143.4
3,143.4
3,143.4
4,143.4
4,143.4
5,143.4
5,143.4
6,143.4
6,143.4
0,143.4
0,143.4
1,143.4
1,143.4
2,143.4
2,143.4
3,143.4
3,143.4
4,143.4
4,143.4
5,143.4
5,143.4
6,143.4
6,143.4
0,143.4
0,143.4
1,143.4
1,143.4
2,143.4
2,143.4
3,143.4
3,143.4
4,143.4
4,143.4
5,143.4
5,143.4
6,143.4
6,143.4
0,143.4
0,143.4
1,143.4
1,143.4
2,143.4
2,143.4
3,143.4
3,143.4
4,143.4
4,143.4
5,143.4
5,143.4
6,143.4
6,143.4
0,143.4
0,143.4
1,143.4
1,143.4
2,143.4
2,143.4
3,143.4
3,143.4
4,143.4
4,143.4
5,143.4
5,143.4
6,143.4
6,143.4
0,143.4
0,143.4
1,143.4
1,143.4
2,143.4
2,143.4
3,143.4
3,143.4
4,143.4
4,143.4
5,143.4
5,143.4
6,143.4
6,143.4
0,143.4
0,143.4
1,143.4
1,143.4
2,143.4
2,143.4
3,143.4
3,143.4
4,143.4
4,151.9
5,128.7
5,151.4
6,151.4
6,151.4
0,151.4
0,151.4
1,151.4
1,151.4
2,151.4
2,151.4
3,151.4
3,151.4
4,151.4
4,151.4
5,151.4
5,151.4
6,151.4
6,151.4
0,151.4
0,149.9
1,149.4
1,148.9
2,148.9
2,148.9
3,148.9
3,148.9
4,148.9
4,148.9
5,148.9
5,148.9
6,148.9
6,148.9
0,148.9
0,148.9
1,148.9
1,148.9
2,148.9
2,147.4
3,147.4
3,147.4
4,146.4
4,146.4
5,146.4
5,145.9
6,145.9
6,145.9
0,145.9
0,145.9
1,145.9
1,145.9
2,145.9
2,145.9
3,145.9
3,145.9
4,145.9
4,145.9
5,145.9
5,145.9
6,145.9
6,145.9
0,145.9
0,145.9
1,145.9
1,144.9
2,162.4
2,162.4
3,162.4
3,162.4
4,162.4
4,162.4
5,162.4
5,162.4
6,162.4
6,162.4
0,162.4
0,162.4
1,161.9
1,161.9
2,161.9
2,161.9
3,161.9
3,161.9
4,161.9
4,161.9
5,161.9
5,161.9
6,161.9
6,161.9
0,161.9
0,161.9
1,161.9
1,161.9
2,161.9
2,161.9
3,157.4
3,157.4
4,157.4
4,156.4
5,156.4
5,156.4
6,156.4
6,156.4
0,150.9
0,149.4
1,149.4
1,149.4
2,146.4
2,146.4
3,146.4
3,146.4
4,144.3
4,143.9
5,143.9
5,139.4
6,139.4
6,139.4
0,139.4
0,138.9
1,138.9
1,137.9
2,137.9
2,137.9
3,136.9
3,136.9
4,136.9
4,135.9
5,135.9
5,135.9
6,135.9
6,135.9
0,135.9
0,135.4
1,135.4
1,135.4
2,135.4
2,135.4
3,162.9
3,148.65
4,148.65
4,148.65
5,148.65
5,135.9
6,135.9
6,135.9
0,135.9
0,162.9
1,162.9
1,136.4
2,136.4
2,162.4
3,162.4
3,162.4
4,162.4
4,162.9
5,162.9
5,162.9
6,162.9
6,162.9
0,162.9
0,162.4
1,162.4
1,162.4
2,162.4
2,161.4
3,161.4
3,161.4
4,159.4
4,159.4
5,159.4
5,159.4
6,159.4
6,159.4
0,159.4
0,159.4
1,156.4
1,156.4
2,156.4
2,156.4
3,156.4
3,156.4
4,156.4
4,156.4
5,156.4
5,156.4
6,156.4
6,156.4
0,156.4
0,153.9
1,153.15
1,153.15
2,150.15
2,150.15
3,149.4
3,149.4
4,149.4
4,149.4
5,149.4
5,149.4
6,149.4
6,148.9
0,147.9
0,147.9
1,147.9
1,147.9
2,147.9
2,147.9
3,139.9
3,139.9
4,139.9
4,139.9
5,139.9
5,139.9
6,139.9
6,139.9
0,139.9
0,139.9
1,139.9
1,139.9
2,139.9
2,139.8
3,139.8
3,139.8
4,139.8
4,137.9
5,137.9
5,137.9
6,137.9
6,137.9
0,136.4
0,134.9
1,134.4
1,133.9
2,133.9
2,133.9
3,133.9
3,132.4
4,132.4
4,132.4
5,132.4
5,132.4
6,132.4
6,131.4
0,131.4
0,131.4
1,131.4
1,130.4
2,130.4
2,130.4
3,130.4
3,130.4
4,157.9
4,157.9
5,157.4
5,157.4
6,157.4
6,157.4
0,157.4
0,157.4
1,157.4
1,157.4
2,157.4
2,157.4
3,157.4
3,157.4
4,155.4
4,153.4
5,153.4
5,153.4
6,153.4
6,153.4
0,152.4
0,152.4
1,150.4
1,150.4
2,150.4
2,150.4
3,150.4
3,150.4
4,150.4
4,150.4
5,150.4
5,150.4
6,150.4
6,150.4
0,150.4
0,146.4
1,146.4
1,146.4
2,146.4
2,146.4
3,146.4
3,145.9
4,145.9
4,145.9
5,145.4
5,145.4
6,145.4
6,145.4
0,145.4
0,143.9
1,142.9
1,157.9
2,157.9
2,157.4
3,157.4
3,157.4
4,157.4
4,157.4
5,157.4
5,157.4
6,157.4
6,157.4
0,157.4
0,157.4
1,157.4
1,157.4
2,157.4
2,157.4
3,157.4
3,157.4
4,155.9
4,148.4
5,148.4
5,146.65
6,146.65
6,144.4
0,144.4
0,138.4
1,138.4
1,138.4
2,138.4
2,138.4
3,138.4
3,137.9
4,137.9
4,136.4
5,136.4
5,136.4
6,136.4
6,136.4
0,135.9
0,135.4
1,135.4
1,134.9
2,134.9
2,134.9
3,134.9
3,134.5
4,134.5
4,134.5
5,132.9
5,159.9
6,159.9
6,159.9
0,159.4
0,159.4
1,159.4
1,159.4
2,159.4
2,159.4
3,159.4
3,159.4
4,159.4
4,159.4
5,157.9
5,157.9
6,157.9
6,157.9
0,157.9
0,156.9
1,156.9
1,156.4
2,155.8
2,155.85000000000002
3,155.85000000000002
3,153.85000000000002
4,153.85000000000002
4,151.15
5,151.15
5,149.9
6,149.4
6,146.4
0,146.4
0,145.9
1,145.4
1,144.9
2,144.15
2,144.15
3,144.15
3,143.4
4,143.4
4,142.65
5,142.65
5,141.9
6,141.9
6,141.9
0,141.9
0,138.73333333333335
1,138.73333333333335
1,136.9
2,136.9
2,135.95
3,135.95
3,135.6
4,132.4
4,131.9
5,131.9
5,131.4
6,131.4
6,131.4
0,131.4
0,130.8
1,130.8
1,129.4
2,129.4
2,128.9
3,128.9
3,128.4
4,128.4
4,127.9
5,127.9
5,127.9
6,127.9
6,127.4
0,127.4
0,126.65
1,126.65
1,124.4
2,124.4
2,124.4
3,124.4
3,149.9
4,149.9
4,149.4
5,149.4
5,149.4
6,149.4
6,149.4
0,149.4
0,149.4
1,149.4
1,149.4
2,149.4
2,149.4
3,149.4
3,149.4
4,149.4
4,149.4
5,149.4
5,149.4
6,149.4
6,138.4
0,138.4
0,138.4
1,138.4
1,138.4
2,138.4
2,136.4
3,136.4
3,136.4
4,136.4
4,134.9
5,134.9
5,134.4
6,134.4
6,133.9
0,133.9
0,133.4
1,133.4
1,132.9
2,132.9
2,131.9
3,131.9
3,130.65
4,130.4
4,129.9
5,129.9
5,129.9
6,129.9
6,129.9
0,129.9
0,129.15
1,128.9
1,127.65
2,127.15
2,127.15
3,126.9
3,126.9
4,126.9
4,125.9
5,125.9
5,125.9
6,125.9
6,125.9
0,125.9
0,125.9
1,125.9
1,151.9
2,151.9
2,151.9
3,151.9
3,151.9
4,150.65
4,150.65
5,149.4
5,147.4
6,147.4
6,147.4
0,147.4
0,147.4
1,147.4
1,147.4
2,146.65
2,144.9
3,144.9
3,142.9
4,142.9
4,140.9
5,140.4
5,136.4
6,136.4
6,136.4
0,136.4
0,134.4
1,134.4
1,134.4
2,134.4
2,133.15
3,132.4
3,131.15
4,131.15
4,131.15
5,131.15
5,131.15
6,131.15
6,131.15
0,131.15
0,128.65
1,126.9
1,126.9
2,126.9
2,126.9
3,126.9
3,126.9
4,126.9
4,126.9
5,126.9
5,126.9
6,126.9
6,126.9
0,126.9
0,160.65
1,160.9
1,157.9
2,157.9
2,157.9
3,157.9
3,157.9
4,157.9
4,154.4
5,154.4
5,154.4
6,154.4
6,154.4
0,154.4
0,154.4
1,154.4
1,151.4
2,151.4
2,151.4
3,151.4
3,140.4
4,140.4
4,138.65
5,138.4
5,135.4
6,135.4
6,135.4
0,135.4
0,135.4
1,135.4
1,135.4
2,135.4
2,135.4
3,135.4
3,135.4
4,135.4
4,133.0
5,133.0
5,132.6
6,132.6
6,132.4
0,132.4
0,132.4
1,132.4
1,132.4
2,132.4
2,131.4
3,131.4
3,131.4
4,131.4
4,160.9
5,160.9
5,145.9
6,145.9
6,160.4
0,160.4
0,160.4
1,160.4
1,156.9
2,156.9
2,156.9
3,156.9
3,154.65
4,154.65
4,150.9
5,150.9
5,150.9
6,150.4
6,150.4
0,150.4
0,149.9
1,148.4
1,148.4
2,148.4
2,145.65
3,145.65
3,141.4
4,141.4
4,141.4
5,141.4
5,141.4
6,141.4
6,141.4
0,141.4
0,141.4
1,141.4
1,138.9
2,162.9
2,162.9
3,162.9
3,162.9
4,162.9
4,162.4
5,162.4
5,162.4
6,162.4
6,162.4
0,159.9
0,159.9
1,159.9
1,158.9
2,157.9
2,157.9
3,157.9
3,157.9
4,157.9
4,153.9
5,153.9
5,153.9
6,153.9
6,153.9
0,153.9
0,153.9
1,153.9
1,150.9
2,150.9
2,150.9
3,150.9
3,149.9
4,149.9
4,149.9
5,149.9
5,149.9
6,149.9
6,149.9
0,149.9
0,146.9
1,146.9
1,145.9
2,145.9
2,145.9
3,145.9
3,145.4
4,145.4
4,143.4
5,143.4
5,143.4
6,143.4
6,167.9
0,167.9
0,167.4
1,167.4
1,165.7
2,165.7
2,165.7
3,165.7
3,164.9
4,164.9
4,163.9
5,163.9
5,163.9
6,163.9
6,163.9
0,163.9
0,163.9
1,163.9
1,163.9
2,163.9
2,163.9
3,163.9
3,162.3
4,162.3
4,159.9
5,159.9
5,159.9
6,159.9
6,159.9
0,159.9
0,158.9
1,158.9
1,156.4
2,156.4
2,153.9
3,153.9
3,150.4
4,150.4
4,146.7
5,146.7
5,146.7
6,146.7
6,146.7
0,146.7
0,143.7
1,143.7
1,143.7
2,143.7
2,156.8
3,156.8
3,156.8
4,156.8
4,156.8
5,156.8
5,156.8
6,156.8
6,156.8
0,156.8
0,168.3
1,167.7
1,166.9
2,166.9
2,165.9
3,165.9
3,164.9
4,164.9
4,163.7
5,163.7
5,163.7
6,163.7
6,163.7
0,163.7
0,163.7
1,163.7
1,163.7
2,163.7
2,162.2
3,162.2
3,159.9
4,159.9
4,159.9
5,159.9
5,158.9
6,158.9
6,157.65
0,157.65
0,156.4
1,156.4
1,156.4
2,156.4
2,155.4
3,155.4
3,152.9
4,152.9
4,152.9
5,152.9
5,152.9
6,152.9
6,152.9
0,152.9
0,152.9
1,152.9
1,152.9
2,168.9
2,168.9
3,168.9
3,168.9
4,168.9
4,168.9
5,168.9
5,168.9
6,168.9
6,168.9
0,168.9
0,168.9
1,168.9
1,168.9
2,167.9
2,167.9
3,167.9
3,166.9
4,166.9
4,166.9
5,166.9
5,165.9
6,165.9
6,165.9
0,165.9
0,164.9
1,164.9
1,164.9
2,164.9
2,163.9
3,163.9
3,163.9
4,163.9
4,163.9
5,163.9
5,163.9
6,163.9
6,161.9
0,161.9
0,160.9
1,160.9
1,159.9
2,157.9
2,157.9
3,157.9
3,155.9
4,155.9
4,155.9
5,155.9
5,153.9
6,153.9
6,153.9
0,153.9
0,152.9
1,152.9
1,152.9
2,152.9
2,152.4
3,152.4
3,150.9
4,150.9
4,149.9
5,149.9
5,149.9
6,149.9
6,149.9
0,149.9
0,145.9
1,145.9
1,145.9
2,145.9
2,145.9
3,145.9
3,145.9
4,145.9
4,145.9
5,145.9
5,144.9
6,144.9
6,144.9
0,144.9
0,144.9
1,170.9
1,170.9
2,170.9
2,168.9
3,168.9
3,168.9
4,168.9
4,168.9
5,168.9
5,168.9
6,168.9
6,168.9
0,168.9
0,168.9
1,168.9
1,168.9
2,168.9
2,167.9
3,167.9
3,167.9
4,167.9
4,167.9
5,167.9
5,167.9
6,167.9
6,167.9
0,158.9
0,163.9
1,156.9
1,163.10000000000002
2,157.9
2,152.9
3,152.4
3,152.4
4,152.4
4,152.4
5,152.2
5,152.2
6,147.9
6,147.9
0,147.9
0,147.9
1,147.9
1,146.9
2,146.9
2,146.9
3,146.9
3,145.9
4,145.9
4,145.9
5,145.9
5,168.9
6,168.9
6,168.4
0,168.4
0,168.4
1,168.4
1,168.4
2,168.4
2,168.4
3,168.4
3,168.4
4,168.4
4,167.4
5,167.4
5,167.4
6,167.4
6,167.4
0,167.4
0,167.4
1,167.4
1,166.9
2,166.9
2,166.9
3,165.9
3,165.9
4,165.9
4,160.9
5,160.9
5,160.9
6,160.9
6,160.9
0,160.9
0,160.9
1,160.9
1,158.9
2,152.4
2,151.9
3,151.9
3,151.9
4,151.9
4,151.9
5,151.9
5,151.9
6,151.9
6,151.9
0,151.9
0,149.9
1,149.9
1,171.9
2,171.9
2,171.9
3,171.9
3,171.9
4,171.9
4,171.9
5,171.9
5,171.9
6,171.9
6,171.9
0,171.9
0,171.9
1,171.9
1,171.9
2,171.9
2,170.9
3,170.9
3,170.9
4,168.4
4,168.4
5,168.4
5,168.4
6,168.4
6,168.4
0,168.4
0,168.4
1,168.4
1,168.4
2,168.4
2,168.4
3,168.4
3,167.4
4,167.4
4,167.4
5,167.4
5,163.65
6,163.65
6,163.65
0,163.65
0,163.65
1,163.65
1,175.9
2,175.9
2,175.4
3,175.4
3,175.4
4,175.4
4,175.4
5,175.4
5,175.4
6,175.4
6,175.4
