0,0
0,0
1,0
1,0
2,0
2,0
3,133.8
3,133.8
4,133.8
4,133.8
5,132.9
5,132.9
6,130.9
6,130.9
0,130.85000000000002
0,130.85000000000002
1,130.35000000000002
1,130.35000000000002
2,127.9
2,127.9
3,126.9
3,126.9
4,125.9
4,125.9
5,124.9
5,124.9
6,123.9
6,123.9
0,123.7
0,123.7
1,123.7
1,123.7
2,123.7
2,123.7
3,123.7
3,123.7
4,123.7
4,123.7
5,122.9
5,122.9
6,122.9
6,121.9
0,121.9
0,121.9
1,121.9
1,121.9
2,121.9
2,121.9
3,121.9
3,121.9
4,121.9
4,121.9
5,121.9
5,121.9
6,121.9
6,121.9
0,121.9
0,121.9
1,121.9
1,121.9
2,121.9
2,121.9
3,121.9
3,121.9
4,121.9
4,121.9
5,121.9
5,121.9
6,121.9
6,121.9
0,121.9
0,121.9
1,121.9
1,121.9
2,121.9
2,121.9
3,147.9
3,147.9
4,147.9
4,147.9
5,147.9
5,147.9
6,147.9
6,145.9
0,121.95
0,121.95
1,121.95
1,121.95
2,121.95
2,121.95
3,121.95
3,121.95
4,121.95
4,121.5
5,121.5
5,121.5
6,121.5
6,121.5
0,121.5
0,121.5
1,121.5
1,121.5
2,121.5
2,121.5
3,121.5
3,121.5
4,121.5
4,121.5
5,121.5
5,121.5
6,121.5
6,121.5
0,121.5
0,121.5
1,121.5
1,121.5
2,121.5
2,121.5
3,121.5
3,121.5
4,121.5
4,121.5
5,121.5
5,121.5
6,121.5
6,121.5
0,121.5
0,121.5
1,121.5
1,121.5
2,121.5
2,121.5
3,121.5
3,121.5
4,121.5
4,121.5
5,121.5
5,121.5
6,121.5
6,121.5
0,121.5
0,121.5
1,121.5
1,121.5
2,121.5
2,121.5
3,121.5
3,121.5
4,121.5
4,121.5
5,121.5
5,121.5
6,121.5
6,121.5
0,121.5
0,121.5
1,121.5
1,121.5
2,121.5
2,121.5
3,121.5
3,121.5
4,121.5
4,121.5
5,121.5
5,121.5
6,121.5
6,121.5
0,121.5
0,121.5
1,121.5
1,121.5
2,121.5
2,121.5
3,121.5
3,121.5
4,121.5
4,121.5
5,121.5
5,121.5
6,121.5
6,121.5
0,121.5
0,121.5
1,121.5
1,121.5
2,121.5
2,121.5
3,121.5
3,121.5
4,121.5
4,121.5
5,121.5
5,121.5
6,121.5
6,121.5
0,121.5
0,121.5
1,121.5
1,121.5
2,121.5
2,121.5
3,121.5
3,121.5
4,121.5
4,121.5
5,121.5
5,121.5
6,121.5
6,121.5
0,121.5
0,121.5
1,121.5
1,121.5
2,121.5
2,121.5
3,121.5
3,121.5
4,121.5
4,121.5
5,121.5
5,121.5
6,121.5
6,121.5
0,121.5
0,121.5
1,121.5
1,121.5
2,121.5
2,121.5
3,121.5
3,121.5
4,121.5
4,121.5
5,121.5
5,121.5
6,121.5
6,121.5
0,121.5
0,121.5
1,121.5
1,121.5
2,121.5
2,121.5
3,121.5
3,121.5
4,121.5
4,121.5
5,121.5
5,121.5
6,121.5
6,121.5
0,139.3
0,139.2
1,139.2
1,139.2
2,139.2
2,139.2
3,139.2
3,139.2
4,139.2
4,139.2
5,139.2
5,139.2
6,139.2
6,139.2
0,139.2
0,139.2
1,139.2
1,149.9
2,149.9
2,149.9
3,149.9
3,149.9
4,147.9
4,147.9
5,145.9
5,145.9
6,145.9
6,145.9
0,145.9
0,145.9
1,145.9
1,145.9
2,145.9
2,145.9
3,145.9
3,145.9
4,145.9
4,145.9
5,145.9
5,145.9
6,145.9
6,145.9
0,143.7
0,143.7
1,142.7
1,142.7
2,142.7
2,142.7
3,142.2
3,141.64999999999998
4,141.64999999999998
4,141.64999999999998
5,141.64999999999998
5,141.64999999999998
6,141.64999999999998
6,141.64999999999998
0,141.64999999999998
0,141.64999999999998
1,141.64999999999998
1,141.64999999999998
2,141.64999999999998
2,141.64999999999998
3,141.64999999999998
3,141.64999999999998
4,141.64999999999998
4,141.64999999999998
5,141.64999999999998
5,141.64999999999998
6,141.64999999999998
6,164.9
0,164.9
0,164.9
1,164.9
1,163.7
2,163.7
2,163.5
3,163.5
3,163.5
4,162.9
4,162.9
5,161.9
5,161.9
6,161.9
6,161.9
0,161.9
0,161.9
1,161.9
1,161.9
2,161.9
2,161.9
3,160.4
3,160.4
4,159.7
4,159.7
5,159.7
5,159.7
6,159.7
6,159.7
0,159.7
0,157.9
1,157.9
1,157.9
2,157.9
2,157.8
3,157.8
3,157.8
4,157.8
4,157.8
5,157.8
5,157.8
6,157.8
6,157.8
0,157.5
0,157.5
1,157.5
1,157.5
2,157.5
2,157.5
3,156.9
3,156.9
4,154.9
4,154.9
5,154.9
5,154.9
6,154.9
6,154.9
0,152.7
0,151.9
1,151.9
1,151.5
2,151.5
2,151.29999999999998
3,151.29999999999998
3,151.29999999999998
4,149.3
4,145.9
5,144.9
5,144.9
6,144.9
6,144.9
0,144.9
0,144.9
1,144.9
1,144.9
2,144.9
2,144.9
3,144.9
3,144.9
4,144.9
4,144.9
5,144.9
5,144.9
6,144.9
6,144.9
0,144.9
0,144.9
1,144.9
1,144.9
2,144.9
2,144.9
3,144.9
3,144.9
4,144.9
4,144.9
5,144.9
5,144.9
6,144.9
6,144.9
0,144.9
0,143.4
1,143.4
1,143.4
2,143.4
2,143.4
3,143.4
3,143.4
4,143.4
4,143.4
5,143.4
5,143.4
6,143.4
6,143.4
0,143.4
0,143.4
1,143.4
1,143.4
2,143.4
2,143.4
3,143.4
3,143.4
4,143.4
4,143.4
5,143.4
5,143.4
6,143.4
6,143.4
0,143.4
0,143.4
1,143.4
1,143.4
2,143.4
2,143.4
3,143.4
3,143.4
4,143.4
4,143.4
5,143.4
5,143.4
6,143.4
6,143.4
0,139.9
0,139.9
1,139.9
1,139.9
2,139.9
2,139.9
3,139.9
3,139.9
4,139.9
4,139.9
5,139.9
5,139.9
6,139.9
6,139.9
0,139.9
0,138.9
1,138.9
1,138.9
2,138.9
2,138.9
3,138.9
3,138.9
4,138.9
4,138.9
5,138.9
5,138.9
6,138.9
6,138.9
0,138.9
0,138.9
1,138.9
1,138.9
2,138.9
2,138.9
3,138.9
3,137.9
4,137.9
4,137.9
5,137.9
5,137.9
6,137.9
6,137.9
0,137.9
0,157.9
1,157.9
1,157.9
2,157.9
2,157.9
3,155.9
3,155.9
4,155.9
4,155.9
5,155.9
5,155.9
6,155.9
6,155.9
0,155.9
0,155.9
1,141.9
1,141.9
2,141.9
2,141.9
3,141.9
3,141.9
4,141.9
4,141.9
5,141.9
5,141.9
6,141.9
6,141.9
0,141.9
0,141.9
1,141.9
1,157.9
2,157.9
2,157.9
3,157.9
3,157.9
4,157.9
4,157.4
5,157.4
5,157.4
6,157.4
6,157.4
0,157.4
0,157.4
1,157.4
1,157.4
2,157.4
2,157.4
3,157.4
3,157.4
4,157.4
4,157.4
5,157.4
5,157.4
6,157.4
6,157.4
0,152.9
0,152.9
1,152.9
1,152.9
2,152.9
2,152.9
3,152.9
3,152.9
4,152.9
4,152.9
5,152.9
5,152.9
6,152.9
6,152.9
0,152.9
0,146.9
1,144.5
1,144.5
2,144.5
2,144.5
3,144.5
3,144.5
4,144.5
4,144.5
5,144.5
5,144.5
6,144.5
6,144.5
0,144.5
0,144.5
1,143.7
1,143.7
2,140.8
2,138.9
3,137.4
3,135.4
4,133.9
4,133.9
5,133.9
5,133.9
6,133.9
6,133.9
0,133.9
0,133.9
1,133.9
1,132.7
2,132.7
2,132.7
3,159.9
3,159.9
4,159.9
4,159.9
5,159.9
5,159.9
6,159.9
6,159.9
0,132.7
0,142.8
1,142.8
1,142.8
2,142.8
2,142.8
3,142.8
3,142.8
4,142.8
4,142.8
5,142.8
5,142.8
6,142.8
6,131.7
0,131.7
0,130.7
1,130.7
1,130.7
2,130.7
2,130.7
3,130.7
3,130.7
4,130.7
4,130.7
5,130.7
5,130.7
6,130.7
6,130.7
0,130.7
0,130.7
1,130.7
1,130.7
2,130.7
2,130.6
3,130.6
3,130.6
4,126.7
4,126.7
5,126.7
5,126.7
6,126.7
6,126.7
0,125.7
0,125.7
1,125.6
1,125.6
2,125.6
2,125.6
3,125.6
3,125.6
4,125.6
4,125.6
5,125.6
5,125.6
6,125.6
6,125.6
0,125.6
0,125.6
1,125.6
1,125.6
2,125.6
2,125.6
3,125.6
3,125.6
4,125.6
4,149.9
5,149.9
5,149.9
6,149.9
6,149.9
0,125.6
0,139.9
1,125.6
1,125.6
2,125.6
2,125.6
3,125.6
3,125.6
4,125.6
4,125.6
5,125.6
5,125.6
6,125.6
6,125.6
0,125.6
0,125.6
1,125.6
1,125.6
2,125.6
2,125.6
3,125.6
3,125.6
4,125.6
4,149.9
5,149.9
5,149.9
6,137.4
6,137.4
0,124.9
0,124.9
1,124.9
1,124.9
2,124.9
2,124.9
3,124.9
3,124.5
4,124.5
4,124.5
5,124.2
5,124.2
6,123.9
6,123.9
0,123.9
0,123.9
1,123.9
1,123.9
2,123.9
2,123.9
3,123.9
3,123.9
4,123.9
4,123.9
5,123.9
5,123.9
6,123.9
6,123.9
0,123.9
0,123.9
1,123.9
1,152.9
2,152.9
2,152.9
3,152.9
3,152.9
4,152.9
4,152.9
5,141.4
5,143.9
6,143.9
6,143.9
0,143.9
0,143.9
1,143.4
1,143.4
2,142.9
2,140.9
3,139.9
3,139.9
4,137.23333333333335
4,137.23333333333335
5,135.4
5,135.4
6,134.9
6,133.4
0,132.7
0,132.7
1,132.2
1,131.5
2,131.5
2,130.9
3,130.4
3,128.9
4,127.9
4,127.9
5,127.9
5,127.9
6,127.9
6,127.9
0,127.7
0,126.9
1,126.9
1,126.9
2,126.4
2,126.4
3,125.9
3,125.9
4,125.9
4,125.9
5,125.9
5,125.9
6,125.9
6,125.9
0,125.9
0,125.9
1,125.9
1,139.9
2,139.9
2,139.9
3,139.9
3,139.9
4,139.9
4,139.9
5,139.9
5,139.9
6,139.9
6,139.9
0,139.9
0,139.9
1,139.9
1,139.9
2,139.9
2,139.9
3,139.9
3,139.9
4,139.9
4,139.9
5,139.9
5,139.9
6,139.9
6,139.9
0,137.5
0,137.5
1,136.9
1,135.4
2,135.4
2,134.5
3,134.5
3,133.9
4,133.9
4,133.9
5,133.9
5,132.9
6,132.9
6,132.9
0,131.9
0,131.9
1,131.9
1,131.9
2,131.9
2,131.9
3,131.9
3,131.9
4,131.9
4,131.9
5,131.9
5,131.9
6,131.9
6,131.9
0,131.9
0,131.9
1,131.9
1,131.9
2,131.9
2,145.8
3,145.8
3,145.8
4,131.7
4,131.7
5,131.7
5,131.7
6,131.7
6,131.7
0,131.7
0,131.7
1,131.7
1,131.7
2,131.7
2,131.7
3,131.7
3,131.7
4,131.7
4,131.7
5,131.7
5,131.7
6,131.7
6,131.7
0,131.7
0,131.7
1,131.7
1,131.7
2,131.7
2,131.7
3,131.7
3,131.7
4,131.7
4,162.9
5,162.9
5,162.9
6,162.9
6,162.9
0,162.9
0,162.9
1,162.9
1,162.9
2,162.9
2,162.9
3,162.9
3,162.9
4,162.9
4,162.9
5,162.9
5,162.9
6,162.9
6,162.9
0,162.9
0,162.9
1,162.9
1,162.9
2,161.15
2,161.15
3,159.9
3,159.9
4,159.9
4,159.9
5,159.9
5,159.9
6,159.9
6,159.9
0,159.9
0,153.9
1,152.9
1,151.9
2,150.4
2,150.4
3,148.9
3,147.9
4,146.9
4,146.9
5,144.9
5,144.9
6,144.9
6,144.9
0,141.9
0,140.9
1,139.9
1,139.9
2,138.9
2,137.9
3,137.9
3,137.9
4,137.9
4,137.9
5,135.9
5,135.9
6,135.9
6,135.9
0,135.9
0,153.9
1,153.9
1,153.9
2,153.9
2,152.4
3,152.4
3,152.4
4,152.4
4,152.4
5,152.4
5,152.4
6,152.4
6,152.4
0,152.4
0,152.4
1,152.4
1,152.4
2,152.4
2,152.4
3,152.3
3,152.3
4,152.3
4,152.3
5,149.9
5,149.9
6,149.9
6,149.9
0,146.9
0,146.9
1,145.9
1,144.9
2,144.9
2,143.9
3,143.7
3,168.9
4,168.9
4,168.9
5,168.9
5,168.9
6,168.9
6,168.9
0,168.9
0,168.9
1,168.9
1,166.9
2,166.9
2,166.9
3,166.9
3,166.9
4,166.9
4,166.9
5,166.9
5,166.9
6,166.9
6,166.9
0,166.9
0,166.9
1,166.9
1,166.9
2,166.9
2,166.9
3,166.9
3,166.9
4,166.9
4,166.9
5,166.9
5,166.9
6,166.9
6,166.9
0,166.9
0,166.9
1,166.9
1,166.9
2,163.9
2,163.9
3,163.9
3,163.9
4,163.9
4,160.9
5,160.9
5,160.9
6,160.9
6,160.9
0,160.9
0,160.9
1,160.9
1,160.9
2,160.9
2,160.9
3,160.9
3,160.9
4,160.9
4,160.9
5,160.9
5,168.9
6,168.9
6,168.9
0,168.9
0,168.9
1,168.9
1,168.9
2,168.9
2,168.9
3,168.9
3,168.9
4,168.9
4,168.9
5,168.9
5,168.9
6,168.9
6,168.9
0,166.9
0,166.9
1,160.9
1,160.9
2,160.9
2,160.9
3,157.9
3,157.9
4,157.9
4,157.9
5,157.9
5,157.9
6,157.9
6,157.9
0,157.9
0,157.9
1,157.9
1,157.9
2,157.9
2,157.9
3,154.9
3,154.9
4,154.9
4,154.9
5,154.9
5,154.9
6,154.9
6,150.9
0,150.9
0,150.9
1,150.9
1,150.9
2,150.9
2,150.9
3,150.9
3,150.9
4,150.9
4,150.9
5,150.9
5,150.9
6,150.9
6,150.9
0,150.9
0,150.9
1,150.9
1,150.9
2,150.9
2,150.9
3,150.9
3,150.9
4,150.9
4,150.9
5,150.9
5,150.9
6,150.9
6,150.9
0,150.9
0,150.9
1,150.9
1,150.9
2,150.9
2,150.9
3,150.9
3,168.9
4,168.9
4,168.9
5,168.9
5,168.9
6,168.9
6,168.9
0,168.9
0,168.9
1,167.9
1,167.9
2,166.9
2,166.9
3,166.9
3,166.9
4,165.9
4,165.9
5,165.9
5,165.9
6,165.9
6,165.9
0,163.9
0,163.9
1,163.9
1,163.9
2,163.9
2,160.4
3,156.7
3,154.15
4,151.9
4,151.9
5,151.9
5,151.9
6,147.9
6,147.9
0,147.9
0,147.9
1,147.9
1,147.9
2,147.9
2,146.4
3,146.4
3,146.4
4,143.9
4,143.9
5,143.9
5,143.9
6,143.9
6,142.9
0,142.9
0,170.9
1,170.9
1,170.9
2,170.9
2,170.9
3,170.9
3,170.9
4,170.9
4,161.7
5,161.7
5,161.7
6,161.7
6,161.7
0,161.7
0,161.7
1,161.7
1,161.7
2,158.9
2,156.9
3,156.9
3,154.9
4,154.9
4,154.9
5,154.9
5,154.9
6,154.9
6,154.9
0,152.9
0,152.9
1,152.9
1,152.9
2,152.9
2,152.9
3,150.9
3,150.9
4,150.9
4,150.9
5,150.9
5,150.9
6,150.9
6,150.9
0,150.9
0,150.9
1,150.9
1,150.9
2,150.9
2,150.9
3,150.9
3,150.9
4,150.9
4,171.9
5,171.9
5,171.9
6,171.9
6,170.9
0,170.9
0,170.9
1,170.9
1,170.9
2,170.9
2,170.9
3,168.9
3,168.9
4,168.9
4,168.9
5,168.9
5,168.9
6,168.9
6,168.9
0,168.9
0,168.9
1,168.9
1,168.9
2,167.9
2,167.9
3,167.9
3,167.9
4,167.9
4,167.9
5,167.9
5,167.9
6,167.9
6,167.9
0,165.9
0,163.9
1,163.9
1,163.9
2,162.9
2,162.9
3,162.9
3,170.9
4,170.9
4,170.9
5,170.9
5,170.9
6,170.9
6,170.9
