0,0
0,0
1,128.9
1,128.9
2,124.9
2,124.9
3,123.9
3,123.9
4,123.9
4,123.9
5,122.5
5,122.5
6,122.5
6,122.5
0,122.4
0,122.4
1,122.4
1,122.4
2,122.4
2,122.4
3,122.4
3,122.4
4,119.9
4,119.9
5,119.9
5,119.9
6,117.9
6,117.9
0,117.9
0,117.9
1,115.9
1,115.4
2,129.9
2,112.9
3,145.9
3,145.9
4,145.4
4,145.4
5,145.4
5,145.2
6,145.2
6,145.2
0,145.2
0,144.9
1,144.9
1,144.9
2,142.9
2,142.9
3,140.9
3,139.7
4,139.7
4,139.7
5,139.7
5,139.7
6,139.7
6,139.7
0,139.7
0,138.9
1,135.9
1,135.9
2,135.9
2,135.9
3,129.10000000000002
3,124.9
4,124.9
4,124.9
5,124.9
5,124.9
6,123.9
6,123.9
0,123.9
0,123.7
1,123.3
1,122.9
2,147.9
2,147.9
3,147.9
3,147.9
4,146.9
4,146.9
5,146.9
5,146.9
6,146.9
6,146.9
0,146.9
0,146.9
1,146.9
1,142.9
2,140.9
2,137.9
3,137.9
3,135.9
4,135.9
4,135.9
5,135.9
5,135.9
6,133.9
6,133.9
0,133.9
0,127.9
1,127.9
1,127.3
2,126.9
2,126.9
3,125.9
3,125.9
4,149.9
4,149.9
5,149.9
5,149.9
6,149.9
6,149.9
0,149.9
0,149.9
1,149.9
1,143.9
2,143.9
2,143.9
3,143.9
3,143.9
4,143.9
4,142.8
5,142.8
5,142.8
6,142.8
6,142.8
0,142.8
0,142.8
1,142.8
1,142.8
2,142.8
2,142.8
3,142.8
3,142.8
4,142.8
4,142.8
5,142.8
5,142.8
6,142.8
6,142.8
0,142.8
0,142.8
1,142.8
1,142.8
2,142.8
2,142.8
3,142.8
3,142.8
4,142.8
4,142.8
5,142.8
5,142.8
6,142.8
6,142.8
0,142.8
0,142.8
1,142.8
1,142.8
2,142.8
2,142.8
3,142.8
3,142.8
4,142.8
4,142.8
5,142.8
5,142.8
6,142.8
6,142.8
0,142.8
0,142.8
1,142.8
1,142.8
2,142.8
2,142.8
3,142.8
3,142.8
4,142.8
4,142.8
5,142.8
5,142.8
6,142.8
6,142.8
0,142.8
0,142.8
1,142.8
1,142.8
2,142.8
2,142.8
3,142.8
3,142.8
4,142.8
4,142.8
5,142.8
5,142.8
6,142.8
6,142.8
0,142.8
0,142.8
1,142.8
1,142.8
2,142.8
2,142.8
3,142.8
3,142.8
4,142.8
4,142.8
5,142.8
5,142.8
6,142.8
6,142.8
0,142.8
0,142.8
1,142.8
1,142.8
2,142.8
2,142.8
3,142.8
3,142.8
4,142.8
4,142.8
5,142.8
5,142.8
6,142.8
6,142.8
0,142.8
0,142.8
1,142.8
1,142.8
2,142.8
2,142.8
3,142.8
3,142.8
4,142.8
4,142.8
5,142.8
5,142.8
6,142.8
6,142.8
0,142.8
0,142.8
1,142.8
1,142.8
2,142.8
2,142.8
3,126.9
3,126.9
4,151.9
4,151.9
5,151.9
5,151.9
6,151.9
6,151.9
0,151.9
0,151.9
1,151.9
1,151.9
2,151.9
2,151.9
3,151.9
3,151.9
4,151.9
4,151.4
5,151.4
5,151.4
6,151.4
6,151.4
0,151.4
0,149.9
1,149.4
1,149.4
2,149.4
2,149.4
3,149.4
3,149.4
4,149.4
4,149.4
5,148.9
5,148.9
6,148.9
6,148.9
0,148.9
0,148.9
1,148.9
1,148.9
2,148.9
2,147.9
3,147.4
3,147.4
4,146.9
4,146.4
5,146.4
5,146.4
6,146.4
6,146.4
0,146.4
0,145.9
1,145.9
1,145.9
2,145.9
2,145.9
3,145.9
3,144.9
4,141.9
4,141.9
5,141.9
5,141.9
6,141.9
6,141.9
0,141.9
0,141.9
1,141.9
1,141.9
2,162.9
2,162.9
3,162.9
3,162.9
4,162.9
4,162.9
5,162.9
5,162.9
6,162.9
6,162.9
0,162.9
0,162.9
1,162.9
1,160.9
2,160.9
2,160.9
3,160.9
3,160.9
4,159.3
4,159.3
5,159.3
5,159.3
6,159.3
6,159.3
0,159.3
0,159.3
1,159.3
1,159.3
2,156.5
2,154.9
3,152.9
3,152.9
4,149.9
4,149.9
5,148.9
5,148.9
6,148.9
6,148.9
0,148.9
0,146.9
1,146.9
1,146.9
2,145.9
2,145.9
3,145.9
3,145.9
4,145.9
4,145.9
5,145.9
5,145.9
6,145.9
6,145.9
0,145.9
0,144.9
1,142.9
1,138.9
2,137.4
2,137.4
3,137.4
3,137.4
4,137.4
4,136.2
5,136.2
5,134.7
6,134.7
6,134.7
0,133.7
0,133.4
1,133.4
1,133.4
2,133.4
2,133.4
3,133.4
3,133.4
4,133.4
4,133.4
5,133.4
5,133.4
6,133.4
6,133.4
0,133.4
0,132.9
1,132.9
1,132.9
2,132.9
2,162.9
3,162.9
3,162.9
4,162.9
4,162.9
5,162.9
5,162.9
6,162.9
6,162.9
0,162.9
0,162.9
1,162.9
1,162.9
2,161.60000000000002
2,158.9
3,158.9
3,158.9
4,158.9
4,158.9
5,158.9
5,158.5
6,158.5
6,158.5
0,158.5
0,158.5
1,154.9
1,154.4
2,154.4
2,152.4
3,148.65
3,148.65
4,148.65
4,148.65
5,148.65
5,148.65
6,148.65
6,148.65
0,148.65
0,148.65
1,145.9
1,144.7
2,144.7
2,144.7
3,141.3
3,141.3
4,141.3
4,138.7
5,138.7
5,135.7
6,135.7
6,134.7
0,134.7
0,134.7
1,134.7
1,134.7
2,134.7
2,134.7
3,134.7
3,134.7
4,134.7
4,134.7
5,134.7
5,134.7
6,134.7
6,134.7
0,134.5
0,133.9
1,133.9
1,133.9
2,133.9
2,133.9
3,133.9
3,133.9
4,133.9
4,132.9
5,132.9
5,132.9
6,132.9
6,132.9
0,132.9
0,131.9
1,130.9
1,130.4
2,129.9
2,129.9
3,129.9
3,129.9
4,129.9
4,129.9
5,129.9
5,129.9
6,129.9
6,129.9
0,129.9
0,129.9
1,129.9
1,129.9
2,129.9
2,129.9
3,129.9
3,129.9
4,129.9
4,157.9
5,157.9
5,157.9
6,157.9
6,157.9
0,157.9
0,157.9
1,157.9
1,157.9
2,157.9
2,157.9
3,157.9
3,157.9
4,157.9
4,154.7
5,154.7
5,154.7
6,151.60000000000002
6,151.60000000000002
0,151.60000000000002
0,149.9
1,149.9
1,148.6
2,148.6
2,148.6
3,148.6
3,148.6
4,148.6
4,148.6
5,148.6
5,148.6
6,148.6
6,148.6
0,148.6
0,148.6
1,148.6
1,148.6
2,148.6
2,148.6
3,148.6
3,148.6
4,148.6
4,144.5
5,143.9
5,141.7
6,141.7
6,141.7
0,140.9
0,139.9
1,139.4
1,139.10000000000002
2,138.35000000000002
2,137.9
3,136.3
3,146.65
4,146.65
4,146.65
5,146.65
5,146.65
6,146.65
6,146.65
0,146.65
0,146.65
1,146.65
1,146.65
2,146.65
2,155.9
3,151.9
3,151.9
4,139.9
4,139.9
5,139.9
5,138.7
6,138.7
6,138.7
0,138.7
0,138.7
1,138.5
1,138.5
2,136.5
2,136.3
3,134.3
3,134.3
4,134.3
4,134.3
5,134.3
5,134.3
6,134.3
6,134.3
0,134.3
0,134.3
1,133.9
1,133.9
2,133.6
2,133.6
3,133.6
3,132.9
4,132.3
4,132.3
5,132.3
5,132.3
6,132.3
6,132.3
0,132.3
0,159.9
1,132.3
1,132.3
2,159.9
2,159.9
3,159.9
3,159.9
4,159.9
4,159.9
5,159.9
5,159.9
6,159.9
6,159.9
0,159.9
0,159.9
1,159.9
1,159.9
2,159.9
2,155.9
3,155.9
3,155.9
4,155.9
4,155.9
5,155.9
5,155.9
6,154.9
6,152.9
0,152.9
0,152.9
1,152.9
1,152.9
2,147.9
2,147.9
3,147.9
3,147.9
4,147.4
4,147.4
5,143.65
5,142.9
6,142.9
6,142.9
0,142.9
0,142.9
1,141.9
1,141.5
2,140.5
2,137.7
3,133.4
3,133.4
4,133.4
4,130.76666666666668
5,129.35000000000002
5,127.9
6,127.9
6,127.9
0,127.9
0,127.4
1,127.3
1,126.9
2,126.9
2,126.35
3,126.35
3,125.75
4,125.75
4,124.9
5,124.9
5,124.9
6,124.9
6,124.4
0,124.4
0,124.1
1,124.1
1,122.9
2,122.7
2,122.7
3,149.9
3,149.9
4,149.9
4,149.9
5,149.9
5,149.9
6,149.9
6,149.9
0,149.9
0,149.9
1,149.9
1,149.9
2,148.9
2,148.9
3,148.9
3,148.9
4,148.9
4,148.9
5,145.3
5,145.3
6,145.3
6,145.3
0,145.3
0,145.3
1,141.5
1,141.5
2,141.5
2,141.5
3,141.5
3,141.5
4,141.5
4,141.5
5,141.5
5,138.9
6,137.4
6,137.4
0,135.8
0,133.16666666666666
1,131.8
1,129.7
2,129.5
2,128.9
3,128.9
3,128.9
4,128.9
4,128.4
5,128.4
5,128.4
6,128.4
6,128.4
0,127.65
0,126.4
1,126.4
1,126.4
2,126.4
2,126.4
3,126.15
3,125.4
4,125.4
4,125.4
5,125.4
5,125.4
6,125.4
6,152.9
0,138.9
0,138.9
1,124.9
1,151.9
2,151.9
2,151.9
3,151.9
3,151.9
4,151.9
4,151.9
5,150.9
5,149.7
6,148.8
6,146.9
0,145.4
0,142.9
1,142.9
1,142.9
2,142.9
2,142.9
3,142.9
3,142.7
4,142.7
4,142.7
5,142.7
5,142.7
6,142.7
6,142.7
0,142.7
0,142.2
1,142.2
1,141.7
2,141.7
2,141.2
3,141.2
3,140.7
4,139.9
4,138.5
5,135.7
5,134.5
6,134.5
6,134.5
0,134.5
0,133.5
1,132.7
1,132.5
2,132.1
2,131.2
3,130.9
3,130.4
4,130.4
4,160.9
5,160.9
5,160.9
6,160.9
6,160.9
0,160.9
0,160.9
1,160.9
1,160.9
2,160.9
2,160.9
3,160.9
3,159.9
4,159.4
4,157.9
5,157.2
5,153.9
6,153.9
6,153.2
0,152.6
0,149.9
1,149.9
1,149.7
2,149.1
2,145.9
3,145.9
3,143.9
4,143.9
4,142.8
5,141.9
5,141.9
6,141.9
6,141.9
0,141.9
0,141.9
1,141.9
1,136.5
2,135.3
2,134.5
3,134.5
3,134.10000000000002
4,134.10000000000002
4,132.9
5,132.7
5,132.7
6,132.7
6,132.7
0,132.7
0,132.2
1,132.2
1,132.2
2,132.2
2,132.2
3,160.9
3,160.9
4,132.4
4,160.9
5,131.9
5,131.9
6,131.9
6,160.9
0,131.9
0,160.9
1,132.15
1,160.9
2,159.4
2,159.4
3,159.4
3,156.5
4,156.5
4,156.5
5,156.5
5,156.5
6,154.7
6,152.7
0,152.7
0,150.9
1,150.9
1,149.85
2,146.3
2,145.9
3,142.9
3,142.2
4,140.9
4,138.9
5,137.9
5,137.5
6,137.5
6,137.5
0,137.5
0,137.5
1,137.3
1,136.4
2,135.5
2,162.9
3,135.5
3,162.9
4,162.9
4,162.9
5,162.9
5,162.9
6,162.9
6,162.9
0,162.9
0,162.9
1,162.9
1,162.9
2,161.9
2,161.9
3,161.9
3,159.9
4,159.9
4,159.9
5,159.9
5,159.9
6,159.9
6,159.9
0,159.9
0,159.9
1,159.9
1,159.9
2,159.9
2,159.9
3,159.9
3,159.9
4,159.9
4,159.7
5,159.7
5,159.7
6,159.7
6,159.7
0,159.55
0,156.5
1,155.9
1,154.9
2,154.9
2,154.9
3,154.5
3,153.7
4,152.35
4,148.2
5,167.9
5,167.9
6,167.9
6,167.3
0,167.3
0,165.3
1,165.3
1,165.3
2,165.3
2,163.1
3,163.1
3,163.1
4,163.1
4,162.9
5,162.9
5,162.9
6,162.9
6,162.9
0,162.5
0,162.5
1,162.3
1,162.3
2,162.3
2,162.3
3,161.9
3,161.9
4,161.9
4,161.9
5,161.9
5,161.9
6,161.9
6,161.7
0,161.7
0,161.7
1,159.7
1,159.7
2,159.7
2,159.5
3,159.5
3,157.8
4,157.8
4,156.05
5,156.05
5,155.3
6,155.3
6,152.9
0,152.9
0,149.8
1,149.8
1,149.8
2,168.9
2,168.9
3,168.9
3,168.8
4,168.8
4,168.7
5,168.7
5,168.7
6,168.7
6,168.7
0,167.7
0,167.7
1,167.7
1,167.7
2,167.7
2,167.7
3,167.7
3,167.7
4,167.7
4,166.7
5,166.7
5,166.7
6,166.7
6,166.7
0,166.3
0,166.3
1,165.9
1,165.5
2,164.7
2,164.3
3,163.5
3,163.5
4,162.5
4,162.5
5,162.5
5,162.5
6,161.5
6,161.5
0,161.5
0,158.7
1,158.7
1,158.7
2,158.7
2,158.7
3,158.7
3,157.4
4,156.2
4,154.9
5,154.7
5,154.7
6,154.7
6,154.7
0,154.7
0,154.7
1,153.8
1,153.8
2,153.5
2,153.5
3,152.8
3,152.8
4,168.9
4,168.9
5,168.9
5,168.70000000000002
6,168.70000000000002
6,168.5
0,168.5
0,168.3
1,167.8
1,167.5
2,167.5
2,166.9
3,165.8
3,164.1
4,162.7
4,162.7
5,161.7
5,161.7
6,161.7
6,161.7
0,161.5
0,161.5
1,161.3
1,161.3
2,161.3
2,161.3
3,161.3
3,160.8
4,160.8
4,160.8
5,160.8
5,160.8
6,160.8
6,160.8
0,158.7
0,157.9
1,155.4
1,154.7
2,151.7
2,151.1
3,150.5
3,149.9
4,149.9
4,149.5
5,149.5
5,149.5
6,149.5
6,149.5
0,149.3
0,148.9
1,148.5
1,148.10000000000002
2,147.7
2,147.2
3,146.9
3,146.7
4,146.7
4,144.7
5,141.5
5,141.5
6,139.5
6,139.5
0,139.5
0,139.5
1,139.5
1,138.8
2,138.8
2,138.8
3,138.8
3,138.8
4,138.8
4,138.8
5,138.8
5,138.8
6,138.8
6,138.8
0,138.8
0,138.8
1,138.8
1,138.8
2,138.8
2,168.9
3,154.60000000000002
3,166.7
4,165.36666666666665
4,163.36666666666665
5,163.8
5,163.8
6,163.8
6,162.5
0,162.5
0,162.5
1,162.5
1,159.5
2,156.5
2,154.5
3,151.5
3,151.5
4,151.5
4,151.5
5,151.5
5,151.5
6,151.5
6,151.5
0,146.5
0,146.5
1,146.5
1,146.5
2,146.5
2,146.5
3,146.5
3,146.5
4,142.5
4,142.5
5,142.5
5,142.5
6,142.5
6,142.5
0,142.5
0,142.5
1,142.5
1,142.5
2,142.5
2,142.5
3,142.5
3,141.9
4,141.9
4,141.9
5,141.9
5,168.9
6,168.9
6,168.9
0,168.9
0,168.9
1,168.9
1,168.9
2,168.9
2,168.9
3,168.9
3,168.9
4,168.9
4,164.9
5,164.9
5,164.9
6,150.7
6,150.7
0,150.7
0,150.7
1,150.7
1,150.7
2,150.7
2,150.7
3,150.7
3,150.7
4,150.7
4,150.7
5,150.7
5,150.7
6,150.7
6,150.7
0,150.7
0,150.7
1,150.7
1,150.7
2,143.05
2,143.05
3,143.05
3,141.7
4,141.7
4,141.7
5,141.7
5,141.7
6,141.7
6,141.7
0,141.7
0,141.7
1,141.7
1,142.9
2,142.9
2,141.7
3,171.9
3,171.9
4,171.9
4,171.9
5,171.9
5,171.9
6,171.9
6,171.9
0,171.9
0,169.4
1,166.4
1,165.9
2,164.9
2,162.9
3,162.9
3,160.9
4,159.9
4,159.9
5,159.9
5,159.9
6,159.9
6,159.9
0,159.9
0,159.9
1,159.9
1,159.9
2,159.9
2,159.9
3,159.9
3,159.9
4,159.9
4,159.9
5,159.9
5,159.9
6,159.9
6,159.9
0,159.9
0,159.9
1,159.9
1,159.9
2,159.9
2,175.9
3,175.9
3,175.9
4,175.9
4,175.9
5,175.9
5,175.9
6,175.9
6,175.9
