0,0
0,115.2
1,115.2
1,115.2
2,115.2
2,114.8
3,114.8
3,114.8
4,114.8
4,114.8
5,114.8
5,114.8
6,114.8
6,114.1
0,114.1
0,113.2
1,113.2
1,113.2
2,113.2
2,113.2
3,113.2
3,113.2
4,113.2
4,113.2
5,113.2
5,113.2
6,113.2
6,113.2
0,113.2
0,113.2
1,113.2
1,113.2
2,145.9
2,145.9
3,145.9
3,145.9
4,145.4
4,145.4
5,145.4
5,145.4
6,145.4
6,144.9
0,144.9
0,144.9
1,144.15
1,144.15
2,144.15
2,138.7
3,138.7
3,135.55
4,132.7
4,132.7
5,132.7
5,132.7
6,132.7
6,132.7
0,132.7
0,127.6
1,127.5
1,123.75
2,123.75
2,123.75
3,123.75
3,123.75
4,123.75
4,123.75
5,123.75
5,123.75
6,123.75
6,123.75
0,123.75
0,123.75
1,119.9
1,119.9
2,119.9
2,119.9
3,145.9
3,145.9
4,145.4
4,145.4
5,145.4
5,144.9
6,142.9
6,142.9
0,142.9
0,141.9
1,140.9
1,139.9
2,139.9
2,139.9
3,138.3
3,133.05
4,130.7
4,130.7
5,130.7
5,130.7
6,130.7
6,130.7
0,130.7
0,130.7
1,130.7
1,129.9
2,127.9
2,124.4
3,124.4
3,124.4
4,149.9
4,149.9
5,149.9
5,149.9
6,149.9
6,149.4
0,149.4
0,149.4
1,149.4
1,149.4
2,149.4
2,149.4
3,149.4
3,147.9
4,144.3
4,144.3
5,144.3
5,144.3
6,144.3
6,144.3
0,144.3
0,144.3
1,144.3
1,144.3
2,144.3
2,144.3
3,144.3
3,144.3
4,144.3
4,144.3
5,144.3
5,144.3
6,144.3
6,144.3
0,144.3
0,144.3
1,144.3
1,144.3
2,144.3
2,144.3
3,144.3
3,144.3
4,144.3
4,144.3
5,144.3
5,144.3
6,144.3
6,144.3
0,144.3
0,144.3
1,144.3
1,144.3
2,144.3
2,144.3
3,144.3
3,144.3
4,144.3
4,144.3
5,144.3
5,144.3
6,144.3
6,144.3
0,144.3
0,144.3
1,144.3
1,144.3
2,144.3
2,144.3
3,144.3
3,144.3
4,144.3
4,144.3
5,144.3
5,144.3
6,144.3
6,144.3
0,144.3
0,144.3
1,144.3
1,144.3
2,144.3
2,144.3
3,144.3
3,144.3
4,144.3
4,144.3
5,144.3
5,144.3
6,144.3
6,144.3
0,144.3
0,144.3
1,144.3
1,144.3
2,144.3
2,144.3
3,144.3
3,144.3
4,144.3
4,144.3
5,144.3
5,144.3
6,144.3
6,144.3
0,144.3
0,144.3
1,144.3
1,144.3
2,144.3
2,144.3
3,144.3
3,144.3
4,144.3
4,144.3
5,144.3
5,144.3
6,144.3
6,144.3
0,144.3
0,144.3
1,144.3
1,144.3
2,144.3
2,144.3
3,144.3
3,144.3
4,144.3
4,144.3
5,144.3
5,144.3
6,144.3
6,144.3
0,144.3
0,144.3
1,144.3
1,144.3
2,144.3
2,144.3
3,144.3
3,144.3
4,144.3
4,144.3
5,144.3
5,151.9
6,151.9
6,151.9
0,151.9
0,151.9
1,151.9
1,151.9
2,151.9
2,151.9
3,151.9
3,149.4
4,149.4
4,149.4
5,149.4
5,149.4
6,149.4
6,149.4
0,149.4
0,149.4
1,149.4
1,149.4
2,147.9
2,147.9
3,147.9
3,147.9
4,147.9
4,147.9
5,144.9
5,144.9
6,144.9
6,144.9
0,144.9
0,141.5
1,141.5
1,141.5
2,141.5
2,141.5
3,141.5
3,141.5
4,141.5
4,141.5
5,141.5
5,141.5
6,141.5
6,138.7
0,138.7
0,138.7
1,138.7
1,138.7
2,138.7
2,138.7
3,138.7
3,138.7
4,138.7
4,138.7
5,138.7
5,138.7
6,138.7
6,138.7
0,138.7
0,138.7
1,138.7
1,138.7
2,138.7
2,138.7
3,162.9
3,162.9
4,156.9
4,156.9
5,159.9
5,159.9
6,159.9
6,159.9
0,159.9
0,158.2
1,156.9
1,156.9
2,156.9
2,156.9
3,156.9
3,155.9
4,155.9
4,155.9
5,155.9
5,155.9
6,155.9
6,155.9
0,155.9
0,155.9
1,155.9
1,155.9
2,151.4
2,151.4
3,151.4
3,151.4
4,149.3
4,149.3
5,149.3
5,149.3
6,149.3
6,149.3
0,149.3
0,149.3
1,149.3
1,146.9
2,144.9
2,140.8
3,140.8
3,140.7
4,140.7
4,140.5
5,140.5
5,140.5
6,139.4
6,139.4
0,136.3
0,136.3
1,136.3
1,136.3
2,136.3
2,135.9
3,135.9
3,135.9
4,134.3
4,134.3
5,134.3
5,134.3
6,134.3
6,134.3
0,134.3
0,134.3
1,134.3
1,134.3
2,134.3
2,162.9
3,131.3
3,131.3
4,131.3
4,131.3
5,131.3
5,131.3
6,131.3
6,131.3
0,131.3
0,131.3
1,131.3
1,131.3
2,131.3
2,131.3
3,131.3
3,162.9
4,162.9
4,162.9
5,162.9
5,162.9
6,162.9
6,162.9
0,162.9
0,162.9
1,162.9
1,162.9
2,160.16666666666666
2,160.16666666666666
3,160.16666666666666
3,160.16666666666666
4,160.16666666666666
4,160.16666666666666
5,160.16666666666666
5,160.16666666666666
6,160.16666666666666
6,160.16666666666666
0,160.16666666666666
0,160.16666666666666
1,160.16666666666666
1,160.16666666666666
2,160.16666666666666
2,160.16666666666666
3,153.8
3,153.8
4,149.7
4,149.7
5,149.7
5,149.7
6,149.7
6,149.7
0,149.7
0,149.7
1,147.9
1,147.9
2,143.9
2,143.9
3,142.3
3,142.3
4,142.3
4,142.3
5,142.3
5,142.3
6,142.3
6,142.3
0,139.4
0,139.4
1,139.4
1,139.4
2,137.2
2,136.9
3,135.1
3,133.9
4,133.9
4,133.9
5,132.9
5,132.9
6,132.9
6,132.9
0,132.9
0,132.9
1,132.9
1,131.8
2,131.8
2,131.8
3,131.8
3,131.8
4,131.8
4,131.8
5,131.8
5,131.8
6,131.8
6,131.8
0,130.7
0,130.7
1,129.6
1,129.6
2,129.6
2,129.6
3,128.3
3,128.3
4,128.3
4,128.3
5,128.3
5,128.3
6,128.3
6,128.3
0,128.3
0,127.2
1,127.2
1,127.2
2,127.2
2,127.2
3,127.2
3,127.2
4,127.2
4,127.2
5,127.2
5,157.9
6,157.9
6,157.9
0,155.9
0,155.9
1,153.2
1,153.2
2,153.2
2,153.2
3,149.9
3,149.9
4,149.9
4,146.6
5,146.6
5,146.6
6,146.6
6,146.6
0,146.6
0,146.6
1,146.6
1,146.6
2,145.9
2,145.9
3,145.9
3,145.9
4,145.9
4,145.9
5,145.9
5,145.9
6,145.9
6,145.9
0,145.9
0,145.9
1,145.9
1,145.9
2,145.9
2,144.9
3,144.9
3,144.9
4,142.05
4,140.9
5,140.2
5,140.2
6,140.2
6,140.2
0,140.2
0,140.2
1,140.2
1,140.2
2,139.9
2,135.1
3,133.8
3,133.8
4,133.8
4,133.8
5,133.8
5,133.8
6,133.8
6,133.8
0,133.8
0,157.4
1,157.4
1,157.4
2,155.9
2,155.9
3,154.9
3,154.9
4,147.4
4,147.4
5,147.4
5,147.4
6,147.4
6,147.4
0,147.4
0,143.2
1,142.8
1,139.9
2,139.4
2,139.4
3,139.4
3,139.4
4,137.0
4,137.0
5,137.0
5,137.0
6,137.0
6,137.0
0,136.2
0,134.2
1,134.2
1,134.2
2,132.1
2,132.1
3,132.1
3,132.1
4,132.1
4,132.1
5,132.1
5,132.1
6,132.1
6,132.1
0,132.1
0,132.1
1,132.1
1,132.1
2,132.1
2,159.9
3,159.9
3,159.9
4,159.9
4,159.9
5,159.9
5,159.9
6,159.9
6,159.9
0,155.2
0,155.2
1,155.2
1,154.7
2,151.7
2,151.2
3,151.2
3,147.55
4,147.55
4,146.8
5,146.8
5,146.3
6,146.3
6,146.3
0,146.3
0,145.8
1,145.8
1,143.95
2,143.95
2,143.95
3,143.95
3,142.1
4,142.1
4,141.6
5,141.6
5,141.6
6,141.1
6,141.1
0,138.4
0,137.9
1,137.9
1,137.4
2,137.4
2,136.9
3,136.9
3,136.9
4,136.9
4,136.4
5,136.4
5,135.9
6,135.9
6,135.9
0,135.9
0,135.9
1,134.9
1,134.9
2,133.9
2,133.9
3,133.9
3,133.9
4,133.9
4,133.9
5,133.9
5,133.9
6,133.9
6,133.9
0,133.9
0,133.9
1,133.9
1,133.9
2,133.9
2,129.9
3,129.9
3,149.9
4,149.4
4,149.4
5,149.4
5,149.4
6,149.4
6,149.4
0,149.4
0,149.4
1,149.4
1,149.4
2,144.2
2,144.2
3,144.2
3,144.2
4,144.2
4,144.2
5,144.2
5,144.2
6,143.4
6,142.9
0,138.3
0,134.2
1,134.2
1,134.2
2,129.5
2,129.5
3,126.7
3,126.7
4,126.7
4,126.7
5,126.7
5,126.7
6,126.7
6,126.7
0,126.7
0,126.7
1,126.15
1,126.15
2,125.19999999999999
2,125.19999999999999
3,124.8
3,124.8
4,124.8
4,124.8
5,124.8
5,124.8
6,124.8
6,124.8
0,124.8
0,124.8
1,124.8
1,124.8
2,124.8
2,124.8
3,124.8
3,124.8
4,124.8
4,124.8
5,124.8
5,124.8
6,124.8
6,124.8
0,124.8
0,124.8
1,124.8
1,152.9
2,152.9
2,152.9
3,152.4
3,152.4
4,149.65
4,149.65
5,147.4
5,147.4
6,147.4
6,147.4
0,147.4
0,147.4
1,147.4
1,147.4
2,147.4
2,147.4
3,147.4
3,147.4
4,147.4
4,146.65
5,146.4
5,146.4
6,143.9
6,143.9
0,140.9
0,140.9
1,140.4
1,140.4
2,140.4
2,140.4
3,140.4
3,140.4
4,140.4
4,139.4
5,139.4
5,139.4
6,139.4
6,139.4
0,139.4
0,139.4
1,139.4
1,128.9
2,128.9
2,128.4
3,128.4
3,128.4
4,128.4
4,128.4
5,144.65
5,144.65
6,160.9
6,160.9
0,160.4
0,160.4
1,159.9
1,159.9
2,159.9
2,158.9
3,158.4
3,158.4
4,156.9
4,156.9
5,155.9
5,155.9
6,155.9
6,155.9
0,155.9
0,155.9
1,155.9
1,155.9
2,155.9
2,155.9
3,153.9
3,153.9
4,153.9
4,153.9
5,153.9
5,153.9
6,153.9
6,153.9
0,151.9
0,146.9
1,142.2
1,142.2
2,141.9
2,141.9
3,141.9
3,141.9
4,141.9
4,141.9
5,141.9
5,141.9
6,141.9
6,141.9
0,141.9
0,141.9
1,141.9
1,141.9
2,141.9
2,140.4
3,140.4
3,140.4
4,140.4
4,140.4
5,140.4
5,140.4
6,140.4
6,140.4
0,140.4
0,160.9
1,159.9
1,159.9
2,159.9
2,159.4
3,157.9
3,157.9
4,157.9
4,157.9
5,157.9
5,157.9
6,157.9
6,144.7
0,144.7
0,144.7
1,141.9
1,141.9
2,141.9
2,139.9
3,139.9
3,139.9
4,139.9
4,139.9
5,139.4
5,139.4
6,139.4
6,139.4
0,139.4
0,139.4
1,139.4
1,139.4
2,139.4
2,139.4
3,139.4
3,139.4
4,139.4
4,162.9
5,162.9
5,162.9
6,162.9
6,162.4
0,162.4
0,162.4
1,162.4
1,162.4
2,162.4
2,162.4
3,162.4
3,162.4
4,162.4
4,159.9
5,159.9
5,159.9
6,159.9
6,159.9
0,159.9
0,159.9
1,159.9
1,159.9
2,159.9
2,159.9
3,157.9
3,157.9
4,155.9
4,155.9
5,155.9
5,155.9
6,155.9
6,155.9
0,155.9
0,153.4
1,153.4
1,151.9
2,151.9
2,151.9
3,151.9
3,151.9
4,149.9
4,149.9
5,149.9
5,149.9
6,149.9
6,167.9
0,167.9
0,167.8
1,167.8
1,167.8
2,167.8
2,167.8
3,167.8
3,167.8
4,167.8
4,167.8
5,167.8
5,167.8
6,167.8
6,167.8
0,167.8
0,167.8
1,167.4
1,167.4
2,167.4
2,167.4
3,167.4
3,167.4
4,167.4
4,158.9
5,158.9
5,158.9
6,158.9
6,158.9
0,158.9
0,158.9
1,158.9
1,158.9
2,158.9
2,158.9
3,149.9
3,149.9
4,149.9
4,149.9
5,149.9
5,149.9
6,149.9
6,149.9
0,149.9
0,149.9
1,149.9
1,150.9
2,150.9
2,150.9
3,150.9
3,168.9
4,168.9
4,168.9
5,168.9
5,168.9
6,168.9
6,168.9
0,168.9
0,168.9
1,168.9
1,168.9
2,168.9
2,168.9
3,168.9
3,168.9
4,168.9
4,168.9
5,168.9
5,168.9
6,168.9
6,168.9
0,168.9
0,168.9
1,168.9
1,168.9
2,164.9
2,161.8
3,155.39999999999998
3,149.6
4,147.4
4,144.3
5,143.3
5,143.3
6,143.3
6,143.3
0,142.8
0,142.8
1,141.7
1,141.7
2,141.7
2,140.8
3,140.8
3,140.8
4,140.8
4,140.8
5,139.7
5,139.7
6,139.7
6,139.7
0,139.7
0,139.7
1,139.2
1,139.2
2,139.2
2,139.2
3,139.2
3,139.2
4,139.2
4,168.9
5,168.9
5,168.9
6,168.9
6,168.9
0,168.9
0,168.9
1,168.9
1,168.9
2,168.9
2,168.9
3,168.9
3,168.9
4,168.9
4,168.9
5,168.9
5,168.9
6,168.9
6,168.9
0,168.9
0,168.9
1,168.9
1,168.9
2,163.9
2,163.9
3,163.9
3,163.9
4,162.9
4,160.9
5,160.9
5,160.9
6,160.9
6,160.9
0,160.9
0,160.9
1,160.9
1,160.9
2,160.9
2,160.9
3,160.9
3,160.9
4,160.9
4,160.9
5,160.9
5,160.9
6,160.9
6,160.9
0,158.9
0,158.9
1,156.9
1,156.9
2,152.75
2,152.75
3,152.75
3,152.75
4,152.75
4,152.75
5,152.75
5,152.75
6,152.75
6,152.75
0,152.75
0,152.75
1,146.6
1,146.6
2,146.3
2,146.3
3,146.3
3,146.3
4,146.3
4,146.3
5,146.3
5,146.3
6,146.3
6,146.3
0,146.3
0,146.3
1,146.3
1,146.3
2,146.3
2,168.9
3,168.9
3,168.9
4,168.9
4,168.9
5,168.9
5,168.9
6,168.9
6,168.9
0,168.9
0,168.9
1,168.9
1,168.9
2,168.9
2,168.9
3,166.9
3,166.9
4,166.9
4,166.9
5,165.9
5,165.9
6,165.9
6,163.9
0,163.9
0,159.4
1,159.3
1,158.8
2,156.3
2,154.2
3,153.7
3,152.85
4,152.85
4,152.85
5,152.1
5,151.6
6,151.6
6,151.6
0,151.4
0,150.9
1,150.4
1,149.9
2,149.9
2,149.9
3,149.9
3,149.9
4,149.9
4,149.9
5,149.9
5,149.9
6,149.9
6,168.9
0,168.9
0,168.9
1,168.9
1,168.9
2,168.4
2,168.4
3,166.1
3,166.1
4,165.25
4,165.25
5,163.4
5,163.4
6,162.9
6,157.4
0,157.4
0,157.4
1,157.4
1,157.4
2,152.3
2,148.9
3,148.9
3,148.9
4,148.9
4,148.9
5,148.9
5,148.9
6,148.9
6,148.9
0,148.9
0,148.9
1,148.9
1,148.9
2,145.7
2,145.7
3,145.7
3,145.7
4,145.7
4,145.7
5,145.7
5,145.7
6,145.7
6,145.7
0,145.7
0,142.6
1,141.4
1,140.8
2,140.8
2,140.8
3,140.8
3,140.8
4,140.8
4,171.9
5,171.9
5,171.9
6,171.9
6,170.9
0,170.9
0,170.9
1,170.9
1,165.2
2,165.2
2,164.8
3,164.8
3,164.8
4,164.8
4,164.8
5,164.8
5,164.8
6,164.8
6,164.8
0,164.8
0,162.9
1,156.9
1,156.9
2,156.9
2,156.9
3,156.9
3,154.9
4,154.9
4,152.9
5,152.9
5,152.9
6,152.9
6,152.9
0,151.9
0,151.9
1,151.9
1,150.9
2,150.9
2,150.9
3,150.9
3,175.9
4,175.9
4,175.9
5,175.9
5,175.9
6,175.9
6,175.9
