0,0
0,0
1,0
1,0
2,0
2,128.9
3,128.3
3,128.3
4,128.3
4,128.3
5,128.3
5,128.3
6,128.3
6,128.3
0,125.23333333333333
0,124.9
1,122.4
1,119.9
2,119.9
2,119.9
3,119.9
3,118.9
4,118.9
4,118.9
5,117.9
5,117.9
6,117.9
6,117.9
0,115.9
0,115.9
1,115.4
1,115.4
2,145.9
2,145.4
3,129.85
3,145.4
4,145.4
4,145.4
5,145.4
5,144.4
6,144.4
6,143.8
0,143.7
0,143.7
1,143.7
1,143.7
2,143.7
2,142.65
3,138.6
3,137.4
4,137.4
4,136.9
5,136.9
5,136.9
6,136.9
6,136.9
0,134.15
0,134.15
1,129.9
1,129.9
2,129.9
2,129.9
3,127.9
3,127.9
4,127.9
4,125.9
5,125.9
5,124.9
6,124.9
6,122.4
0,122.4
0,122.4
1,121.9
1,120.4
2,118.9
2,147.9
3,147.9
3,145.4
4,145.4
4,145.4
5,145.4
5,144.9
6,144.9
6,144.9
0,144.4
0,144.4
1,142.23333333333335
1,142.23333333333335
2,142.23333333333335
2,138.9
3,138.9
3,138.4
4,137.9
4,137.9
5,137.9
5,137.9
6,137.15
6,137.15
0,132.7
0,129.9
1,129.9
1,127.9
2,127.9
2,126.4
3,124.4
3,124.4
4,149.9
4,149.9
5,149.4
5,149.4
6,149.4
6,147.9
0,147.9
0,147.9
1,147.9
1,147.9
2,147.9
2,147.9
3,147.9
3,145.9
4,145.9
4,145.9
5,145.9
5,145.9
6,145.9
6,145.9
0,145.9
0,145.9
1,145.9
1,145.9
2,145.9
2,145.9
3,145.9
3,145.9
4,145.9
4,145.9
5,145.9
5,145.9
6,145.9
6,145.9
0,145.9
0,145.9
1,145.9
1,145.9
2,145.9
2,145.9
3,145.9
3,145.9
4,145.9
4,145.9
5,145.9
5,145.9
6,145.9
6,145.9
0,145.9
0,145.9
1,145.9
1,145.9
2,145.9
2,145.9
3,145.9
3,145.9
4,145.9
4,145.9
5,145.9
5,145.9
6,145.9
6,145.9
0,145.9
0,145.9
1,145.9
1,145.9
2,145.9
2,145.9
3,145.9
3,145.9
4,145.9
4,145.9
5,145.9
5,145.9
6,145.9
6,145.9
0,145.9
0,145.9
1,145.9
1,145.9
2,145.9
2,145.9
3,145.9
3,145.9
4,145.9
4,145.9
5,145.9
5,145.9
6,145.9
6,145.9
0,145.9
0,145.9
1,145.9
1,145.9
2,145.9
2,145.9
3,145.9
3,145.9
4,145.9
4,145.9
5,145.9
5,145.9
6,145.9
6,145.9
0,145.9
0,145.9
1,145.9
1,145.9
2,145.9
2,145.9
3,145.9
3,145.9
4,145.9
4,145.9
5,145.9
5,145.9
6,145.9
6,145.9
0,145.9
0,145.9
1,145.9
1,145.9
2,145.9
2,145.9
3,145.9
3,145.9
4,145.9
4,145.9
5,145.9
5,145.9
6,145.9
6,145.9
0,145.9
0,145.9
1,145.9
1,145.9
2,145.9
2,145.9
3,145.9
3,145.9
4,125.9
4,125.9
5,125.9
5,151.9
6,151.9
6,151.9
0,151.9
0,151.9
1,151.9
1,151.9
2,151.9
2,151.9
3,151.9
3,151.9
4,151.9
4,149.9
5,149.9
5,149.9
6,149.9
6,149.9
0,149.9
0,149.9
1,149.4
1,149.4
2,149.4
2,149.4
3,149.4
3,149.4
4,149.4
4,149.4
5,149.4
5,149.4
6,149.4
6,149.4
0,149.4
0,149.4
1,149.4
1,149.4
2,149.4
2,147.4
3,147.4
3,147.4
4,147.4
4,146.4
5,146.4
5,146.4
6,144.9
6,144.9
0,144.4
0,141.4
1,141.4
1,140.9
2,140.9
2,140.9
3,140.9
3,140.9
4,140.9
4,140.9
5,140.9
5,140.9
6,140.9
6,140.9
0,140.9
0,140.9
1,140.9
1,140.9
2,140.9
2,162.9
3,162.9
3,162.9
4,162.9
4,162.4
5,162.4
5,162.4
6,162.4
6,162.4
0,162.4
0,162.4
1,162.4
1,162.4
2,162.4
2,162.4
3,162.4
3,159.9
4,159.9
4,159.9
5,159.9
5,159.9
6,159.9
6,159.9
0,159.9
0,159.9
1,159.9
1,159.9
2,159.9
2,159.9
3,157.9
3,157.9
4,157.9
4,157.9
5,157.9
5,157.9
6,157.9
6,157.9
0,149.4
0,149.4
1,149.4
1,149.4
2,149.4
2,146.4
3,146.4
3,146.4
4,146.4
4,146.4
5,146.4
5,146.4
6,146.4
6,146.4
0,146.4
0,143.9
1,141.9
1,139.9
2,139.9
2,139.9
3,136.9
3,136.9
4,136.9
4,135.9
5,135.9
5,135.9
6,135.9
6,135.9
0,134.9
0,134.4
1,134.4
1,134.4
2,133.4
2,133.4
3,133.4
3,131.1
4,131.1
4,131.1
5,131.1
5,131.1
6,130.9
6,130.9
0,130.9
0,130.5
1,130.5
1,130.5
2,130.5
2,130.5
3,130.5
3,162.9
4,162.9
4,162.9
5,162.9
5,162.9
6,162.9
6,162.9
0,162.9
0,162.4
1,162.4
1,162.4
2,161.4
2,161.4
3,161.4
3,159.4
4,159.4
4,159.4
5,159.4
5,159.4
6,159.4
6,159.4
0,159.4
0,159.4
1,159.4
1,146.4
2,146.4
2,146.4
3,146.4
3,146.4
4,146.4
4,146.4
5,146.4
5,146.4
6,146.4
6,146.4
0,146.4
0,146.4
1,146.4
1,146.4
2,146.4
2,146.4
3,146.4
3,146.4
4,146.4
4,146.4
5,146.4
5,146.4
6,146.4
6,146.4
0,146.4
0,146.4
1,145.9
1,145.9
2,145.9
2,145.9
3,145.9
3,145.9
4,145.9
4,145.9
5,145.9
5,145.9
6,145.9
6,145.9
0,145.9
0,145.9
1,145.9
1,139.9
2,139.9
2,139.9
3,139.9
3,139.9
4,139.9
4,137.9
5,137.9
5,137.9
6,137.9
6,137.9
0,137.9
0,135.9
1,135.9
1,134.9
2,132.9
2,132.9
3,132.9
3,132.9
4,132.9
4,132.9
5,132.9
5,132.9
6,132.9
6,132.9
0,132.9
0,132.9
1,132.9
1,132.9
2,132.9
2,132.9
3,132.9
3,132.9
4,132.9
4,149.5666666666667
5,149.5666666666667
5,149.5666666666667
6,149.5666666666667
6,149.5666666666667
0,157.4
0,157.4
1,157.4
1,157.4
2,154.7
2,154.7
3,154.7
3,154.7
4,154.7
4,154.7
5,154.7
5,154.7
6,152.9
6,152.9
0,152.9
0,149.9
1,149.9
1,149.9
2,149.9
2,148.9
3,148.9
3,148.9
4,148.9
4,148.9
5,148.9
5,148.9
6,148.9
6,148.9
0,148.9
0,147.9
1,147.9
1,146.9
2,146.9
2,146.9
3,146.9
3,146.9
4,146.9
4,146.9
5,146.9
5,146.9
6,146.9
6,146.75
0,145.9
0,144.9
1,143.9
1,142.9
2,141.9
2,140.9
3,157.9
3,157.9
4,157.9
4,157.4
5,157.4
5,157.4
6,157.4
6,157.4
0,157.4
0,157.4
1,157.4
1,157.4
2,157.4
2,157.4
3,154.9
3,154.9
4,152.9
4,152.9
5,152.9
5,152.9
6,152.9
6,152.9
0,152.9
0,148.9
1,148.4
1,144.0
2,142.4
2,141.4
3,141.4
3,138.9
4,138.9
4,138.9
5,138.9
5,138.9
6,138.9
6,138.9
0,138.9
0,136.65
1,136.65
1,135.4
2,135.4
2,135.4
3,135.4
3,134.9
4,134.9
4,134.9
5,134.9
5,134.9
6,134.9
6,134.9
0,134.9
0,159.9
1,159.9
1,159.9
2,159.9
2,159.9
3,159.9
3,159.4
4,159.4
4,159.4
5,159.4
5,159.4
6,159.4
6,159.4
0,157.9
0,157.9
1,157.9
1,157.15
2,157.15
2,153.9
3,153.9
3,150.9
4,150.9
4,150.4
5,150.4
5,149.9
6,149.9
6,149.9
0,149.9
0,149.4
1,149.4
1,148.9
2,148.9
2,148.9
3,148.9
3,148.4
4,148.4
4,147.9
5,147.9
5,147.9
6,147.4
6,147.4
0,140.4
0,139.9
1,139.9
1,139.4
2,139.4
2,138.9
3,138.9
3,138.9
4,138.9
4,138.4
5,137.4
5,136.4
6,136.4
6,136.4
0,136.4
0,134.9
1,133.9
1,132.9
2,131.9
2,130.9
3,129.9
3,129.4
4,129.4
4,127.9
5,127.9
5,127.9
6,127.9
6,127.4
0,126.9
0,126.4
1,126.4
1,124.9
2,124.9
2,149.9
3,149.9
3,149.9
4,149.4
4,149.4
5,149.4
5,149.4
6,149.4
6,149.4
0,149.4
0,149.4
1,149.4
1,149.4
2,149.4
2,147.9
3,147.9
3,147.9
4,147.9
4,147.9
5,147.9
5,147.9
6,147.9
6,147.9
0,147.9
0,147.9
1,147.4
1,145.15
2,145.15
2,143.4
3,143.4
3,143.4
4,142.9
4,142.9
5,142.9
5,142.26666666666665
6,141.9
6,141.9
0,141.4
0,139.9
1,138.9
1,136.9
2,136.4
2,134.9
3,134.9
3,134.9
4,134.4
4,132.9
5,132.9
5,132.9
6,132.9
6,132.9
0,132.4
0,130.9
1,130.9
1,130.9
2,130.65
2,130.65
3,129.0666666666667
3,129.0666666666667
4,127.65
4,126.9
5,126.9
5,126.9
6,126.9
6,126.9
0,126.9
0,126.9
1,126.9
1,152.9
2,152.65
2,152.65
3,149.9
3,149.9
4,147.4
4,147.4
5,147.4
5,147.4
6,147.4
6,147.4
0,147.4
0,147.4
1,147.4
1,147.4
2,147.4
2,147.4
3,146.65
3,146.65
4,145.9
4,145.9
5,145.15
5,145.15
6,144.4
6,144.4
0,144.4
0,142.4
1,141.65
1,139.65
2,138.0666666666667
2,135.15
3,133.9
3,133.9
4,133.9
4,133.9
5,133.9
5,133.4
6,133.4
6,133.4
0,133.15
0,133.15
1,132.9
1,132.4
2,132.4
2,131.9
3,131.9
3,131.4
4,131.4
4,130.9
5,130.9
5,130.9
6,130.9
6,130.9
0,150.5666666666667
0,150.5666666666667
1,159.9
1,159.9
2,158.9
2,158.9
3,157.9
3,157.9
4,157.9
4,155.9
5,155.9
5,155.9
6,155.9
6,155.9
0,154.9
0,150.9
1,150.9
1,149.4
2,149.4
2,149.4
3,147.9
3,145.4
4,145.4
4,145.4
5,145.4
5,145.4
6,144.15
6,144.15
0,142.9
0,142.9
1,142.9
1,138.9
2,136.9
2,136.4
3,135.9
3,135.63333333333333
4,135.63333333333333
4,135.63333333333333
5,135.63333333333333
5,135.63333333333333
6,134.33333333333334
6,134.33333333333334
0,134.33333333333334
0,134.33333333333334
1,134.33333333333334
1,134.33333333333334
2,134.33333333333334
2,134.33333333333334
3,134.33333333333334
3,134.33333333333334
4,134.33333333333334
4,134.33333333333334
5,134.33333333333334
5,134.33333333333334
6,134.33333333333334
6,134.33333333333334
0,134.33333333333334
0,159.9
1,159.9
1,158.9
2,157.9
2,156.9
3,155.4
3,155.4
4,155.4
4,154.9
5,154.9
5,154.9
6,154.9
6,154.9
0,154.9
0,154.9
1,150.9
1,150.4
2,150.4
2,148.9
3,148.9
3,148.4
4,146.4
4,146.4
5,142.4
5,142.4
6,142.4
6,142.4
0,140.9
0,140.9
1,140.9
1,140.9
2,140.9
2,140.9
3,140.4
3,140.4
4,140.4
4,162.9
5,162.9
5,162.4
6,162.4
6,162.4
0,162.4
0,160.9
1,160.9
1,159.4
2,159.4
2,159.4
3,158.9
3,157.9
4,157.9
4,157.9
5,157.9
5,157.9
6,157.9
6,157.9
0,157.9
0,157.9
1,157.9
1,157.9
2,156.9
2,156.4
3,155.9
3,155.9
4,151.9
4,150.9
5,150.9
5,150.9
6,150.9
6,150.9
0,150.9
0,148.9
1,148.9
1,147.9
2,147.9
2,147.4
3,146.4
3,145.9
4,144.65
4,144.65
5,141.9
5,141.9
6,141.9
6,167.9
0,167.9
0,167.9
1,167.9
1,167.9
2,167.9
2,167.9
3,167.9
3,165.7
4,165.7
4,165.7
5,165.7
5,165.7
6,165.7
6,164.7
0,164.7
0,164.7
1,164.7
1,164.7
2,163.9
2,163.9
3,163.9
3,163.9
4,163.9
4,163.9
5,163.9
5,163.9
6,163.9
6,163.6
0,163.6
0,162.6
1,162.6
1,162.6
2,152.8
2,152.8
3,152.8
3,151.8
4,151.8
4,148.6
5,146.5
5,146.5
6,146.5
6,146.5
0,145.6
0,144.6
1,144.6
1,144.6
2,144.6
2,144.6
3,168.9
3,168.9
4,168.9
4,168.9
5,168.9
5,168.9
6,168.9
6,168.9
0,167.46666666666667
0,167.46666666666667
1,167.46666666666667
1,167.46666666666667
2,167.46666666666667
2,167.46666666666667
3,167.46666666666667
3,167.46666666666667
4,167.46666666666667
4,167.46666666666667
5,167.46666666666667
5,167.46666666666667
6,167.46666666666667
6,167.46666666666667
0,167.46666666666667
0,167.46666666666667
1,164.8
1,164.8
2,164.8
2,162.85000000000002
3,162.85000000000002
3,161.3
4,161.3
4,161.3
5,161.3
5,161.3
6,161.3
6,161.3
0,161.3
0,161.3
1,156.8
1,156.8
2,155.8
2,155.8
3,155.8
3,155.8
4,155.8
4,155.8
5,155.8
5,155.8
6,155.8
6,155.8
0,155.8
0,155.8
1,154.9
1,154.9
2,154.9
2,154.9
3,154.8
3,154.8
4,154.8
4,168.9
5,168.9
5,168.9
6,168.9
6,168.9
0,168.9
0,168.8
1,168.8
1,168.8
2,168.8
2,167.8
3,162.8
3,162.8
4,162.8
4,162.8
5,162.8
5,162.8
6,162.8
6,162.8
0,162.8
0,162.8
1,162.8
1,162.8
2,162.8
2,162.6
3,162.6
3,162.6
4,162.6
4,162.6
5,162.6
5,162.6
6,162.6
6,162.6
0,162.6
0,160.9
1,160.9
1,160.9
2,158.9
2,158.9
3,158.9
3,156.9
4,156.9
4,156.9
5,154.9
5,154.9
6,154.9
6,154.9
0,154.9
0,154.9
1,154.10000000000002
1,154.10000000000002
2,152.9
2,151.8
3,151.8
3,150.9
4,150.9
4,149.9
5,149.9
5,149.9
6,149.9
6,149.9
0,149.8
0,149.8
1,148.9
1,147.8
2,147.8
2,147.8
3,147.3
3,147.3
4,147.3
4,146.8
5,146.8
5,146.8
6,146.8
6,146.8
0,146.8
0,146.8
1,146.8
1,146.8
2,146.8
2,168.9
3,168.9
3,167.9
4,167.9
4,167.9
5,167.9
5,167.9
6,167.9
6,167.9
0,167.9
0,167.9
1,167.9
1,167.9
2,167.9
2,167.9
3,167.9
3,166.9
4,166.9
4,166.9
5,166.9
5,166.9
6,166.9
6,160.65
0,153.4
0,153.4
1,153.4
1,153.4
2,152.9
2,151.9
3,151.9
3,151.9
4,151.9
4,151.4
5,151.4
5,151.4
6,147.9
6,147.9
0,147.9
0,147.9
1,147.9
1,147.9
2,147.9
2,147.9
3,147.9
3,146.9
4,146.9
4,145.9
5,145.9
5,145.9
6,145.9
6,168.9
0,168.9
0,168.9
1,168.9
1,168.4
2,168.4
2,168.4
3,168.4
3,167.9
4,166.4
4,166.4
5,162.9
5,162.9
6,162.9
6,162.9
0,162.9
0,162.9
1,162.9
1,162.9
2,162.9
2,160.9
3,160.9
3,160.9
4,160.9
4,160.9
5,160.9
5,160.9
6,160.9
6,160.9
0,154.9
0,154.9
1,154.9
1,154.9
2,154.4
2,153.9
3,153.9
3,153.9
4,153.9
4,153.9
5,153.9
5,153.9
6,153.9
6,153.9
0,153.9
0,149.9
1,149.9
1,149.9
2,149.9
2,149.9
3,171.9
3,171.9
4,171.9
4,170.9
5,170.9
5,170.9
6,170.9
6,170.9
0,170.9
0,170.9
1,170.9
1,170.9
2,170.9
2,170.9
3,168.9
3,167.9
4,167.9
4,167.9
5,167.9
5,167.9
6,167.9
6,166.9
0,166.9
0,165.9
1,165.9
1,165.9
2,165.9
2,165.4
3,157.4
3,157.4
4,157.4
4,157.4
5,157.4
5,157.4
6,157.4
6,157.4
0,157.4
0,157.4
1,157.4
1,157.4
2,157.4
2,157.4
3,175.9
3,175.9
4,175.9
4,175.9
5,175.9
5,175.9
6,175.9
6,175.9
