0,131.7
0,131.7
1,131.7
1,131.7
2,131.7
2,131.7
3,131.7
3,131.7
4,129.9
4,129.9
5,129.9
5,129.9
6,129.9
6,129.9
0,129.9
0,125.9
1,125.9
1,125.9
2,119.9
2,119.9
3,119.9
3,119.9
4,119.9
4,119.9
5,119.9
5,119.9
6,119.9
6,117.9
0,116.9
0,116.9
1,116.9
1,116.9
2,115.7
2,115.7
3,145.9
3,145.9
4,145.7
4,145.7
5,144.3
5,144.3
6,144.3
6,144.3
0,144.3
0,144.3
1,143.7
1,143.7
2,143.5
2,143.5
3,143.3
3,139.9
4,139.9
4,137.9
5,137.9
5,137.9
6,137.9
6,135.9
0,135.9
0,135.9
1,133.9
1,133.9
2,133.9
2,133.9
3,133.9
3,133.9
4,133.9
4,129.9
5,129.9
5,129.9
6,129.9
6,129.9
0,129.9
0,127.3
1,125.9
1,125.9
2,125.9
2,125.9
3,145.9
3,145.9
4,145.9
4,145.7
5,145.7
5,144.7
6,143.9
6,143.9
0,143.7
0,143.7
1,143.7
1,143.7
2,143.7
2,143.7
3,140.7
3,140.7
4,137.7
4,135.7
5,135.7
5,135.7
6,135.7
6,135.7
0,134.7
0,134.7
1,134.7
1,134.7
2,132.7
2,132.7
3,124.9
3,124.9
4,149.9
4,149.9
5,147.7
5,147.7
6,147.7
6,147.7
0,147.7
0,147.7
1,147.7
1,147.7
2,147.7
2,147.7
3,147.7
3,145.7
4,145.7
4,145.7
5,145.7
5,145.7
6,145.7
6,145.7
0,145.7
0,145.7
1,145.7
1,145.7
2,145.7
2,145.7
3,145.7
3,145.7
4,145.7
4,145.7
5,145.7
5,145.7
6,145.7
6,145.7
0,145.7
0,145.7
1,145.7
1,145.7
2,145.7
2,145.7
3,145.7
3,145.7
4,145.7
4,145.7
5,145.7
5,145.7
6,145.7
6,145.7
0,145.7
0,145.7
1,145.7
1,145.7
2,145.7
2,145.7
3,145.7
3,145.7
4,145.7
4,145.7
5,145.7
5,145.7
6,145.7
6,145.7
0,145.7
0,145.7
1,145.7
1,145.7
2,145.7
2,145.7
3,145.7
3,145.7
4,145.7
4,145.7
5,145.7
5,145.7
6,145.7
6,145.7
0,145.7
0,145.7
1,145.7
1,145.7
2,145.7
2,145.7
3,145.7
3,145.7
4,145.7
4,145.7
5,145.7
5,145.7
6,145.7
6,145.7
0,145.7
0,145.7
1,145.7
1,145.7
2,145.7
2,145.7
3,145.7
3,145.7
4,145.7
4,145.7
5,145.7
5,145.7
6,145.7
6,145.7
0,145.7
0,145.7
1,145.7
1,145.7
2,145.7
2,145.7
3,145.7
3,145.7
4,145.7
4,145.7
5,145.7
5,145.7
6,145.7
6,145.7
0,145.7
0,145.7
1,145.7
1,145.7
2,145.7
2,145.7
3,145.7
3,145.7
4,145.7
4,145.7
5,145.7
5,145.7
6,145.7
6,145.7
0,145.7
0,145.7
1,145.7
1,145.7
2,145.7
2,145.7
3,145.7
3,145.7
4,145.7
4,145.7
5,151.9
5,151.9
6,151.9
6,151.9
0,151.9
0,151.9
1,151.9
1,151.9
2,151.9
2,151.9
3,151.9
3,151.9
4,151.9
4,151.9
5,151.9
5,151.9
6,151.9
6,151.9
0,151.9
0,151.9
1,151.9
1,151.9
2,149.9
2,149.9
3,149.9
3,149.9
4,149.9
4,149.9
5,149.9
5,149.9
6,149.9
6,149.9
0,149.9
0,149.9
1,149.9
1,149.9
2,149.9
2,149.9
3,149.9
3,149.9
4,147.9
4,147.9
5,147.9
5,147.9
6,147.9
6,147.9
0,147.9
0,146.7
1,146.7
1,144.9
2,144.9
2,144.9
3,144.9
3,144.9
4,144.9
4,142.9
5,142.9
5,142.9
6,142.9
6,142.9
0,142.9
0,142.9
1,142.9
1,141.9
2,141.9
2,141.9
3,141.9
3,162.9
4,162.9
4,161.9
5,161.9
5,160.9
6,160.9
6,160.9
0,161.7
0,161.7
1,161.7
1,160.7
2,160.7
2,158.7
3,158.7
3,158.7
4,158.7
4,158.3
5,158.3
5,158.3
6,157.9
6,157.9
0,157.9
0,157.9
1,157.9
1,157.9
2,157.9
2,157.9
3,157.9
3,157.9
4,157.9
4,157.9
5,157.9
5,157.9
6,157.9
6,157.9
0,157.9
0,157.9
1,156.2
1,156.2
2,156.2
2,156.2
3,149.9
3,149.9
4,147.9
4,147.9
5,147.9
5,145.9
6,145.9
6,145.9
0,145.9
0,143.4
1,143.4
1,140.85000000000002
2,140.85000000000002
2,140.85000000000002
3,138.85000000000002
3,138.8
4,138.8
4,137.9
5,137.9
5,137.9
6,137.9
6,137.9
0,137.9
0,137.9
1,137.9
1,137.9
2,137.9
2,137.9
3,137.9
3,137.9
4,137.9
4,162.9
5,162.9
5,138.9
6,138.9
6,137.9
0,137.9
0,137.9
1,137.9
1,137.9
2,137.9
2,137.9
3,137.9
3,137.9
4,137.9
4,162.9
5,160.9
5,160.9
6,160.9
6,160.9
0,160.9
0,160.9
1,160.9
1,160.9
2,160.9
2,160.9
3,160.9
3,160.9
4,159.3
4,159.3
5,159.3
5,159.3
6,159.3
6,159.3
0,159.3
0,159.3
1,158.5
1,157.9
2,157.9
2,157.9
3,157.9
3,156.9
4,156.9
4,156.9
5,156.9
5,156.9
6,156.9
6,156.9
0,153.9
0,153.9
1,151.9
1,151.9
2,151.9
2,149.9
3,149.9
3,147.9
4,147.9
4,147.9
5,147.9
5,147.9
6,147.9
6,147.9
0,147.9
0,147.9
1,147.9
1,147.9
2,147.9
2,147.9
3,147.9
3,147.9
4,147.9
4,147.9
5,147.9
5,147.9
6,147.9
6,147.9
0,145.9
0,145.9
1,142.9
1,142.9
2,142.9
2,142.9
3,139.9
3,139.9
4,139.9
4,137.9
5,137.9
5,137.9
6,137.9
6,137.9
0,137.9
0,135.9
1,135.9
1,134.9
2,132.9
2,132.9
3,132.9
3,132.9
4,132.9
4,132.9
5,132.9
5,132.9
6,132.9
6,132.9
0,132.9
0,132.9
1,132.9
1,132.9
2,132.9
2,132.9
3,132.9
3,132.9
4,132.9
4,157.9
5,157.9
5,157.9
6,157.9
6,157.9
0,157.9
0,157.9
1,157.9
1,157.9
2,157.9
2,157.9
3,157.9
3,157.9
4,153.9
4,153.9
5,153.9
5,153.9
6,153.9
6,153.9
0,153.9
0,153.9
1,153.9
1,153.9
2,153.9
2,153.9
3,153.9
3,153.9
4,149.9
4,149.9
5,149.9
5,149.9
6,149.9
6,149.9
0,149.9
0,149.9
1,149.9
1,149.9
2,149.9
2,149.9
3,149.9
3,149.9
4,149.9
4,149.9
5,149.9
5,149.9
6,149.9
6,149.9
0,146.9
0,145.9
1,144.9
1,143.9
2,157.9
2,157.9
3,157.9
3,157.9
4,157.9
4,157.9
5,157.9
5,157.9
6,157.9
6,157.9
0,157.9
0,157.9
1,157.9
1,157.9
2,157.9
2,155.9
3,155.9
3,153.9
4,153.9
4,153.9
5,153.9
5,153.9
6,153.9
6,153.9
0,149.9
0,149.9
1,149.9
1,147.7
2,147.7
2,147.7
3,145.7
3,145.7
4,145.7
4,145.7
5,145.7
5,145.7
6,145.7
6,145.7
0,142.9
0,142.9
1,142.9
1,142.9
2,142.9
2,142.9
3,142.9
3,141.9
4,137.9
4,137.9
5,137.9
5,137.9
6,137.9
6,137.9
0,137.9
0,137.9
1,159.9
1,159.9
2,159.9
2,159.9
3,159.9
3,159.9
4,159.9
4,159.9
5,159.9
5,159.9
6,159.9
6,155.9
0,155.9
0,155.9
1,155.9
1,155.9
2,153.9
2,153.9
3,153.9
3,153.9
4,151.9
4,151.9
5,151.9
5,151.9
6,151.9
6,151.9
0,151.9
0,151.9
1,151.9
1,151.9
2,146.9
2,146.9
3,146.9
3,146.9
4,146.9
4,146.9
5,144.9
5,144.9
6,144.9
6,144.9
0,144.9
0,144.9
1,144.9
1,144.9
2,144.9
2,144.9
3,142.9
3,142.9
4,139.9
4,139.9
5,139.9
5,139.9
6,139.9
6,139.9
0,139.9
0,137.9
1,135.9
1,133.9
2,132.9
2,131.9
3,131.9
3,131.9
4,131.9
4,130.9
5,130.9
5,130.9
6,130.9
6,130.9
0,129.9
0,129.9
1,129.9
1,129.9
2,129.9
2,129.9
3,149.9
3,149.9
4,149.9
4,149.9
5,149.4
5,149.4
6,149.4
6,147.4
0,147.4
0,147.4
1,147.4
1,147.4
2,147.4
2,147.4
3,147.4
3,147.4
4,148.65
4,147.4
5,144.9
5,144.9
6,144.9
6,144.9
0,144.9
0,144.9
1,144.9
1,144.9
2,144.9
2,144.9
3,144.9
3,142.7
4,140.3
4,140.3
5,140.3
5,139.4
6,139.4
6,139.4
0,139.4
0,137.9
1,137.9
1,136.9
2,136.4
2,134.9
3,134.9
3,134.9
4,134.4
4,132.9
5,132.9
5,132.9
6,132.4
6,132.4
0,131.9
0,130.9
1,130.9
1,130.9
2,130.65
2,130.65
3,130.4
3,129.9
4,137.4
4,137.4
5,152.9
5,152.9
6,152.9
6,152.9
0,152.9
0,152.9
1,152.9
1,152.9
2,152.9
2,152.9
3,152.9
3,152.9
4,151.23333333333335
4,151.23333333333335
5,149.9
5,148.4
6,147.9
6,147.9
0,147.9
0,147.9
1,147.9
1,147.9
2,147.9
2,147.9
3,147.9
3,147.9
4,145.4
4,145.4
5,142.9
5,142.9
6,142.9
6,142.9
0,142.9
0,142.9
1,142.9
1,142.4
2,142.4
2,141.9
3,141.9
3,141.4
4,141.4
4,139.65
5,139.65
5,138.9
6,135.9
6,135.9
0,135.9
0,135.2
1,135.2
1,134.7
2,134.7
2,134.2
3,134.2
3,133.7
4,133.7
4,133.2
5,133.2
5,133.2
6,133.2
6,160.9
0,160.4
0,160.4
1,159.9
1,159.9
2,159.9
2,159.9
3,159.9
3,159.9
4,159.9
4,157.9
5,156.4
5,156.4
6,154.9
6,154.9
0,154.9
0,154.9
1,154.9
1,154.9
2,154.9
2,152.9
3,149.9
3,149.9
4,146.9
4,146.9
5,146.9
5,146.9
6,146.9
6,146.9
0,143.9
0,143.9
1,141.9
1,137.9
2,137.9
2,134.9
3,134.9
3,133.9
4,133.9
4,133.9
5,133.9
5,133.9
6,133.9
6,133.9
0,133.9
0,133.9
1,133.9
1,133.9
2,133.9
2,133.9
3,133.9
3,160.9
4,160.9
4,160.9
5,160.9
5,160.9
6,160.9
6,160.9
0,159.9
0,159.9
1,155.9
1,155.9
2,155.9
2,155.9
3,155.9
3,155.9
4,155.9
4,155.9
5,155.9
5,155.9
6,155.9
6,155.9
0,153.9
0,153.9
1,153.9
1,153.9
2,153.9
2,153.9
3,149.9
3,149.9
4,149.9
4,149.9
5,149.9
5,149.9
6,149.9
6,145.9
0,145.9
0,145.9
1,142.9
1,142.9
2,142.9
2,142.9
3,152.4
3,152.4
4,152.4
4,152.4
5,152.4
5,152.4
6,152.4
6,152.4
0,152.4
0,152.4
1,152.4
1,160.9
2,160.9
2,157.9
3,157.9
3,155.9
4,155.9
4,154.9
5,154.9
5,154.9
6,154.9
6,154.9
0,154.9
0,154.9
1,154.9
1,154.9
2,154.9
2,154.9
3,154.9
3,154.9
4,154.9
4,154.9
5,154.9
5,154.9
6,154.9
6,154.9
0,154.9
0,151.9
1,151.4
1,151.4
2,151.4
2,151.4
3,151.4
3,150.4
4,148.15
4,148.15
5,148.15
5,148.15
6,167.9
6,167.9
0,167.9
0,167.9
1,167.9
1,167.9
2,167.9
2,165.9
3,163.9
3,163.9
4,165.9
4,165.9
5,165.9
5,165.9
6,165.9
6,165.9
0,165.9
0,165.9
1,165.9
1,165.9
2,165.9
2,165.9
3,165.9
3,163.9
4,163.9
4,163.9
5,163.9
5,163.9
6,163.9
6,163.9
0,163.9
0,163.9
1,160.9
1,160.9
2,158.9
2,158.9
3,158.9
3,158.9
4,158.9
4,156.95
5,156.95
5,156.95
6,156.95
6,156.95
0,156.95
0,155.9
1,155.9
1,155.9
2,155.9
2,156.9
3,168.9
3,168.9
4,168.9
4,168.9
5,168.9
5,168.9
6,168.9
6,168.9
0,168.9
0,168.9
1,168.9
1,168.9
2,168.9
2,168.9
3,165.9
3,164.9
4,164.9
4,163.9
5,163.9
5,163.9
6,163.9
6,163.9
0,163.9
0,162.9
1,161.9
1,161.9
2,161.9
2,160.9
3,160.9
3,159.9
4,158.9
4,158.9
5,158.9
5,157.9
6,157.9
6,157.9
0,157.9
0,157.9
1,157.9
1,157.9
2,157.9
2,157.9
3,157.9
3,157.9
4,157.9
4,156.9
5,156.9
5,156.9
6,155.9
6,155.9
0,155.9
0,155.9
1,154.9
1,154.9
2,168.9
2,168.9
3,168.9
3,168.9
4,168.9
4,168.9
5,168.7
5,168.9
6,168.9
6,168.7
0,167.9
0,167.9
1,166.9
1,166.5
2,166.5
2,166.5
3,165.9
3,165.7
4,165.7
4,165.7
5,165.7
5,165.7
6,164.7
6,164.7
0,164.7
0,164.7
1,164.7
1,164.5
2,164.5
2,164.5
3,164.5
3,164.5
4,164.5
4,164.5
5,164.5
5,164.5
6,164.5
6,164.5
0,164.5
0,160.8
1,160.8
1,159.7
2,159.7
2,159.7
3,159.7
3,159.7
4,159.7
4,159.7
5,159.7
5,159.7
6,159.7
6,159.7
0,153.7
0,150.9
1,150.9
1,150.9
2,150.9
2,150.4
3,150.4
3,150.4
4,150.4
4,149.9
5,149.9
5,149.9
6,149.9
6,149.9
0,146.9
0,146.9
1,146.9
1,146.9
2,146.9
2,146.9
3,146.9
3,146.9
4,146.9
4,146.9
5,146.9
5,146.9
6,146.9
6,146.9
0,146.9
0,146.9
1,146.9
1,170.9
2,168.9
2,168.9
3,168.9
3,168.9
4,168.9
4,168.9
5,168.9
5,168.9
6,168.9
6,168.9
0,168.9
0,168.9
1,168.9
1,168.9
2,168.9
2,168.9
3,164.9
3,164.9
4,164.9
4,160.9
5,160.9
5,160.9
6,160.9
6,158.9
0,158.7
0,155.7
1,155.7
1,151.2
2,151.2
2,151.2
3,151.2
3,151.2
4,151.2
4,151.2
5,151.2
5,151.2
6,147.9
6,147.9
0,147.9
0,147.9
1,145.9
1,145.7
2,145.7
2,145.7
3,145.7
3,145.7
4,145.7
4,145.6
5,145.6
5,145.6
6,168.9
6,168.9
0,168.9
0,168.7
1,166.5
1,166.5
2,166.5
2,164.7
3,164.7
3,164.7
4,164.7
4,164.7
5,164.7
5,164.7
6,164.7
6,164.7
0,164.7
0,164.7
1,161.96666666666667
1,161.96666666666667
2,161.96666666666667
2,160.5
3,160.5
3,160.5
4,160.5
4,158.9
5,158.7
5,158.7
6,158.7
6,158.7
0,158.7
0,158.7
1,158.7
1,158.7
2,158.7
2,156.7
3,156.7
3,156.7
4,156.7
4,156.7
5,156.7
5,156.7
6,156.7
6,156.7
0,154.7
0,154.7
1,154.7
1,150.9
2,150.9
2,150.9
3,150.9
3,171.9
4,171.9
4,170.9
5,170.9
5,170.9
6,170.9
6,170.9
0,170.9
0,168.3
1,167.5
1,167.5
2,167.5
2,167.5
3,164.9
3,164.9
4,164.9
4,164.9
5,164.9
5,163.9
6,163.9
6,163.9
0,163.9
0,163.9
1,163.9
1,163.9
2,163.9
2,163.9
3,163.9
3,163.9
4,163.9
4,163.9
5,163.9
5,163.9
6,163.9
6,163.9
0,163.9
0,163.9
1,163.9
1,163.9
2,163.9
2,175.9
3,175.9
3,172.9
4,172.9
4,172.9
5,171.9
5,170.9
6,170.9
6,168.9
