0,125.9
0,124.9
1,122.45
1,122.45
2,119.9
2,119.9
3,119.9
3,119.9
4,118.1
4,118.1
5,118.1
5,118.1
6,118.1
6,118.1
0,118.1
0,118.1
1,116.4
1,116.4
2,116.4
2,116.4
3,115.9
3,115.15
4,115.15
4,115.15
5,115.15
5,115.15
6,115.15
6,115.15
0,115.15
0,115.15
1,114.4
1,114.4
2,145.9
2,145.9
3,145.9
3,145.9
4,145.4
4,145.4
5,144.8
5,144.8
6,144.8
6,144.5
0,142.9
0,142.9
1,139.9
1,136.5
2,134.9
2,133.9
3,132.4
3,132.4
4,131.7
4,131.7
5,129.9
5,129.9
6,129.9
6,129.9
0,128.9
0,127.9
1,126.8
1,125.9
2,125.9
2,125.9
3,122.15
3,122.15
4,122.15
4,122.15
5,122.15
5,122.15
6,122.15
6,120.5
0,119.9
0,119.9
1,119.9
1,118.9
2,152.25
2,153.21666666666667
3,154.02222222222224
3,154.02222222222224
4,145.4
4,145.4
5,144.9
5,144.9
6,144.9
6,141.9
0,141.9
0,141.9
1,141.9
1,139.9
2,139.9
2,138.3
3,136.9
3,134.9
4,134.9
4,134.9
5,134.9
5,134.9
6,134.9
6,133.3
0,130.4
0,126.4
1,126.4
1,126.4
2,126.4
2,126.4
3,122.9
3,121.4
4,149.9
4,149.9
5,149.9
5,149.9
6,148.9
6,147.9
0,147.9
0,147.9
1,146.9
1,146.9
2,146.9
2,143.9
3,143.9
3,143.9
4,142.9
4,142.9
5,142.9
5,142.9
6,142.9
6,142.9
0,142.9
0,142.9
1,142.9
1,142.9
2,142.9
2,142.9
3,142.9
3,142.9
4,142.9
4,142.9
5,142.9
5,142.9
6,142.9
6,142.9
0,142.9
0,142.9
1,142.9
1,142.9
2,142.9
2,142.9
3,142.9
3,142.9
4,142.9
4,142.9
5,142.9
5,142.9
6,142.9
6,142.9
0,142.9
0,142.9
1,142.9
1,142.9
2,142.9
2,142.9
3,142.9
3,142.9
4,142.9
4,142.9
5,142.9
5,142.9
6,142.9
6,142.9
0,142.9
0,142.9
1,142.9
1,142.9
2,142.9
2,142.9
3,142.9
3,142.9
4,142.9
4,142.9
5,142.9
5,142.9
6,142.9
6,142.9
0,142.9
0,142.9
1,142.9
1,142.9
2,142.9
2,142.9
3,142.9
3,142.9
4,142.9
4,142.9
5,142.9
5,142.9
6,142.9
6,142.9
0,142.9
0,142.9
1,142.9
1,142.9
2,142.9
2,142.9
3,142.9
3,142.9
4,142.9
4,142.9
5,142.9
5,142.9
6,142.9
6,142.9
0,142.9
0,142.9
1,142.9
1,142.9
2,142.9
2,142.9
3,142.9
3,142.9
4,142.9
4,142.9
5,142.9
5,142.9
6,142.9
6,142.9
0,142.9
0,142.9
1,142.9
1,142.9
2,142.9
2,142.9
3,142.9
3,142.9
4,142.9
4,142.9
5,142.9
5,142.9
6,142.9
6,142.9
0,142.9
0,142.9
1,142.9
1,142.9
2,142.9
2,142.9
3,142.9
3,142.9
4,142.9
4,142.9
5,142.9
5,138.4
6,138.4
6,138.4
0,138.4
0,138.4
1,138.4
1,138.4
2,138.4
2,138.4
3,138.4
3,138.4
4,138.4
4,138.4
5,138.4
5,138.4
6,138.4
6,151.4
0,149.9
0,149.9
1,149.9
1,149.9
2,149.9
2,147.9
3,147.9
3,143.9
4,140.4
4,140.4
5,140.4
5,140.4
6,140.4
6,140.4
0,136.9
0,135.5
1,135.5
1,135.5
2,135.5
2,133.9
3,132.5
3,132.5
4,132.5
4,132.5
5,132.5
5,132.5
6,132.5
6,132.5
0,132.5
0,132.3
1,132.3
1,132.3
2,132.3
2,132.3
3,131.8
3,131.8
4,131.8
4,131.8
5,131.5
5,131.5
6,131.5
6,131.5
0,131.5
0,131.5
1,131.5
1,131.5
2,131.5
2,131.5
3,131.5
3,162.9
4,162.9
4,159.9
5,159.9
5,159.9
6,159.9
6,159.7
0,158.7
0,157.6
1,157.6
1,156.7
2,156.7
2,156.7
3,156.7
3,156.7
4,156.7
4,156.7
5,156.7
5,156.7
6,156.7
6,156.7
0,155.9
0,155.5
1,155.5
1,155.5
2,155.5
2,155.5
3,151.7
3,151.7
4,148.7
4,148.7
5,148.7
5,148.7
6,148.7
6,148.7
0,148.7
0,137.9
1,137.4
1,137.4
2,137.4
2,137.4
3,137.4
3,137.4
4,137.4
4,137.4
5,137.10000000000002
5,137.10000000000002
6,137.10000000000002
6,136.7
0,136.7
0,135.7
1,135.7
1,134.7
2,134.7
2,133.7
3,133.7
3,133.7
4,133.7
4,132.7
5,132.7
5,132.7
6,132.7
6,132.7
0,132.7
0,131.7
1,131.7
1,131.7
2,131.7
2,131.7
3,131.7
3,131.7
4,131.7
4,131.7
5,131.7
5,131.7
6,131.7
6,131.7
0,131.10000000000002
0,130.5
1,130.5
1,130.5
2,130.5
2,130.5
3,130.5
3,130.5
4,130.5
4,162.9
5,162.9
5,162.9
6,162.9
6,162.9
0,162.9
0,162.9
1,162.9
1,157.96666666666667
2,155.5
2,154.5
3,150.7
3,147.5
4,146.7
4,145.9
5,145.9
5,145.9
6,145.9
6,144.5
0,144.5
0,144.5
1,144.5
1,143.7
2,143.7
2,142.7
3,139.9
3,139.9
4,139.9
4,139.9
5,139.9
5,139.9
6,139.9
6,139.9
0,139.9
0,139.9
1,139.9
1,139.9
2,135.35000000000002
2,135.35000000000002
3,135.35000000000002
3,135.35000000000002
4,135.35000000000002
4,135.35000000000002
5,134.8
5,134.5
6,134.5
6,134.5
0,134.3
0,133.9
1,133.4
1,133.4
2,133.4
2,133.4
3,133.4
3,133.4
4,132.9
4,132.7
5,132.7
5,132.7
6,132.5
6,132.5
0,132.3
0,131.9
1,131.7
1,131.0
2,131.0
2,130.1
3,130.1
3,130.1
4,130.1
4,130.1
5,130.1
5,130.1
6,130.1
6,130.1
0,130.1
0,129.26666666666668
1,129.26666666666668
1,127.9
2,127.6
2,126.7
3,126.7
3,126.7
4,126.7
4,126.7
5,126.7
5,126.5
6,126.5
6,126.5
0,126.3
0,126.3
1,126.3
1,126.3
2,126.3
2,126.3
3,125.9
3,125.9
4,157.9
4,157.9
5,157.9
5,157.9
6,157.9
6,155.9
0,155.9
0,155.9
1,154.9
1,154.9
2,153.4
2,153.4
3,149.4
3,147.9
4,147.9
4,147.7
5,147.7
5,147.7
6,147.5
6,147.5
0,146.5
0,146.3
1,145.7
1,145.4
2,145.4
2,145.4
3,144.9
3,144.6
4,142.9
4,142.7
5,142.7
5,142.7
6,142.7
6,142.7
0,142.7
0,141.70000000000002
1,140.7
1,140.7
2,140.7
2,140.0
3,138.1
3,136.5
4,136.5
4,136.5
5,136.5
5,136.5
6,136.5
6,136.5
0,135.70000000000002
0,134.9
1,134.03333333333333
1,133.03333333333333
2,131.70000000000002
2,131.70000000000002
3,131.70000000000002
3,131.70000000000002
4,130.70000000000002
4,130.70000000000002
5,130.70000000000002
5,130.70000000000002
6,130.70000000000002
6,157.9
0,155.8
0,155.8
1,155.8
1,155.8
2,155.8
2,152.20000000000002
3,151.3
3,151.3
4,151.3
4,149.8
5,149.8
5,149.8
6,149.8
6,149.8
0,148.15
0,146.70000000000002
1,145.4
1,143.8
2,141.9
2,140.9
3,135.2
3,131.5
4,130.7
4,130.7
5,130.7
5,130.7
6,130.7
6,130.7
0,130.7
0,130.7
1,130.7
1,129.7
2,129.7
2,129.7
3,129.7
3,129.7
4,129.7
4,129.7
5,129.7
5,129.7
6,129.10000000000002
6,128.5
0,128.5
0,128.3
1,159.9
1,159.9
2,159.9
2,159.9
3,159.9
3,159.9
4,157.9
4,157.9
5,157.9
5,157.9
6,157.9
6,157.9
0,153.9
0,152.9
1,152.9
1,151.3
2,151.3
2,151.3
3,149.7
3,147.9
4,145.05
4,145.05
5,145.05
5,145.05
6,143.7
6,142.7
0,142.7
0,142.1
1,142.1
1,141.1
2,140.1
2,139.8
3,138.7
3,138.0
4,136.7
4,136.2
5,136.2
5,136.2
6,136.2
6,136.2
0,133.8
0,132.85000000000002
1,132.1
1,130.7
2,130.15
2,129.5
3,129.15
3,128.7
4,128.4
4,127.25
5,125.9
5,125.7
6,125.7
6,125.7
0,125.7
0,125.7
1,125.7
1,124.80000000000001
2,124.80000000000001
2,124.05000000000001
3,124.05000000000001
3,124.05000000000001
4,124.05000000000001
4,124.05000000000001
5,124.05000000000001
5,124.05000000000001
6,124.05000000000001
6,124.05000000000001
0,124.05000000000001
0,124.05000000000001
1,124.05000000000001
1,121.6
2,121.6
2,121.6
3,121.6
3,121.6
4,149.4
4,149.4
5,149.4
5,149.4
6,149.4
6,149.4
0,148.9
0,147.9
1,147.9
1,143.9
2,143.7
2,142.63333333333333
3,141.0
3,141.0
4,141.0
4,139.7
5,139.7
5,139.7
6,139.7
6,139.7
0,137.34
0,135.70000000000002
1,133.8
1,133.15
2,132.7
2,132.7
3,132.7
3,132.7
4,132.7
4,132.7
5,132.7
5,132.7
6,132.7
6,132.7
0,132.7
0,129.8
1,129.7
1,128.8
2,128.1
2,125.80000000000001
3,125.2
3,125.2
4,124.7
4,124.7
5,124.6
5,124.6
6,124.03333333333335
6,124.03333333333335
0,123.7
0,123.7
1,123.6
1,122.9
2,122.9
2,122.9
3,122.9
3,122.9
4,122.9
4,152.9
5,152.9
5,152.9
6,152.9
6,152.9
0,152.9
0,152.9
1,152.9
1,152.9
2,152.9
2,152.9
3,151.4
3,151.4
4,148.9
4,148.9
5,147.9
5,147.9
6,147.9
6,147.9
0,146.23333333333335
0,142.4
1,140.9
1,138.35000000000002
2,137.75
2,136.2
3,135.2
3,135.2
4,134.2
4,134.2
5,133.7
5,133.7
6,133.7
6,133.7
0,133.7
0,133.7
1,133.7
1,133.7
2,133.7
2,133.7
3,132.55
3,132.55
4,132.55
4,132.55
5,130.8
5,130.8
6,130.8
6,130.8
0,129.8
0,129.4
1,129.4
1,129.4
2,129.4
2,128.9
3,128.9
3,127.9
4,127.9
4,127.9
5,127.9
5,160.9
6,160.9
6,160.9
0,160.2
0,160.2
1,159.5
1,159.5
2,159.5
2,156.9
3,153.9
3,151.8
4,150.86666666666667
4,148.9
5,148.4
5,148.4
6,147.9
6,147.9
0,146.9
0,144.9
1,144.4
1,144.4
2,143.9
2,143.9
3,142.9
3,142.9
4,141.9
4,139.9
5,139.9
5,139.9
6,139.9
6,138.9
0,138.35000000000002
0,136.9
1,135.0666666666667
1,135.0666666666667
2,133.9
2,132.9
3,131.73333333333335
3,131.73333333333335
4,129.9
4,129.9
5,129.9
5,129.9
6,129.9
6,129.9
0,129.9
0,129.9
1,129.9
1,128.9
2,128.9
2,128.9
3,128.9
3,160.9
4,160.9
4,160.9
5,160.9
5,160.9
6,160.9
6,160.9
0,160.9
0,160.9
1,160.9
1,158.9
2,157.9
2,157.9
3,157.9
3,151.9
4,149.7
4,147.2
5,147.2
5,145.2
6,145.2
6,145.2
0,145.2
0,145.2
1,145.2
1,145.2
2,145.2
2,143.8
3,143.2
3,143.2
4,138.4
4,137.9
5,137.4
5,137.4
6,135.9
6,135.4
0,135.3
0,134.9
1,134.15
1,134.15
2,132.9
2,132.9
3,131.9
3,131.9
4,131.9
4,162.9
5,162.9
5,162.9
6,162.9
6,162.9
0,162.9
0,162.9
1,162.4
1,159.9
2,159.9
2,158.8
3,158.8
3,158.8
4,158.8
4,158.4
5,158.4
5,158.4
6,158.4
6,158.4
0,158.4
0,158.4
1,158.4
1,158.4
2,158.4
2,158.4
3,155.9
3,155.9
4,151.4
4,151.4
5,147.16666666666666
5,147.16666666666666
6,145.9
6,145.55
0,144.9
0,144.7
1,144.7
1,144.7
2,144.7
2,144.7
3,143.8
3,142.36666666666665
4,142.36666666666665
4,140.9
5,139.4
5,139.4
6,167.9
6,167.9
0,167.9
0,167.9
1,165.9
1,161.9
2,161.9
2,159.9
3,159.9
3,159.9
4,159.9
4,159.9
5,159.9
5,159.9
6,159.9
6,159.9
0,158.9
0,157.9
1,157.9
1,157.9
2,157.9
2,157.9
3,157.9
3,155.9
4,153.7
4,153.7
5,153.7
5,153.7
6,153.7
6,153.7
0,152.8
0,151.7
1,150.8
1,149.8
2,147.7
2,147.7
3,147.7
3,147.7
4,146.8
4,144.8
5,143.9
5,143.7
6,143.7
6,143.7
0,142.8
0,141.8
1,141.4
1,141.4
2,141.4
2,141.9
3,141.9
3,168.9
4,168.9
4,168.9
5,168.9
5,168.9
6,168.9
6,168.9
0,168.9
0,168.9
1,168.4
1,166.9
2,166.9
2,166.9
3,165.9
3,162.9
4,162.9
4,159.9
5,158.9
5,158.9
6,158.9
6,158.9
0,158.9
0,157.4
1,157.4
1,156.4
2,156.4
2,156.4
3,155.9
3,154.9
4,153.9
4,152.9
5,152.9
5,151.9
6,150.9
6,150.9
0,148.9
0,148.9
1,148.9
1,146.9
2,145.9
2,145.9
3,144.9
3,142.9
4,140.9
4,140.9
5,140.9
5,140.9
6,139.9
6,139.9
0,139.9
0,139.9
1,139.9
1,139.6
2,139.3
2,138.9
3,138.4
3,153.4
4,153.4
4,153.4
5,153.4
5,153.4
6,153.4
6,153.4
0,153.4
0,153.4
1,153.4
1,153.4
2,153.4
2,153.4
3,153.4
3,153.4
4,165.9
4,161.9
5,161.9
5,160.9
6,160.9
6,155.9
0,155.9
0,154.7
1,153.33333333333334
1,151.5
2,149.5
2,148.9
3,148.7
3,148.4
4,147.9
4,146.70000000000002
5,145.9
5,145.9
6,144.9
6,144.9
0,144.9
0,143.70000000000002
1,143.70000000000002
1,143.3
2,143.3
2,143.3
3,143.3
3,143.3
4,143.3
4,143.3
5,142.9
5,141.9
6,141.9
6,141.9
0,141.9
0,141.7
1,141.7
1,141.4
2,140.9
2,140.9
3,140.9
3,140.9
4,140.9
4,140.9
5,140.9
5,140.9
6,140.9
6,140.9
0,140.9
0,140.9
1,140.9
1,140.9
2,140.9
2,140.9
3,140.9
3,140.9
4,140.9
4,140.9
5,140.7
5,140.7
6,140.5
6,140.5
0,140.5
0,140.5
1,140.5
1,140.5
2,140.5
2,168.9
3,168.9
3,168.9
4,168.9
4,167.9
5,167.9
5,167.9
6,167.9
6,167.9
0,167.9
0,167.4
1,167.4
1,167.4
2,166.9
2,160.9
3,160.9
3,155.9
4,155.9
4,155.9
5,155.9
5,155.9
6,155.9
6,154.4
0,152.9
0,152.9
1,152.9
1,150.9
2,148.4
2,146.1
3,145.9
3,143.7
4,140.9
4,140.9
5,138.7
5,138.7
6,138.7
6,138.7
0,138.7
0,138.7
1,138.7
1,138.7
2,138.7
2,138.7
3,138.7
3,138.7
4,138.7
4,138.7
5,138.7
5,138.7
6,168.9
6,168.9
0,168.9
0,168.9
1,168.9
1,168.9
2,167.9
2,165.9
3,165.9
3,159.4
4,159.4
4,159.4
5,159.4
5,159.4
6,146.3
6,146.3
0,144.3
0,141.60000000000002
1,140.7
1,140.7
2,140.7
2,140.7
3,140.3
3,140.3
4,140.3
4,140.3
5,140.3
5,140.3
6,140.3
6,140.3
0,140.3
0,139.5
1,140.9
1,140.9
2,140.9
2,140.9
3,140.9
3,140.9
4,140.9
4,140.9
5,140.9
5,140.9
6,140.9
6,140.9
0,140.9
0,140.9
1,140.9
1,140.9
2,140.9
2,140.9
3,140.9
3,171.9
4,171.9
4,171.9
5,171.9
5,171.9
6,171.9
6,169.76666666666668
0,169.76666666666668
0,169.76666666666668
1,164.9
1,162.7
2,160.7
2,160.7
3,158.8
3,158.8
4,158.8
4,156.9
5,156.7
5,156.7
6,156.7
6,156.7
0,155.7
0,155.7
1,155.7
1,152.9
2,150.8
2,150.8
3,150.8
3,150.8
4,150.8
4,150.8
5,150.8
5,150.8
6,150.8
6,150.8
0,150.7
0,150.7
1,150.7
1,150.7
2,147.9
2,175.9
3,175.9
3,175.9
4,175.9
4,175.9
5,170.9
5,170.9
6,170.9
6,170.9
