0,119.9
0,119.9
1,119.9
1,119.9
2,119.9
2,119.9
3,119.9
3,119.9
4,119.9
4,119.9
5,119.9
5,119.9
6,119.9
6,119.9
0,119.9
0,119.9
1,118.4
1,118.4
2,118.4
2,118.4
3,118.4
3,118.4
4,118.4
4,118.4
5,118.4
5,118.4
6,118.4
6,118.4
0,118.4
0,118.4
1,117.4
1,117.4
2,117.4
2,116.9
3,116.5
3,116.5
4,116.5
4,116.5
5,116.5
5,116.5
6,116.5
6,116.5
0,116.5
0,116.5
1,116.5
1,116.5
2,116.5
2,116.5
3,116.5
3,116.5
4,116.5
4,116.5
5,116.5
5,116.5
6,116.5
6,116.5
0,116.5
0,116.5
1,116.5
1,116.5
2,116.5
2,116.5
3,116.5
3,116.5
4,116.5
4,116.5
5,116.5
5,116.5
6,116.5
6,116.5
0,116.5
0,116.5
1,116.5
1,116.5
2,116.5
2,116.5
3,116.5
3,147.9
4,116.5
4,116.5
5,116.5
5,116.5
6,116.5
6,116.5
0,116.5
0,116.5
1,116.5
1,116.5
2,116.5
2,116.5
3,116.5
3,116.5
4,116.5
4,116.5
5,116.5
5,116.5
6,116.5
6,116.5
0,116.5
0,116.5
1,116.5
1,116.5
2,116.5
2,116.5
3,116.5
3,116.5
4,116.5
4,116.5
5,116.5
5,116.5
6,116.5
6,116.5
0,116.5
0,116.5
1,116.5
1,116.5
2,116.5
2,116.5
3,116.5
3,116.5
4,116.5
4,116.5
5,116.5
5,116.5
6,116.5
6,116.5
0,116.5
0,116.5
1,116.5
1,116.5
2,116.5
2,116.5
3,116.5
3,116.5
4,116.5
4,116.5
5,116.5
5,116.5
6,116.5
6,116.5
0,116.5
0,116.5
1,116.5
1,116.5
2,116.5
2,116.5
3,116.5
3,116.5
4,116.5
4,116.5
5,116.5
5,116.5
6,116.5
6,116.5
0,116.5
0,116.5
1,116.5
1,116.5
2,116.5
2,116.5
3,116.5
3,116.5
4,116.5
4,116.5
5,116.5
5,116.5
6,116.5
6,116.5
0,116.5
0,116.5
1,116.5
1,116.5
2,116.5
2,116.5
3,116.5
3,116.5
4,116.5
4,116.5
5,116.5
5,116.5
6,116.5
6,116.5
0,116.5
0,116.5
1,116.5
1,116.5
2,116.5
2,116.5
3,116.5
3,116.5
4,116.5
4,116.5
5,116.5
5,116.5
6,116.5
6,116.5
0,116.5
0,116.5
1,116.5
1,116.5
2,116.5
2,116.5
3,116.5
3,116.5
4,116.5
4,116.5
5,116.5
5,116.5
6,116.5
6,116.5
0,116.5
0,116.5
1,116.5
1,116.5
2,116.5
2,116.5
3,116.5
3,116.5
4,116.5
4,116.5
5,116.5
5,116.5
6,116.5
6,116.5
0,116.5
0,116.5
1,116.5
1,116.5
2,116.5
2,116.5
3,116.5
3,116.5
4,116.5
4,116.5
5,116.5
5,116.5
6,116.5
6,116.5
0,116.5
0,116.5
1,116.5
1,116.5
2,116.5
2,116.5
3,116.5
3,116.5
4,116.5
4,116.5
5,116.5
5,116.5
6,116.5
6,116.5
0,116.5
0,116.5
1,116.5
1,116.5
2,116.5
2,116.5
3,116.5
3,116.5
4,116.5
4,116.5
5,116.5
5,116.5
6,116.5
6,116.5
0,116.5
0,116.5
1,116.5
1,149.9
2,149.9
2,149.9
3,149.9
3,149.9
4,147.9
4,139.5
5,139.5
5,139.5
6,139.5
6,139.5
0,139.5
0,139.5
1,139.5
1,139.5
2,139.5
2,139.5
3,139.5
3,139.5
4,139.5
4,139.5
5,139.5
5,139.5
6,139.5
6,139.5
0,139.5
0,139.5
1,139.5
1,139.5
2,139.5
2,139.5
3,139.5
3,139.5
4,139.5
4,139.5
5,139.5
5,139.5
6,139.5
6,139.5
0,139.5
0,139.5
1,139.5
1,139.5
2,139.5
2,139.5
3,139.5
3,139.5
4,139.5
4,139.5
5,139.5
5,164.9
6,164.9
6,164.9
0,164.9
0,164.9
1,164.9
1,164.9
2,164.9
2,164.9
3,164.9
3,164.9
4,159.9
4,159.9
5,159.9
5,159.9
6,159.9
6,159.9
0,159.9
0,159.9
1,159.9
1,159.9
2,159.9
2,159.9
3,159.9
3,159.9
4,159.9
4,159.9
5,159.9
5,159.9
6,159.9
6,159.9
0,159.9
0,159.9
1,159.9
1,159.9
2,159.9
2,157.9
3,157.9
3,157.9
4,157.9
4,157.9
5,157.9
5,157.9
6,157.9
6,157.9
0,157.9
0,157.9
1,157.9
1,155.9
2,155.9
2,155.9
3,155.9
3,155.9
4,155.9
4,155.9
5,155.9
5,155.9
6,155.9
6,155.9
0,155.9
0,151.9
1,151.9
1,151.9
2,151.9
2,151.9
3,151.9
3,151.9
4,151.9
4,151.9
5,151.9
5,151.9
6,151.9
6,151.9
0,151.9
0,151.9
1,151.9
1,151.9
2,151.9
2,151.9
3,151.9
3,151.9
4,151.9
4,151.9
5,151.9
5,151.9
6,151.9
6,151.9
0,151.9
0,151.9
1,151.9
1,151.9
2,151.9
2,147.4
3,147.4
3,147.4
4,147.4
4,147.4
5,147.4
5,147.4
6,147.4
6,144.9
0,144.9
0,144.9
1,144.9
1,144.9
2,144.9
2,144.9
3,144.9
3,144.9
4,144.9
4,144.9
5,144.9
5,144.9
6,144.9
6,144.9
0,144.9
0,144.9
1,144.9
1,144.3
2,144.3
2,143.7
3,143.7
3,143.7
4,143.7
4,143.7
5,143.7
5,143.7
6,143.7
6,143.7
0,143.7
0,143.7
1,142.85000000000002
1,142.7
2,142.7
2,142.7
3,142.7
3,142.7
4,142.7
4,142.7
5,142.7
5,142.2
6,142.2
6,142.2
0,141.4
0,140.7
1,140.2
1,139.9
2,138.9
2,138.9
3,138.9
3,138.9
4,138.7
4,138.7
5,138.7
5,138.7
6,138.7
6,138.7
0,138.7
0,138.7
1,138.7
1,138.7
2,137.4
2,137.4
3,137.4
3,135.9
4,133.4
4,133.4
5,133.4
5,133.4
6,133.4
6,133.8
0,133.8
0,131.15
1,131.15
1,131.15
2,131.15
2,131.15
3,131.15
3,131.15
4,131.15
4,131.15
5,131.15
5,131.15
6,131.15
6,131.15
0,131.15
0,157.9
1,130.9
1,157.9
2,157.9
2,131.4
3,131.4
3,131.4
4,131.4
4,131.4
5,131.4
5,131.4
6,131.4
6,131.4
0,131.4
0,131.4
1,131.4
1,131.4
2,131.4
2,131.4
3,131.4
3,131.4
4,131.4
4,131.4
5,131.4
5,131.4
6,131.4
6,131.4
0,131.4
0,131.4
1,131.4
1,157.9
2,157.9
2,157.9
3,157.9
3,157.9
4,157.9
4,157.9
5,157.9
5,157.9
6,157.9
6,157.9
0,157.9
0,157.9
1,157.9
1,157.9
2,157.9
2,157.9
3,157.9
3,155.9
4,155.9
4,155.9
5,155.9
5,155.9
6,155.9
6,154.9
0,154.4
0,154.4
1,154.4
1,154.4
2,154.4
2,152.4
3,152.4
3,152.4
4,152.4
4,152.4
5,149.9
5,149.9
6,149.9
6,149.9
0,149.9
0,147.9
1,147.9
1,147.9
2,147.9
2,147.9
3,146.9
3,146.9
4,146.9
4,146.9
5,145.9
5,145.9
6,145.9
6,145.9
0,145.9
0,145.9
1,141.9
1,141.9
2,139.9
2,139.9
3,139.9
3,139.9
4,139.9
4,139.9
5,137.9
5,137.9
6,137.9
6,137.9
0,137.9
0,137.9
1,137.9
1,137.9
2,136.7
2,136.7
3,147.8
3,147.8
4,147.8
4,147.8
5,154.9
5,154.9
6,154.9
6,154.9
0,154.9
0,154.9
1,154.9
1,154.9
2,152.9
2,152.9
3,152.9
3,150.9
4,150.9
4,150.9
5,147.9
5,147.9
6,147.9
6,147.9
0,147.9
0,147.9
1,147.9
1,147.9
2,146.9
2,146.9
3,146.9
3,144.9
4,143.9
4,142.9
5,140.4
5,140.4
6,140.4
6,140.4
0,138.7
0,136.9
1,135.9
1,134.9
2,133.9
2,132.9
3,132.9
3,132.3
4,132.3
4,131.2
5,128.65
5,128.65
6,126.7
6,126.7
0,126.7
0,123.9
1,123.9
1,122.80000000000001
2,122.80000000000001
2,121.7
3,121.7
3,121.7
4,121.7
4,121.7
5,121.7
5,121.7
6,121.7
6,121.7
0,121.7
0,121.7
1,121.7
1,121.7
2,121.7
2,121.7
3,121.7
3,121.7
4,121.7
4,121.7
5,121.7
5,121.7
6,121.7
6,121.7
0,121.7
0,121.7
1,121.7
1,121.7
2,121.7
2,121.7
3,121.7
3,121.7
4,120.7
4,120.7
5,120.7
5,120.7
6,120.7
6,120.7
0,120.7
0,120.7
1,120.7
1,120.7
2,120.7
2,120.7
3,120.7
3,120.7
4,120.7
4,120.7
5,120.7
5,120.7
6,120.7
6,120.7
0,120.7
0,120.7
1,120.7
1,120.7
2,120.7
2,120.7
3,120.7
3,120.7
4,120.7
4,120.7
5,120.7
5,120.7
6,120.7
6,120.7
0,120.7
0,120.7
1,120.7
1,120.7
2,120.7
2,120.7
3,120.7
3,120.7
4,120.7
4,120.7
5,120.7
5,120.7
6,120.7
6,120.7
0,120.7
0,120.7
1,120.7
1,120.7
2,136.8
2,136.8
3,152.9
3,152.9
4,152.9
4,152.9
5,148.4
5,148.4
6,152.9
6,152.9
0,149.9
0,149.9
1,149.9
1,149.9
2,149.9
2,149.9
3,149.9
3,149.9
4,149.9
4,149.9
5,149.9
5,149.9
6,149.9
6,149.9
0,148.9
0,145.9
1,145.9
1,145.9
2,145.9
2,145.9
3,144.9
3,144.9
4,144.9
4,144.9
5,144.9
5,144.9
6,144.9
6,141.9
0,140.9
0,139.9
1,139.9
1,139.9
2,139.9
2,139.9
3,139.9
3,139.7
4,139.3
4,139.3
5,138.9
5,138.9
6,138.9
6,138.9
0,138.8
0,137.9
1,137.9
1,137.9
2,136.8
2,136.8
3,136.3
3,136.3
4,136.3
4,136.3
5,136.3
5,136.3
6,136.3
6,136.3
0,136.3
0,135.7
1,135.7
1,134.9
2,134.9
2,134.9
3,134.9
3,134.9
4,134.9
4,134.9
5,134.9
5,134.9
6,134.9
6,134.9
0,134.9
0,134.9
1,134.9
1,134.9
2,134.9
2,134.9
3,134.9
3,134.9
4,134.9
4,134.9
5,134.9
5,134.9
6,134.9
6,134.9
0,134.9
0,134.9
1,134.9
1,134.9
2,134.9
2,134.9
3,134.9
3,134.9
4,134.9
4,134.9
5,134.9
5,134.9
6,134.9
6,134.9
0,134.9
0,134.9
1,134.9
1,134.9
2,134.9
2,134.9
3,159.9
3,159.9
4,134.9
4,134.9
5,134.9
5,134.9
6,134.9
6,134.9
0,134.9
0,134.9
1,134.9
1,134.9
2,134.9
2,134.9
3,134.9
3,134.9
4,134.9
4,134.9
5,134.9
5,134.9
6,134.9
6,134.9
0,134.9
0,134.9
1,134.9
1,134.9
2,134.9
2,134.9
3,134.9
3,134.9
4,134.9
4,162.9
5,162.9
5,162.9
6,162.9
6,162.9
0,162.9
0,162.9
1,162.9
1,162.9
2,160.9
2,160.9
3,160.9
3,156.9
4,156.9
4,156.9
5,156.9
5,156.9
6,156.9
6,156.9
0,156.9
0,156.9
1,156.9
1,156.9
2,153.7
2,153.7
3,152.7
3,152.7
4,152.7
4,152.7
5,152.7
5,152.7
6,152.7
6,152.7
0,152.7
0,152.7
1,152.7
1,152.7
2,152.7
2,152.7
3,152.7
3,152.7
4,152.7
4,152.7
5,152.7
5,152.7
6,152.7
6,152.7
0,152.7
0,152.7
1,152.7
1,152.7
2,152.7
2,152.7
3,152.7
3,152.7
4,152.7
4,152.7
5,152.7
5,152.7
6,152.7
6,152.7
0,152.7
0,152.7
1,152.7
1,152.7
2,152.7
2,152.7
3,152.7
3,152.7
4,152.7
4,152.7
5,152.7
5,152.7
6,152.7
6,152.7
0,152.7
0,152.7
1,152.7
1,152.7
2,152.7
2,152.7
3,152.7
3,152.7
4,152.7
4,152.7
5,152.7
5,152.7
6,152.7
6,152.7
0,152.7
0,152.7
1,152.7
1,152.7
2,152.7
2,152.7
3,152.9
3,168.9
4,168.9
4,168.9
5,168.9
5,168.9
6,168.9
6,168.9
0,168.9
0,168.9
1,168.9
1,168.9
2,168.9
2,168.9
3,168.9
3,168.9
4,168.9
4,168.9
5,168.9
5,168.9
6,168.9
6,168.9
0,168.9
0,168.9
1,168.9
1,168.9
2,163.9
2,163.9
3,163.9
3,163.9
4,163.9
4,161.9
5,161.9
5,161.9
6,161.9
6,161.9
0,161.9
0,161.9
1,161.9
1,161.9
2,161.9
2,161.9
3,161.9
3,161.9
4,161.9
4,159.4
5,159.4
5,159.4
6,159.4
6,159.4
0,159.4
0,159.4
1,159.4
1,159.4
2,159.4
2,157.9
3,157.9
3,156.8
4,156.8
4,155.7
5,155.7
5,168.9
6,168.9
6,168.9
0,168.9
0,168.9
1,168.9
1,168.9
2,168.9
2,168.9
3,168.9
3,168.9
4,168.9
4,168.9
5,168.9
5,168.9
6,168.9
6,168.9
0,168.9
0,168.9
1,168.9
1,168.9
2,160.9
2,160.9
3,160.9
3,160.9
4,160.9
4,160.9
5,160.9
5,160.9
6,160.9
6,160.9
0,158.9
0,158.9
1,158.2
1,156.9
2,155.9
2,155.7
3,154.9
3,154.7
4,154.7
4,154.7
5,154.7
5,154.7
6,154.7
6,154.7
0,154.7
0,154.7
1,154.7
1,154.7
2,154.7
2,154.7
3,154.7
3,154.7
4,154.7
4,154.7
5,154.7
5,154.7
6,154.7
6,154.7
0,154.7
0,154.7
1,154.7
1,154.7
2,154.7
2,154.7
3,154.7
3,154.7
4,154.7
4,154.7
5,154.7
5,154.7
6,154.7
6,154.7
0,154.7
0,154.7
1,154.7
1,154.7
2,154.7
2,154.7
3,154.7
3,168.9
4,168.9
4,168.9
5,168.9
5,168.9
6,168.9
6,168.9
0,168.9
0,168.9
1,168.9
1,168.9
2,168.9
2,167.9
3,167.9
3,167.9
4,167.9
4,166.9
5,166.9
5,166.9
6,164.9
6,164.9
0,164.9
0,163.4
1,160.9
1,160.9
2,160.9
2,160.9
3,158.9
3,158.9
4,158.9
4,158.9
5,158.9
5,158.9
6,158.9
6,158.9
0,158.9
0,158.9
1,158.9
1,158.9
2,158.9
2,158.9
3,158.9
3,158.9
4,158.9
4,158.9
5,158.9
5,158.9
6,158.9
6,158.9
0,158.9
0,158.9
1,158.9
1,158.9
2,158.9
2,168.9
3,168.9
3,168.9
4,168.9
4,158.9
5,158.9
5,158.9
6,155.9
6,155.9
0,154.9
0,153.9
1,153.9
1,153.9
2,153.9
2,153.9
3,153.9
3,153.9
4,153.9
4,150.9
5,150.9
5,150.9
6,150.9
6,150.9
0,150.9
0,150.9
1,150.9
1,150.9
2,150.9
2,150.9
3,148.9
3,148.9
4,148.7
4,147.9
5,147.9
5,147.9
6,147.9
6,147.9
0,147.9
0,147.9
1,147.9
1,147.9
2,147.9
2,147.9
3,147.9
3,147.9
4,147.9
4,171.9
5,171.9
5,171.9
6,171.9
6,170.9
0,170.9
0,165.9
1,165.9
1,165.9
2,165.9
2,165.9
3,166.9
3,166.9
4,166.9
4,166.9
5,166.9
5,166.9
6,166.9
6,166.9
0,166.9
0,166.9
1,166.9
1,166.9
2,163.9
2,163.9
3,163.9
3,163.9
4,163.9
4,163.9
5,163.9
5,163.9
6,163.9
6,163.9
0,163.9
0,163.9
1,163.9
1,163.9
2,163.9
2,163.9
3,163.9
3,170.9
4,170.9
4,170.9
5,170.9
5,170.9
6,170.9
6,170.9
